Instancenumber:
2
Instancename:
P-n23-k8
Customers:
22
Depot:
0
Dimension:
506
Vehicles:
22
Capacity:
40
Demands:
0 7 30 16 23 11 19 15 28 8 8 7 14 6 19 11 12 26 17 6 15 5 10
Uncertainty:budgeted
Gamma:
22
Mean Vector:
13.8924439894498 21.0237960416286 32.5576411921994 22.0227155455452 23.0867927612304 12.0415945787923 22.0227155455452 32.4499614791759 32.0624390837628 20.8086520466848 28.1602556806574 29.9666481275434 29.1204395571221 30.8706980808663 29.8328677803526 10 31.7804971641414 39.4081209904761 43.9317652729776 15.8113883008419 2.23606797749979 26.1725046566048 13.8924439894498 12.369316876853 19.2093727122985 11.6619037896906 24.2074368738204 12.0830459735946 18.6010752377383 20.8806130178211 26.9258240356725 7.07106781186548 18.8679622641132 16.1554944214035 21.3775583264319 32.649655434629 17 6.08276253029822 30.6104557300279 27.3130005674953 31.0644491340181 18.7882942280559 13.9283882771841 24.2074368738204 21.0237960416286 12.369316876853 15.2970585407784 22.2036033111745 16.2788205960997 10.6301458127346 8.54400374531753 12.0415945787923 14.7648230602334 10.6301458127346 29.0688837074973 18.9736659610103 9.05538513813742 23.7697286480094 23.3238075793812 11.4017542509914 20 19.1049731745428 24.4131112314674 14.560219778561 19.723082923316 13.8924439894498 32.5576411921994 19.2093727122985 15.2970585407784 21.095023109729 31 25.0798724079689 23 7.81024967590665 24.1660919471891 12.2065556157337 25.3179778023443 9.48683298050514 17.0880074906351 37.4833296279826 15.8113883008419 22.8035085019828 32.2800247831379 10.0498756211209 12.0830459735946 29.8328677803526 32.0156211871642 27.2946881279124 22.0227155455452 11.6619037896906 22.2036033111745 21.095023109729 35.8050275799363 23.7065391822594 29.698484809835 26.3058928759318 36.8917334913934 12.0830459735946 7.21110255092798 13 30.4138126514911 44.2040722106007 9.21954445729289 17.464249196573 41.7252920900501 31.0161248385416 32.7566787083184 30.4138126514911 23.0217288664427 35.3553390593274 23.0867927612304 24.2074368738204 16.2788205960997 31 35.8050275799363 12.8062484748657 8 25.4950975679639 13.4536240470737 26 43.0116263352131 35.1710107901379 16.1554944214035 8.48528137423857 39 19.1049731745428 9 31.6227766016838 37.6430604494374 7.28010988928052 20.8806130178211 5.65685424949238 12.0415945787923 12.0830459735946 10.6301458127346 25.0798724079689 23.7065391822594 12.8062484748657 10 22.6715680975093 20.0249843945008 16 30.886890422961 26.0192236625154 17.464249196573 21.2602916254693 28.4429253066558 6.40312423743285 20.6155281280883 29.732137494637 35 6.70820393249937 10.1980390271856 14.560219778561 22.0227155455452 18.6010752377383 8.54400374531753 23 29.698484809835 8 10 17.7200451466693 10.0498756211209 18.8679622641132 36.7967389859482 27.5136329843952 9.21954445729289 15.2315462117278 31.7647603485372 14.8660687473185 12.0415945787923 24.1660919471891 30.0832179129826 9.21954445729289 20.0997512422418 5.65685424949238 32.4499614791759 20.8806130178211 12.0415945787923 7.81024967590665 26.3058928759318 25.4950975679639 22.6715680975093 17.7200451466693 16.7630546142402 15.0332963783729 31.6227766016838 16.6433169770932 10.0498756211209 31.0161248385416 22.8254244210267 22.4722050542442 25.3179778023443 7.07106781186548 12.5299640861417 25.9422435421457 31.4006369362152 21.0237960416286 32.0624390837628 26.9258240356725 14.7648230602334 24.1660919471891 36.8917334913934 13.4536240470737 20.0249843945008 10.0498756211209 16.7630546142402 25 43.6004587131833 31.4006369362152 7.21110255092798 15.52417469626 36.7967389859482 24.3310501211929 9.05538513813742 21 27.0185121722126 18.3847763108502 30.1496268633627 7.81024967590665 20.8086520466848 7.07106781186548 10.6301458127346 12.2065556157337 12.0830459735946 26 16 18.8679622641132 15.0332963783729 25 18.6010752377383 10.0498756211209 18.3575597506858 34 13 11.7046999107196 30.6104557300279 20.8806130178211 24.1867732448956 22.2036033111745 20.591260281974 24.4131112314674 28.1602556806574 18.8679622641132 29.0688837074973 25.3179778023443 7.21110255092798 43.0116263352131 30.886890422961 36.7967389859482 31.6227766016838 43.6004587131833 18.6010752377383 16.0312195418814 36.8917334913934 51.4003891035856 10.0498756211209 24.5967477524977 48.7954915950234 35.3553390593274 36.0138862107382 37.589892258425 29.4278779391243 42.4499705535822 29.9666481275434 16.1554944214035 18.9736659610103 9.48683298050514 13 35.1710107901379 26.0192236625154 27.5136329843952 16.6433169770932 31.4006369362152 10.0498756211209 16.0312195418814 24.2074368738204 42.7200187265877 6.32455532033676 21.5870331449229 38.4707681233427 19.4164878389476 20.0997512422418 32.0624390837628 30.0832179129826 32.6955654485436 29.1204395571221 21.3775583264319 9.05538513813742 17.0880074906351 30.4138126514911 16.1554944214035 17.464249196573 9.21954445729289 10.0498756211209 7.21110255092798 18.3575597506858 36.8917334913934 24.2074368738204 21 29.698484809835 20.0997512422418 15.2970585407784 15.52417469626 21.5870331449229 18.3847763108502 27.5136329843952 11.1803398874989 30.8706980808663 32.649655434629 23.7697286480094 37.4833296279826 44.2040722106007 8.48528137423857 21.2602916254693 15.2315462117278 31.0161248385416 15.52417469626 34 51.4003891035856 42.7200187265877 21 46.9574275274956 27.5862284482674 6.70820393249937 36.2215405525497 42.2965719651132 15.2643375224737 28.6356421265527 10.1980390271856 29.8328677803526 17 23.3238075793812 15.8113883008419 9.21954445729289 39 28.4429253066558 31.7647603485372 22.8254244210267 36.7967389859482 13 10.0498756211209 6.32455532033676 29.698484809835 46.9574275274956 23.0217288664427 43.2666153055679 25.7099202643649 26 34.928498393146 30.4138126514911 37.2155881318568 10 6.08276253029822 11.4017542509914 22.8035085019828 17.464249196573 19.1049731745428 6.40312423743285 14.8660687473185 22.4722050542442 24.3310501211929 11.7046999107196 24.5967477524977 21.5870331449229 20.0997512422418 27.5862284482674 23.0217288664427 26.4196896272458 29.4108823397055 33.9705755029261 13.0384048104053 9.21954445729289 20.1246117974981 31.7804971641414 30.6104557300279 20 32.2800247831379 41.7252920900501 9 20.6155281280883 12.0415945787923 25.3179778023443 9.05538513813742 30.6104557300279 48.7954915950234 38.4707681233427 15.2970585407784 6.70820393249937 43.2666153055679 26.4196896272458 30.0166620396073 36.0555127546399 16.1245154965971 29.6141857899217 6.40312423743285 39.4081209904761 27.3130005674953 19.1049731745428 10.0498756211209 31.0161248385416 31.6227766016838 29.732137494637 24.1660919471891 7.07106781186548 21 20.8806130178211 35.3553390593274 19.4164878389476 15.52417469626 36.2215405525497 25.7099202643649 29.4108823397055 30.0166620396073 6.08276253029822 32.7566787083184 38.4187454245971 26.6833281282527 43.9317652729776 31.0644491340181 24.4131112314674 12.0830459735946 32.7566787083184 37.6430604494374 35 30.0832179129826 12.5299640861417 27.0185121722126 24.1867732448956 36.0138862107382 20.0997512422418 21.5870331449229 42.2965719651132 26 33.9705755029261 36.0555127546399 6.08276253029822 38.4707681233427 43.139309220246 32.7566787083184 15.8113883008419 18.7882942280559 14.560219778561 29.8328677803526 30.4138126514911 7.28010988928052 6.70820393249937 9.21954445729289 25.9422435421457 18.3847763108502 22.2036033111745 37.589892258425 32.0624390837628 18.3847763108502 15.2643375224737 34.928498393146 13.0384048104053 16.1245154965971 32.7566787083184 38.4707681233427 13.6014705087354 11.1803398874989 2.23606797749979 13.9283882771841 19.723082923316 32.0156211871642 23.0217288664427 20.8806130178211 10.1980390271856 20.0997512422418 31.4006369362152 30.1496268633627 20.591260281974 29.4278779391243 30.0832179129826 27.5136329843952 28.6356421265527 30.4138126514911 9.21954445729289 29.6141857899217 38.4187454245971 43.139309220246 13.6014705087354 24.0831891575846 26.1725046566048 24.2074368738204 13.8924439894498 27.2946881279124 35.3553390593274 5.65685424949238 14.560219778561 5.65685424949238 21.0237960416286 7.81024967590665 24.4131112314674 42.4499705535822 32.6955654485436 11.1803398874989 10.1980390271856 37.2155881318568 20.1246117974981 6.40312423743285 26.6833281282527 32.7566787083184 11.1803398874989 24.0831891575846
Deviation Vector:
2.31601298424362 11.7878124340816 5.75528177819485 19.1675130705946 21.5690577738847 4.18829415512847 7.48871270246914 33.8228323156414 21.4750111642267 24.6643993149995 24.336372542161 15.9727670374721 25.7114218370427 12.7329981357365 16.2100255652258 1.29510650342581 19.9795211164939 37.3456749381077 51.5030399650004 4.05032029908082 0.687905972948181 23.1878019237069 4.51022736651675 2.0489797592409 0.968637934701284 6.26045214091097 23.6470659058867 13.6364277739195 21.1130285560586 6.52844837387952 7.64583863008995 0.134921055378984 16.4782411152313 7.44334344339572 19.0138984254341 17.1388372279329 13.7453549488414 7.47862015855708 8.71069398780327 5.3441844909023 35.1680621899183 21.583539554974 10.1493746809458 17.72857877563 5.85649741117768 15.7343144238298 13.1840986250029 20.1439429954769 15.2538308042067 7.98898179091884 9.94011371668566 14.9878871592257 5.23896627391486 2.18324689577416 3.71074433309253 7.68913212545254 6.72101492034443 26.2537787794789 5.85750948801461 6.77928229915956 2.68975513787563 10.22303227521 14.9814257435251 14.6742669124334 19.6408250181805 3.06221101007339 8.14238739223254 10.0216576569401 2.55808674525438 11.2786104079632 22.238505802021 0.41768895656844 9.21748727171463 1.27604484280204 18.1007699080311 8.29222438189377 3.86736509206353 3.11370842604368 5.19287569663202 40.8488496490491 17.072407801424 4.20996974219375 33.9518203423215 1.52666106934877 4.71241182683 35.1861936679868 17.8378651164062 30.9034256266503 22.0508093740008 9.42631621829186 9.86113783753046 23.9589558437527 2.17425750046333 25.0764552511874 25.568115497115 27.793603719656 47.1553529077456 13.4244413552651 2.13151500924898 2.11592633751749 11.0401863233303 44.7769173784101 1.65415143792328 13.3384845996853 49.0831261040944 28.7963970135828 5.25456126913181 1.41176814393533 28.9301816733671 16.4155535926276 26.2313470411177 25.5080461683501 10.5636743460893 28.0650185689233 43.1678348437673 13.3047103743508 6.41675264170782 12.2408193864348 11.9530640833417 13.5381158891548 0.247376817815652 1.75554615624137 6.03871712161581 0.564070246047774 43.2003389804061 23.5891097768026 10.1072753736762 34.8874235768648 40.0165351305057 0.989698576937152 26.4348720960173 0.811069680315498 13.8346441090329 1.96646366015368 9.64300521689573 26.1475620034541 25.8680728124746 13.6713045512226 10.8899022269513 24.1486795210103 4.98979578332763 15.0803679562875 25.8278424964771 23.3678613293789 9.8703253704971 16.1401843881425 18.6116341996656 0.541667658760615 25.5487178695298 7.73456216946224 21.1851864325336 8.35202412129926 3.1619637504861 14.255594464661 0.635345904291658 2.51270883256511 7.95545597381527 26.4932438746551 36.7762653166356 5.69195856913225 0.0515273225087469 21.6476761849335 8.59136771262384 21.7747113132263 3.74302839028021 13.1883207871262 8.42625772203365 18.1697196260213 8.39270112850479 10.707630983602 11.7451321660245 12.4066957530999 11.4353294044462 4.87635002337478 2.58924191521577 5.34740394661411 0.175614159158924 16.3530657682961 12.4015259647101 9.72147007209333 27.4452350069132 8.98724432998402 27.3663953257445 1.25270714269623 0.819947741154438 18.5800948244522 6.50728492961107 16.3109445381996 11.1064863868134 5.00683046309878 9.33220914678903 24.950651807822 2.54199445797631 8.93588195150772 12.3003378793597 5.24356265658102 14.4565149358788 12.8866790817146 3.60228016175328 19.5105446871838 0.746465605252161 26.2862355868568 45.6718244685218 5.79421005584347 6.68781610196753 0.84562438330823 1.56405417193655 8.48463609026092 37.8152264610753 35.2690171810652 2.17356439944364 9.74841917856024 7.10287665941006 5.49458641598735 6.32650167765721 5.08082483865659 4.83854656684422 16.6276265541153 36.8420515606665 0.0120774011240331 22.1789089881731 2.46180803104245 11.8189765223657 14.2359332217834 3.97778446188796 21.0817523559201 1.37127339299789 14.8980111252509 2.12150561281151 4.9514154608214 4.30658526742195 1.92633487736789 0.0571984038383003 6.35278539771885 8.09065043853894 3.94553021021841 8.29510904359839 14.9434482340593 16.3617435245736 25.2744056844928 11.4525029208054 23.8734347068912 13.6177328953173 14.1361182220058 34.9907995692124 29.9315490678085 7.14733338133418 4.30674342824265 24.8323115520776 34.2378029406189 3.21528070985201 25.6001456838302 23.7835163918656 19.4540755244585 17.3661647839196 16.7123510937961 7.45374680906952 13.6865605710396 54.393972374526 31.2115512754246 27.1722766872575 2.3901170072001 31.6194740270561 32.1605319310463 7.50456758456892 6.69093051985542 20.7704649996924 4.94662506788723 14.6876545138229 17.181090561841 9.81052375157793 11.0970542188581 3.05775130202499 27.0242966077034 11.5829043835528 1.67958411305117 18.4020347810582 36.7830417017309 1.29589714305116 6.07640077834855 19.5743277133191 5.95261817557344 17.4593867705984 16.1834261061491 7.14218710126916 1.85374683766405 24.1666960150217 20.9305506034358 5.55217365760919 11.3113779285137 17.6160711698733 1.37251350268492 12.6708779192804 3.42057387129888 8.4676903611886 7.03776944446682 14.4138332732008 24.1490821777401 5.19758111750025 13.278680455452 33.9481832287635 11.8942118056763 15.8423591105298 0.685303329028705 3.6636453839236 16.6477180364457 4.09716091819231 10.3965549629455 14.9373853893578 11.5518782957021 28.7941733247722 37.2089440009261 29.191865794792 6.76568770930796 4.56573262150883 13.6749270052236 26.489046563723 16.2172009626367 20.2034736125416 9.48353408601139 18.1097455900139 24.6420859494354 12.6531301318673 31.7089748124556 1.75602667694967 40.2793054660011 35.6449907092382 15.9809146907883 13.8581221781953 10.7839119693145 11.8314068240333 5.85426308484134 8.54900889371292 2.36481574986209 3.5819099752814 20.9137822976651 30.0095777335727 17.0712249899848 4.18787151904204 9.43015604846791 11.5861162067951 1.12740477325265 7.89909603720889 7.98756569754277 42.7089501155077 4.16780207901594 50.4816811999587 12.3637222009372 31.8676669953488 16.7064785929523 20.2372358655082 13.6552771788154 3.69064764107874 5.68650599530912 2.66459039557282 14.3853143475534 13.346338667437 20.5653479450118 2.529933975648 18.555169160102 19.128702460285 19.2628671764395 3.62671500954003 29.9527343356704 20.3190765380963 14.0369398520633 13.0022075930259 16.4299315050076 32.6491985996626 19.2583528128936 32.9496771785393 11.009069795411 7.07124868988274 18.8412919954293 35.3816227475615 12.0555156183194 22.3453815998884 32.1960229787474 36.4983475325903 9.5424803004225 3.97941160260409 3.10014239628713 3.65911080576479 5.08998290750587 36.4971108366353 18.4557346078789 45.8930236777553 10.3078430253845 1.15376239972438 13.2122684092861 16.8908350687217 30.7133136777491 39.5553357723863 15.305046818099 28.3789088190969 4.83857000140203 14.3788245218309 4.01349047773887 3.5660446527609 3.19572960059478 24.8671150246066 36.5749944454763 34.5589742859967 6.91294221543678 5.72870488292374 20.8526542491141 14.1966476212206 22.795613063531 13.7412088433505 4.22184137548846 15.2985263106213 23.1579041405246 15.5702835374729 17.0160281558648 1.0958684680068 14.3815306189479 36.3100294182698 2.41268042471663 48.8910443673707 34.7022532846671 9.66240873696195 5.67347939784163 28.0934673835477 7.91190570851135 4.76161752329417 16.0420434822375 12.1019404810899 13.5339994808255 16.4518406495742 41.5058348116416 16.4597420564162 4.30175326661827 43.4142670746445 18.162920714065 16.4870907900114 19.9716322897545 2.48714681952889 44.8273150503403 51.7098268711314 36.5758676477078 2.44302216646972 6.35716273604192 10.6967785292495 20.4031699649754 27.5319129466863 6.6599714376914 7.5330244515973 5.23377907360479 26.0780889136148 17.523816193385 8.92840446478961 4.44880687526837 4.48994215395248 23.1603325108152 5.01484570429513 9.6431878073521 6.65400114391205 0.188664452397533 25.4519215997373 45.8009300934139 15.8347745506764 3.50200938838626 0.239573148619937 12.6462520232272 19.9558767516173 18.9684495736951 4.12522695015979 2.88182826654374 4.84439899585014 1.91321770730214 39.3954659124169 18.9804772726231 8.92721261470193 20.7935030669498 0.926127304422182 1.54391377651152 9.6999354591301 35.0897081397945 5.75112921272886 1.81534673268157 31.6662455830839 44.2571634731398 2.44351846987687 23.2228629311985 26.2509091690295 12.3018445987448 17.2316396294144 6.29582779532252 18.3807100560534 4.15601744367969 2.01698036281631 2.27070528790414 22.0311779565118 1.91872177268973 0.651409385761932 32.9855966310469 27.4035258071364 2.30170972442931 9.33182717030073 1.13512710972499 6.05866159153287 5.67954028113045 17.6121728061212 24.0630917418024 3.4761261983949 16.6373798069416
