Instancenumber:
3
Instancename:
P-n23-k8
Customers:
22
Depot:
0
Dimension:
506
Vehicles:
22
Capacity:
40
Demands:
0 7 30 16 23 11 19 15 28 8 8 7 14 6 19 11 12 26 17 6 15 5 10
Uncertainty:budgeted
Gamma:
6
Mean Vector:
13.8924439894498 21.0237960416286 32.5576411921994 22.0227155455452 23.0867927612304 12.0415945787923 22.0227155455452 32.4499614791759 32.0624390837628 20.8086520466848 28.1602556806574 29.9666481275434 29.1204395571221 30.8706980808663 29.8328677803526 10 31.7804971641414 39.4081209904761 43.9317652729776 15.8113883008419 2.23606797749979 26.1725046566048 13.8924439894498 12.369316876853 19.2093727122985 11.6619037896906 24.2074368738204 12.0830459735946 18.6010752377383 20.8806130178211 26.9258240356725 7.07106781186548 18.8679622641132 16.1554944214035 21.3775583264319 32.649655434629 17 6.08276253029822 30.6104557300279 27.3130005674953 31.0644491340181 18.7882942280559 13.9283882771841 24.2074368738204 21.0237960416286 12.369316876853 15.2970585407784 22.2036033111745 16.2788205960997 10.6301458127346 8.54400374531753 12.0415945787923 14.7648230602334 10.6301458127346 29.0688837074973 18.9736659610103 9.05538513813742 23.7697286480094 23.3238075793812 11.4017542509914 20 19.1049731745428 24.4131112314674 14.560219778561 19.723082923316 13.8924439894498 32.5576411921994 19.2093727122985 15.2970585407784 21.095023109729 31 25.0798724079689 23 7.81024967590665 24.1660919471891 12.2065556157337 25.3179778023443 9.48683298050514 17.0880074906351 37.4833296279826 15.8113883008419 22.8035085019828 32.2800247831379 10.0498756211209 12.0830459735946 29.8328677803526 32.0156211871642 27.2946881279124 22.0227155455452 11.6619037896906 22.2036033111745 21.095023109729 35.8050275799363 23.7065391822594 29.698484809835 26.3058928759318 36.8917334913934 12.0830459735946 7.21110255092798 13 30.4138126514911 44.2040722106007 9.21954445729289 17.464249196573 41.7252920900501 31.0161248385416 32.7566787083184 30.4138126514911 23.0217288664427 35.3553390593274 23.0867927612304 24.2074368738204 16.2788205960997 31 35.8050275799363 12.8062484748657 8 25.4950975679639 13.4536240470737 26 43.0116263352131 35.1710107901379 16.1554944214035 8.48528137423857 39 19.1049731745428 9 31.6227766016838 37.6430604494374 7.28010988928052 20.8806130178211 5.65685424949238 12.0415945787923 12.0830459735946 10.6301458127346 25.0798724079689 23.7065391822594 12.8062484748657 10 22.6715680975093 20.0249843945008 16 30.886890422961 26.0192236625154 17.464249196573 21.2602916254693 28.4429253066558 6.40312423743285 20.6155281280883 29.732137494637 35 6.70820393249937 10.1980390271856 14.560219778561 22.0227155455452 18.6010752377383 8.54400374531753 23 29.698484809835 8 10 17.7200451466693 10.0498756211209 18.8679622641132 36.7967389859482 27.5136329843952 9.21954445729289 15.2315462117278 31.7647603485372 14.8660687473185 12.0415945787923 24.1660919471891 30.0832179129826 9.21954445729289 20.0997512422418 5.65685424949238 32.4499614791759 20.8806130178211 12.0415945787923 7.81024967590665 26.3058928759318 25.4950975679639 22.6715680975093 17.7200451466693 16.7630546142402 15.0332963783729 31.6227766016838 16.6433169770932 10.0498756211209 31.0161248385416 22.8254244210267 22.4722050542442 25.3179778023443 7.07106781186548 12.5299640861417 25.9422435421457 31.4006369362152 21.0237960416286 32.0624390837628 26.9258240356725 14.7648230602334 24.1660919471891 36.8917334913934 13.4536240470737 20.0249843945008 10.0498756211209 16.7630546142402 25 43.6004587131833 31.4006369362152 7.21110255092798 15.52417469626 36.7967389859482 24.3310501211929 9.05538513813742 21 27.0185121722126 18.3847763108502 30.1496268633627 7.81024967590665 20.8086520466848 7.07106781186548 10.6301458127346 12.2065556157337 12.0830459735946 26 16 18.8679622641132 15.0332963783729 25 18.6010752377383 10.0498756211209 18.3575597506858 34 13 11.7046999107196 30.6104557300279 20.8806130178211 24.1867732448956 22.2036033111745 20.591260281974 24.4131112314674 28.1602556806574 18.8679622641132 29.0688837074973 25.3179778023443 7.21110255092798 43.0116263352131 30.886890422961 36.7967389859482 31.6227766016838 43.6004587131833 18.6010752377383 16.0312195418814 36.8917334913934 51.4003891035856 10.0498756211209 24.5967477524977 48.7954915950234 35.3553390593274 36.0138862107382 37.589892258425 29.4278779391243 42.4499705535822 29.9666481275434 16.1554944214035 18.9736659610103 9.48683298050514 13 35.1710107901379 26.0192236625154 27.5136329843952 16.6433169770932 31.4006369362152 10.0498756211209 16.0312195418814 24.2074368738204 42.7200187265877 6.32455532033676 21.5870331449229 38.4707681233427 19.4164878389476 20.0997512422418 32.0624390837628 30.0832179129826 32.6955654485436 29.1204395571221 21.3775583264319 9.05538513813742 17.0880074906351 30.4138126514911 16.1554944214035 17.464249196573 9.21954445729289 10.0498756211209 7.21110255092798 18.3575597506858 36.8917334913934 24.2074368738204 21 29.698484809835 20.0997512422418 15.2970585407784 15.52417469626 21.5870331449229 18.3847763108502 27.5136329843952 11.1803398874989 30.8706980808663 32.649655434629 23.7697286480094 37.4833296279826 44.2040722106007 8.48528137423857 21.2602916254693 15.2315462117278 31.0161248385416 15.52417469626 34 51.4003891035856 42.7200187265877 21 46.9574275274956 27.5862284482674 6.70820393249937 36.2215405525497 42.2965719651132 15.2643375224737 28.6356421265527 10.1980390271856 29.8328677803526 17 23.3238075793812 15.8113883008419 9.21954445729289 39 28.4429253066558 31.7647603485372 22.8254244210267 36.7967389859482 13 10.0498756211209 6.32455532033676 29.698484809835 46.9574275274956 23.0217288664427 43.2666153055679 25.7099202643649 26 34.928498393146 30.4138126514911 37.2155881318568 10 6.08276253029822 11.4017542509914 22.8035085019828 17.464249196573 19.1049731745428 6.40312423743285 14.8660687473185 22.4722050542442 24.3310501211929 11.7046999107196 24.5967477524977 21.5870331449229 20.0997512422418 27.5862284482674 23.0217288664427 26.4196896272458 29.4108823397055 33.9705755029261 13.0384048104053 9.21954445729289 20.1246117974981 31.7804971641414 30.6104557300279 20 32.2800247831379 41.7252920900501 9 20.6155281280883 12.0415945787923 25.3179778023443 9.05538513813742 30.6104557300279 48.7954915950234 38.4707681233427 15.2970585407784 6.70820393249937 43.2666153055679 26.4196896272458 30.0166620396073 36.0555127546399 16.1245154965971 29.6141857899217 6.40312423743285 39.4081209904761 27.3130005674953 19.1049731745428 10.0498756211209 31.0161248385416 31.6227766016838 29.732137494637 24.1660919471891 7.07106781186548 21 20.8806130178211 35.3553390593274 19.4164878389476 15.52417469626 36.2215405525497 25.7099202643649 29.4108823397055 30.0166620396073 6.08276253029822 32.7566787083184 38.4187454245971 26.6833281282527 43.9317652729776 31.0644491340181 24.4131112314674 12.0830459735946 32.7566787083184 37.6430604494374 35 30.0832179129826 12.5299640861417 27.0185121722126 24.1867732448956 36.0138862107382 20.0997512422418 21.5870331449229 42.2965719651132 26 33.9705755029261 36.0555127546399 6.08276253029822 38.4707681233427 43.139309220246 32.7566787083184 15.8113883008419 18.7882942280559 14.560219778561 29.8328677803526 30.4138126514911 7.28010988928052 6.70820393249937 9.21954445729289 25.9422435421457 18.3847763108502 22.2036033111745 37.589892258425 32.0624390837628 18.3847763108502 15.2643375224737 34.928498393146 13.0384048104053 16.1245154965971 32.7566787083184 38.4707681233427 13.6014705087354 11.1803398874989 2.23606797749979 13.9283882771841 19.723082923316 32.0156211871642 23.0217288664427 20.8806130178211 10.1980390271856 20.0997512422418 31.4006369362152 30.1496268633627 20.591260281974 29.4278779391243 30.0832179129826 27.5136329843952 28.6356421265527 30.4138126514911 9.21954445729289 29.6141857899217 38.4187454245971 43.139309220246 13.6014705087354 24.0831891575846 26.1725046566048 24.2074368738204 13.8924439894498 27.2946881279124 35.3553390593274 5.65685424949238 14.560219778561 5.65685424949238 21.0237960416286 7.81024967590665 24.4131112314674 42.4499705535822 32.6955654485436 11.1803398874989 10.1980390271856 37.2155881318568 20.1246117974981 6.40312423743285 26.6833281282527 32.7566787083184 11.1803398874989 24.0831891575846
Deviation Vector:
10.9849719946854 13.6581221059184 18.2941093007236 2.90347794468089 16.4135673707681 1.24589031715345 25.4968606438104 28.8999867402276 34.23442750651 18.2715674286426 3.26977455907107 30.7287008419188 32.2869023174707 19.6337049566812 14.2435257190648 12.4726355827324 32.9692741650349 9.56385234436339 9.2369926537357 16.8247185717021 2.28019396902802 27.4392458178041 17.6428455277509 8.06629985373923 20.7250129831569 3.36264155516693 6.20784886429221 5.51315762538936 19.0278810048013 11.8467839262284 30.8866603116071 3.75465085165814 22.9624736850662 6.8875376220527 14.1696433375201 21.0683721738295 9.00648840874466 3.27196522785513 7.75101998114283 8.59985063763599 4.14121020196476 6.93904096248737 0.802552899294509 30.0667755923814 21.1357682046701 6.61837625979385 18.4580062930124 16.8760451371973 12.6608747749358 1.42680309437882 4.62636006983198 6.19915868822181 17.4612051245664 5.62080982036442 33.9214629325139 18.5723753378677 7.39920449433696 3.34451211540406 3.5556983206637 6.35508325661469 14.1612546958276 0.322455327955972 26.5703877433702 9.35346211078831 8.74138788619764 6.50889419775866 0.163166753445751 18.6907080283271 15.3953914949263 5.44729213868528 0.1608685101034 28.5844961619815 14.4337488327026 0.490555905336179 26.5612552025461 4.27482463372745 15.1369418033506 9.70576241519529 18.9722358895453 3.48413618240467 18.2985123010433 8.41603675475648 19.6186281751969 10.6252167243291 10.8485083083029 14.6785029418287 24.1213923070054 11.7984398030424 13.9344156137487 10.5642273696811 21.9735531622815 1.22602087182444 33.0392004375121 18.8545588017631 20.8043047216047 2.19091458624911 46.6256918000551 8.52493940794283 7.6169828528495 12.8388942873237 29.3114767392261 46.9215077432851 7.787498082342 5.39010867076352 46.9110793647885 20.5051426205989 21.5815413619282 13.3663928596518 9.24360468376281 17.1981500346167 12.2922374948726 6.68471600212172 13.9266086188341 35.346188746567 1.81598306884796 6.02739802306963 2.79640946077961 20.5017393675148 12.1475744886499 25.5392904490384 18.3808641157684 21.4503834904883 16.8081661386855 0.57213305196301 4.77932293663618 8.75473460106073 1.35641342275934 3.28009680599932 43.8079683017206 8.78707860983772 22.7877025058752 4.77922265025997 11.8706022569807 7.89425017688275 12.2617872063026 20.7513596858671 0.753207361712096 6.78299502168913 12.668951854213 9.82333346771387 20.3473879496439 8.26652966979307 21.9121403377992 15.3235492986575 6.5348557277377 16.1610191710572 30.137911841904 4.63417109451506 5.80578185533848 20.2131457995613 14.8170170634341 4.7559032439637 0.0719659755410496 2.63641490208084 17.0983201428482 2.41076606277314 5.46229669993401 21.3234684946371 6.92952832245886 4.16330591852038 8.51432408880157 0.744053827992205 0.830073849980569 10.4634035415427 25.5855887666917 34.0092535744972 0.915474799723692 11.0747706574086 15.3448340234541 1.24160481886257 13.9728614034961 5.23206413015482 18.0552699960152 5.41317925271724 16.1890671690818 5.5118251387708 2.09688845200208 12.1599452125819 5.00238154562934 2.70422804526979 33.2032301344571 21.3844852680487 23.9232453910013 22.4912428799543 17.0956041049892 8.25224017602305 3.67408791220088 6.26585468241462 1.9432960756388 10.8405765825124 20.471939656744 23.4789058077209 9.91207954407417 6.92602179494664 3.96803768402989 28.1946991632456 29.2937091893552 8.74550110941924 17.0330780416254 3.58937498220681 7.37503570124896 9.88289481811423 12.905111865353 14.7946534222389 19.946863409358 11.6100845454006 13.2657311116309 26.5179490021876 19.8351286780834 37.8940483493584 0.896238303840256 6.74453649338748 28.0717860773965 28.6983521918827 3.81263464512462 10.5011156315904 12.0435793506668 9.87666812308502 26.4271081067774 4.9916715970478 18.4517421841369 3.47013229928039 4.26526799932196 15.6028801107875 2.26635919292449 18.666090167162 17.3182485838668 21.1409285583961 17.0463692039644 8.27411634259997 23.3215261439302 3.52484380358771 13.5831577566404 10.9109541790204 2.18062006494778 5.30629743750725 5.92263394184191 20.0267457898702 5.59663923883602 14.3971133572595 18.1867474184588 8.68321743907067 30.4938161583069 6.85739896740397 7.33990662648321 5.60107682648672 6.22674771112437 30.0330115036258 23.4261360075941 16.8291136824129 1.72971529595355 15.8056156552595 17.6357578557825 7.3092912632336 13.2100096680072 58.373850976209 11.7972234450118 3.88118492185279 47.5006260895943 36.2428368587834 17.6020483281285 35.5060380089997 2.74162779690474 52.1573878448981 37.9220098425546 4.21503813490344 7.57720190724673 1.67238526218324 15.8601493294271 22.1839799813096 21.4580084809216 22.5767250501343 16.4173773656338 19.6220203815678 11.8991175317539 19.8614797693511 20.482436808627 32.6734665210328 4.13945568546854 6.94881917920832 47.0182572768542 13.7702471980069 13.7564333434956 28.4590257706708 35.0513071558286 34.0845776700938 21.5668617500081 22.5819590810816 10.8689596866373 7.37175792270648 24.2936024634598 6.56494790304259 1.62923898666263 8.22321626203359 3.5412354174875 0.548698713123924 21.1632804411336 27.7322428055792 6.10936898802535 22.8936926580961 2.96369697081763 21.6489187997503 9.60759111370414 16.8626298076133 9.0513006917209 9.73292514588407 28.6821246112413 14.1477706265852 0.356752477045115 13.5268166394693 7.24120813043819 46.2445986727787 49.6635308313759 8.39235103698263 17.8305257521315 15.3225953485237 23.2266813745369 4.6046792592634 26.5079017388879 34.2563586934013 31.1007276173312 6.21053803669889 50.3769214720406 22.6566499981309 7.9671522916076 5.16208585231609 37.9566790041998 16.1471855105363 25.6069634974488 11.7253937134728 25.8155781398818 16.8984559798248 22.0216493108685 3.33201344315496 7.35324409854425 3.15084285171208 21.051643481757 17.704656646342 1.45016598962738 27.6598406917951 12.6317078794498 3.70009126083572 4.44462851788371 24.1300970327827 3.50057784708191 5.95714552179751 23.1825686905711 21.1697069426654 14.4397586269928 1.14490330654201 6.30156725662367 0.0266206569795628 3.28518393420582 7.78602975344704 9.37244984952588 5.32503752641694 2.44249175264226 8.34388652726258 0.05559607209243 15.3728623278274 6.8278523042459 21.2658923842484 8.72520366743293 30.6968854587781 23.4167031553488 5.23282493347597 1.27237938366637 12.4828695901089 21.603661196809 3.22509859975945 0.381860920958348 6.60665726525938 4.40537016438813 14.3689407296704 1.16116787972337 16.9085235916205 19.4552054265198 18.4752923944351 3.88506556945139 2.20916351028341 12.4749285083137 3.61614891461202 6.23272715378939 8.45448164319744 9.11111758827866 52.1231563702854 44.9015284084965 6.69252289963518 1.49097978153313 50.8747165248554 4.99124852903789 15.7916933576096 27.6615046832467 15.0661990529972 14.5533128732101 3.64515096865396 47.0812278092189 14.6822174647271 21.2351422518803 7.33386071608766 20.0739714761774 35.5041270196617 36.7624172895065 27.1878273254347 3.91782759189645 26.7328113970096 8.24251126073114 8.63206868086285 10.9249287794258 7.57355034233305 17.7345872958563 30.0236688907156 23.1804835446675 22.0860289931324 4.98028429553268 35.5674416261471 20.0282862439655 18.7647932177726 10.5716627374673 23.0988288861159 14.560215575736 5.19039062305029 41.5903424160975 3.04640700915297 2.84384778656804 14.3927940086352 8.14705433765006 34.4745830816752 24.5734432114655 17.2517634574146 14.532823446309 8.21439846969128 13.4967076523939 17.597213325159 7.5717684881484 31.4822839554315 4.05801724620827 23.760956995259 48.2001207944899 40.2840450294855 17.4793621797414 6.0921912231384 16.2333167055176 18.2272564841915 32.2400686506752 4.73927490100366 2.77795685960439 2.75378024739629 1.85634496879855 12.0374617025182 23.1420833739468 25.1087891055522 34.7656677048327 18.9228843749633 11.4313904811779 40.7114065439918 2.93401776937762 1.87734542693865 37.9601673032898 47.7428282375961 8.09911663235822 6.69942460639553 0.75773053341042 12.7382891227383 25.1672583290115 17.9850750614446 11.6269934870299 13.791469191828 12.027526772015 6.82757515389442 19.0794973516628 30.2164074823726 13.67134448325 12.9438743826808 9.9431355064671 12.1421271566231 31.2369104410767 22.6471701128057 6.82248615730215 34.4234428059829 4.48396608777589 21.5522499777057 7.44939738836044 28.9244968491484 6.44348161286439 0.336795359443666 15.0582360403879 12.8618484664812 4.60824705003607 5.43111923569833 6.25455212008692 4.10574372224752 5.81596139127456 6.00164421298077 8.73214696267389 11.4612684489577 1.55363358948135 9.64558109101191 9.48913578317118 45.6603338215254 24.1980658765061 1.63553917636699 25.254601076597 19.1193445407153 7.77345624426017 30.753683421957
