Instancenumber:
5
Instancename:
P-n23-k8
Customers:
22
Depot:
0
Dimension:
506
Vehicles:
22
Capacity:
40
Demands:
0 7 30 16 23 11 19 15 28 8 8 7 14 6 19 11 12 26 17 6 15 5 10
Uncertainty:budgeted
Gamma:
6
Mean Vector:
13.8924439894498 21.0237960416286 32.5576411921994 22.0227155455452 23.0867927612304 12.0415945787923 22.0227155455452 32.4499614791759 32.0624390837628 20.8086520466848 28.1602556806574 29.9666481275434 29.1204395571221 30.8706980808663 29.8328677803526 10 31.7804971641414 39.4081209904761 43.9317652729776 15.8113883008419 2.23606797749979 26.1725046566048 13.8924439894498 12.369316876853 19.2093727122985 11.6619037896906 24.2074368738204 12.0830459735946 18.6010752377383 20.8806130178211 26.9258240356725 7.07106781186548 18.8679622641132 16.1554944214035 21.3775583264319 32.649655434629 17 6.08276253029822 30.6104557300279 27.3130005674953 31.0644491340181 18.7882942280559 13.9283882771841 24.2074368738204 21.0237960416286 12.369316876853 15.2970585407784 22.2036033111745 16.2788205960997 10.6301458127346 8.54400374531753 12.0415945787923 14.7648230602334 10.6301458127346 29.0688837074973 18.9736659610103 9.05538513813742 23.7697286480094 23.3238075793812 11.4017542509914 20 19.1049731745428 24.4131112314674 14.560219778561 19.723082923316 13.8924439894498 32.5576411921994 19.2093727122985 15.2970585407784 21.095023109729 31 25.0798724079689 23 7.81024967590665 24.1660919471891 12.2065556157337 25.3179778023443 9.48683298050514 17.0880074906351 37.4833296279826 15.8113883008419 22.8035085019828 32.2800247831379 10.0498756211209 12.0830459735946 29.8328677803526 32.0156211871642 27.2946881279124 22.0227155455452 11.6619037896906 22.2036033111745 21.095023109729 35.8050275799363 23.7065391822594 29.698484809835 26.3058928759318 36.8917334913934 12.0830459735946 7.21110255092798 13 30.4138126514911 44.2040722106007 9.21954445729289 17.464249196573 41.7252920900501 31.0161248385416 32.7566787083184 30.4138126514911 23.0217288664427 35.3553390593274 23.0867927612304 24.2074368738204 16.2788205960997 31 35.8050275799363 12.8062484748657 8 25.4950975679639 13.4536240470737 26 43.0116263352131 35.1710107901379 16.1554944214035 8.48528137423857 39 19.1049731745428 9 31.6227766016838 37.6430604494374 7.28010988928052 20.8806130178211 5.65685424949238 12.0415945787923 12.0830459735946 10.6301458127346 25.0798724079689 23.7065391822594 12.8062484748657 10 22.6715680975093 20.0249843945008 16 30.886890422961 26.0192236625154 17.464249196573 21.2602916254693 28.4429253066558 6.40312423743285 20.6155281280883 29.732137494637 35 6.70820393249937 10.1980390271856 14.560219778561 22.0227155455452 18.6010752377383 8.54400374531753 23 29.698484809835 8 10 17.7200451466693 10.0498756211209 18.8679622641132 36.7967389859482 27.5136329843952 9.21954445729289 15.2315462117278 31.7647603485372 14.8660687473185 12.0415945787923 24.1660919471891 30.0832179129826 9.21954445729289 20.0997512422418 5.65685424949238 32.4499614791759 20.8806130178211 12.0415945787923 7.81024967590665 26.3058928759318 25.4950975679639 22.6715680975093 17.7200451466693 16.7630546142402 15.0332963783729 31.6227766016838 16.6433169770932 10.0498756211209 31.0161248385416 22.8254244210267 22.4722050542442 25.3179778023443 7.07106781186548 12.5299640861417 25.9422435421457 31.4006369362152 21.0237960416286 32.0624390837628 26.9258240356725 14.7648230602334 24.1660919471891 36.8917334913934 13.4536240470737 20.0249843945008 10.0498756211209 16.7630546142402 25 43.6004587131833 31.4006369362152 7.21110255092798 15.52417469626 36.7967389859482 24.3310501211929 9.05538513813742 21 27.0185121722126 18.3847763108502 30.1496268633627 7.81024967590665 20.8086520466848 7.07106781186548 10.6301458127346 12.2065556157337 12.0830459735946 26 16 18.8679622641132 15.0332963783729 25 18.6010752377383 10.0498756211209 18.3575597506858 34 13 11.7046999107196 30.6104557300279 20.8806130178211 24.1867732448956 22.2036033111745 20.591260281974 24.4131112314674 28.1602556806574 18.8679622641132 29.0688837074973 25.3179778023443 7.21110255092798 43.0116263352131 30.886890422961 36.7967389859482 31.6227766016838 43.6004587131833 18.6010752377383 16.0312195418814 36.8917334913934 51.4003891035856 10.0498756211209 24.5967477524977 48.7954915950234 35.3553390593274 36.0138862107382 37.589892258425 29.4278779391243 42.4499705535822 29.9666481275434 16.1554944214035 18.9736659610103 9.48683298050514 13 35.1710107901379 26.0192236625154 27.5136329843952 16.6433169770932 31.4006369362152 10.0498756211209 16.0312195418814 24.2074368738204 42.7200187265877 6.32455532033676 21.5870331449229 38.4707681233427 19.4164878389476 20.0997512422418 32.0624390837628 30.0832179129826 32.6955654485436 29.1204395571221 21.3775583264319 9.05538513813742 17.0880074906351 30.4138126514911 16.1554944214035 17.464249196573 9.21954445729289 10.0498756211209 7.21110255092798 18.3575597506858 36.8917334913934 24.2074368738204 21 29.698484809835 20.0997512422418 15.2970585407784 15.52417469626 21.5870331449229 18.3847763108502 27.5136329843952 11.1803398874989 30.8706980808663 32.649655434629 23.7697286480094 37.4833296279826 44.2040722106007 8.48528137423857 21.2602916254693 15.2315462117278 31.0161248385416 15.52417469626 34 51.4003891035856 42.7200187265877 21 46.9574275274956 27.5862284482674 6.70820393249937 36.2215405525497 42.2965719651132 15.2643375224737 28.6356421265527 10.1980390271856 29.8328677803526 17 23.3238075793812 15.8113883008419 9.21954445729289 39 28.4429253066558 31.7647603485372 22.8254244210267 36.7967389859482 13 10.0498756211209 6.32455532033676 29.698484809835 46.9574275274956 23.0217288664427 43.2666153055679 25.7099202643649 26 34.928498393146 30.4138126514911 37.2155881318568 10 6.08276253029822 11.4017542509914 22.8035085019828 17.464249196573 19.1049731745428 6.40312423743285 14.8660687473185 22.4722050542442 24.3310501211929 11.7046999107196 24.5967477524977 21.5870331449229 20.0997512422418 27.5862284482674 23.0217288664427 26.4196896272458 29.4108823397055 33.9705755029261 13.0384048104053 9.21954445729289 20.1246117974981 31.7804971641414 30.6104557300279 20 32.2800247831379 41.7252920900501 9 20.6155281280883 12.0415945787923 25.3179778023443 9.05538513813742 30.6104557300279 48.7954915950234 38.4707681233427 15.2970585407784 6.70820393249937 43.2666153055679 26.4196896272458 30.0166620396073 36.0555127546399 16.1245154965971 29.6141857899217 6.40312423743285 39.4081209904761 27.3130005674953 19.1049731745428 10.0498756211209 31.0161248385416 31.6227766016838 29.732137494637 24.1660919471891 7.07106781186548 21 20.8806130178211 35.3553390593274 19.4164878389476 15.52417469626 36.2215405525497 25.7099202643649 29.4108823397055 30.0166620396073 6.08276253029822 32.7566787083184 38.4187454245971 26.6833281282527 43.9317652729776 31.0644491340181 24.4131112314674 12.0830459735946 32.7566787083184 37.6430604494374 35 30.0832179129826 12.5299640861417 27.0185121722126 24.1867732448956 36.0138862107382 20.0997512422418 21.5870331449229 42.2965719651132 26 33.9705755029261 36.0555127546399 6.08276253029822 38.4707681233427 43.139309220246 32.7566787083184 15.8113883008419 18.7882942280559 14.560219778561 29.8328677803526 30.4138126514911 7.28010988928052 6.70820393249937 9.21954445729289 25.9422435421457 18.3847763108502 22.2036033111745 37.589892258425 32.0624390837628 18.3847763108502 15.2643375224737 34.928498393146 13.0384048104053 16.1245154965971 32.7566787083184 38.4707681233427 13.6014705087354 11.1803398874989 2.23606797749979 13.9283882771841 19.723082923316 32.0156211871642 23.0217288664427 20.8806130178211 10.1980390271856 20.0997512422418 31.4006369362152 30.1496268633627 20.591260281974 29.4278779391243 30.0832179129826 27.5136329843952 28.6356421265527 30.4138126514911 9.21954445729289 29.6141857899217 38.4187454245971 43.139309220246 13.6014705087354 24.0831891575846 26.1725046566048 24.2074368738204 13.8924439894498 27.2946881279124 35.3553390593274 5.65685424949238 14.560219778561 5.65685424949238 21.0237960416286 7.81024967590665 24.4131112314674 42.4499705535822 32.6955654485436 11.1803398874989 10.1980390271856 37.2155881318568 20.1246117974981 6.40312423743285 26.6833281282527 32.7566787083184 11.1803398874989 24.0831891575846
Deviation Vector:
14.2396282280222 10.5843523780181 24.0580969559861 10.6220049762201 8.84617519909848 10.3034090654272 21.6244776445294 30.2064026341563 24.8164214497759 25.5553079598094 26.6050734333693 17.2381787790621 12.1332758381505 33.189543425701 7.53780494434981 8.46222806149143 16.4699752141046 20.8589103169909 14.5845383748803 13.8495786137831 1.78728824351065 9.93246000586613 6.33465258002268 5.53048149227995 6.21886165989747 4.38157363923451 17.0067225970514 15.3478511231353 17.8457709691529 2.40434636570598 34.047742305943 4.9618564485965 11.6716008849931 11.6443470548973 25.3117317227844 32.7072491725723 4.99367430168807 5.37276318590986 19.8953260594691 29.1634144695166 25.7435303038615 5.862940573502 5.0186901235362 30.1472632333231 2.19687353272776 7.58225206315199 12.3741238407217 13.8269876093491 18.5951928549386 12.1279694565339 1.84539777613084 7.93445023851316 3.51004426567931 7.14309383574708 32.1511492036391 10.6531670282779 9.48716929633015 12.5005335884704 12.8046632473412 8.25947847986467 12.8209741603542 10.1413748718349 3.50190606947997 18.3406689886175 24.6852293249332 0.622430671482767 31.8652482251202 5.04559849412826 14.1968997030672 7.2991374771667 1.47990408603817 11.8908926400091 15.1354982346166 3.18704886963564 10.5562301899398 9.30822810933323 25.850884302104 11.8181433921272 1.75362209294083 33.010412705727 17.4553315378791 7.26543597089978 8.29326789616827 0.593237159289434 11.9691776164833 2.39488029532406 19.8657091253084 20.6234782287404 13.3496850145857 13.6385488253288 4.3811478101723 26.3102756066778 14.9538531939686 8.07825535535048 36.3567664879991 10.1689259827477 14.2241308074083 11.1194995933248 4.68164917416443 0.40263017017136 38.5120570241506 30.8087694461241 4.65672267128964 11.2061238509416 46.1075561434294 29.2144727044879 3.98149415124839 25.6510738909647 20.8342296841342 7.92562488502528 10.1904708695763 17.5813824814154 8.83583400358329 21.6477555711899 28.1180290296739 3.21032370556192 6.22873012586137 3.13939071290384 13.537977542594 2.65450239504732 0.428393959614025 42.3313685369814 1.07676263069541 3.62836317914001 10.2053080024178 0.156143966043573 7.32754137946878 20.4674860732535 34.9489196415001 1.31570661332542 14.1614466361742 5.15919208606513 10.5688229428016 14.2979019126027 2.88090474784025 17.5570780466247 19.9737595516875 5.02722442189007 2.60775669644562 10.5388854866039 12.3500246368651 11.234783370381 36.7903180928571 30.1695960236009 2.05756214354215 14.7496899554601 3.62712552629479 5.73980495253289 16.8409092829716 33.7100860474323 34.9476112267545 5.54677266966469 10.7559412831663 15.5088634015746 27.626852511758 0.627012305950564 9.17050188375157 18.077287579749 20.2230979993184 5.75265882760328 9.6669522760388 1.35530756069514 3.50172127608959 10.5984213872632 46.3560612474596 17.0432377457138 11.6328686023748 12.4846345877925 32.146168944671 3.56584117470492 0.0220811248095177 8.3630409236355 28.3395463444419 10.9985870812424 4.48031240200751 5.99543995137576 19.6016695958432 7.31712672789018 8.11107363945854 1.08007499674183 5.30186624437838 9.9282547372007 21.8815428996516 22.2608692711027 2.8815407717807 14.0854657306791 0.23049619669989 20.7246639245288 4.42443038139284 21.3464155499839 15.5585792826683 2.79261000559418 19.3611763979823 7.28368084952764 8.59536395934535 19.2448567721523 11.5190738810231 13.9823694035999 8.93958958325293 2.58962726648024 13.3612483351146 6.78225904473645 16.3150532677566 7.59192484249925 3.82363361378479 6.68462764692177 5.72432165698528 19.8750370617471 44.2794105827398 31.8739199939313 6.73005649896895 18.8947654960257 4.48249051830049 14.9823649721231 10.7822414623291 6.16803417624874 7.29634001245607 22.0247470826599 7.72636328831851 5.54759642203114 12.5590906145124 6.63196177045956 8.87156306694925 1.04486746344103 8.28046381484679 6.1848328168004 13.2389374413697 19.8517021064012 13.5743401475143 27.6562932163154 21.3598834729492 5.27836159162129 1.91341972335429 10.4680184856665 14.1637592033473 3.45492033714858 29.784836896496 3.0972494849445 26.3678215001193 15.6741307181675 23.9559494608879 18.0850661079906 18.0330728690077 0.0480824174007542 2.14794598878187 13.8843684472504 2.13639207771202 14.7934724341441 14.3227113278414 20.3313599656768 33.3379386048547 46.5332993184371 3.86455208658736 9.71702947561621 42.5311941062371 45.9034088901574 8.48219381922548 17.1593247541857 32.3280274314503 16.4150778591343 18.7705993432817 19.8535618624287 29.1190360097154 26.5497019453425 25.0534705605762 12.8654614543508 17.4673252433776 4.99387228238273 12.2808844637034 25.6084044168845 32.0642101399633 22.710142834511 3.09950674576061 18.5272520688437 8.32092059180762 4.1700873129084 27.5584115623364 48.026990835094 3.820437118243 6.8963964911783 15.1607680649553 7.2934025419084 2.09163411690224 19.2966189014445 29.5345297027293 41.0959665634694 6.18016350811159 11.6101054722175 6.0841376787697 14.9477084405721 30.6384594625809 19.2748797325604 2.09986160011578 6.584768980513 5.38519792487893 6.89585382234272 4.18364299695803 6.41115994493161 4.84173513213297 24.6242004970094 26.7848922040553 3.0082282098256 10.94232505962 16.8922510550486 15.9677741477012 4.79128818335046 1.80421897443252 6.65730377798074 3.15392185614122 21.8635022564954 21.7473228862726 18.601137966779 46.2051438404082 8.64632723639138 23.3458403257946 11.3377071230159 30.806278727845 0.429253591451018 0.1625803710458 19.6576628644902 38.5505076064395 21.255530462626 13.7516714308294 28.2106938327308 2.97652132830963 30.0168356218311 29.4488498668042 10.2516993924747 28.7067829596529 9.1400634980791 16.7517263582279 10.5689950066236 24.3948814034139 20.1886337510742 3.93820349462589 19.6147292120385 7.24668963360509 15.6515646417437 25.0711979905455 13.1344336989654 15.1108515962233 7.3427696260067 5.39608872369142 27.4701823082318 21.9262698556544 15.3927770625786 16.7291709611655 4.56352707647529 18.1030242649456 13.6722324456825 17.0299874749411 11.7599881596885 1.20930003222991 5.1873589596904 0.638044019829145 12.8758552470909 6.9651758728016 14.3708924770653 7.91589283359734 1.76365338588474 8.22012731058653 12.5329461791451 8.66547806539429 3.17395905192132 10.993611835735 23.4664575217405 17.4339876915686 17.5897352173075 9.97503134433683 13.1671842504948 38.080840664637 3.35426932217805 10.8636711801557 13.9165396374779 37.5718528992405 11.0992570519783 1.54929865733039 9.23886510542274 22.5357281984389 6.96361587212601 13.9700065161426 13.2462368269932 27.5897953376641 7.23140287957811 20.5140151208923 55.9045828929703 3.09864609087022 16.3523792468238 4.1270578528311 1.47657022592889 31.3766743402865 29.4468354932217 19.8027028187522 10.4050434574707 32.8734079013266 6.77769029986454 20.8910452674899 12.5466277645901 10.314272066259 9.12207927701189 28.1335598784143 11.9595933084908 34.6362016596819 19.3986045082888 7.56401996237527 22.3544664455591 24.3325310115975 40.5588987785802 1.32100826208748 6.5627121611971 23.118072284624 19.1713794955455 7.06180446732852 13.3664018184305 1.59114182136058 29.8174945719991 11.8451898549652 9.12910231502713 30.6023273346742 28.6893681420397 9.18555067136833 7.26842759276815 20.3709451872487 34.8380114916951 43.6391462319317 13.515484062794 8.78735619716362 13.35471201681 21.9769383546196 44.699753006856 2.39765691040334 11.5064058203503 14.2414082145491 0.040467077897151 1.80285009939428 4.4616740927026 6.48455836447666 46.8723153595155 54.82676053686 37.149028822771 5.66769148964586 11.7707062497187 8.6938703074294 17.8569056969478 32.5972472382527 6.25128162091388 1.51715467901573 0.898314366137063 31.1516313433496 16.9645848166723 22.6694196105595 11.066049578195 7.74686635786293 6.62206942969439 18.6205370347749 7.18751241527821 10.554106067672 10.2956051043935 22.9315733196668 16.7511174882148 8.1202734797086 9.16056496516619 2.16551672798279 13.0051866266614 16.1907234572907 32.7045798728084 24.3446163204387 12.6178225077645 9.76191259672879 21.0185719353047 14.3093119473418 0.995467650076829 8.02094505507404 30.9816343635442 19.000031471147 4.91529465287773 18.0062455593704 26.0873408363117 2.54538066227478 16.1971686327248 19.1258218748866 0.620844386792733 11.4433046547194 17.8081548353844 9.80382002940333 18.8461538678822 13.131433462888 32.3182125041227 4.75037067840472 2.0512105477319 4.90387135280279 4.13728264312353 24.8491190732099 0.176314812146567 9.33606557550422 30.5716765203067 34.1372519825946 1.75765804426961 0.426201020401773 26.7451888498819 24.2083534217544 3.18551446090038 20.0571406366704 10.1474061412152 2.99207784980147 2.422348594388
