Instancenumber:
8
Instancename:
P-n23-k8
Customers:
22
Depot:
0
Dimension:
506
Vehicles:
22
Capacity:
40
Demands:
0 7 30 16 23 11 19 15 28 8 8 7 14 6 19 11 12 26 17 6 15 5 10
Uncertainty:budgeted
Gamma:
22
Mean Vector:
13.8924439894498 21.0237960416286 32.5576411921994 22.0227155455452 23.0867927612304 12.0415945787923 22.0227155455452 32.4499614791759 32.0624390837628 20.8086520466848 28.1602556806574 29.9666481275434 29.1204395571221 30.8706980808663 29.8328677803526 10 31.7804971641414 39.4081209904761 43.9317652729776 15.8113883008419 2.23606797749979 26.1725046566048 13.8924439894498 12.369316876853 19.2093727122985 11.6619037896906 24.2074368738204 12.0830459735946 18.6010752377383 20.8806130178211 26.9258240356725 7.07106781186548 18.8679622641132 16.1554944214035 21.3775583264319 32.649655434629 17 6.08276253029822 30.6104557300279 27.3130005674953 31.0644491340181 18.7882942280559 13.9283882771841 24.2074368738204 21.0237960416286 12.369316876853 15.2970585407784 22.2036033111745 16.2788205960997 10.6301458127346 8.54400374531753 12.0415945787923 14.7648230602334 10.6301458127346 29.0688837074973 18.9736659610103 9.05538513813742 23.7697286480094 23.3238075793812 11.4017542509914 20 19.1049731745428 24.4131112314674 14.560219778561 19.723082923316 13.8924439894498 32.5576411921994 19.2093727122985 15.2970585407784 21.095023109729 31 25.0798724079689 23 7.81024967590665 24.1660919471891 12.2065556157337 25.3179778023443 9.48683298050514 17.0880074906351 37.4833296279826 15.8113883008419 22.8035085019828 32.2800247831379 10.0498756211209 12.0830459735946 29.8328677803526 32.0156211871642 27.2946881279124 22.0227155455452 11.6619037896906 22.2036033111745 21.095023109729 35.8050275799363 23.7065391822594 29.698484809835 26.3058928759318 36.8917334913934 12.0830459735946 7.21110255092798 13 30.4138126514911 44.2040722106007 9.21954445729289 17.464249196573 41.7252920900501 31.0161248385416 32.7566787083184 30.4138126514911 23.0217288664427 35.3553390593274 23.0867927612304 24.2074368738204 16.2788205960997 31 35.8050275799363 12.8062484748657 8 25.4950975679639 13.4536240470737 26 43.0116263352131 35.1710107901379 16.1554944214035 8.48528137423857 39 19.1049731745428 9 31.6227766016838 37.6430604494374 7.28010988928052 20.8806130178211 5.65685424949238 12.0415945787923 12.0830459735946 10.6301458127346 25.0798724079689 23.7065391822594 12.8062484748657 10 22.6715680975093 20.0249843945008 16 30.886890422961 26.0192236625154 17.464249196573 21.2602916254693 28.4429253066558 6.40312423743285 20.6155281280883 29.732137494637 35 6.70820393249937 10.1980390271856 14.560219778561 22.0227155455452 18.6010752377383 8.54400374531753 23 29.698484809835 8 10 17.7200451466693 10.0498756211209 18.8679622641132 36.7967389859482 27.5136329843952 9.21954445729289 15.2315462117278 31.7647603485372 14.8660687473185 12.0415945787923 24.1660919471891 30.0832179129826 9.21954445729289 20.0997512422418 5.65685424949238 32.4499614791759 20.8806130178211 12.0415945787923 7.81024967590665 26.3058928759318 25.4950975679639 22.6715680975093 17.7200451466693 16.7630546142402 15.0332963783729 31.6227766016838 16.6433169770932 10.0498756211209 31.0161248385416 22.8254244210267 22.4722050542442 25.3179778023443 7.07106781186548 12.5299640861417 25.9422435421457 31.4006369362152 21.0237960416286 32.0624390837628 26.9258240356725 14.7648230602334 24.1660919471891 36.8917334913934 13.4536240470737 20.0249843945008 10.0498756211209 16.7630546142402 25 43.6004587131833 31.4006369362152 7.21110255092798 15.52417469626 36.7967389859482 24.3310501211929 9.05538513813742 21 27.0185121722126 18.3847763108502 30.1496268633627 7.81024967590665 20.8086520466848 7.07106781186548 10.6301458127346 12.2065556157337 12.0830459735946 26 16 18.8679622641132 15.0332963783729 25 18.6010752377383 10.0498756211209 18.3575597506858 34 13 11.7046999107196 30.6104557300279 20.8806130178211 24.1867732448956 22.2036033111745 20.591260281974 24.4131112314674 28.1602556806574 18.8679622641132 29.0688837074973 25.3179778023443 7.21110255092798 43.0116263352131 30.886890422961 36.7967389859482 31.6227766016838 43.6004587131833 18.6010752377383 16.0312195418814 36.8917334913934 51.4003891035856 10.0498756211209 24.5967477524977 48.7954915950234 35.3553390593274 36.0138862107382 37.589892258425 29.4278779391243 42.4499705535822 29.9666481275434 16.1554944214035 18.9736659610103 9.48683298050514 13 35.1710107901379 26.0192236625154 27.5136329843952 16.6433169770932 31.4006369362152 10.0498756211209 16.0312195418814 24.2074368738204 42.7200187265877 6.32455532033676 21.5870331449229 38.4707681233427 19.4164878389476 20.0997512422418 32.0624390837628 30.0832179129826 32.6955654485436 29.1204395571221 21.3775583264319 9.05538513813742 17.0880074906351 30.4138126514911 16.1554944214035 17.464249196573 9.21954445729289 10.0498756211209 7.21110255092798 18.3575597506858 36.8917334913934 24.2074368738204 21 29.698484809835 20.0997512422418 15.2970585407784 15.52417469626 21.5870331449229 18.3847763108502 27.5136329843952 11.1803398874989 30.8706980808663 32.649655434629 23.7697286480094 37.4833296279826 44.2040722106007 8.48528137423857 21.2602916254693 15.2315462117278 31.0161248385416 15.52417469626 34 51.4003891035856 42.7200187265877 21 46.9574275274956 27.5862284482674 6.70820393249937 36.2215405525497 42.2965719651132 15.2643375224737 28.6356421265527 10.1980390271856 29.8328677803526 17 23.3238075793812 15.8113883008419 9.21954445729289 39 28.4429253066558 31.7647603485372 22.8254244210267 36.7967389859482 13 10.0498756211209 6.32455532033676 29.698484809835 46.9574275274956 23.0217288664427 43.2666153055679 25.7099202643649 26 34.928498393146 30.4138126514911 37.2155881318568 10 6.08276253029822 11.4017542509914 22.8035085019828 17.464249196573 19.1049731745428 6.40312423743285 14.8660687473185 22.4722050542442 24.3310501211929 11.7046999107196 24.5967477524977 21.5870331449229 20.0997512422418 27.5862284482674 23.0217288664427 26.4196896272458 29.4108823397055 33.9705755029261 13.0384048104053 9.21954445729289 20.1246117974981 31.7804971641414 30.6104557300279 20 32.2800247831379 41.7252920900501 9 20.6155281280883 12.0415945787923 25.3179778023443 9.05538513813742 30.6104557300279 48.7954915950234 38.4707681233427 15.2970585407784 6.70820393249937 43.2666153055679 26.4196896272458 30.0166620396073 36.0555127546399 16.1245154965971 29.6141857899217 6.40312423743285 39.4081209904761 27.3130005674953 19.1049731745428 10.0498756211209 31.0161248385416 31.6227766016838 29.732137494637 24.1660919471891 7.07106781186548 21 20.8806130178211 35.3553390593274 19.4164878389476 15.52417469626 36.2215405525497 25.7099202643649 29.4108823397055 30.0166620396073 6.08276253029822 32.7566787083184 38.4187454245971 26.6833281282527 43.9317652729776 31.0644491340181 24.4131112314674 12.0830459735946 32.7566787083184 37.6430604494374 35 30.0832179129826 12.5299640861417 27.0185121722126 24.1867732448956 36.0138862107382 20.0997512422418 21.5870331449229 42.2965719651132 26 33.9705755029261 36.0555127546399 6.08276253029822 38.4707681233427 43.139309220246 32.7566787083184 15.8113883008419 18.7882942280559 14.560219778561 29.8328677803526 30.4138126514911 7.28010988928052 6.70820393249937 9.21954445729289 25.9422435421457 18.3847763108502 22.2036033111745 37.589892258425 32.0624390837628 18.3847763108502 15.2643375224737 34.928498393146 13.0384048104053 16.1245154965971 32.7566787083184 38.4707681233427 13.6014705087354 11.1803398874989 2.23606797749979 13.9283882771841 19.723082923316 32.0156211871642 23.0217288664427 20.8806130178211 10.1980390271856 20.0997512422418 31.4006369362152 30.1496268633627 20.591260281974 29.4278779391243 30.0832179129826 27.5136329843952 28.6356421265527 30.4138126514911 9.21954445729289 29.6141857899217 38.4187454245971 43.139309220246 13.6014705087354 24.0831891575846 26.1725046566048 24.2074368738204 13.8924439894498 27.2946881279124 35.3553390593274 5.65685424949238 14.560219778561 5.65685424949238 21.0237960416286 7.81024967590665 24.4131112314674 42.4499705535822 32.6955654485436 11.1803398874989 10.1980390271856 37.2155881318568 20.1246117974981 6.40312423743285 26.6833281282527 32.7566787083184 11.1803398874989 24.0831891575846
Deviation Vector:
6.78549630999229 18.8462552992733 31.2009328424857 16.8367185797709 3.70985091502088 2.0889915054345 17.1536610654753 32.5155094762769 29.270592081112 24.0026206114582 14.0202710092224 17.2449956139332 30.7181917709523 19.5175418023519 27.9855921365762 1.0899331268221 2.57222943436581 32.9987152447743 5.78001940117131 7.3263254060451 0.614620393093992 30.7700287143856 8.62119532578278 3.91685606111223 11.74931525348 6.30695559398242 19.7085530255463 0.974437906249116 15.8220424114235 22.5880708551328 4.87970261948937 0.39849703296969 13.1231273447825 18.4101009390372 17.5482390395534 27.9551521403812 0.516204177418397 1.92888434779679 17.6182402277396 25.7640703632829 5.83781694948436 20.1680547344593 3.28834764862461 30.0848334132223 8.89305407683504 14.5236657315469 1.0572307308236 11.1892128588751 11.8648841830206 2.13327304003583 8.26456617715395 12.0863969860119 1.38303309029789 3.24419861839659 1.09609142856516 13.3824252743148 7.66090576380885 20.2484694624529 18.33159837845 4.7195371834261 13.0191784452877 18.4781084854355 11.4811635751526 0.929091840867419 16.2532414082135 0.117888405388924 29.9538806020648 16.4131988536218 4.9806064087561 4.49146707820412 15.9666630977762 12.8789760359487 0.0846448312827848 5.86661633410995 11.4459897441887 5.20828895082325 16.2703210081145 5.14899530852566 15.9023810253647 3.32927284488008 11.7547111256513 14.0295798272999 35.2672418725043 8.41279137303891 11.1215534057781 33.7185219121354 8.31595449650602 13.2040464659246 15.4034348094497 12.1949411482005 19.9319443666379 1.42855235331552 26.1456542275647 2.0222488695851 3.9062466312113 7.14526051800267 3.46004665567819 12.7060030636377 8.12012730654078 5.45196132326635 38.4574222584625 15.8444948245911 8.60091342648151 22.147330664322 46.2976731540656 3.84182716012494 13.5009642140502 14.2807757188775 15.3466813621398 2.124947758435 12.8909518528237 3.08348175509607 10.9937447821336 11.4153422536068 34.5332862136337 4.00955561004839 1.72649023222383 31.2118190942015 10.7205542815147 23.7963758197881 42.4637808764295 14.485854669265 15.8802871900129 3.68950936890171 19.3897306435444 21.2924021569951 6.35791408004132 18.6878527838159 33.2530729315236 4.00275700444899 21.0965902604301 4.89418490919781 10.9369067611057 7.98170356744077 9.04261123054312 18.4379858595279 18.5962619724423 16.1719411012527 12.047196536321 3.81744352657745 0.805926469490702 7.6866523127406 9.13503483569051 18.6190031341295 14.8210807852077 26.7930520536864 29.2586716019508 6.81589457274742 24.7756269815457 16.14037762731 24.3962645157142 6.08021069912851 9.73636162701051 5.7851864720336 1.28886079987612 3.14783012677668 1.95786284244132 17.5940581949531 22.5764968034784 8.90023267435603 0.321070211527592 8.64491245067066 6.98500452718547 17.7428221127906 42.2585201967479 7.23658748531296 3.62203947498734 9.9034614246082 7.72397294891164 4.6815035026457 9.85693999792617 6.84885754517871 23.9260187275351 10.2736332754503 20.0795341604331 2.0438633000648 35.4320530300601 15.5560835115849 1.72313177379388 7.89631548800223 0.136473382787586 21.4193093657078 14.3903448959784 17.009768073977 20.7436543571685 10.4219087436032 35.7067045731519 3.06137497103525 1.76416641300201 18.8163148967751 0.314906139630128 4.66631158612022 27.7111083668909 5.01218652654004 14.3845971385509 24.9118462749347 30.5166607365823 5.4285161411131 10.5101383790016 32.7151496939173 8.46201813084624 27.7034404291447 7.95920367137679 1.15398418376926 19.5851459522777 12.2079765778582 7.49446616340236 19.6815169819357 29.5204476963556 18.5320490802299 3.71809702288462 10.5914505366563 5.43274845874175 27.9889361636862 3.25540244179558 2.15106778648738 15.1552308015872 3.78673463436128 8.63400877545564 5.75194722668063 16.9098088134677 2.12251028314583 10.0360218252996 7.62279300644095 12.1917752527322 21.0457612883533 4.83346638067107 13.1731201397838 16.0504573082758 15.7473464764297 11.7281851155108 3.59893818362354 9.06124357718795 28.7727055842832 5.77047513461863 2.21171910418766 23.8247950102453 18.6038968673018 23.61162617341 3.83492867606531 4.0868041522481 5.10612162781123 24.076224649786 6.53048235906772 2.23307428482278 30.7479464115194 3.23451605180937 27.4302495531461 4.25525863713983 27.0426103494567 2.89439269857414 41.4379909443971 19.2537302240251 16.6025441575842 10.780250824339 39.136896595239 5.65222709526849 14.617966005295 8.63257820146139 12.2826274012566 44.0881523070907 30.3510028361751 20.761747471714 18.4709623234805 11.1178551662681 18.5690542281618 11.8411424599412 10.903499464279 9.84993986575826 11.1713895716877 1.02446191719179 26.3074473472754 8.76745805948609 28.0830050179192 0.197000870504932 9.6765337557232 19.9988033305412 19.9993336804533 7.85096106759996 20.8080010694166 46.2829369071376 0.974740370732087 12.6958406885175 30.6350711260371 32.6655593391254 30.2059571730777 12.6447088131305 7.81530525426213 2.13242280272695 10.4430712877812 21.684735919526 2.8597228904163 2.37314884326278 1.25228734003373 6.15188556059153 3.65526273908533 0.0468529648655463 45.606243343216 9.0427003535083 15.9650384377589 8.05351974357995 8.29966522872413 6.63475300131789 12.3876955312112 0.530951715625217 8.33436497030229 3.27121184917434 9.51154909692188 28.4466902034677 2.53254123700148 12.6449693736229 31.556216278152 5.64790342686007 9.8736392271008 10.9422888941699 18.4851382630176 24.9618211846713 14.7309368657004 10.0816919754901 53.4712141584201 11.8490205011096 21.1997116222738 57.1613011011996 11.4000281777229 7.68317234833428 19.8045990924554 38.9189554506054 17.5218102232692 14.3266560692143 0.112402336009297 18.659232325715 13.1152390020001 9.88802873098226 16.7472052598745 2.64391893519237 17.4931223286186 6.53740619270925 12.8859305843655 0.379071441349586 42.3648820631358 6.28205052657476 5.51321384311218 4.49373572109633 18.1458783083385 20.169709916223 28.2063138383626 23.4478790872392 31.7346094065083 23.1772852698004 29.2861365145213 30.168932132524 43.4975287714422 5.65296735706609 5.63614123008875 3.41341553784393 9.75906828634202 3.3298375755045 23.2989119006736 1.87728344713107 10.2720740735245 27.6530088211294 22.3515076905635 2.10434274203179 9.14545171453121 15.0063249088032 9.37772800303958 22.6305579273592 21.2950425539454 23.0439638823295 24.6158645889123 26.9606179421781 0.949046726725259 0.948477196191016 4.45750506373464 21.7312518173822 16.2972707727033 3.28052393430774 39.5666388011523 20.197915704806 9.49914220998478 16.1114067705555 2.32817336557671 23.8390507641208 0.580828409841854 34.2812672399312 60.553362634581 18.9316659171444 0.426988929112833 7.90098992015003 33.9767382859028 18.9927876975513 33.7891497499907 15.1885995600721 14.4906788056344 6.36178698694834 7.14851535864759 3.25354099849215 28.2738546247514 14.4956134261753 9.59549121671871 18.283102451003 8.52892491697558 30.5520197125832 16.7313376400597 3.47333322039441 9.00258866492174 25.5736624855061 23.1658679014565 7.21813898714696 6.61566124800259 15.5034331696817 29.6505078729253 18.2199380072446 2.60934390563675 7.40523333967659 14.9614056962157 1.73726109332298 11.389647694719 21.2918292549111 37.9927264091595 29.5919312896167 14.5424826515776 34.9197965858612 13.2020123728816 28.6840815342135 38.5323368477508 2.31119255609693 24.3735444439372 24.9937550875713 33.9678772364046 11.541667568776 7.34309880742207 51.3013691122081 8.29717344647426 35.0749643927438 15.1947709850398 4.54879173416997 37.4933596813609 46.4462312127746 36.6733890758225 1.8668931422803 4.17101576607065 14.4170626647054 22.0038034372154 9.39575794408046 6.73343042128353 8.01169407904053 3.2650990774422 1.79208767732305 7.28582542857818 6.53909139381838 48.1606450410429 10.1691827528722 1.43160061678079 5.33115154790961 39.7036880631309 0.991623287900996 8.60579254155446 24.7688199385726 42.6801867620409 2.64173115481897 0.533213632716237 0.373217902257439 1.73335400441209 7.2347055705367 38.4001213389318 12.566979045476 23.2741762292608 9.08990754004641 6.83107151161236 29.8785765615354 30.433378789613 11.5693906580308 19.3936384467899 13.9678677144915 23.9585936574382 8.62670112088323 11.4339962510964 11.2933852541258 10.9672398029588 29.6686510169755 10.2142016879011 5.0172699409402 26.2365209447574 8.23495086919846 17.384144077193 13.1068614025831 10.6639072842521 44.25926192604 2.35848498649116 3.16598831248194 0.924284257256679 9.76801849042558 3.00186235562501 7.02705727711915 35.294238124373 9.84445102116277 9.32120778188574 6.76526986428577 44.3771009173361 23.6176945902777 2.12739975060688 24.5265577988483 14.830880056554 11.0826984436444 2.4277361589744
