Instancenumber:
9
Instancename:
P-n23-k8
Customers:
22
Depot:
0
Dimension:
506
Vehicles:
22
Capacity:
40
Demands:
0 7 30 16 23 11 19 15 28 8 8 7 14 6 19 11 12 26 17 6 15 5 10
Uncertainty:budgeted
Gamma:
6
Mean Vector:
13.8924439894498 21.0237960416286 32.5576411921994 22.0227155455452 23.0867927612304 12.0415945787923 22.0227155455452 32.4499614791759 32.0624390837628 20.8086520466848 28.1602556806574 29.9666481275434 29.1204395571221 30.8706980808663 29.8328677803526 10 31.7804971641414 39.4081209904761 43.9317652729776 15.8113883008419 2.23606797749979 26.1725046566048 13.8924439894498 12.369316876853 19.2093727122985 11.6619037896906 24.2074368738204 12.0830459735946 18.6010752377383 20.8806130178211 26.9258240356725 7.07106781186548 18.8679622641132 16.1554944214035 21.3775583264319 32.649655434629 17 6.08276253029822 30.6104557300279 27.3130005674953 31.0644491340181 18.7882942280559 13.9283882771841 24.2074368738204 21.0237960416286 12.369316876853 15.2970585407784 22.2036033111745 16.2788205960997 10.6301458127346 8.54400374531753 12.0415945787923 14.7648230602334 10.6301458127346 29.0688837074973 18.9736659610103 9.05538513813742 23.7697286480094 23.3238075793812 11.4017542509914 20 19.1049731745428 24.4131112314674 14.560219778561 19.723082923316 13.8924439894498 32.5576411921994 19.2093727122985 15.2970585407784 21.095023109729 31 25.0798724079689 23 7.81024967590665 24.1660919471891 12.2065556157337 25.3179778023443 9.48683298050514 17.0880074906351 37.4833296279826 15.8113883008419 22.8035085019828 32.2800247831379 10.0498756211209 12.0830459735946 29.8328677803526 32.0156211871642 27.2946881279124 22.0227155455452 11.6619037896906 22.2036033111745 21.095023109729 35.8050275799363 23.7065391822594 29.698484809835 26.3058928759318 36.8917334913934 12.0830459735946 7.21110255092798 13 30.4138126514911 44.2040722106007 9.21954445729289 17.464249196573 41.7252920900501 31.0161248385416 32.7566787083184 30.4138126514911 23.0217288664427 35.3553390593274 23.0867927612304 24.2074368738204 16.2788205960997 31 35.8050275799363 12.8062484748657 8 25.4950975679639 13.4536240470737 26 43.0116263352131 35.1710107901379 16.1554944214035 8.48528137423857 39 19.1049731745428 9 31.6227766016838 37.6430604494374 7.28010988928052 20.8806130178211 5.65685424949238 12.0415945787923 12.0830459735946 10.6301458127346 25.0798724079689 23.7065391822594 12.8062484748657 10 22.6715680975093 20.0249843945008 16 30.886890422961 26.0192236625154 17.464249196573 21.2602916254693 28.4429253066558 6.40312423743285 20.6155281280883 29.732137494637 35 6.70820393249937 10.1980390271856 14.560219778561 22.0227155455452 18.6010752377383 8.54400374531753 23 29.698484809835 8 10 17.7200451466693 10.0498756211209 18.8679622641132 36.7967389859482 27.5136329843952 9.21954445729289 15.2315462117278 31.7647603485372 14.8660687473185 12.0415945787923 24.1660919471891 30.0832179129826 9.21954445729289 20.0997512422418 5.65685424949238 32.4499614791759 20.8806130178211 12.0415945787923 7.81024967590665 26.3058928759318 25.4950975679639 22.6715680975093 17.7200451466693 16.7630546142402 15.0332963783729 31.6227766016838 16.6433169770932 10.0498756211209 31.0161248385416 22.8254244210267 22.4722050542442 25.3179778023443 7.07106781186548 12.5299640861417 25.9422435421457 31.4006369362152 21.0237960416286 32.0624390837628 26.9258240356725 14.7648230602334 24.1660919471891 36.8917334913934 13.4536240470737 20.0249843945008 10.0498756211209 16.7630546142402 25 43.6004587131833 31.4006369362152 7.21110255092798 15.52417469626 36.7967389859482 24.3310501211929 9.05538513813742 21 27.0185121722126 18.3847763108502 30.1496268633627 7.81024967590665 20.8086520466848 7.07106781186548 10.6301458127346 12.2065556157337 12.0830459735946 26 16 18.8679622641132 15.0332963783729 25 18.6010752377383 10.0498756211209 18.3575597506858 34 13 11.7046999107196 30.6104557300279 20.8806130178211 24.1867732448956 22.2036033111745 20.591260281974 24.4131112314674 28.1602556806574 18.8679622641132 29.0688837074973 25.3179778023443 7.21110255092798 43.0116263352131 30.886890422961 36.7967389859482 31.6227766016838 43.6004587131833 18.6010752377383 16.0312195418814 36.8917334913934 51.4003891035856 10.0498756211209 24.5967477524977 48.7954915950234 35.3553390593274 36.0138862107382 37.589892258425 29.4278779391243 42.4499705535822 29.9666481275434 16.1554944214035 18.9736659610103 9.48683298050514 13 35.1710107901379 26.0192236625154 27.5136329843952 16.6433169770932 31.4006369362152 10.0498756211209 16.0312195418814 24.2074368738204 42.7200187265877 6.32455532033676 21.5870331449229 38.4707681233427 19.4164878389476 20.0997512422418 32.0624390837628 30.0832179129826 32.6955654485436 29.1204395571221 21.3775583264319 9.05538513813742 17.0880074906351 30.4138126514911 16.1554944214035 17.464249196573 9.21954445729289 10.0498756211209 7.21110255092798 18.3575597506858 36.8917334913934 24.2074368738204 21 29.698484809835 20.0997512422418 15.2970585407784 15.52417469626 21.5870331449229 18.3847763108502 27.5136329843952 11.1803398874989 30.8706980808663 32.649655434629 23.7697286480094 37.4833296279826 44.2040722106007 8.48528137423857 21.2602916254693 15.2315462117278 31.0161248385416 15.52417469626 34 51.4003891035856 42.7200187265877 21 46.9574275274956 27.5862284482674 6.70820393249937 36.2215405525497 42.2965719651132 15.2643375224737 28.6356421265527 10.1980390271856 29.8328677803526 17 23.3238075793812 15.8113883008419 9.21954445729289 39 28.4429253066558 31.7647603485372 22.8254244210267 36.7967389859482 13 10.0498756211209 6.32455532033676 29.698484809835 46.9574275274956 23.0217288664427 43.2666153055679 25.7099202643649 26 34.928498393146 30.4138126514911 37.2155881318568 10 6.08276253029822 11.4017542509914 22.8035085019828 17.464249196573 19.1049731745428 6.40312423743285 14.8660687473185 22.4722050542442 24.3310501211929 11.7046999107196 24.5967477524977 21.5870331449229 20.0997512422418 27.5862284482674 23.0217288664427 26.4196896272458 29.4108823397055 33.9705755029261 13.0384048104053 9.21954445729289 20.1246117974981 31.7804971641414 30.6104557300279 20 32.2800247831379 41.7252920900501 9 20.6155281280883 12.0415945787923 25.3179778023443 9.05538513813742 30.6104557300279 48.7954915950234 38.4707681233427 15.2970585407784 6.70820393249937 43.2666153055679 26.4196896272458 30.0166620396073 36.0555127546399 16.1245154965971 29.6141857899217 6.40312423743285 39.4081209904761 27.3130005674953 19.1049731745428 10.0498756211209 31.0161248385416 31.6227766016838 29.732137494637 24.1660919471891 7.07106781186548 21 20.8806130178211 35.3553390593274 19.4164878389476 15.52417469626 36.2215405525497 25.7099202643649 29.4108823397055 30.0166620396073 6.08276253029822 32.7566787083184 38.4187454245971 26.6833281282527 43.9317652729776 31.0644491340181 24.4131112314674 12.0830459735946 32.7566787083184 37.6430604494374 35 30.0832179129826 12.5299640861417 27.0185121722126 24.1867732448956 36.0138862107382 20.0997512422418 21.5870331449229 42.2965719651132 26 33.9705755029261 36.0555127546399 6.08276253029822 38.4707681233427 43.139309220246 32.7566787083184 15.8113883008419 18.7882942280559 14.560219778561 29.8328677803526 30.4138126514911 7.28010988928052 6.70820393249937 9.21954445729289 25.9422435421457 18.3847763108502 22.2036033111745 37.589892258425 32.0624390837628 18.3847763108502 15.2643375224737 34.928498393146 13.0384048104053 16.1245154965971 32.7566787083184 38.4707681233427 13.6014705087354 11.1803398874989 2.23606797749979 13.9283882771841 19.723082923316 32.0156211871642 23.0217288664427 20.8806130178211 10.1980390271856 20.0997512422418 31.4006369362152 30.1496268633627 20.591260281974 29.4278779391243 30.0832179129826 27.5136329843952 28.6356421265527 30.4138126514911 9.21954445729289 29.6141857899217 38.4187454245971 43.139309220246 13.6014705087354 24.0831891575846 26.1725046566048 24.2074368738204 13.8924439894498 27.2946881279124 35.3553390593274 5.65685424949238 14.560219778561 5.65685424949238 21.0237960416286 7.81024967590665 24.4131112314674 42.4499705535822 32.6955654485436 11.1803398874989 10.1980390271856 37.2155881318568 20.1246117974981 6.40312423743285 26.6833281282527 32.7566787083184 11.1803398874989 24.0831891575846
Deviation Vector:
0.56786580830471 0.207108855430536 15.5219771403692 27.8766945148462 8.77733399620607 15.0399260833633 4.84312530878412 24.3071485919032 33.8495072091799 11.1233958595252 5.19626956008801 21.4716026463006 26.9437340109787 4.74460776576656 33.81382062217 11.4269259468662 10.0771137838987 12.4287740267373 10.7355480964883 9.56469331122919 2.5643618956969 14.2761348502303 2.16674194688273 6.52523276922569 8.74455272166455 0.546537298352014 20.8130174199311 1.10827939385099 9.29354649749597 11.8679457116298 5.18397807631983 3.82191236656292 10.9098837322048 10.8125792108406 11.194198758972 31.2917960898909 10.8053145582241 4.52288384542601 13.0034375966459 11.1620277395282 39.7039015911722 11.4482475008933 15.6720488374318 22.2876043466044 16.0416116263412 12.071913772515 11.9425979798499 23.9822560716877 0.14112930569425 10.8967578158817 3.43774672391238 13.9139060970332 4.25036188185325 5.93505828581434 11.6376642313996 14.0992185286436 5.48021500072777 29.9528446474377 19.4710858412218 12.5968024510863 10.916483439435 19.6273801577462 8.85316335141051 16.3663692259489 8.1644272033312 12.3126262701685 26.0391157571108 20.1613821186444 5.31063033133557 25.8327305642672 5.44228282633182 8.5925546402923 12.6786261288963 0.141147239495315 30.5290249037796 0.385645096344152 25.1667898983237 7.22269689659381 18.9967339769091 37.5844574455616 7.9649371778213 5.27638066761959 28.2615477261239 7.95565931894274 9.54207707076735 38.0625560949917 8.06917751592745 3.06310358241761 27.6013432087841 12.6747947096847 27.0225866360743 10.8948118814356 29.7728013450202 7.04090859605289 10.6272308889674 32.7634269357611 43.6534361790138 13.9876066159476 7.30026964269369 3.22112453774812 33.4411561736084 52.5110235498073 5.4430936662065 6.42876591168482 50.3204858776195 17.7106244119436 13.0929539710141 27.9001189448357 1.14370934469217 8.08683098458212 14.7149494055918 13.3970350768527 7.49012498006377 7.1366395421645 2.23319954898554 16.0055392427679 1.78720774046345 8.01591052032721 1.06785556718214 5.04505066005169 5.10081617206033 0.483115400433401 11.478543812516 8.06201252658293 12.1188204251785 20.4106357461865 8.21630617773278 6.68350640675251 35.5083628403579 4.67830904814456 9.58691252676696 4.30009465660285 6.59716749440839 12.6813529911569 11.9936383538018 11.817303908252 8.00941307273987 3.14133356902957 1.05864033237608 8.78605468403441 9.49238450933795 11.8918279064776 29.0634110921678 24.3056439449424 17.0006331593824 21.3311690459424 25.6353647803931 7.66360735643903 0.72300060483651 29.1572519794557 3.78776335741528 1.03079769532281 10.1409370409391 11.9208280992904 24.3082227414565 0.417904478600838 5.16394756296558 16.8826774450739 6.9440318266758 2.12009942267864 0.939716324333451 12.2790619621032 10.3028204450877 12.1101482330915 16.9188022542661 23.9578411770542 10.2615681296947 12.1494048329032 35.4513622201801 18.1200634286435 14.2715023861821 7.42898436109951 20.4401513925098 7.77644096963426 24.9549535329165 2.09436008914773 18.30613476006 17.9609558258002 3.42481560024946 4.6799401348389 14.6830365024849 10.0103253836943 17.0686795622015 4.78251606345359 20.306145809213 8.62871714367783 9.2452248279518 8.87229358213795 0.254565256355718 16.3199837190187 18.2169001099916 2.68097501124524 30.8657783849428 3.82256866254114 9.53703675213244 10.279426276005 4.04070939237702 12.4353386334669 38.2790340104077 33.5157011477161 7.79144318396742 26.4957283831972 9.94167515652952 16.2406329715815 13.1604497941324 2.2950379674019 4.94037068369338 30.533393826177 47.4607819788928 18.1851532941092 3.87861910967489 5.65127926734172 35.7579864373335 0.196154138115986 5.74042501007707 18.9096733794986 15.7257362648484 17.0295163000892 4.54873759633096 4.74367855544221 3.53305891443896 6.71022406067262 7.72458279857536 1.29682366598177 2.49984737727093 5.3334587226504 8.03972316607417 6.33154555417783 11.9758511476864 10.3424993905623 5.53642672571617 0.418596383109848 4.17502358325032 19.2821686172705 16.234512304409 10.3543231457981 24.3502324365988 5.44678004554022 19.9127839125718 13.3522039392456 17.2963851181224 1.91611170501052 27.1854580246502 9.98274171835791 2.51587929915201 8.01655343449478 1.05910832658276 28.7569063226269 38.3898843363347 10.9560083374102 40.3490910754492 5.66951511373347 23.1902021197966 11.5415951779145 8.71653222295351 8.78580887189026 9.29691838245989 18.1709953360083 24.7149205416404 15.5219389707009 41.5044188863398 30.2275445197023 14.1453520228057 4.12660516949306 2.65474065900248 7.21850556820596 18.6291146700648 8.38709333258786 9.19968052135778 18.3754410496905 5.27558736257407 7.29060259101645 10.0017488176543 36.6803781361631 7.98026163249566 11.0213948856978 4.89239673319535 40.1968723597368 0.464268053186797 3.50462142399026 47.6530331216026 1.29477930611154 5.87680215697471 38.5621884188585 23.6643452700678 17.2846791144537 2.6493036496133 9.17170829117776 11.476896243162 10.2097007442761 26.4010491849961 18.3719340023477 2.0772813000631 0.609105695589392 12.4056186449671 1.49655345968267 9.41524481854015 34.4411172187361 26.4251258617376 25.6315247717451 5.14851786480225 0.235090510731873 3.10311947439131 12.0204687295032 25.469189149774 18.3282059360191 4.92849483405988 1.10984393718388 20.2260985029913 8.24522697464079 6.21853925160466 22.9096693694064 14.11086564887 4.70082677117624 11.294420239398 16.8438114308944 33.5796974913753 9.6594877102631 8.57520202705656 54.8643166050491 52.1056002635278 23.5257324725838 43.2906277147128 1.54404634805897 7.95820906737483 31.6447479497555 11.145411524293 6.35832680798555 15.0206604132809 0.738798544810744 10.573473790964 11.8643650898583 1.96249661690341 8.81138490473508 1.74744753589727 49.2951713464102 7.723133083405 11.7106026580611 1.83911796882164 34.1002186503533 8.07563777021904 3.43895823231197 1.61429041532271 27.9291633989716 42.0826305400639 18.1062805081451 33.0384417751773 17.898392683606 3.27693282754934 35.4808255526097 14.6255425088752 2.3469167030161 8.53413064580511 0.730686591048506 1.35720062879759 17.264076506273 17.3554222591851 7.30842849253037 7.5148838194387 3.50303764725051 10.2245339377375 5.97031249655202 10.9268481712341 13.2607741920317 17.3270317230916 22.5736474780676 14.3567808288803 24.7297142469879 5.52368171495548 17.6761202856713 24.398878385087 10.825492085477 8.69583057468379 19.5908542997117 15.5097788241192 17.0411206398913 9.54581906122409 40.4026298457438 52.2766143794122 5.42994147939484 20.301544260515 5.43181665393685 16.8716362088493 5.03035354785977 17.485058313242 38.3251469851998 1.15090940325484 4.31847517269351 7.83494448972371 52.0732813792563 13.6840086446379 10.2139906217572 5.99421034879524 2.7221087212638 26.0428482601713 6.20404295822677 0.363577884723887 3.20011155870702 14.527916066479 2.19389186532925 22.2748667757372 6.19770184251597 31.176457580844 9.15152482472319 8.26937280636879 5.33259195940814 19.5317658586272 12.8723090124792 4.3277296304447 14.0587683918198 35.0411063114566 31.0488155949034 2.17698504291686 10.539669053723 2.9227405692715 21.1356464670136 43.6648719656731 13.6194923478854 40.7484353960231 31.7429835135 10.5289648922631 1.96728418628886 2.60242533049882 22.4929591446973 11.6071064933306 28.8453436637058 3.55560819589955 9.20946460846562 26.0253568438813 37.6054949975264 11.2389362607794 11.0420613423437 52.4554831231695 8.45163093852356 30.2408239438627 40.6336894743558 3.52189322416332 20.8871400477591 8.98965678094306 26.267092424634 2.62259140080129 22.0912270600168 10.583402462413 7.15651584218779 7.428624553517 8.78976192586124 5.93755623991202 0.904712975598175 11.2876185539762 9.74365303076348 24.8674294284912 32.5674663993646 22.2128082283222 22.0510658606673 2.76664018594227 35.7818039869405 11.4164081961562 7.49817465542011 2.70618172246373 25.7346981219557 3.08125494461084 7.17523617035334 2.6395781578466 2.5634951771065 19.0689740113281 25.2279462512025 0.652689335696436 5.49490140950479 0.492065746944478 4.75836843961313 33.4430331314152 6.45558565063893 2.67402356480214 14.9858884791998 13.6579378551718 10.2932279975359 12.4260040661278 1.71688558356252 4.35387118695315 25.7359299272952 22.5301241169501 13.3534857998927 6.1581547305343 30.8080382789137 5.92258155990894 15.3476400287013 14.184063592025 30.0757097421289 38.8563031313621 6.24293768944738 7.10767876944081 0.242608880397693 9.72782681755563 3.01428486827052 5.54020950942989 6.23453834643435 38.3822490582358 2.85419360514308 4.18146071862194 45.4841214809856 9.9018023589985 1.23193621333477 4.09921481332386 20.3709388676651 7.84454386482331 14.6336630840316
