Instancenumber:
12
Instancename:
P-n23-k8
Customers:
22
Depot:
0
Dimension:
506
Vehicles:
22
Capacity:
40
Demands:
0 7 30 16 23 11 19 15 28 8 8 7 14 6 19 11 12 26 17 6 15 5 10
Uncertainty:budgeted
Gamma:
22
Mean Vector:
13.8924439894498 21.0237960416286 32.5576411921994 22.0227155455452 23.0867927612304 12.0415945787923 22.0227155455452 32.4499614791759 32.0624390837628 20.8086520466848 28.1602556806574 29.9666481275434 29.1204395571221 30.8706980808663 29.8328677803526 10 31.7804971641414 39.4081209904761 43.9317652729776 15.8113883008419 2.23606797749979 26.1725046566048 13.8924439894498 12.369316876853 19.2093727122985 11.6619037896906 24.2074368738204 12.0830459735946 18.6010752377383 20.8806130178211 26.9258240356725 7.07106781186548 18.8679622641132 16.1554944214035 21.3775583264319 32.649655434629 17 6.08276253029822 30.6104557300279 27.3130005674953 31.0644491340181 18.7882942280559 13.9283882771841 24.2074368738204 21.0237960416286 12.369316876853 15.2970585407784 22.2036033111745 16.2788205960997 10.6301458127346 8.54400374531753 12.0415945787923 14.7648230602334 10.6301458127346 29.0688837074973 18.9736659610103 9.05538513813742 23.7697286480094 23.3238075793812 11.4017542509914 20 19.1049731745428 24.4131112314674 14.560219778561 19.723082923316 13.8924439894498 32.5576411921994 19.2093727122985 15.2970585407784 21.095023109729 31 25.0798724079689 23 7.81024967590665 24.1660919471891 12.2065556157337 25.3179778023443 9.48683298050514 17.0880074906351 37.4833296279826 15.8113883008419 22.8035085019828 32.2800247831379 10.0498756211209 12.0830459735946 29.8328677803526 32.0156211871642 27.2946881279124 22.0227155455452 11.6619037896906 22.2036033111745 21.095023109729 35.8050275799363 23.7065391822594 29.698484809835 26.3058928759318 36.8917334913934 12.0830459735946 7.21110255092798 13 30.4138126514911 44.2040722106007 9.21954445729289 17.464249196573 41.7252920900501 31.0161248385416 32.7566787083184 30.4138126514911 23.0217288664427 35.3553390593274 23.0867927612304 24.2074368738204 16.2788205960997 31 35.8050275799363 12.8062484748657 8 25.4950975679639 13.4536240470737 26 43.0116263352131 35.1710107901379 16.1554944214035 8.48528137423857 39 19.1049731745428 9 31.6227766016838 37.6430604494374 7.28010988928052 20.8806130178211 5.65685424949238 12.0415945787923 12.0830459735946 10.6301458127346 25.0798724079689 23.7065391822594 12.8062484748657 10 22.6715680975093 20.0249843945008 16 30.886890422961 26.0192236625154 17.464249196573 21.2602916254693 28.4429253066558 6.40312423743285 20.6155281280883 29.732137494637 35 6.70820393249937 10.1980390271856 14.560219778561 22.0227155455452 18.6010752377383 8.54400374531753 23 29.698484809835 8 10 17.7200451466693 10.0498756211209 18.8679622641132 36.7967389859482 27.5136329843952 9.21954445729289 15.2315462117278 31.7647603485372 14.8660687473185 12.0415945787923 24.1660919471891 30.0832179129826 9.21954445729289 20.0997512422418 5.65685424949238 32.4499614791759 20.8806130178211 12.0415945787923 7.81024967590665 26.3058928759318 25.4950975679639 22.6715680975093 17.7200451466693 16.7630546142402 15.0332963783729 31.6227766016838 16.6433169770932 10.0498756211209 31.0161248385416 22.8254244210267 22.4722050542442 25.3179778023443 7.07106781186548 12.5299640861417 25.9422435421457 31.4006369362152 21.0237960416286 32.0624390837628 26.9258240356725 14.7648230602334 24.1660919471891 36.8917334913934 13.4536240470737 20.0249843945008 10.0498756211209 16.7630546142402 25 43.6004587131833 31.4006369362152 7.21110255092798 15.52417469626 36.7967389859482 24.3310501211929 9.05538513813742 21 27.0185121722126 18.3847763108502 30.1496268633627 7.81024967590665 20.8086520466848 7.07106781186548 10.6301458127346 12.2065556157337 12.0830459735946 26 16 18.8679622641132 15.0332963783729 25 18.6010752377383 10.0498756211209 18.3575597506858 34 13 11.7046999107196 30.6104557300279 20.8806130178211 24.1867732448956 22.2036033111745 20.591260281974 24.4131112314674 28.1602556806574 18.8679622641132 29.0688837074973 25.3179778023443 7.21110255092798 43.0116263352131 30.886890422961 36.7967389859482 31.6227766016838 43.6004587131833 18.6010752377383 16.0312195418814 36.8917334913934 51.4003891035856 10.0498756211209 24.5967477524977 48.7954915950234 35.3553390593274 36.0138862107382 37.589892258425 29.4278779391243 42.4499705535822 29.9666481275434 16.1554944214035 18.9736659610103 9.48683298050514 13 35.1710107901379 26.0192236625154 27.5136329843952 16.6433169770932 31.4006369362152 10.0498756211209 16.0312195418814 24.2074368738204 42.7200187265877 6.32455532033676 21.5870331449229 38.4707681233427 19.4164878389476 20.0997512422418 32.0624390837628 30.0832179129826 32.6955654485436 29.1204395571221 21.3775583264319 9.05538513813742 17.0880074906351 30.4138126514911 16.1554944214035 17.464249196573 9.21954445729289 10.0498756211209 7.21110255092798 18.3575597506858 36.8917334913934 24.2074368738204 21 29.698484809835 20.0997512422418 15.2970585407784 15.52417469626 21.5870331449229 18.3847763108502 27.5136329843952 11.1803398874989 30.8706980808663 32.649655434629 23.7697286480094 37.4833296279826 44.2040722106007 8.48528137423857 21.2602916254693 15.2315462117278 31.0161248385416 15.52417469626 34 51.4003891035856 42.7200187265877 21 46.9574275274956 27.5862284482674 6.70820393249937 36.2215405525497 42.2965719651132 15.2643375224737 28.6356421265527 10.1980390271856 29.8328677803526 17 23.3238075793812 15.8113883008419 9.21954445729289 39 28.4429253066558 31.7647603485372 22.8254244210267 36.7967389859482 13 10.0498756211209 6.32455532033676 29.698484809835 46.9574275274956 23.0217288664427 43.2666153055679 25.7099202643649 26 34.928498393146 30.4138126514911 37.2155881318568 10 6.08276253029822 11.4017542509914 22.8035085019828 17.464249196573 19.1049731745428 6.40312423743285 14.8660687473185 22.4722050542442 24.3310501211929 11.7046999107196 24.5967477524977 21.5870331449229 20.0997512422418 27.5862284482674 23.0217288664427 26.4196896272458 29.4108823397055 33.9705755029261 13.0384048104053 9.21954445729289 20.1246117974981 31.7804971641414 30.6104557300279 20 32.2800247831379 41.7252920900501 9 20.6155281280883 12.0415945787923 25.3179778023443 9.05538513813742 30.6104557300279 48.7954915950234 38.4707681233427 15.2970585407784 6.70820393249937 43.2666153055679 26.4196896272458 30.0166620396073 36.0555127546399 16.1245154965971 29.6141857899217 6.40312423743285 39.4081209904761 27.3130005674953 19.1049731745428 10.0498756211209 31.0161248385416 31.6227766016838 29.732137494637 24.1660919471891 7.07106781186548 21 20.8806130178211 35.3553390593274 19.4164878389476 15.52417469626 36.2215405525497 25.7099202643649 29.4108823397055 30.0166620396073 6.08276253029822 32.7566787083184 38.4187454245971 26.6833281282527 43.9317652729776 31.0644491340181 24.4131112314674 12.0830459735946 32.7566787083184 37.6430604494374 35 30.0832179129826 12.5299640861417 27.0185121722126 24.1867732448956 36.0138862107382 20.0997512422418 21.5870331449229 42.2965719651132 26 33.9705755029261 36.0555127546399 6.08276253029822 38.4707681233427 43.139309220246 32.7566787083184 15.8113883008419 18.7882942280559 14.560219778561 29.8328677803526 30.4138126514911 7.28010988928052 6.70820393249937 9.21954445729289 25.9422435421457 18.3847763108502 22.2036033111745 37.589892258425 32.0624390837628 18.3847763108502 15.2643375224737 34.928498393146 13.0384048104053 16.1245154965971 32.7566787083184 38.4707681233427 13.6014705087354 11.1803398874989 2.23606797749979 13.9283882771841 19.723082923316 32.0156211871642 23.0217288664427 20.8806130178211 10.1980390271856 20.0997512422418 31.4006369362152 30.1496268633627 20.591260281974 29.4278779391243 30.0832179129826 27.5136329843952 28.6356421265527 30.4138126514911 9.21954445729289 29.6141857899217 38.4187454245971 43.139309220246 13.6014705087354 24.0831891575846 26.1725046566048 24.2074368738204 13.8924439894498 27.2946881279124 35.3553390593274 5.65685424949238 14.560219778561 5.65685424949238 21.0237960416286 7.81024967590665 24.4131112314674 42.4499705535822 32.6955654485436 11.1803398874989 10.1980390271856 37.2155881318568 20.1246117974981 6.40312423743285 26.6833281282527 32.7566787083184 11.1803398874989 24.0831891575846
Deviation Vector:
13.836878585863 23.8740387044195 21.6208990912932 4.08677643883748 16.6672753005739 15.0582108188953 10.9037613464667 38.1188520493091 39.9843468069718 15.0114553790393 14.8130984009655 29.5290080500536 15.7430997505558 10.5694409199005 24.0550964284944 10.2877764707746 12.2439250327479 50.0102533311391 5.8009386026755 9.67975081072274 0.297909363299328 0.609808371072637 12.051528892976 6.71969416983935 23.9248680298243 0.896095507980982 17.8082296951845 1.40683460354547 12.9970574202963 3.22846705914292 19.4959187920944 2.91365795443028 0.14178817705506 1.70388594765144 12.7757508597693 23.8164410488239 1.24629116050627 6.64687011873612 19.023723976984 1.03013078950707 16.5098300307945 21.5596901506839 14.2502946315139 25.9525630625585 4.35636822137566 6.7631367883691 12.5159791864953 13.1551170945515 8.67870178617636 10.101183822628 10.2927722444922 8.02400722397426 14.3741314009482 8.39242477502838 35.1620881761122 17.7658955848361 7.84497415637768 15.7496035963116 24.5547302062483 3.21969136234153 16.344126685811 9.44096375153932 16.9534183187271 12.0081203649257 11.8265624773521 0.130457001680231 8.83948725124042 12.9267891803108 16.8593351478355 18.8374477773476 22.0303835237208 8.80119082187138 17.4297265083003 3.52317294610874 3.39156521848388 11.7796374530926 25.2638802412998 9.09350056038955 4.69628320474713 9.30781156106267 9.89959833752252 4.48850732863588 29.5257712941362 3.18552519957248 11.9178342393318 25.107814157694 40.1257068168738 15.5576025921372 4.87877266831327 11.9350127222085 18.925731322764 21.9122440795467 8.41090656959957 6.26180146086305 17.2485263006061 21.9532949887817 10.0909461658654 10.2982687231084 1.62111231303736 1.2088034240548 14.0693828673823 41.3513784634981 4.09266032125336 21.3135907312278 4.3347756607018 18.1213355057681 29.5715884977496 33.5084703569345 5.98844520711749 41.6342476283667 1.55599038316153 21.4532844216478 1.49367018673607 30.4442832287045 43.0805596038212 13.8061912159355 4.32813203502744 29.9272199089475 4.91589874813505 19.8263041444098 39.3379193571748 42.830129611347 8.37851660986757 9.75380194156188 7.77009124304372 21.0041077998063 6.31226382237932 14.9500395766327 25.184074849386 6.74262284488906 11.8131366662382 6.40141790281885 6.97163590076226 12.1997437788846 11.3674651241196 17.1258233046271 7.37843022759423 8.82931080425965 5.01930020789123 12.9536664073101 11.7020943364472 9.10923913231131 5.40260365419848 17.592381197177 4.69313463425683 2.02911148753362 13.4119642992029 5.18489534999237 26.1669500436174 24.8838792906648 10.1367623323758 6.04542381550859 7.87319601404786 11.768136590607 16.9139336785621 18.0665453559516 5.33975625629115 4.29437189054458 4.79191783166441 0.0905700007646634 11.1288229839259 12.8842254555881 11.4864325013563 7.72024480378782 16.7088065862658 25.5775241687339 10.0679587397786 11.6570707635251 10.6860236523971 4.62751701339331 0.650401818787429 22.2517987361591 26.4915201228054 2.11061816844312 6.31620868277342 6.50162642611471 10.5257959327762 16.4076240805102 8.14502674655489 2.42883601596343 8.94519051636133 24.6290147119602 27.4820023625302 19.7060281969856 8.24064026993305 10.4861501768101 25.3192824303521 18.5833715597646 8.88650358589931 29.8380790190273 25.7445184799344 16.0552548424942 10.2903450904778 6.98732935989517 14.0789385407594 22.3240292858898 19.9430322281066 19.6146146959206 11.0031650645068 26.1591599517912 18.3711688700368 9.59858372474748 22.4906691658634 11.3304739128215 12.5380613201076 9.28490854280588 11.8825002506951 23.7622740707553 18.617074143457 3.22124063434637 9.0966007033313 11.9076278999929 39.3215338361243 28.9777385369507 5.40099624928751 5.82827762309988 16.3687079209056 2.10383024177854 3.3595916552492 1.61984754449948 22.3995059080066 8.76330482894237 9.7993966111539 2.44403027631429 11.4160987822235 19.8327562770006 16.9720136274702 5.60841873891018 6.21021574060811 3.03142875851107 23.6005310580513 3.76545698608573 9.51746530551922 20.2551335778865 15.8192380747671 13.396851595634 7.25312185749388 13.4271114307893 19.6490503158707 14.741900002353 15.3534040285556 19.3153314717559 4.17634994927086 10.029621166425 20.3334379818742 18.8554827961377 5.83454553548971 0.974282228808165 26.5374007731647 33.8727416751424 7.2748775408365 28.4692962470592 16.316527885628 18.4663861071486 31.4753409104823 27.7208487191396 6.35179117452757 15.5269248598246 40.820241269836 36.9507222360715 27.1010405052956 30.9235902015254 4.03539291933229 53.9524601468722 4.06717209458829 1.15220517662416 21.4945654526591 3.53548132241611 9.28670240061668 23.3035494449724 26.9718977064352 4.87860585624436 2.84754071404599 37.207267010363 7.12420412121465 13.9565179719369 15.6620803713443 10.0527766618202 5.64931590130919 4.82473771864181 44.4665994095125 21.8102903318577 17.6166339919024 24.0584742465158 29.8580638812526 14.6138947358588 0.203908449756557 7.30833475236787 9.76376957496115 14.4147576246525 3.17279143610305 8.85436440517332 6.69830716036945 2.22604954414689 5.3903934133792 3.74448934030275 5.74166980358808 14.2606571248347 21.5915739107507 21.5697385483701 31.1576484718898 12.9820463062662 18.4244863788229 18.9429819695639 11.8324729913944 11.5945093427467 22.2347412609657 13.361884738866 26.7332796390147 13.6703356189615 3.23154148273379 27.7060689409598 11.4626379726703 8.5906029893616 4.3976338564702 19.0672674512483 5.4807971350814 3.3198376568733 10.574813504086 64.5041969654725 45.1725505229713 8.72223799431717 24.4335636052114 4.36635896954123 4.40590568112194 38.2752499062572 28.6579421744243 14.7997265672447 4.59830694741082 2.92494381331872 21.3012565105751 20.5651114846024 21.7540053031369 10.0527716323711 10.5772531665055 7.72788972182014 36.0215789018542 21.3689996073903 2.52452233463103 31.2681816943987 14.1885160556966 2.47783003449462 1.93682076883843 2.02137186389719 59.1177847434785 11.8121164188693 1.61027858161195 3.93363260621319 18.900312407321 12.1635527945181 3.80974217979398 18.6700009898134 7.63586170467339 3.9270188626216 7.5246095830367 3.14019863951973 7.32840934431775 1.04745994582435 7.08998189493441 8.62534277611658 7.67742430223614 13.1050903096638 5.93712466723293 31.3445255740424 25.3520059563951 7.47377065184314 5.23625811387326 26.6634734807064 27.5969668328326 8.83548609720253 24.6377862203319 11.1258262489023 5.04280356885301 20.7586717164108 29.2817572129202 16.0172707608437 5.23838499724574 30.9433938220637 28.2172296440575 8.899689082064 0.498094694789211 9.65164578022031 5.26241460903638 7.13335530253406 5.03390441510191 42.3449617548 35.6029313226281 8.93461397787781 6.18919930352071 32.4521371589967 30.7598456951939 37.9492330155914 0.216087502384982 6.26997159633885 37.1935056143207 7.55826185078324 29.9770135688243 4.45411297968471 20.1732558962487 5.25175072001218 14.3757320163805 15.7643310986848 2.77126289201321 24.4188945467683 1.7489976548637 21.3062369052018 5.24206709438963 18.0052321593643 13.407130441214 14.3957455149135 7.80379406130185 18.3739413321502 13.1220784215632 12.7060260899761 1.33661292542577 20.0017043182386 0.323904977707197 30.5575323956422 52.4847759839908 28.9229364568627 14.954720957399 13.0048961922244 29.8957606004347 23.2845828515093 6.38634528242289 26.6514443598757 6.46911549708301 25.4824591487466 25.3719408507036 10.4272843476756 3.67913613488959 4.96112896741556 33.331687756614 7.18253958041779 42.1330562129474 37.3316127766851 0.0496428922668602 8.02721042229556 11.3018314789338 22.8858987146169 17.9612451597581 8.97010936434666 1.90235223344782 8.93374900215449 27.3946289250859 2.55089153024922 6.10496525551107 8.38204804922827 5.52338518279875 15.1139412079045 12.3796198665015 31.029707675585 19.7411611799741 3.44785483928699 2.46319893332458 27.8791208705015 13.9962394967626 10.92695772614 15.0239176873656 32.3073750522449 13.1552913566431 7.17437837173485 2.39172086479563 6.58214251904498 18.1047533155298 32.8870224925173 5.18656409977082 19.3377168125147 12.6035055946344 9.79409572702528 10.7421350116754 32.8381082453839 19.8644963319813 13.9121281623111 3.18756526650847 16.0339020469663 23.5712930488923 30.9014294679175 1.92918831604967 30.6819581622358 21.3396835321468 33.0792175715449 7.87339089331936 28.2052600336075 24.9774280489471 17.9191372892873 9.53943552889088 20.3380376318055 4.78078070870424 6.47888364521108 4.40075771892679 6.23621316948965 10.6031110034895 0.696536635235366 7.13630534503965 5.92656773948214 36.5013417410546 5.78699317166211 10.8682712191899 39.805897040799 20.2227973500189 0.80133789694199 23.3772931848451 22.5009265823006 6.6847399044791 23.6511212579404
