Instancenumber:
14
Instancename:
P-n23-k8
Customers:
22
Depot:
0
Dimension:
506
Vehicles:
22
Capacity:
40
Demands:
0 7 30 16 23 11 19 15 28 8 8 7 14 6 19 11 12 26 17 6 15 5 10
Uncertainty:budgeted
Gamma:
22
Mean Vector:
13.8924439894498 21.0237960416286 32.5576411921994 22.0227155455452 23.0867927612304 12.0415945787923 22.0227155455452 32.4499614791759 32.0624390837628 20.8086520466848 28.1602556806574 29.9666481275434 29.1204395571221 30.8706980808663 29.8328677803526 10 31.7804971641414 39.4081209904761 43.9317652729776 15.8113883008419 2.23606797749979 26.1725046566048 13.8924439894498 12.369316876853 19.2093727122985 11.6619037896906 24.2074368738204 12.0830459735946 18.6010752377383 20.8806130178211 26.9258240356725 7.07106781186548 18.8679622641132 16.1554944214035 21.3775583264319 32.649655434629 17 6.08276253029822 30.6104557300279 27.3130005674953 31.0644491340181 18.7882942280559 13.9283882771841 24.2074368738204 21.0237960416286 12.369316876853 15.2970585407784 22.2036033111745 16.2788205960997 10.6301458127346 8.54400374531753 12.0415945787923 14.7648230602334 10.6301458127346 29.0688837074973 18.9736659610103 9.05538513813742 23.7697286480094 23.3238075793812 11.4017542509914 20 19.1049731745428 24.4131112314674 14.560219778561 19.723082923316 13.8924439894498 32.5576411921994 19.2093727122985 15.2970585407784 21.095023109729 31 25.0798724079689 23 7.81024967590665 24.1660919471891 12.2065556157337 25.3179778023443 9.48683298050514 17.0880074906351 37.4833296279826 15.8113883008419 22.8035085019828 32.2800247831379 10.0498756211209 12.0830459735946 29.8328677803526 32.0156211871642 27.2946881279124 22.0227155455452 11.6619037896906 22.2036033111745 21.095023109729 35.8050275799363 23.7065391822594 29.698484809835 26.3058928759318 36.8917334913934 12.0830459735946 7.21110255092798 13 30.4138126514911 44.2040722106007 9.21954445729289 17.464249196573 41.7252920900501 31.0161248385416 32.7566787083184 30.4138126514911 23.0217288664427 35.3553390593274 23.0867927612304 24.2074368738204 16.2788205960997 31 35.8050275799363 12.8062484748657 8 25.4950975679639 13.4536240470737 26 43.0116263352131 35.1710107901379 16.1554944214035 8.48528137423857 39 19.1049731745428 9 31.6227766016838 37.6430604494374 7.28010988928052 20.8806130178211 5.65685424949238 12.0415945787923 12.0830459735946 10.6301458127346 25.0798724079689 23.7065391822594 12.8062484748657 10 22.6715680975093 20.0249843945008 16 30.886890422961 26.0192236625154 17.464249196573 21.2602916254693 28.4429253066558 6.40312423743285 20.6155281280883 29.732137494637 35 6.70820393249937 10.1980390271856 14.560219778561 22.0227155455452 18.6010752377383 8.54400374531753 23 29.698484809835 8 10 17.7200451466693 10.0498756211209 18.8679622641132 36.7967389859482 27.5136329843952 9.21954445729289 15.2315462117278 31.7647603485372 14.8660687473185 12.0415945787923 24.1660919471891 30.0832179129826 9.21954445729289 20.0997512422418 5.65685424949238 32.4499614791759 20.8806130178211 12.0415945787923 7.81024967590665 26.3058928759318 25.4950975679639 22.6715680975093 17.7200451466693 16.7630546142402 15.0332963783729 31.6227766016838 16.6433169770932 10.0498756211209 31.0161248385416 22.8254244210267 22.4722050542442 25.3179778023443 7.07106781186548 12.5299640861417 25.9422435421457 31.4006369362152 21.0237960416286 32.0624390837628 26.9258240356725 14.7648230602334 24.1660919471891 36.8917334913934 13.4536240470737 20.0249843945008 10.0498756211209 16.7630546142402 25 43.6004587131833 31.4006369362152 7.21110255092798 15.52417469626 36.7967389859482 24.3310501211929 9.05538513813742 21 27.0185121722126 18.3847763108502 30.1496268633627 7.81024967590665 20.8086520466848 7.07106781186548 10.6301458127346 12.2065556157337 12.0830459735946 26 16 18.8679622641132 15.0332963783729 25 18.6010752377383 10.0498756211209 18.3575597506858 34 13 11.7046999107196 30.6104557300279 20.8806130178211 24.1867732448956 22.2036033111745 20.591260281974 24.4131112314674 28.1602556806574 18.8679622641132 29.0688837074973 25.3179778023443 7.21110255092798 43.0116263352131 30.886890422961 36.7967389859482 31.6227766016838 43.6004587131833 18.6010752377383 16.0312195418814 36.8917334913934 51.4003891035856 10.0498756211209 24.5967477524977 48.7954915950234 35.3553390593274 36.0138862107382 37.589892258425 29.4278779391243 42.4499705535822 29.9666481275434 16.1554944214035 18.9736659610103 9.48683298050514 13 35.1710107901379 26.0192236625154 27.5136329843952 16.6433169770932 31.4006369362152 10.0498756211209 16.0312195418814 24.2074368738204 42.7200187265877 6.32455532033676 21.5870331449229 38.4707681233427 19.4164878389476 20.0997512422418 32.0624390837628 30.0832179129826 32.6955654485436 29.1204395571221 21.3775583264319 9.05538513813742 17.0880074906351 30.4138126514911 16.1554944214035 17.464249196573 9.21954445729289 10.0498756211209 7.21110255092798 18.3575597506858 36.8917334913934 24.2074368738204 21 29.698484809835 20.0997512422418 15.2970585407784 15.52417469626 21.5870331449229 18.3847763108502 27.5136329843952 11.1803398874989 30.8706980808663 32.649655434629 23.7697286480094 37.4833296279826 44.2040722106007 8.48528137423857 21.2602916254693 15.2315462117278 31.0161248385416 15.52417469626 34 51.4003891035856 42.7200187265877 21 46.9574275274956 27.5862284482674 6.70820393249937 36.2215405525497 42.2965719651132 15.2643375224737 28.6356421265527 10.1980390271856 29.8328677803526 17 23.3238075793812 15.8113883008419 9.21954445729289 39 28.4429253066558 31.7647603485372 22.8254244210267 36.7967389859482 13 10.0498756211209 6.32455532033676 29.698484809835 46.9574275274956 23.0217288664427 43.2666153055679 25.7099202643649 26 34.928498393146 30.4138126514911 37.2155881318568 10 6.08276253029822 11.4017542509914 22.8035085019828 17.464249196573 19.1049731745428 6.40312423743285 14.8660687473185 22.4722050542442 24.3310501211929 11.7046999107196 24.5967477524977 21.5870331449229 20.0997512422418 27.5862284482674 23.0217288664427 26.4196896272458 29.4108823397055 33.9705755029261 13.0384048104053 9.21954445729289 20.1246117974981 31.7804971641414 30.6104557300279 20 32.2800247831379 41.7252920900501 9 20.6155281280883 12.0415945787923 25.3179778023443 9.05538513813742 30.6104557300279 48.7954915950234 38.4707681233427 15.2970585407784 6.70820393249937 43.2666153055679 26.4196896272458 30.0166620396073 36.0555127546399 16.1245154965971 29.6141857899217 6.40312423743285 39.4081209904761 27.3130005674953 19.1049731745428 10.0498756211209 31.0161248385416 31.6227766016838 29.732137494637 24.1660919471891 7.07106781186548 21 20.8806130178211 35.3553390593274 19.4164878389476 15.52417469626 36.2215405525497 25.7099202643649 29.4108823397055 30.0166620396073 6.08276253029822 32.7566787083184 38.4187454245971 26.6833281282527 43.9317652729776 31.0644491340181 24.4131112314674 12.0830459735946 32.7566787083184 37.6430604494374 35 30.0832179129826 12.5299640861417 27.0185121722126 24.1867732448956 36.0138862107382 20.0997512422418 21.5870331449229 42.2965719651132 26 33.9705755029261 36.0555127546399 6.08276253029822 38.4707681233427 43.139309220246 32.7566787083184 15.8113883008419 18.7882942280559 14.560219778561 29.8328677803526 30.4138126514911 7.28010988928052 6.70820393249937 9.21954445729289 25.9422435421457 18.3847763108502 22.2036033111745 37.589892258425 32.0624390837628 18.3847763108502 15.2643375224737 34.928498393146 13.0384048104053 16.1245154965971 32.7566787083184 38.4707681233427 13.6014705087354 11.1803398874989 2.23606797749979 13.9283882771841 19.723082923316 32.0156211871642 23.0217288664427 20.8806130178211 10.1980390271856 20.0997512422418 31.4006369362152 30.1496268633627 20.591260281974 29.4278779391243 30.0832179129826 27.5136329843952 28.6356421265527 30.4138126514911 9.21954445729289 29.6141857899217 38.4187454245971 43.139309220246 13.6014705087354 24.0831891575846 26.1725046566048 24.2074368738204 13.8924439894498 27.2946881279124 35.3553390593274 5.65685424949238 14.560219778561 5.65685424949238 21.0237960416286 7.81024967590665 24.4131112314674 42.4499705535822 32.6955654485436 11.1803398874989 10.1980390271856 37.2155881318568 20.1246117974981 6.40312423743285 26.6833281282527 32.7566787083184 11.1803398874989 24.0831891575846
Deviation Vector:
17.6388637291603 2.90913796637718 23.2923586480672 4.32195914115395 27.1138149376619 15.3032878716439 21.2089750024427 15.2715980760559 37.1717673621858 13.2075724154431 34.097920282162 16.881596603772 2.82964707715619 1.95721955890971 12.7084682697759 3.99415760610149 37.0502666073471 36.662454085787 21.4649787177843 2.77425324917409 2.39245943052136 8.43606640329749 9.62834705181054 10.5508920585293 2.09872640023569 4.84283266662767 23.6781901803979 11.9061070998424 20.5017440198383 6.12564821801938 18.4372641615742 7.70167122287668 8.14603376188168 1.89809157033689 0.0589561962088752 10.56202079343 1.79664182167585 5.87477949657677 24.3082386429328 34.5520487191555 9.87384242689487 13.5706948138008 7.60091046301736 10.0465877255991 16.5183075036731 12.0192948069416 12.4584824327477 14.8506689031233 10.0823979937384 0.216447011525131 7.21369954932925 4.89640350324527 5.05971515625076 2.70739466528934 36.6155509407534 8.57500572162288 6.06674348418422 22.7019276768872 3.60646538114707 5.58078629196005 24.9688523875502 16.0361170370849 7.22567392890125 5.78781191593016 18.8721827283497 4.15013134564843 23.4741954732804 20.4107741480257 19.3437545057044 4.90346923099923 32.3922054569955 7.51689005222564 21.959064581863 2.40516975511342 17.2724423080511 5.58773041551777 32.3982217923899 2.33852550576518 19.2514381183958 23.1023486315135 4.21948802249904 15.6941015537825 33.0211998968126 6.12591179174371 11.3933716545852 29.8299158732247 33.9843734523074 9.01294889391353 14.8059891851441 14.1822676384451 18.1997659734843 13.4602061320356 27.6706679402973 26.4482329604758 30.7552614196994 11.7587291622202 4.85906083348063 5.72633324833646 1.63597765389257 1.47652924407242 21.4831446799133 56.2178167132886 3.81041197093533 6.60900269327687 12.3947723647377 34.9873039995646 27.3909744027419 8.94276823294538 2.1148956386006 24.046131850997 21.0175934166276 8.68391085664845 1.39487037543049 20.1704858527281 34.669294133928 13.172614155187 2.94311115942031 19.0474015651289 1.02441625544581 27.0450500322354 29.2714324954394 31.5069123503467 6.39105230096108 1.44834543308838 28.4231562234237 2.83721719245631 5.55920062118282 27.211723402924 23.4298481489464 6.14847679013068 20.3395842809539 0.260836994374414 10.0386485256473 1.26525970836094 4.51292524179576 28.358337381475 29.2242265526231 16.1452908007662 1.42084376987601 0.950886359376664 13.1802389800906 16.839318468559 12.37547664915 19.3550742373267 7.34276057348343 1.83429366965003 13.9316660445552 5.04780145370417 17.1805373425029 16.8270683776878 19.104938419739 1.55128868661987 1.82650000284749 13.7077420631657 8.85184575478373 16.8879522612787 9.31260801395687 23.4515030742721 14.4257181771776 3.43765425052451 5.81515817481986 3.13920574943728 4.78189848453569 2.50014104739368 10.3718698988271 24.7720914595561 11.6463882686604 3.53289426159264 27.9027813492773 1.82316806521158 3.29804429308878 6.13664368894657 35.3506979141571 6.21912228081896 20.0557740739683 1.76985555635333 24.6891131210615 4.27948909332895 13.2602444014174 2.43322018110487 20.2793683401964 9.29005029540922 12.3059998378137 16.834201887028 0.388305282343136 14.2024962038796 18.1906202589333 18.5260535381567 6.85093561648762 32.9073987473749 5.93818177200838 28.3871004406824 31.3470174317794 5.20411605174798 1.41643236988349 6.15684738221942 11.1050593779385 1.96780183625387 15.0460978049761 33.1746757303582 3.19272089676486 17.9593349523477 7.50155245324601 1.46190191571828 2.70433607541654 12.0714253038434 7.06615606967413 22.3971134378754 5.38156443589589 7.53809653428114 8.7068760091311 13.8838126286353 22.2417024402776 11.3759302046046 5.08614698070979 13.1798520539113 3.50189246058791 20.9018156949292 13.8103889770394 6.33649014200074 19.0443493001979 5.07856928177439 8.41738344854778 10.6279156885831 2.07246368241996 23.526995347375 17.7280288589743 9.90899062837644 15.0104942562148 7.36509275012545 8.82767945844738 12.2078006926919 19.0508564684743 23.049233961229 0.529241605676857 13.7274403422049 18.255995189511 9.65190516302364 19.011430811469 15.9827408384505 14.4613311003134 17.352336352258 9.33479937192858 0.454321343215221 34.2526575987878 22.6129903218578 4.6994105286747 1.08669337179622 23.0847173778216 40.8352794736012 26.4546515236982 16.565355578792 10.1431261191973 5.54259170876153 46.1371018165396 36.8446292186656 12.5685936203453 26.4645495680697 60.6035910061902 34.1685325440791 3.16445598274455 16.3101641718242 26.4403780664901 47.7831276390172 33.3174063328513 15.1731032821233 19.2729817571883 4.03703284458342 1.54389231824108 18.2582656925679 29.8015619950254 22.590488511092 20.4697429386123 6.09745497563197 8.49359463075466 18.0441300269691 26.3217614550232 9.14901525947936 7.27846911383654 11.9174297673584 1.58660877103384 13.6832564106666 18.7329606168573 18.8058956514675 31.6012450819948 29.4238759584236 0.602296101736659 21.7711137823297 6.27718134085163 21.5765919936062 21.355630334541 12.6185134958977 7.22843794172783 2.93159784094575 6.27139701894956 1.75260375559523 23.0785356843265 13.1751323918196 16.1846816802681 1.95837396760501 26.0235326994863 10.6785379083058 13.986424520748 12.7840428122981 15.6605213731543 8.7657222925089 18.3345761543577 5.92701788942105 21.3302534644205 17.4524008067799 25.723430868301 27.4451671118435 54.7802981637693 6.20714882300618 0.766718302034422 15.3388833217619 10.8178436190503 0.880939915366504 25.2546486548026 53.5581770066562 1.56987000522205 3.40787145590448 25.374543749008 12.431651929644 3.22165534898162 42.1763873605101 29.3406854119787 6.94147244264638 6.83983440743529 0.811758695318364 16.3486168805219 18.9569601820774 14.2479684314429 2.84059600608508 6.04742099857723 2.09286712341355 18.6712872777355 1.25926363965875 13.3252968948672 2.38182334363462 7.46432629246551 3.85223526717202 5.04020138685228 15.7629175245808 52.3496071447479 19.1768517035756 11.0390043286341 4.65194077407664 23.1331239556593 34.8559470736704 37.1936450820343 34.4796251696957 11.6020245490411 2.92349674671307 1.0769806791356 8.15876441865695 6.32812912105614 15.05752531127 5.20277195038316 8.93755482873412 19.5001747052703 1.8946676264781 5.07571165126879 4.81973275149918 5.55920989809705 21.9003314851272 6.88588845179173 21.0412369390729 29.8337907233871 24.5111798586677 33.247074409917 5.4856687472121 11.2175751214047 9.92052693160011 30.2390359233518 32.1065448820832 0.865423279273447 38.9502305235418 51.3143745585078 8.39706030647818 19.0051580601057 14.089402048659 14.6038431532301 7.2390110889802 11.2648946814868 32.7551730576866 44.5183932572157 11.1722937096469 1.18566487547184 29.7269340957636 1.29159771763703 31.3522494936984 27.5801008296378 7.78064319719672 36.7347648745066 6.54693708430103 11.4064532890572 5.66431048949583 12.4900621118318 1.36675165578639 32.2812806130968 11.0612951185462 16.5527271281849 23.5579310199064 5.95909863519201 4.73659406884273 15.4732908152094 31.3253598493875 2.9030525785482 10.6833934749061 19.4273756347807 27.5456186587676 16.927904876302 33.4135219070327 3.57753081663473 30.9083536732881 19.2772739077076 12.3455749530327 17.1886018138431 21.0777221068595 28.068583775823 5.31828614692525 14.4240025450849 23.7902397837582 32.2937825068455 11.9764190757817 4.6584172240928 32.7497797950066 14.6449650009052 36.9337492653634 1.31548074864357 7.84930539112947 3.91910615828433 16.1765779155244 1.89464707740876 33.726383735766 5.15652916167758 30.653870231739 23.2410253632342 32.6663681109384 3.19886985744066 20.1991495749817 11.4439015919955 23.2064009559924 27.5422947229594 0.665692088216957 2.94343536653379 1.1494879972014 14.3748519918768 15.2600673066605 17.8338311741069 15.831765833615 40.7251563962804 22.8620782831794 16.07588417302 31.7915433724544 4.68039320032866 2.29412135687455 27.50381704514 37.1036922503143 15.8840321125396 10.1191869185752 0.101525568761824 17.556385764743 4.8240821942887 3.23923800129026 21.0235264408758 22.8082871709494 9.15769843147655 3.40236951365298 25.3368236735969 33.1736496912923 25.6230737303732 9.12812288175712 17.914792192985 23.8619835671501 11.5008208020777 31.4566803965286 9.14540110009181 28.3033407242577 22.3464371521546 22.1080501765113 1.28171741819506 13.7072906468464 12.3885070921744 27.7756113289171 2.73237300744641 22.7176499923391 0.247568833705366 5.86231398155861 7.48543608872147 6.64578308112518 13.8491122879406 4.36987746193687 28.1390798173659 38.3461524096904 21.601380490315 8.75590847542262 7.27091250289638 10.271334633445 19.167213020266 1.51874092596103 2.49817347257216 29.943533346391 6.11982431119215 16.5964686523063
