Instancenumber:
16
Instancename:
P-n23-k8
Customers:
22
Depot:
0
Dimension:
506
Vehicles:
22
Capacity:
40
Demands:
0 7 30 16 23 11 19 15 28 8 8 7 14 6 19 11 12 26 17 6 15 5 10
Uncertainty:budgeted
Gamma:
22
Mean Vector:
13.8924439894498 21.0237960416286 32.5576411921994 22.0227155455452 23.0867927612304 12.0415945787923 22.0227155455452 32.4499614791759 32.0624390837628 20.8086520466848 28.1602556806574 29.9666481275434 29.1204395571221 30.8706980808663 29.8328677803526 10 31.7804971641414 39.4081209904761 43.9317652729776 15.8113883008419 2.23606797749979 26.1725046566048 13.8924439894498 12.369316876853 19.2093727122985 11.6619037896906 24.2074368738204 12.0830459735946 18.6010752377383 20.8806130178211 26.9258240356725 7.07106781186548 18.8679622641132 16.1554944214035 21.3775583264319 32.649655434629 17 6.08276253029822 30.6104557300279 27.3130005674953 31.0644491340181 18.7882942280559 13.9283882771841 24.2074368738204 21.0237960416286 12.369316876853 15.2970585407784 22.2036033111745 16.2788205960997 10.6301458127346 8.54400374531753 12.0415945787923 14.7648230602334 10.6301458127346 29.0688837074973 18.9736659610103 9.05538513813742 23.7697286480094 23.3238075793812 11.4017542509914 20 19.1049731745428 24.4131112314674 14.560219778561 19.723082923316 13.8924439894498 32.5576411921994 19.2093727122985 15.2970585407784 21.095023109729 31 25.0798724079689 23 7.81024967590665 24.1660919471891 12.2065556157337 25.3179778023443 9.48683298050514 17.0880074906351 37.4833296279826 15.8113883008419 22.8035085019828 32.2800247831379 10.0498756211209 12.0830459735946 29.8328677803526 32.0156211871642 27.2946881279124 22.0227155455452 11.6619037896906 22.2036033111745 21.095023109729 35.8050275799363 23.7065391822594 29.698484809835 26.3058928759318 36.8917334913934 12.0830459735946 7.21110255092798 13 30.4138126514911 44.2040722106007 9.21954445729289 17.464249196573 41.7252920900501 31.0161248385416 32.7566787083184 30.4138126514911 23.0217288664427 35.3553390593274 23.0867927612304 24.2074368738204 16.2788205960997 31 35.8050275799363 12.8062484748657 8 25.4950975679639 13.4536240470737 26 43.0116263352131 35.1710107901379 16.1554944214035 8.48528137423857 39 19.1049731745428 9 31.6227766016838 37.6430604494374 7.28010988928052 20.8806130178211 5.65685424949238 12.0415945787923 12.0830459735946 10.6301458127346 25.0798724079689 23.7065391822594 12.8062484748657 10 22.6715680975093 20.0249843945008 16 30.886890422961 26.0192236625154 17.464249196573 21.2602916254693 28.4429253066558 6.40312423743285 20.6155281280883 29.732137494637 35 6.70820393249937 10.1980390271856 14.560219778561 22.0227155455452 18.6010752377383 8.54400374531753 23 29.698484809835 8 10 17.7200451466693 10.0498756211209 18.8679622641132 36.7967389859482 27.5136329843952 9.21954445729289 15.2315462117278 31.7647603485372 14.8660687473185 12.0415945787923 24.1660919471891 30.0832179129826 9.21954445729289 20.0997512422418 5.65685424949238 32.4499614791759 20.8806130178211 12.0415945787923 7.81024967590665 26.3058928759318 25.4950975679639 22.6715680975093 17.7200451466693 16.7630546142402 15.0332963783729 31.6227766016838 16.6433169770932 10.0498756211209 31.0161248385416 22.8254244210267 22.4722050542442 25.3179778023443 7.07106781186548 12.5299640861417 25.9422435421457 31.4006369362152 21.0237960416286 32.0624390837628 26.9258240356725 14.7648230602334 24.1660919471891 36.8917334913934 13.4536240470737 20.0249843945008 10.0498756211209 16.7630546142402 25 43.6004587131833 31.4006369362152 7.21110255092798 15.52417469626 36.7967389859482 24.3310501211929 9.05538513813742 21 27.0185121722126 18.3847763108502 30.1496268633627 7.81024967590665 20.8086520466848 7.07106781186548 10.6301458127346 12.2065556157337 12.0830459735946 26 16 18.8679622641132 15.0332963783729 25 18.6010752377383 10.0498756211209 18.3575597506858 34 13 11.7046999107196 30.6104557300279 20.8806130178211 24.1867732448956 22.2036033111745 20.591260281974 24.4131112314674 28.1602556806574 18.8679622641132 29.0688837074973 25.3179778023443 7.21110255092798 43.0116263352131 30.886890422961 36.7967389859482 31.6227766016838 43.6004587131833 18.6010752377383 16.0312195418814 36.8917334913934 51.4003891035856 10.0498756211209 24.5967477524977 48.7954915950234 35.3553390593274 36.0138862107382 37.589892258425 29.4278779391243 42.4499705535822 29.9666481275434 16.1554944214035 18.9736659610103 9.48683298050514 13 35.1710107901379 26.0192236625154 27.5136329843952 16.6433169770932 31.4006369362152 10.0498756211209 16.0312195418814 24.2074368738204 42.7200187265877 6.32455532033676 21.5870331449229 38.4707681233427 19.4164878389476 20.0997512422418 32.0624390837628 30.0832179129826 32.6955654485436 29.1204395571221 21.3775583264319 9.05538513813742 17.0880074906351 30.4138126514911 16.1554944214035 17.464249196573 9.21954445729289 10.0498756211209 7.21110255092798 18.3575597506858 36.8917334913934 24.2074368738204 21 29.698484809835 20.0997512422418 15.2970585407784 15.52417469626 21.5870331449229 18.3847763108502 27.5136329843952 11.1803398874989 30.8706980808663 32.649655434629 23.7697286480094 37.4833296279826 44.2040722106007 8.48528137423857 21.2602916254693 15.2315462117278 31.0161248385416 15.52417469626 34 51.4003891035856 42.7200187265877 21 46.9574275274956 27.5862284482674 6.70820393249937 36.2215405525497 42.2965719651132 15.2643375224737 28.6356421265527 10.1980390271856 29.8328677803526 17 23.3238075793812 15.8113883008419 9.21954445729289 39 28.4429253066558 31.7647603485372 22.8254244210267 36.7967389859482 13 10.0498756211209 6.32455532033676 29.698484809835 46.9574275274956 23.0217288664427 43.2666153055679 25.7099202643649 26 34.928498393146 30.4138126514911 37.2155881318568 10 6.08276253029822 11.4017542509914 22.8035085019828 17.464249196573 19.1049731745428 6.40312423743285 14.8660687473185 22.4722050542442 24.3310501211929 11.7046999107196 24.5967477524977 21.5870331449229 20.0997512422418 27.5862284482674 23.0217288664427 26.4196896272458 29.4108823397055 33.9705755029261 13.0384048104053 9.21954445729289 20.1246117974981 31.7804971641414 30.6104557300279 20 32.2800247831379 41.7252920900501 9 20.6155281280883 12.0415945787923 25.3179778023443 9.05538513813742 30.6104557300279 48.7954915950234 38.4707681233427 15.2970585407784 6.70820393249937 43.2666153055679 26.4196896272458 30.0166620396073 36.0555127546399 16.1245154965971 29.6141857899217 6.40312423743285 39.4081209904761 27.3130005674953 19.1049731745428 10.0498756211209 31.0161248385416 31.6227766016838 29.732137494637 24.1660919471891 7.07106781186548 21 20.8806130178211 35.3553390593274 19.4164878389476 15.52417469626 36.2215405525497 25.7099202643649 29.4108823397055 30.0166620396073 6.08276253029822 32.7566787083184 38.4187454245971 26.6833281282527 43.9317652729776 31.0644491340181 24.4131112314674 12.0830459735946 32.7566787083184 37.6430604494374 35 30.0832179129826 12.5299640861417 27.0185121722126 24.1867732448956 36.0138862107382 20.0997512422418 21.5870331449229 42.2965719651132 26 33.9705755029261 36.0555127546399 6.08276253029822 38.4707681233427 43.139309220246 32.7566787083184 15.8113883008419 18.7882942280559 14.560219778561 29.8328677803526 30.4138126514911 7.28010988928052 6.70820393249937 9.21954445729289 25.9422435421457 18.3847763108502 22.2036033111745 37.589892258425 32.0624390837628 18.3847763108502 15.2643375224737 34.928498393146 13.0384048104053 16.1245154965971 32.7566787083184 38.4707681233427 13.6014705087354 11.1803398874989 2.23606797749979 13.9283882771841 19.723082923316 32.0156211871642 23.0217288664427 20.8806130178211 10.1980390271856 20.0997512422418 31.4006369362152 30.1496268633627 20.591260281974 29.4278779391243 30.0832179129826 27.5136329843952 28.6356421265527 30.4138126514911 9.21954445729289 29.6141857899217 38.4187454245971 43.139309220246 13.6014705087354 24.0831891575846 26.1725046566048 24.2074368738204 13.8924439894498 27.2946881279124 35.3553390593274 5.65685424949238 14.560219778561 5.65685424949238 21.0237960416286 7.81024967590665 24.4131112314674 42.4499705535822 32.6955654485436 11.1803398874989 10.1980390271856 37.2155881318568 20.1246117974981 6.40312423743285 26.6833281282527 32.7566787083184 11.1803398874989 24.0831891575846
Deviation Vector:
6.9285160579909 19.9515784600567 14.3496872702352 4.58095676999873 14.3614332610241 12.3113463745146 15.8671667179991 23.2437927180394 9.9038611064128 24.842023265691 16.3617675817742 15.1503418116452 21.6501370142991 18.1527640809563 7.73330450640388 12.5757061873695 15.2601140177048 36.1749231317009 23.4772717423347 5.53589776352634 1.20436596183536 31.2783775984546 15.7439341607242 15.4811953336495 3.61919719530066 9.36481965834077 4.98903061431893 3.40779220320636 8.08167640326857 15.7328879668516 26.1493301484739 6.59871421625153 7.92068568097413 2.08786972631288 24.3962757738376 34.0163121698865 19.5778385021431 3.52208727595441 14.5547116444795 4.85782224803024 15.2273593511876 19.8499287978205 9.51909182128402 29.8636206835013 7.60762507385252 11.6599603052167 18.487297231212 18.6961025678588 9.4080998645469 4.89287052449404 10.1857428469649 13.4449679284368 5.50277466345325 11.0845974760487 31.5528571604729 10.6461772501158 5.09913161784862 0.210914714026056 19.6650881386089 11.3741449180604 15.2468386232047 10.1566326126805 15.8222502831412 17.2121808280183 13.0341638379417 7.03848559982143 30.6472457622062 10.1775657102491 16.6075401223865 2.82950463937174 21.938092948133 7.35296494939896 27.3846392793531 0.84693090327626 5.90048292716136 3.29358899111033 26.6114811507412 1.61317103282886 18.9993256460079 12.9824374588373 9.96632437927084 23.2898952924832 5.81760688241921 10.0802325418057 9.44178512951029 37.7586972582126 9.01081078836342 1.68789239249831 28.0690004865626 13.1147920652649 23.5228990967581 15.9102165371234 13.3743808420432 10.0717167209762 19.4133364095677 27.2106035562386 34.364317998855 3.77390643671616 2.03022720548875 9.54832941682147 13.5786147483856 43.7276528763601 9.47463810029091 6.18977703944073 45.8002118784286 39.4473159406894 20.4482559802876 26.3407335968129 3.66512087879683 16.0310076808634 27.9911267607952 19.1124583313878 3.12686599362756 3.40939298106061 18.2561246723564 12.4667490431896 0.743854684600047 20.174945211583 13.9289290339305 2.20626902897874 27.2365793440082 28.5614720129603 13.5556407605393 8.54273697101919 48.2400349204648 4.01359467048144 6.82641140748623 28.009621062325 19.6651814369288 7.57154734813454 7.0483736372118 5.48077882506039 8.9900293084881 0.997475701023292 0.431866466318247 14.0840781739455 1.70002429432051 8.51453532262554 1.44973967074996 5.2351796260735 22.3939175332712 1.19570020238362 31.5182879985638 0.72093377646783 3.22585083336302 5.26501071132564 28.4769795874623 1.77810608907496 21.4189508978067 22.4136739895839 12.6892506537906 2.61308924595502 2.88864237159833 17.4958966758502 2.50254163108313 4.41786085369509 1.10244367826066 20.0588685187469 33.35875358144 5.21154510751899 6.29483741030654 3.15648132519109 3.39328136906004 1.76211763693301 9.59225571233716 10.4076010882663 6.03844224985493 5.06286573025234 33.1352255747637 11.8918885244176 6.78311805585864 21.2364387235904 26.3127754362079 2.77578867708528 18.2199787466418 5.99274655984904 17.8060021580718 13.0504273353998 0.655044192431419 2.38228676992292 2.53016815135026 10.6301421265471 15.7466943009857 6.72364521185056 5.63068664667106 12.1497819474593 19.5094481839947 7.73797531503272 3.99626470712498 14.1904227217263 25.4816878895975 23.0818072613908 16.0933254370073 1.21158603640347 14.0400627044541 23.2528205040346 17.2582559229631 10.3606742797132 39.3958813456057 8.34932235021017 0.148667266771782 12.3091942661188 43.8589636737163 11.9028956909283 16.2289409745234 8.16714163557694 11.0877583771329 1.91208685481799 6.75763915034008 22.4777901832168 2.75106475112305 3.899248162496 41.6828730122532 26.1816929255398 5.71041556021016 3.90626798762658 16.2537812349425 22.935979648968 19.6256776546681 7.80417825039586 8.78952107577192 3.42694113371799 7.90539053522043 12.9150920231166 7.92631870285498 15.1195872045604 10.7472469393661 22.7472462497154 16.1507153592759 15.4438430696638 4.33432390348836 10.898071282738 20.691022330101 4.73272656858829 8.92399171240783 7.66509724948893 29.1368318656789 1.36200316163715 17.6891641645228 24.5760338955305 16.0831496011947 27.1683985660902 2.12183481772679 11.9090983318311 26.3436446568329 17.8734408346494 5.89286765069145 9.68429858894764 20.7201092053786 6.82444679694738 38.7182320645431 47.6655793619989 12.4646925222711 10.9875028519517 32.0444661000211 2.23179638866645 12.7322294511759 6.33706299565391 60.9466168631551 37.4257758747604 31.5262668445796 7.49404046753983 25.3164040075557 30.5567957008631 10.145538972415 4.26625151166776 1.74617017819288 0.073492943342698 4.28093198659993 28.9593944403775 29.0009157685893 30.5502920766456 10.877675072445 37.3650089523427 4.61165888933689 4.44308597982676 14.8447211412693 54.5137736622729 3.17687130235117 0.0301158920371144 6.88093118228548 8.62116271520839 22.0018072555843 27.2199626812113 33.9758078322886 22.2514946996345 25.9867059216524 23.8065889090442 8.49580205080652 14.6740808575266 27.0534836710097 8.57732947972931 18.4789012767303 4.30669355083756 12.569923669003 0.821970783807035 13.4230631266302 2.21765104928672 2.94686027222568 22.2705693296263 26.2386287800736 24.8499136462433 13.5868407039096 3.94940825329568 24.6869466932494 1.1840491365358 14.6250322466331 5.30124211421371 1.78437923667174 33.7552803732932 11.3037562992831 8.87091732885724 8.62875756298429 2.43960693337017 23.0808170520058 0.638565078698421 30.0259838138131 10.7946489932548 39.2886697205111 32.0536921483029 11.5945166420814 16.0101728401355 54.2138214285074 1.29194375727423 8.24784195115756 40.662754036167 6.80212469522626 10.3498853689112 33.868087180682 2.881490999975 13.6000241499239 13.3203925688454 5.50931334331983 0.97082583347019 9.56948382591498 3.78836609288029 3.57823944948415 9.11137530745327 13.0400531733764 6.75609884559624 0.494382286587268 10.5206892162785 2.65801400277246 6.92664240499998 2.42700155107896 5.13905392239234 11.9050702289673 26.2179924905566 23.8828383472278 5.17054076756818 10.9701617148635 44.285724117246 9.10421334414172 1.41457707185933 14.101812067662 19.5486275562324 1.26606277223159 2.19626012887129 1.61765055165552 18.6601786484057 8.93294754248241 17.238753813227 8.84991147595047 15.5874709044623 16.6200475359245 10.2786555604224 20.1616268391824 20.6208626182284 21.0887597548045 0.57293907819693 36.6650858014554 10.9033756090029 9.83106040054627 4.36532758802641 33.9886988083656 34.222898581448 8.80282219184748 2.00026269373731 35.6793845670539 0.684349419377585 4.32922196817629 14.6401560965759 32.0529810985322 10.1458295962452 5.07156587650405 59.5380328729998 26.7375871562636 3.64338271285529 0.351770834586522 41.0013940682325 5.56720557704705 13.5059925477014 13.4660303066738 15.5895170251002 32.0920242207115 7.32126385169835 7.70547146612019 14.5265851340893 14.4515626491571 9.98707765059377 17.1003242987953 17.4897772144662 16.273264452611 8.09544286478916 5.44465284839222 7.01691982702471 3.55664039585682 42.7846024055481 7.69096789653636 15.9190208275536 0.126671571806301 15.5828626357557 28.1920975073151 38.1065657940058 2.69983150276477 36.8263982289331 46.3712398159944 30.3885763664948 3.50326377944261 39.1236253387414 19.6240428070177 3.50970358874686 13.9776324879138 44.3176492391152 44.0050078657246 6.85020704868445 13.006465127452 4.59701039098131 18.3714181211907 18.4313773139511 23.3939870346223 0.609364155786122 45.0399534859559 11.1423124487015 12.3387944486749 19.9090540948516 4.6392592270596 20.5261645918634 20.6911708691723 37.9582597085917 4.36890046060463 9.07724971198154 7.02129669943376 36.8398208223426 14.2937021746076 6.74192195685953 7.22098921861178 3.63523137386527 20.2936121287502 21.2561991715188 8.23880850981749 11.4055395170749 5.25750124053455 14.666789776994 3.02325452098214 4.84073732867973 13.3705813841623 19.9313348182854 10.1130642322856 19.3265000076067 6.32742059864928 2.12375319623561 1.18645028145097 3.44572774958676 12.1988202629564 28.6160986564613 18.4074065273297 2.05718445569732 1.4756155252835 25.7116573789045 39.4805164809194 12.6932803380984 9.87686625700569 13.4446390034062 11.227362032938 26.1279655663412 2.87125698133766 5.07845793815528 0.564791813002199 26.135404526022 1.55559389314135 18.6498803384339 16.1306678500328 4.92422827810064 32.1944247574984 2.45311592513362 4.7659051213485 26.5547162855157 1.9358181638843 3.687082455707 2.80407970283057 2.94130637291877 17.6966649473259 5.64822948901585 18.7332362632984 7.53810706987018 10.9309594873975 3.17786527208848 2.81565337317451 17.8270650816011 5.65032055511471 1.6055214426916 24.0158221377623 24.9091518307689 7.91129520595567 30.6637069433851
