Instancenumber:
18
Instancename:
P-n23-k8
Customers:
22
Depot:
0
Dimension:
506
Vehicles:
22
Capacity:
40
Demands:
0 7 30 16 23 11 19 15 28 8 8 7 14 6 19 11 12 26 17 6 15 5 10
Uncertainty:budgeted
Gamma:
22
Mean Vector:
13.8924439894498 21.0237960416286 32.5576411921994 22.0227155455452 23.0867927612304 12.0415945787923 22.0227155455452 32.4499614791759 32.0624390837628 20.8086520466848 28.1602556806574 29.9666481275434 29.1204395571221 30.8706980808663 29.8328677803526 10 31.7804971641414 39.4081209904761 43.9317652729776 15.8113883008419 2.23606797749979 26.1725046566048 13.8924439894498 12.369316876853 19.2093727122985 11.6619037896906 24.2074368738204 12.0830459735946 18.6010752377383 20.8806130178211 26.9258240356725 7.07106781186548 18.8679622641132 16.1554944214035 21.3775583264319 32.649655434629 17 6.08276253029822 30.6104557300279 27.3130005674953 31.0644491340181 18.7882942280559 13.9283882771841 24.2074368738204 21.0237960416286 12.369316876853 15.2970585407784 22.2036033111745 16.2788205960997 10.6301458127346 8.54400374531753 12.0415945787923 14.7648230602334 10.6301458127346 29.0688837074973 18.9736659610103 9.05538513813742 23.7697286480094 23.3238075793812 11.4017542509914 20 19.1049731745428 24.4131112314674 14.560219778561 19.723082923316 13.8924439894498 32.5576411921994 19.2093727122985 15.2970585407784 21.095023109729 31 25.0798724079689 23 7.81024967590665 24.1660919471891 12.2065556157337 25.3179778023443 9.48683298050514 17.0880074906351 37.4833296279826 15.8113883008419 22.8035085019828 32.2800247831379 10.0498756211209 12.0830459735946 29.8328677803526 32.0156211871642 27.2946881279124 22.0227155455452 11.6619037896906 22.2036033111745 21.095023109729 35.8050275799363 23.7065391822594 29.698484809835 26.3058928759318 36.8917334913934 12.0830459735946 7.21110255092798 13 30.4138126514911 44.2040722106007 9.21954445729289 17.464249196573 41.7252920900501 31.0161248385416 32.7566787083184 30.4138126514911 23.0217288664427 35.3553390593274 23.0867927612304 24.2074368738204 16.2788205960997 31 35.8050275799363 12.8062484748657 8 25.4950975679639 13.4536240470737 26 43.0116263352131 35.1710107901379 16.1554944214035 8.48528137423857 39 19.1049731745428 9 31.6227766016838 37.6430604494374 7.28010988928052 20.8806130178211 5.65685424949238 12.0415945787923 12.0830459735946 10.6301458127346 25.0798724079689 23.7065391822594 12.8062484748657 10 22.6715680975093 20.0249843945008 16 30.886890422961 26.0192236625154 17.464249196573 21.2602916254693 28.4429253066558 6.40312423743285 20.6155281280883 29.732137494637 35 6.70820393249937 10.1980390271856 14.560219778561 22.0227155455452 18.6010752377383 8.54400374531753 23 29.698484809835 8 10 17.7200451466693 10.0498756211209 18.8679622641132 36.7967389859482 27.5136329843952 9.21954445729289 15.2315462117278 31.7647603485372 14.8660687473185 12.0415945787923 24.1660919471891 30.0832179129826 9.21954445729289 20.0997512422418 5.65685424949238 32.4499614791759 20.8806130178211 12.0415945787923 7.81024967590665 26.3058928759318 25.4950975679639 22.6715680975093 17.7200451466693 16.7630546142402 15.0332963783729 31.6227766016838 16.6433169770932 10.0498756211209 31.0161248385416 22.8254244210267 22.4722050542442 25.3179778023443 7.07106781186548 12.5299640861417 25.9422435421457 31.4006369362152 21.0237960416286 32.0624390837628 26.9258240356725 14.7648230602334 24.1660919471891 36.8917334913934 13.4536240470737 20.0249843945008 10.0498756211209 16.7630546142402 25 43.6004587131833 31.4006369362152 7.21110255092798 15.52417469626 36.7967389859482 24.3310501211929 9.05538513813742 21 27.0185121722126 18.3847763108502 30.1496268633627 7.81024967590665 20.8086520466848 7.07106781186548 10.6301458127346 12.2065556157337 12.0830459735946 26 16 18.8679622641132 15.0332963783729 25 18.6010752377383 10.0498756211209 18.3575597506858 34 13 11.7046999107196 30.6104557300279 20.8806130178211 24.1867732448956 22.2036033111745 20.591260281974 24.4131112314674 28.1602556806574 18.8679622641132 29.0688837074973 25.3179778023443 7.21110255092798 43.0116263352131 30.886890422961 36.7967389859482 31.6227766016838 43.6004587131833 18.6010752377383 16.0312195418814 36.8917334913934 51.4003891035856 10.0498756211209 24.5967477524977 48.7954915950234 35.3553390593274 36.0138862107382 37.589892258425 29.4278779391243 42.4499705535822 29.9666481275434 16.1554944214035 18.9736659610103 9.48683298050514 13 35.1710107901379 26.0192236625154 27.5136329843952 16.6433169770932 31.4006369362152 10.0498756211209 16.0312195418814 24.2074368738204 42.7200187265877 6.32455532033676 21.5870331449229 38.4707681233427 19.4164878389476 20.0997512422418 32.0624390837628 30.0832179129826 32.6955654485436 29.1204395571221 21.3775583264319 9.05538513813742 17.0880074906351 30.4138126514911 16.1554944214035 17.464249196573 9.21954445729289 10.0498756211209 7.21110255092798 18.3575597506858 36.8917334913934 24.2074368738204 21 29.698484809835 20.0997512422418 15.2970585407784 15.52417469626 21.5870331449229 18.3847763108502 27.5136329843952 11.1803398874989 30.8706980808663 32.649655434629 23.7697286480094 37.4833296279826 44.2040722106007 8.48528137423857 21.2602916254693 15.2315462117278 31.0161248385416 15.52417469626 34 51.4003891035856 42.7200187265877 21 46.9574275274956 27.5862284482674 6.70820393249937 36.2215405525497 42.2965719651132 15.2643375224737 28.6356421265527 10.1980390271856 29.8328677803526 17 23.3238075793812 15.8113883008419 9.21954445729289 39 28.4429253066558 31.7647603485372 22.8254244210267 36.7967389859482 13 10.0498756211209 6.32455532033676 29.698484809835 46.9574275274956 23.0217288664427 43.2666153055679 25.7099202643649 26 34.928498393146 30.4138126514911 37.2155881318568 10 6.08276253029822 11.4017542509914 22.8035085019828 17.464249196573 19.1049731745428 6.40312423743285 14.8660687473185 22.4722050542442 24.3310501211929 11.7046999107196 24.5967477524977 21.5870331449229 20.0997512422418 27.5862284482674 23.0217288664427 26.4196896272458 29.4108823397055 33.9705755029261 13.0384048104053 9.21954445729289 20.1246117974981 31.7804971641414 30.6104557300279 20 32.2800247831379 41.7252920900501 9 20.6155281280883 12.0415945787923 25.3179778023443 9.05538513813742 30.6104557300279 48.7954915950234 38.4707681233427 15.2970585407784 6.70820393249937 43.2666153055679 26.4196896272458 30.0166620396073 36.0555127546399 16.1245154965971 29.6141857899217 6.40312423743285 39.4081209904761 27.3130005674953 19.1049731745428 10.0498756211209 31.0161248385416 31.6227766016838 29.732137494637 24.1660919471891 7.07106781186548 21 20.8806130178211 35.3553390593274 19.4164878389476 15.52417469626 36.2215405525497 25.7099202643649 29.4108823397055 30.0166620396073 6.08276253029822 32.7566787083184 38.4187454245971 26.6833281282527 43.9317652729776 31.0644491340181 24.4131112314674 12.0830459735946 32.7566787083184 37.6430604494374 35 30.0832179129826 12.5299640861417 27.0185121722126 24.1867732448956 36.0138862107382 20.0997512422418 21.5870331449229 42.2965719651132 26 33.9705755029261 36.0555127546399 6.08276253029822 38.4707681233427 43.139309220246 32.7566787083184 15.8113883008419 18.7882942280559 14.560219778561 29.8328677803526 30.4138126514911 7.28010988928052 6.70820393249937 9.21954445729289 25.9422435421457 18.3847763108502 22.2036033111745 37.589892258425 32.0624390837628 18.3847763108502 15.2643375224737 34.928498393146 13.0384048104053 16.1245154965971 32.7566787083184 38.4707681233427 13.6014705087354 11.1803398874989 2.23606797749979 13.9283882771841 19.723082923316 32.0156211871642 23.0217288664427 20.8806130178211 10.1980390271856 20.0997512422418 31.4006369362152 30.1496268633627 20.591260281974 29.4278779391243 30.0832179129826 27.5136329843952 28.6356421265527 30.4138126514911 9.21954445729289 29.6141857899217 38.4187454245971 43.139309220246 13.6014705087354 24.0831891575846 26.1725046566048 24.2074368738204 13.8924439894498 27.2946881279124 35.3553390593274 5.65685424949238 14.560219778561 5.65685424949238 21.0237960416286 7.81024967590665 24.4131112314674 42.4499705535822 32.6955654485436 11.1803398874989 10.1980390271856 37.2155881318568 20.1246117974981 6.40312423743285 26.6833281282527 32.7566787083184 11.1803398874989 24.0831891575846
Deviation Vector:
5.93754421196428 16.9846286175295 5.12935240490394 10.7614893137242 9.41325444210553 2.38468485945176 20.2822956751535 10.0922821973176 12.9052839824392 18.069907860254 11.6118220460256 22.3419972840548 16.2667035177836 14.4197369464208 3.42121440480771 7.51185876866159 31.3691151003736 37.6908679723804 8.42148074361695 7.45863953447277 2.53570140229091 13.767261242123 10.5021693896664 1.57615624074853 19.306216114852 12.090238293147 9.15440544203524 7.52048131039857 9.56999473021759 22.6716007848744 16.504657723308 6.66009656224794 11.527875238058 12.4480411914256 3.16090619745554 33.260513385859 16.465378979577 6.50145464732103 1.44013293657708 2.41401757463455 20.3330463993827 8.63124811750136 11.6155176851348 29.3671265306386 19.4784646482795 11.7338424339102 10.4273577584834 14.0077783674176 10.1315444108209 9.28386196111438 9.42065605747879 5.70413918906552 1.72304438893945 6.12183821103706 17.474109919135 21.2835344290733 2.9878287233936 23.2775207700631 10.7631728406985 9.62805847545291 15.6478485330054 20.5270485656121 12.2955044752421 1.61175228543604 11.0898209839886 9.05098897786861 36.7707652782764 4.76690107263416 6.69497200914363 24.8172857126074 10.4326910408279 27.3924356447243 8.1230057536253 9.14177220456887 24.7141730863957 15.6203660102661 21.1768664483927 4.00026039812788 10.7291474416851 6.60226759073334 0.195171784021657 10.2115767503555 20.9769077013149 1.29686649032687 12.369430592879 37.3200047931126 40.0446202137366 1.93734571157566 20.8684845764046 5.00969770281562 20.3255213979311 9.43598329871476 7.92508020972421 3.23323866887061 16.5718765471981 20.6137215917187 29.0666420754454 4.89044605732586 7.44020701825714 15.9322071556852 9.0789906937703 3.78548219056057 9.54305219100129 11.3812684967749 52.4119945026687 24.0404776792378 21.2488248299567 24.6316431650003 27.551497562 45.1333054827695 22.7640904060239 29.2693166503219 7.19030504262235 10.948919933557 1.98626151889473 2.34002554931187 2.57189902071813 0.601306473771955 3.41324027346888 32.9959876771518 19.4912868700143 41.1191179521767 7.00683123983498 5.72334847771763 0.890469351946392 18.9467089959231 1.5790159016352 25.6373101555116 4.28300029585771 8.78867449168049 15.7357205383709 2.3322907692302 0.122593033507443 6.11427123108155 11.3103071142324 31.7586748098305 30.3708455345982 5.50666115745083 7.93511739176168 27.0971575919266 8.48834373430878 7.94977532289104 34.6438395702081 22.521838929339 14.8455186181759 25.0257038848121 29.8169996716903 7.50151169249987 24.7529672243599 0.575050555971798 40.5279965897762 2.48998802754412 12.1199679885501 4.49884196001379 23.0289022815921 22.5313557145737 0.154004115674719 28.0861003407533 21.9573706644324 1.05443278291793 11.4567909108306 3.72607319769323 5.46812478843412 21.8087207677767 26.357326148293 8.95321006195641 10.5055620184745 10.886579630084 23.995352460965 9.66780496038642 7.55333539266192 28.4989660657208 34.5111034363962 4.29845671034152 15.3201751429588 4.04220039486929 11.7037339436263 11.0217082292297 7.2662972046304 2.17665785047524 14.3941935632489 12.204577318672 14.7337528644247 8.02669819660706 13.2040006612182 6.20715148005559 12.0670296019331 13.4096779290611 3.53107787955838 34.7670943307226 21.3991448516507 4.8171751651277 1.22887374689399 1.40671341647439 1.096978050524 19.8414776699382 16.4649011760584 25.79696656689 6.31305371203289 34.4585177872187 8.78050024125657 19.9169461941065 43.3986914898847 6.17797708968209 0.154777065833432 6.59185461158401 19.6760083007991 9.20998482771198 51.6123980051828 15.5286322015121 4.66624585582104 6.95902624690493 35.8118853927807 0.347857652710149 8.16110312372045 10.0431860212752 11.542049997147 0.00299787447757316 0.0386947005658688 6.08063721686553 23.3285626028292 6.63829710967282 10.5547493692457 14.277236257157 13.7473200133041 28.0918476458883 10.4287445553882 7.15874230089061 15.4064116251628 21.2173817548218 7.00324558181393 3.38516776911169 7.16296151700496 9.18692455102707 10.3485486413089 4.65754092331938 28.3488852351079 14.3479349245881 18.5348073112706 18.3668842430069 24.3321539471714 3.19174211631616 35.9176500544469 16.4573191024223 4.21602626432753 22.6353667230715 0.488985804826507 24.6123773140182 27.619251870889 2.54241744542334 2.15347869526745 31.9431121315854 18.7478476474525 17.0092245285199 22.8579799303315 44.356163272721 8.63072226619093 31.2721277699812 60.6218804697206 21.2462687906576 30.1585710466958 12.6373552796033 27.5966403041006 52.1118575561676 18.1715930285171 7.28840953254059 6.50519788063309 2.37017740089882 14.7976749098611 39.0107707474707 28.023783659589 28.5394389222391 20.6362626182725 33.5937095307021 6.29973165042661 1.63960218490895 16.4903941031612 29.6757540302097 4.2659234645468 6.31950047182562 29.3820650193503 14.4186974470194 20.6098363945807 15.6775052757485 15.6713705567986 11.8456344247399 2.01655568602557 2.07469110292281 3.1786280826663 0.494565243107082 21.2283906757625 19.1997682621412 6.37676482671093 3.25527554885264 11.3902202660274 7.00577653864698 14.7636164186707 7.14040675891655 29.5661171062804 13.8565376537589 0.595494081146462 20.4159916486541 6.33979992780406 19.5599040509588 17.332276769207 19.1439281260275 2.18917074273189 2.25218027339672 13.992955290637 24.6200762944606 11.74667507196 45.6182128028075 9.459503328058 2.01008703126236 8.99994194327803 11.1941230073741 18.5846132070869 7.6467499734175 28.2873246552034 48.841303975197 22.2790326642603 5.19313896951406 40.1944102451284 24.4591970424525 4.02744826292463 25.5967428685041 24.3416185594675 1.8611651204222 25.7784397011974 5.24373646025558 23.3222652518822 15.644649363328 5.76683991463769 18.9137375496968 8.27513748622665 40.9559841234496 27.1581361482855 31.0383462209677 28.5681771861245 4.61550737427557 5.8308502594407 4.65417689678121 0.37812123080199 19.6759333990906 32.8701494586278 11.1219785359918 4.96615635320361 0.424674582212365 25.3676369087667 33.0689214235733 29.4019650538718 7.98341579205055 11.9405279871363 3.28489385622703 12.5551928892816 11.6698402162524 21.7727679777797 7.52714707629955 4.05756588472572 12.848062948748 20.4087970510478 3.23059034938273 5.8740591444975 28.4198392079348 0.999765642365441 2.34657425399257 25.459639716591 23.0480304494537 28.8999140512501 26.2295894015735 38.2704003818215 3.38648875572971 0.66627540546426 23.8750585008097 29.30972150082 23.639434212078 7.735921603509 33.4755252057223 32.9122670406507 0.718212887465676 14.4540163221295 5.69377462731211 7.45157438024457 5.54644680010497 31.0045797183497 5.50460784517334 43.2511046725407 14.9438119253172 3.39970868294781 20.5633791944695 14.7551006552848 3.97136065552561 21.9234721514961 17.0975258001205 0.149936198310322 4.18995455036056 46.3869039540669 25.345759986981 7.12291557687086 9.93224040023239 16.6598154821876 6.85368119136647 37.1065011353757 14.7268580828731 0.851502464189179 18.6397820732269 2.06708436287465 17.9328188823677 12.4648217245015 13.7820513132344 21.2627015601782 1.55341306668955 2.29255542924527 26.4548140415584 4.09323293950603 35.7317939819304 38.1938959400282 13.7288202498799 34.4890386103447 6.78053233016714 24.1636229365422 0.735556068136644 11.4837795808277 11.863409466388 39.2426506958866 10.6988332355265 12.1480037916907 27.4409620219786 0.0227951756528508 2.14908184639625 14.4970950889004 11.6154746711899 11.6910317415513 17.8518895620431 38.9804947545375 14.3077924029278 1.77341004986913 47.9527962440138 38.9998110671813 30.5789425183553 13.4646709285242 3.91526690802377 14.4719639152275 27.7305391643155 33.1427305978803 2.79693756749505 4.94851784787863 7.3867052900851 23.3142479148992 4.41359176450266 22.6359904847473 22.7721741298458 9.64896011189209 1.60644360425186 14.0578606030446 4.87212028230091 5.77627753875023 9.80055030624929 37.8380246989653 17.0795871769654 9.07868271532622 6.63786188077541 2.19590641353151 13.1467850345304 25.2518487048327 27.1122498172426 1.33613347246329 6.03853501384245 8.26698937920126 19.3375969249275 38.3939096781723 11.4433684761482 24.1014531802388 27.4849536896915 0.794478761568988 26.8952177307719 1.01635559882979 23.2389160828479 4.57336429542906 27.6653026023147 38.5785135256794 10.0450637842931 3.49998049021569 0.540147499953244 8.38124122978968 28.5232537774564 2.24942010376142 20.8326988380658 17.7984465549952 0.194413523043047 17.5772976467969 6.6235773722506 13.2045458380766 7.08061592020427 20.3142788922243 26.5619126559348 15.3914828487462 9.95210369723275 9.33035046276974 47.6879203631434 11.4620054532988 5.47437872864468 10.0936619662207 14.9812236366672 5.66013735521536 9.74611365807034
