Instancenumber:
20
Instancename:
P-n23-k8
Customers:
22
Depot:
0
Dimension:
506
Vehicles:
22
Capacity:
40
Demands:
0 7 30 16 23 11 19 15 28 8 8 7 14 6 19 11 12 26 17 6 15 5 10
Uncertainty:budgeted
Gamma:
22
Mean Vector:
13.8924439894498 21.0237960416286 32.5576411921994 22.0227155455452 23.0867927612304 12.0415945787923 22.0227155455452 32.4499614791759 32.0624390837628 20.8086520466848 28.1602556806574 29.9666481275434 29.1204395571221 30.8706980808663 29.8328677803526 10 31.7804971641414 39.4081209904761 43.9317652729776 15.8113883008419 2.23606797749979 26.1725046566048 13.8924439894498 12.369316876853 19.2093727122985 11.6619037896906 24.2074368738204 12.0830459735946 18.6010752377383 20.8806130178211 26.9258240356725 7.07106781186548 18.8679622641132 16.1554944214035 21.3775583264319 32.649655434629 17 6.08276253029822 30.6104557300279 27.3130005674953 31.0644491340181 18.7882942280559 13.9283882771841 24.2074368738204 21.0237960416286 12.369316876853 15.2970585407784 22.2036033111745 16.2788205960997 10.6301458127346 8.54400374531753 12.0415945787923 14.7648230602334 10.6301458127346 29.0688837074973 18.9736659610103 9.05538513813742 23.7697286480094 23.3238075793812 11.4017542509914 20 19.1049731745428 24.4131112314674 14.560219778561 19.723082923316 13.8924439894498 32.5576411921994 19.2093727122985 15.2970585407784 21.095023109729 31 25.0798724079689 23 7.81024967590665 24.1660919471891 12.2065556157337 25.3179778023443 9.48683298050514 17.0880074906351 37.4833296279826 15.8113883008419 22.8035085019828 32.2800247831379 10.0498756211209 12.0830459735946 29.8328677803526 32.0156211871642 27.2946881279124 22.0227155455452 11.6619037896906 22.2036033111745 21.095023109729 35.8050275799363 23.7065391822594 29.698484809835 26.3058928759318 36.8917334913934 12.0830459735946 7.21110255092798 13 30.4138126514911 44.2040722106007 9.21954445729289 17.464249196573 41.7252920900501 31.0161248385416 32.7566787083184 30.4138126514911 23.0217288664427 35.3553390593274 23.0867927612304 24.2074368738204 16.2788205960997 31 35.8050275799363 12.8062484748657 8 25.4950975679639 13.4536240470737 26 43.0116263352131 35.1710107901379 16.1554944214035 8.48528137423857 39 19.1049731745428 9 31.6227766016838 37.6430604494374 7.28010988928052 20.8806130178211 5.65685424949238 12.0415945787923 12.0830459735946 10.6301458127346 25.0798724079689 23.7065391822594 12.8062484748657 10 22.6715680975093 20.0249843945008 16 30.886890422961 26.0192236625154 17.464249196573 21.2602916254693 28.4429253066558 6.40312423743285 20.6155281280883 29.732137494637 35 6.70820393249937 10.1980390271856 14.560219778561 22.0227155455452 18.6010752377383 8.54400374531753 23 29.698484809835 8 10 17.7200451466693 10.0498756211209 18.8679622641132 36.7967389859482 27.5136329843952 9.21954445729289 15.2315462117278 31.7647603485372 14.8660687473185 12.0415945787923 24.1660919471891 30.0832179129826 9.21954445729289 20.0997512422418 5.65685424949238 32.4499614791759 20.8806130178211 12.0415945787923 7.81024967590665 26.3058928759318 25.4950975679639 22.6715680975093 17.7200451466693 16.7630546142402 15.0332963783729 31.6227766016838 16.6433169770932 10.0498756211209 31.0161248385416 22.8254244210267 22.4722050542442 25.3179778023443 7.07106781186548 12.5299640861417 25.9422435421457 31.4006369362152 21.0237960416286 32.0624390837628 26.9258240356725 14.7648230602334 24.1660919471891 36.8917334913934 13.4536240470737 20.0249843945008 10.0498756211209 16.7630546142402 25 43.6004587131833 31.4006369362152 7.21110255092798 15.52417469626 36.7967389859482 24.3310501211929 9.05538513813742 21 27.0185121722126 18.3847763108502 30.1496268633627 7.81024967590665 20.8086520466848 7.07106781186548 10.6301458127346 12.2065556157337 12.0830459735946 26 16 18.8679622641132 15.0332963783729 25 18.6010752377383 10.0498756211209 18.3575597506858 34 13 11.7046999107196 30.6104557300279 20.8806130178211 24.1867732448956 22.2036033111745 20.591260281974 24.4131112314674 28.1602556806574 18.8679622641132 29.0688837074973 25.3179778023443 7.21110255092798 43.0116263352131 30.886890422961 36.7967389859482 31.6227766016838 43.6004587131833 18.6010752377383 16.0312195418814 36.8917334913934 51.4003891035856 10.0498756211209 24.5967477524977 48.7954915950234 35.3553390593274 36.0138862107382 37.589892258425 29.4278779391243 42.4499705535822 29.9666481275434 16.1554944214035 18.9736659610103 9.48683298050514 13 35.1710107901379 26.0192236625154 27.5136329843952 16.6433169770932 31.4006369362152 10.0498756211209 16.0312195418814 24.2074368738204 42.7200187265877 6.32455532033676 21.5870331449229 38.4707681233427 19.4164878389476 20.0997512422418 32.0624390837628 30.0832179129826 32.6955654485436 29.1204395571221 21.3775583264319 9.05538513813742 17.0880074906351 30.4138126514911 16.1554944214035 17.464249196573 9.21954445729289 10.0498756211209 7.21110255092798 18.3575597506858 36.8917334913934 24.2074368738204 21 29.698484809835 20.0997512422418 15.2970585407784 15.52417469626 21.5870331449229 18.3847763108502 27.5136329843952 11.1803398874989 30.8706980808663 32.649655434629 23.7697286480094 37.4833296279826 44.2040722106007 8.48528137423857 21.2602916254693 15.2315462117278 31.0161248385416 15.52417469626 34 51.4003891035856 42.7200187265877 21 46.9574275274956 27.5862284482674 6.70820393249937 36.2215405525497 42.2965719651132 15.2643375224737 28.6356421265527 10.1980390271856 29.8328677803526 17 23.3238075793812 15.8113883008419 9.21954445729289 39 28.4429253066558 31.7647603485372 22.8254244210267 36.7967389859482 13 10.0498756211209 6.32455532033676 29.698484809835 46.9574275274956 23.0217288664427 43.2666153055679 25.7099202643649 26 34.928498393146 30.4138126514911 37.2155881318568 10 6.08276253029822 11.4017542509914 22.8035085019828 17.464249196573 19.1049731745428 6.40312423743285 14.8660687473185 22.4722050542442 24.3310501211929 11.7046999107196 24.5967477524977 21.5870331449229 20.0997512422418 27.5862284482674 23.0217288664427 26.4196896272458 29.4108823397055 33.9705755029261 13.0384048104053 9.21954445729289 20.1246117974981 31.7804971641414 30.6104557300279 20 32.2800247831379 41.7252920900501 9 20.6155281280883 12.0415945787923 25.3179778023443 9.05538513813742 30.6104557300279 48.7954915950234 38.4707681233427 15.2970585407784 6.70820393249937 43.2666153055679 26.4196896272458 30.0166620396073 36.0555127546399 16.1245154965971 29.6141857899217 6.40312423743285 39.4081209904761 27.3130005674953 19.1049731745428 10.0498756211209 31.0161248385416 31.6227766016838 29.732137494637 24.1660919471891 7.07106781186548 21 20.8806130178211 35.3553390593274 19.4164878389476 15.52417469626 36.2215405525497 25.7099202643649 29.4108823397055 30.0166620396073 6.08276253029822 32.7566787083184 38.4187454245971 26.6833281282527 43.9317652729776 31.0644491340181 24.4131112314674 12.0830459735946 32.7566787083184 37.6430604494374 35 30.0832179129826 12.5299640861417 27.0185121722126 24.1867732448956 36.0138862107382 20.0997512422418 21.5870331449229 42.2965719651132 26 33.9705755029261 36.0555127546399 6.08276253029822 38.4707681233427 43.139309220246 32.7566787083184 15.8113883008419 18.7882942280559 14.560219778561 29.8328677803526 30.4138126514911 7.28010988928052 6.70820393249937 9.21954445729289 25.9422435421457 18.3847763108502 22.2036033111745 37.589892258425 32.0624390837628 18.3847763108502 15.2643375224737 34.928498393146 13.0384048104053 16.1245154965971 32.7566787083184 38.4707681233427 13.6014705087354 11.1803398874989 2.23606797749979 13.9283882771841 19.723082923316 32.0156211871642 23.0217288664427 20.8806130178211 10.1980390271856 20.0997512422418 31.4006369362152 30.1496268633627 20.591260281974 29.4278779391243 30.0832179129826 27.5136329843952 28.6356421265527 30.4138126514911 9.21954445729289 29.6141857899217 38.4187454245971 43.139309220246 13.6014705087354 24.0831891575846 26.1725046566048 24.2074368738204 13.8924439894498 27.2946881279124 35.3553390593274 5.65685424949238 14.560219778561 5.65685424949238 21.0237960416286 7.81024967590665 24.4131112314674 42.4499705535822 32.6955654485436 11.1803398874989 10.1980390271856 37.2155881318568 20.1246117974981 6.40312423743285 26.6833281282527 32.7566787083184 11.1803398874989 24.0831891575846
Deviation Vector:
2.11441609653235 11.3896573407191 38.0525960474654 14.2762254885335 4.46195334102963 10.7201717130037 19.404253413805 14.621703959984 29.263074202233 24.9981105255777 9.74919593267938 32.202370169674 19.8575354061368 26.2283683468513 33.0838983110274 6.06451333951097 23.4489638924897 17.9061830358982 10.1200473572533 4.54219462754272 2.41517870837662 18.3497969688035 16.3571973271942 8.8112074217615 13.4433549375897 5.41456906830114 6.89004726281714 13.0268415784041 17.1435720493854 16.5141282358424 5.38843446002427 7.59321769162327 0.942663534614135 1.39300166333493 9.3937300885875 7.94136656572491 16.6002695197619 0.23022604450252 21.2382093581329 16.5654348000126 38.4944892627521 19.5403174251095 5.54959470597752 15.4544883623045 12.7608840072009 2.77987383936323 19.0428548295859 1.37976923202005 11.0552315581735 2.04689502289887 2.98540557109365 5.7383645693072 13.1948113499728 2.59544715368679 34.5596801233095 5.89749927523493 6.41532923062977 4.53624776277911 2.47842493935427 3.96126301619438 19.6344936558345 5.85343946382777 3.38355720509636 15.0215712653833 7.74343348969755 8.03005577775938 41.5082404455116 1.66009539398275 9.42092282650433 14.4725472575356 21.4806680094235 14.355053237646 10.1986071446491 8.52381325355125 29.260122531954 12.8216568484234 0.84635325076325 11.1279588733211 19.0109677490242 26.708612325446 1.31033012670745 4.08809989726743 38.3839082203161 9.81408487418233 5.11637454238528 32.6761730055517 0.15016787438246 30.8945508953472 0.0765552428781726 1.29391212061043 4.36615043297687 20.7828352744084 14.9426938157334 7.94731924946344 21.8050325345236 21.3062668716698 33.6915044578933 8.77780265285337 6.46377165340491 3.20379141001081 3.94916247505792 13.5536596590581 7.54913770035603 10.0116491876676 4.81113891753477 23.1671360038214 11.1694846743627 4.52356929211419 14.6707189814187 6.04021846441501 19.8842035318346 17.4324498338049 5.69951164803763 23.798673027258 14.8230242635098 9.90630408047486 4.64267157376092 10.6743709281264 8.37848874181325 15.1790636719871 22.7804766189706 28.8194670274723 4.62593240837498 8.03531026953753 45.0312376467228 19.4976121692831 4.26816128468015 24.83107763513 17.4789825630357 0.640147368770106 21.5419670524982 3.36120353290509 4.75097066115991 6.8609839560978 12.4101405301197 12.7870165084977 0.760613043809353 2.89111633622082 6.58585779028402 15.1749836737575 7.94193753838216 3.79509199984545 3.29855651223404 19.4290656374602 17.5496909487751 11.0720947230998 6.75801198677937 1.93728660103228 19.3676867529743 25.5805562438342 31.0227217358508 1.25063148822307 4.04968118370229 17.0747916593832 24.9606235744323 5.00514085592206 7.78000046676072 7.47432573305155 31.3112806357563 0.737935830277562 4.12901687630251 14.2346147462921 6.89848016038653 15.234904544384 3.25474018065278 15.7157667537427 0.319245835053964 1.83595559665759 25.3151645048779 10.3053499084977 9.51136928344101 28.8436553450966 27.9896095198562 8.26689756194928 13.2177092226391 3.69180728668942 4.37378342900145 18.6924220918809 11.5018761988595 8.39020973234601 12.4400273427774 14.2484277248859 28.581805830013 15.4164887801601 7.52489885688641 16.7083055339857 36.020898713306 1.27829029185583 1.54484321116894 28.2468036816425 3.85856949239183 12.7331858264233 10.9208159160948 6.04909649863084 1.14517190921865 13.4847304629479 4.52161944284014 2.64945537325192 20.5306875114748 25.3359945257162 12.0958538001936 3.56541169265065 31.4258975917964 6.28240792660178 20.9102633633178 2.2790484444841 18.7678018807414 29.4748548929341 48.9187753809493 24.8724141622176 6.99893374875087 4.84671484431832 2.51304645718408 23.0802857502201 10.7053409830992 10.8610569656162 21.002593536057 19.0947041546415 17.908824351396 7.27179940408151 13.8722022414577 5.39554440962833 2.28553289279243 13.4028199267342 4.05801423890872 7.96638743897131 5.36203136238315 9.0536284143603 6.500716925536 24.3865377606407 2.56924692321664 12.5789856178051 20.6155266768874 33.6588013278727 5.66735732188034 10.3532170537285 37.2449212440734 5.69770891821261 18.8863926208122 23.4479822077008 21.9290703786568 11.4439076494121 2.40982415590475 21.3824042653011 3.91504470475538 32.0976893660681 2.65213793391223 39.2275707217097 31.6196664728309 35.3904988700574 17.7216573163895 17.7762124487072 8.22457300518094 12.4308137892527 8.22817748623117 39.9894735284966 10.8720798299306 13.7289887452943 61.3769591548142 8.18690507684415 9.03773102035556 4.25860995308637 5.90156974172479 3.87473101172818 33.0608874409016 10.2828763437608 18.5147426408197 9.84089727259285 11.8217428558576 16.6709134511171 21.0935938856943 19.0301246735092 15.6905966017964 28.1433871417957 5.44958339691491 17.2726485313295 21.3358914234818 38.8768905209253 4.47011801257248 13.4363967598998 22.6650433898501 24.6044904190075 20.7054786673683 33.06617085317 22.8613081225549 40.9731629462174 15.3357545943224 11.9516580343829 4.78723481336207 8.57475810785788 24.0462437977367 12.5950323682538 10.7421046202356 9.13822004720025 8.75234142322855 3.14169157754381 6.33336187837889 20.8080499288292 4.60722949363846 26.3416658551783 30.8277996063024 20.1201638679496 10.1473603163753 10.8375753473341 13.267619598098 22.1648244049012 13.5607768848041 2.38493609729696 25.7144793898161 39.1685684300544 19.8654135649607 5.22706725923586 52.3458112860905 4.94867808600309 24.8906136797665 10.0748739051513 17.1738201932545 6.43810764041546 41.4977772024949 55.6341277313814 39.15352657145 15.2981953695132 27.20280276857 6.86711884677488 2.93142898525819 6.06802461084645 28.9565333862624 11.9365873521032 20.948560155275 8.92257022565138 22.4845517684423 8.27744398243753 13.8373752480971 2.12449074544229 10.9253267510837 47.1074439951347 1.62975439112132 12.5540652801078 3.16190008724934 32.7591360732316 4.05872273077296 9.79128818534488 6.51254171066757 6.34721132081067 12.904084358871 21.129486708947 37.8656264022514 21.3009283297767 1.29605404611589 28.3975491757158 19.1061070633178 35.9637661241537 2.58831971334493 7.34501303164579 13.8565043913439 15.8672194579398 1.61308568749297 11.792161382591 1.24952135398305 12.2484583647468 4.70763348228766 23.0859411876848 0.329556942075961 19.7452731671756 23.3828785325795 24.384495960767 20.081938398793 26.2560525707732 8.60544567368273 25.4843841614851 25.4130430507515 8.31759431601975 5.14535081806869 9.96450284560593 27.0659267038684 25.4953125841457 2.60546778714166 14.3371308797653 15.8027306764733 1.62109459710002 25.9171856211442 12.1251341773868 29.0266713442011 2.11286714500378 28.5221277710675 52.6555773891356 35.7451429509317 15.6663649787059 2.77494497294585 48.6443612759711 14.937422961822 18.7049223724334 28.4999555027351 9.57063760449316 4.24187179319732 3.78401902209746 20.651698672732 23.795291789905 8.57395926356693 8.5400596547594 14.1132547826779 37.8483968512184 6.09583352983002 24.4831813101625 2.8944605368398 22.1902202468003 11.7629642515017 19.0781625564439 4.23576232721643 14.6249597464309 26.0698578433779 4.95296551968686 19.597678776136 17.5160773737874 2.59110582940874 10.3329428762208 14.5983387608913 1.93328532569901 2.50036342435547 24.6541122133768 29.2162963650841 7.51933390031166 4.39340031000339 26.5202770409704 42.5547587145778 8.34388460075499 0.160523607127088 12.3535130757595 27.7801450673293 16.6237476050486 0.488800574163462 6.92780235072609 15.8946763630183 5.96293897430612 1.74515362884547 28.3082524812397 0.0203649091080194 23.6486092098563 1.81481008833946 7.25563151184283 4.33421471747658 14.312962761652 6.03009843474751 28.056644979117 1.90616422958252 6.11619529678945 8.42487527453137 4.08106707113508 23.6742939174187 0.554263642053855 27.4502665433732 31.0736883733474 20.9192175458317 1.61321104750054 3.79313899137205 20.45516700692 4.76041576239811 4.21346451033449 34.1604255520886 8.88681943160794 9.83251246550975 11.9313512458939 1.23414431870378 15.3030062474089 0.273032825896619 19.3149802650976 13.8394775014572 0.358964553246965 12.4213640059801 12.9285033464677 7.49508440873992 6.31519413612384 2.51926311830735 19.2117245186467 34.5933735022239 5.09058685560265 6.02184701695172 34.1594533692666 5.78687204451206 33.2528507755165 44.3084880032537 25.0768475739905 9.07008756431478 12.5975153613128 17.5106187392312 22.1581054131539 15.4027343904751 28.2268992594718 41.6008905971711 4.91520587611348 18.4209413291606 3.48959219725078 13.7368087055741 4.17386438072099 10.5683724843022 28.3241770942189 37.1979801643255 11.5609845435576 6.97982301264669 39.9341555261276 7.94097025409492 5.91085250139615 34.2216598686199 16.933113568444 3.27906013965947 27.689901530547
