Instancenumber:
2
Instancename:
P-n40-k5.vrp
Customers:
39
Depot:
0
Dimension:
1560
Vehicles:
39
Capacity:
140
Demands:
0 7 30 16 9 21 15 19 23 11 5 19 29 23 21 10 15 3 41 9 28 8 8 16 10 28 7 15 14 6 19 11 12 23 26 17 6 9 15 14
Uncertainty:budgeted
Gamma:
39
Mean Vector:
13.8924439894498 21.0237960416286 32.5576411921994 17.2046505340853 14.142135623731 11.4017542509914 26.4196896272458 22.0227155455452 23.0867927612304 28.3196045170126 12.0415945787923 8.06225774829855 29.1547594742265 18.1107702762748 24.738633753706 22.0227155455452 17.2626765016321 14.7648230602334 31.9061122670876 32.4499614791759 32.0624390837628 20.8086520466848 22.0227155455452 25.0599281722833 23.0867927612304 28.1602556806574 8 29.9666481275434 29.1204395571221 30.8706980808663 29.8328677803526 10 34 31.7804971641414 39.4081209904761 43.9317652729776 18.1107702762748 15.8113883008419 38.2883794381533 13.8924439894498 12.369316876853 19.2093727122985 31.0644491340181 22.2036033111745 16.7630546142402 22.8254244210267 11.6619037896906 24.2074368738204 34.0147027033899 12.0830459735946 20.8806130178211 41.8688428309166 26.9258240356725 36.0138862107382 18.6010752377383 30.6757233003559 27.5862284482674 45.7930125674212 20.8806130178211 26.9258240356725 7.07106781186548 21.5870331449229 29 33.1058907144937 18.8679622641132 8.06225774829855 16.1554944214035 21.3775583264319 32.649655434629 17 6.08276253029822 42.9534631898291 30.6104557300279 27.3130005674953 31.0644491340181 30.4138126514911 18.7882942280559 43.0464865000618 21.0237960416286 12.369316876853 15.2970585407784 37.0135110466435 21.0237960416286 28.0713376952364 34.928498393146 22.2036033111745 16.2788205960997 28.0713376952364 10.6301458127346 24.7588368062799 50.1198563445667 37.6563407675255 35.4682957019364 8.54400374531753 34.0587727318528 35.7770876399966 50.9116882454314 12.0415945787923 14.7648230602334 10.6301458127346 33.9558536926993 41.1096095821889 43.4165866921848 29.0688837074973 19.0262975904404 18.9736659610103 9.05538513813742 23.7697286480094 23.3238075793812 11.4017542509914 39.1152144312159 20 19.1049731745428 24.4131112314674 31.9061122670876 14.560219778561 35.4400902933387 32.5576411921994 19.2093727122985 15.2970585407784 49.6789693934969 36.0555127546399 35.3553390593274 35.0142828000232 21.095023109729 31 43.0116263352131 25.0798724079689 38.2753184180093 61.0737259384099 45.6508488420533 50.5964425626941 23 48.0208288141719 46.7546789102438 64.2028036770981 7.81024967590665 24.1660919471891 12.2065556157337 36.6742416417845 45.6070170039655 51.9711458407451 25.3179778023443 27.2029410174709 9.48683298050514 17.0880074906351 37.4833296279826 15.8113883008419 22.8035085019828 54.3323108288245 32.2800247831379 10.0498756211209 12.0830459735946 46.518813398452 29.8328677803526 49.4974746830583 17.2046505340853 31.0644491340181 37.0135110466435 49.6789693934969 20.3960780543711 21.0237960416286 37.1214223865412 37.6430604494374 32.7566787083184 31.4006369362152 26.6270539113887 12.5299640861417 15.0332963783729 17.8885438199983 18.8679622641132 35.3411940941446 7.61577310586391 7.61577310586391 14.7648230602334 48.91829923454 44.9444101084885 38.0131556174964 31.2569992161756 28.6356421265527 17.6918060129541 42.5793377120875 24.1660919471891 47.0106370941726 43.9089968002003 38.0131556174964 46.2385120867876 26.9072480941474 30.5286750449475 41.5932686861708 55.9732078766261 60.8111831820431 12.6491106406735 26.5706605111728 40.5215991787096 14.142135623731 22.2036033111745 21.0237960416286 36.0555127546399 20.3960780543711 25.4950975679639 40.2243707222375 33.2415402771893 12.369316876853 14.2126704035519 11.1803398874989 9.21954445729289 35.3553390593274 30.4630924234556 14.560219778561 16.2788205960997 14.7648230602334 23.1948270094864 31.9061122670876 32.7566787083184 25.0599281722833 27.0739727413618 36.1247837363769 38.8329756778952 33.9558536926993 40.1621712560464 20.591260281974 37.1214223865412 25.4558441227157 18.2482875908947 39.1152144312159 16.1245154965971 20.8806130178211 21.2132034355964 39.6610640301039 45.2769256906871 11.3137084989848 7.07106781186548 24.2074368738204 11.4017542509914 16.7630546142402 28.0713376952364 35.3553390593274 21.0237960416286 25.4950975679639 16.4924225024706 18.0277563773199 34.0147027033899 39.6988664825584 21.8403296678416 18.0277563773199 27.2029410174709 10.295630140987 34.4383507154451 31.5753068076939 24.738633753706 14.560219778561 34.928498393146 37.6430604494374 41.3037528561268 23.259406699226 11.1803398874989 13.9283882771841 16.6433169770932 21.8403296678416 9.05538513813742 29.732137494637 37.0135110466435 42.0594816896262 27.2029410174709 17.0293863659264 44.6542271235322 42.3792402008342 44.0113621693308 47.4130783645188 27.3130005674953 26.8328157299975 49.6789693934969 26.4196896272458 22.8254244210267 34.928498393146 35.0142828000232 37.1214223865412 40.2243707222375 16.4924225024706 14.0356688476182 46.0977222864644 54.0370243444252 33.3016516106934 34.0147027033899 39.8497176903426 21.5870331449229 50.6951674225463 41.3400532171888 41.2310562561766 30 50.1597448159378 40.3112887414927 49.6588360717405 25.7099202643649 6.08276253029822 14.2126704035519 26.9258240356725 11.1803398874989 19.8494332412792 26.3058928759318 43.6577599058861 54.561891462815 20.8806130178211 27.0185121722126 60.4152298679729 53.2541078227774 45 46.3896540189728 43.6577599058861 39.5979797464467 63.7808748764079 22.0227155455452 11.6619037896906 22.2036033111745 21.095023109729 37.6430604494374 33.2415402771893 18.0277563773199 14.0356688476182 35.8050275799363 45.6179789118282 23.7065391822594 30 45.2216762183801 27.5862284482674 46.2709412050371 29.698484809835 39.2045915678253 32.2024843762092 52.2015325445527 26.3058928759318 36.8917334913934 12.0830459735946 15.8113883008419 25.0798724079689 33.9411254969543 7.21110255092798 14.0356688476182 13 30.4138126514911 44.2040722106007 9.21954445729289 17.464249196573 54.1202365109392 41.7252920900501 31.0161248385416 32.7566787083184 40.0124980474851 30.4138126514911 54.7083174663597 23.0867927612304 24.2074368738204 16.2788205960997 31 32.7566787083184 12.369316876853 34.0147027033899 46.0977222864644 35.8050275799363 12.0415945787923 12.8062484748657 21.0237960416286 47.6759897642409 41 23.3452350598575 8 26.9258240356725 35 43.8292140016223 25.4950975679639 13.4536240470737 26 43.2666153055679 47.927027865287 45.2769256906871 43.0116263352131 26.6270539113887 35.1710107901379 16.1554944214035 8.48528137423857 39 19.1049731745428 23.7697286480094 9 31.6227766016838 37.6430604494374 22.8254244210267 7.28010988928052 19.313207915828 28.3196045170126 34.0147027033899 28.0713376952364 43.0116263352131 31.4006369362152 14.2126704035519 39.6988664825584 54.0370243444252 45.6179789118282 12.0415945787923 21.9317121994613 22.8254244210267 46.1735855224608 44.2944691807002 15.8113883008419 20.0249843945008 24.0831891575846 36.0555127546399 38.8329756778952 37.4833296279826 23.7065391822594 37.1079506305589 50.2095608425328 53.0094331227943 47.169905660283 52.773099207835 34.2052627529741 46.690470119715 27.8926513619627 9.21954445729289 50 28.1780056072107 12.0830459735946 15.6204993518133 43.4165866921848 49.4772675074119 19.0262975904404 15.2315462117278 10 12.0415945787923 12.0830459735946 10.6301458127346 25.0798724079689 26.6270539113887 11.1803398874989 21.8403296678416 33.3016516106934 23.7065391822594 12.8062484748657 21.9317121994613 14.2126704035519 40.3112887414927 30.0166620396073 25.7099202643649 10 23.43074902772 26.2488094968134 40.3112887414927 22.6715680975093 20.0249843945008 16 30.5286750449475 35.7351367704113 35.1283361405006 30.886890422961 13.8924439894498 26.0192236625154 17.464249196573 21.2602916254693 28.4429253066558 6.40312423743285 31.2569992161756 20.6155281280883 29.732137494637 35 21.4709105535839 6.70820393249937 31.0644491340181 8.06225774829855 20.8806130178211 24.7588368062799 38.2753184180093 12.5299640861417 9.21954445729289 18.0277563773199 34.0147027033899 30 21.0237960416286 22.8254244210267 14.2126704035519 26.9258240356725 21.4709105535839 16.7630546142402 22.8473193175917 9.8488578017961 14.0356688476182 26.1725046566048 36.7695526217005 32.5729949498047 27.3130005674953 29.1547594742265 30.4795013082563 24.738633753706 36.2215405525497 16.0312195418814 37 31.3847096529504 27.459060435492 37.4833296279826 15.6524758424985 26.6270539113887 30.0166620396073 43.8406204335659 48.91829923454 10.0498756211209 14.3178210632764 32.7566787083184 29.1547594742265 41.8688428309166 50.1198563445667 61.0737259384099 15.0332963783729 35.3553390593274 27.2029410174709 39.8497176903426 45.2216762183801 47.6759897642409 46.1735855224608 40.3112887414927 26.9258240356725 18.3847763108502 32.2800247831379 49.6487663492256 22.0907220343745 14.422205101856 14.422205101856 61.5873363606513 59.4810894318522 48.91829923454 33.8378486313773 27.1661554144122 13.1529464379659 48.3011387029333 33.9705755029261 56.6392090340252 57.7754273026172 53.0377224247045 54.4058820349418 39.1152144312159 43.6577599058861 56.5685424949238 68.5054742338158 72.8010988928052 27.1661554144122 41.2310562561766 54.9181208709839 18.1107702762748 26.9258240356725 37.6563407675255 45.6508488420533 17.8885438199983 30.4630924234556 10.295630140987 21.5870331449229 27.5862284482674 41 44.2944691807002 30.0166620396073 21.4709105535839 18.3847763108502 35.3836120259083 40.0124980474851 24.2074368738204 10.295630140987 29.0172362570938 47.7598157450382 50 33.5410196624968 15.52417469626 10.770329614269 6.40312423743285 30.0166620396073 18.9736659610103 39.8246155034798 46.3896540189728 48.3838816136118 36.7967389859482 26.3058928759318 46.690470119715 49.8196748283246 54.230987451825 57.706152185014 28.2842712474619 33.734255586866 54.2033209314706 24.738633753706 36.0138862107382 35.4682957019364 50.5964425626941 18.8679622641132 14.560219778561 34.4383507154451 50.6951674225463 46.2709412050371 23.3452350598575 15.8113883008419 25.7099202643649 16.7630546142402 32.2800247831379 35.3836120259083 29.6816441593117 11.4017542509914 25.4950975679639 23.1948270094864 46.9574275274956 36.7695526217005 41.4366987102013 45.6179789118282 45.6070170039655 36.4005494464026 52.773099207835 32.5576411921994 51.478150704935 38.8329756778952 24.5967477524977 53.0094331227943 30.0665927567458 11.6619037896906 30.2324329156619 53.7121960079831 59.4810894318522 7.21110255092798 21.0237960416286 23.0217288664427 22.0227155455452 18.6010752377383 8.54400374531753 23 35.3411940941446 16.2788205960997 31.5753068076939 41.3400532171888 29.698484809835 8 20.0249843945008 10 22.8473193175917 49.6487663492256 40.0124980474851 29.6816441593117 30.8058436014987 35.9026461420325 48.0104155366312 17.7200451466693 10.0498756211209 18.8679622641132 39.3954312071844 45.3541618817943 45.0998891351187 36.7967389859482 23.0867927612304 27.5136329843952 9.21954445729289 15.2315462117278 31.7647603485372 14.8660687473185 31.5753068076939 12.0415945787923 24.1660919471891 30.0832179129826 27.5862284482674 9.21954445729289 26.9258240356725 17.2626765016321 30.6757233003559 34.0587727318528 48.0208288141719 7.61577310586391 14.7648230602334 24.738633753706 41.2310562561766 39.2045915678253 26.9258240356725 24.0831891575846 23.43074902772 9.8488578017961 22.0907220343745 24.2074368738204 11.4017542509914 30.8058436014987 14.142135623731 17.2046505340853 46.0977222864644 39.8246155034798 37.1618083521241 35.7351367704113 34.6698716467194 25 45 25.1793566240283 46.8187996428785 39.8246155034798 31.2569992161756 47.0744091837593 25.4950975679639 23.0217288664427 35.4400902933387 53.1507290636732 58.4123274660409 5.09901951359278 21.6333076527839 32.9848450049413 14.7648230602334 27.5862284482674 35.7770876399966 46.7546789102438 7.61577310586391 23.1948270094864 14.560219778561 30 32.2024843762092 35 36.0555127546399 26.2488094968134 14.0356688476182 14.422205101856 10.295630140987 25.4950975679639 35.9026461420325 14.142135623731 20.3960780543711 47.169905660283 45.8911756223351 34.6554469023269 24.0208242989286 21.0237960416286 11.1803398874989 36.4005494464026 19.8494332412792 42.8018691180654 43.6577599058861 41.4366987102013 41.182520563948 24.6981780704569 37.0135110466435 44 54.0832691319598 58.4123274660409 18.6010752377383 28.0713376952364 45.6946386351835 31.9061122670876 45.7930125674212 50.9116882454314 64.2028036770981 14.7648230602334 31.9061122670876 34.928498393146 50.1597448159378 52.2015325445527 43.8292140016223 38.8329756778952 40.3112887414927 26.1725046566048 14.422205101856 29.0172362570938 23.1948270094864 48.0104155366312 17.2046505340853 20.3960780543711 62.9364759102383 56.938563381947 52.6972485050216 44.1021541423999 39.319206502675 25.7099202643649 56.7538544946508 38.9101529166874 61.773780845922 57.0087712549569 47.1274866717927 60.9261848469113 41.4004830889689 33.1360830515618 52 70.0071424927486 75.0732975164938 21.0237960416286 38.8329756778952 46.0434577328854 32.4499614791759 20.8806130178211 12.0415945787923 7.81024967590665 48.91829923454 32.7566787083184 37.6430604494374 40.3112887414927 26.3058928759318 25.4950975679639 37.4833296279826 22.6715680975093 36.7695526217005 61.5873363606513 47.7598157450382 46.9574275274956 17.7200451466693 46.0977222864644 47.169905660283 62.9364759102383 16.7630546142402 15.0332963783729 41.0121933088198 49.3659801887899 53.851648071345 31.6227766016838 28.7923600977759 16.6433169770932 10.0498756211209 31.0161248385416 22.8254244210267 22.4722050542442 49.2442890089805 25.3179778023443 7.07106781186548 12.5299640861417 43.8292140016223 25.9422435421457 43.0464865000618 32.0624390837628 26.9258240356725 14.7648230602334 24.1660919471891 44.9444101084885 25.0599281722833 41.3037528561268 49.6588360717405 36.8917334913934 13.4536240470737 23.7065391822594 20.0249843945008 32.5729949498047 59.4810894318522 50 36.7695526217005 10.0498756211209 39.8246155034798 45.8911756223351 56.938563381947 16.7630546142402 25 48.3838816136118 54.9181208709839 55.145262715849 43.6004587131833 32.5576411921994 31.4006369362152 7.21110255092798 15.52417469626 36.7967389859482 24.3310501211929 35.7770876399966 9.05538513813742 21 27.0185121722126 36.0555127546399 18.3847763108502 27.1661554144122 20.8086520466848 7.07106781186548 10.6301458127346 12.2065556157337 38.0131556174964 27.0739727413618 23.259406699226 25.7099202643649 12.0830459735946 26 37.1079506305589 16 27.3130005674953 48.91829923454 33.5410196624968 41.4366987102013 18.8679622641132 37.1618083521241 34.6554469023269 52.6972485050216 15.0332963783729 25 26 34.3656805548792 39.8246155034798 18.6010752377383 15 10.0498756211209 18.3575597506858 34 13 11.7046999107196 47.169905660283 30.6104557300279 20.8806130178211 24.1867732448956 36.4005494464026 22.2036033111745 45.3100430368368 22.0227155455452 21.5870331449229 33.9558536926993 36.6742416417845 31.2569992161756 36.1247837363769 11.1803398874989 6.08276253029822 15.8113883008419 43.2666153055679 50.2095608425328 30.5286750449475 29.1547594742265 33.8378486313773 15.52417469626 45.6179789118282 39.3954312071844 35.7351367704113 24.0208242989286 44.1021541423999 41.0121933088198 48.3838816136118 26 9.4339811320566 21.0237960416286 15.556349186104 16.6433169770932 28.7923600977759 42.9534631898291 51.6139516022558 24.1867732448956 24.5967477524977 55.7584074378026 51 46.3896540189728 48.5077313425396 38.4837628097877 36.4005494464026 60.1082357085949 25.0599281722833 29 41.1096095821889 45.6070170039655 28.6356421265527 38.8329756778952 13.9283882771841 14.2126704035519 25.0798724079689 47.927027865287 53.0094331227943 35.7351367704113 30.4795013082563 27.1661554144122 10.770329614269 45.6070170039655 45.3541618817943 34.6698716467194 21.0237960416286 39.319206502675 49.3659801887899 54.9181208709839 34.3656805548792 9.4339811320566 14.0356688476182 24.8394846967484 22.3606797749979 38.0788655293195 50.1597448159378 55.9016994374947 33.6154726279432 30.5941170815567 56.6392090340252 56.302753041037 55.1089829338194 57.567351858497 38.4187454245971 40.7185461430047 63.0079360080935 23.0867927612304 33.1058907144937 43.4165866921848 51.9711458407451 17.6918060129541 33.9558536926993 16.6433169770932 26.9258240356725 33.9411254969543 45.2769256906871 47.169905660283 35.1283361405006 24.738633753706 13.1529464379659 6.40312423743285 36.4005494464026 45.0998891351187 25 11.1803398874989 25.7099202643649 53.851648071345 55.145262715849 39.8246155034798 21.0237960416286 14.0356688476182 36.0555127546399 25.0798724079689 46.2276973253049 51.9711458407451 52.1727898429823 43.139309220246 32.0156211871642 48.0104155366312 54.230987451825 60.4152298679729 64.007812023221 29.6816441593117 38.1182371050918 56.859475903318 28.1602556806574 18.8679622641132 29.0688837074973 25.3179778023443 42.5793377120875 40.1621712560464 21.8403296678416 11.1803398874989 7.21110255092798 43.0116263352131 52.773099207835 30.886890422961 36.2215405525497 48.3011387029333 30.0166620396073 52.773099207835 36.7967389859482 45 36.4005494464026 56.7538544946508 31.6227766016838 43.6004587131833 18.6010752377383 15.556349186104 24.8394846967484 36.0555127546399 20.2237484161567 16.0312195418814 36.8917334913934 51.4003891035856 10.0498756211209 24.5967477524977 61.0327780786685 48.7954915950234 35.3553390593274 36.0138862107382 46.2709412050371 37.589892258425 61.9112267686564 8 8.06225774829855 19.0262975904404 27.2029410174709 24.1660919471891 20.591260281974 9.05538513813742 19.8494332412792 14.0356688476182 26.6270539113887 34.2052627529741 13.8924439894498 16.0312195418814 33.9705755029261 18.9736659610103 32.5576411921994 23.0867927612304 25.1793566240283 19.8494332412792 38.9101529166874 28.7923600977759 32.5576411921994 15 16.6433169770932 22.3606797749979 25.0798724079689 20.2237484161567 23.0217288664427 28 35 22.1359436211787 8.24621125123532 41.2310562561766 34.4383507154451 35.3411940941446 39.1152144312159 26.0768096208106 19.8494332412792 43.9317652729776 29.9666481275434 16.1554944214035 18.9736659610103 9.48683298050514 47.0106370941726 37.1214223865412 29.732137494637 26.3058928759318 13 35.1710107901379 46.690470119715 26.0192236625154 37 56.6392090340252 39.8246155034798 51.478150704935 27.5136329843952 46.8187996428785 42.8018691180654 61.773780845922 16.6433169770932 31.4006369362152 10.0498756211209 28.7923600977759 38.0788655293195 46.2276973253049 16.0312195418814 23.0217288664427 24.2074368738204 42.7200187265877 6.32455532033676 21.5870331449229 57.0788927713213 38.4707681233427 19.4164878389476 20.0997512422418 46.3249392876019 32.0624390837628 54.4058820349418 29.1204395571221 21.3775583264319 9.05538513813742 17.0880074906351 43.9089968002003 25.4558441227157 37.0135110466435 43.6577599058861 30.4138126514911 16.1554944214035 27.8926513619627 17.464249196573 31.3847096529504 57.7754273026172 46.3896540189728 38.8329756778952 9.21954445729289 39.8246155034798 43.6577599058861 57.0087712549569 10.0498756211209 7.21110255092798 18.3575597506858 42.9534631898291 50.1597448159378 51.9711458407451 36.8917334913934 28 24.2074368738204 21 29.698484809835 20.0997512422418 39.8497176903426 15.2970585407784 15.52417469626 21.5870331449229 36.7695526217005 18.3847763108502 33.0151480384384 30.8706980808663 32.649655434629 23.7697286480094 37.4833296279826 38.0131556174964 18.2482875908947 42.0594816896262 54.561891462815 44.2040722106007 8.48528137423857 9.21954445729289 21.2602916254693 27.459060435492 53.0377224247045 48.3838816136118 24.5967477524977 15.2315462117278 31.2569992161756 41.4366987102013 47.1274866717927 31.0161248385416 15.52417469626 34 51.6139516022558 55.9016994374947 52.1727898429823 51.4003891035856 35 42.7200187265877 21 46.9574275274956 27.5862284482674 20.8086520466848 6.70820393249937 36.2215405525497 42.2965719651132 26.4764045897475 15.2643375224737 12.0415945787923 29.8328677803526 17 23.3238075793812 15.8113883008419 46.2385120867876 39.1152144312159 27.2029410174709 20.8806130178211 9.21954445729289 39 50 28.4429253066558 37.4833296279826 54.4058820349418 36.7967389859482 53.0094331227943 31.7647603485372 47.0744091837593 41.182520563948 60.9261848469113 22.8254244210267 36.7967389859482 13 24.1867732448956 33.6154726279432 43.139309220246 10.0498756211209 22.1359436211787 6.32455532033676 29.698484809835 46.9574275274956 23.0217288664427 59.6824932455071 43.2666153055679 25.7099202643649 26 47.2652091923859 34.928498393146 58.309518948453 10 6.08276253029822 11.4017542509914 22.8035085019828 26.9072480941474 16.1245154965971 17.0293863659264 27.0185121722126 17.464249196573 19.1049731745428 28.1780056072107 6.40312423743285 15.6524758424985 39.1152144312159 26.3058928759318 30.0665927567458 14.8660687473185 25.4950975679639 24.6981780704569 41.4004830889689 22.4722050542442 24.3310501211929 11.7046999107196 24.5967477524977 30.5941170815567 32.0156211871642 24.5967477524977 8.24621125123532 21.5870331449229 20.0997512422418 27.5862284482674 23.0217288664427 36.8781778291715 26.4196896272458 29.4108823397055 33.9705755029261 24.738633753706 13.0384048104053 37.4432904536981 34 42.9534631898291 39.1152144312159 54.3323108288245 30.5286750449475 20.8806130178211 44.6542271235322 60.4152298679729 54.1202365109392 23.7697286480094 12.0830459735946 31.2569992161756 26.6270539113887 43.6577599058861 46.690470119715 11.6619037896906 31.5753068076939 23.0217288664427 37.0135110466435 33.1360830515618 49.2442890089805 35.7770876399966 47.169905660283 55.7584074378026 56.6392090340252 48.0104155366312 61.0327780786685 41.2310562561766 57.0788927713213 39.8497176903426 20.8086520466848 59.6824932455071 36.8781778291715 27.459060435492 55.3624421426656 61.400325732035 18.4390889145858 25.0199920063936 13.9283882771841 31.7804971641414 30.6104557300279 20 32.2800247831379 41.5932686861708 21.2132034355964 42.3792402008342 53.2541078227774 41.7252920900501 9 15.6204993518133 20.6155281280883 30.0166620396073 56.5685424949238 49.8196748283246 30.2324329156619 12.0415945787923 35.4400902933387 44 52 25.3179778023443 9.05538513813742 30.6104557300279 51 56.302753041037 54.230987451825 48.7954915950234 34.4383507154451 38.4707681233427 15.2970585407784 6.70820393249937 43.2666153055679 26.4196896272458 27.459060435492 30.0166620396073 36.0555127546399 31.0161248385416 16.1245154965971 18.1107702762748 39.4081209904761 27.3130005674953 19.1049731745428 10.0498756211209 55.9732078766261 39.6610640301039 44.0113621693308 45 31.0161248385416 31.6227766016838 43.4165866921848 29.732137494637 43.8406204335659 68.5054742338158 54.230987451825 53.7121960079831 24.1660919471891 53.1507290636732 54.0832691319598 70.0071424927486 7.07106781186548 21 20.8806130178211 46.3896540189728 55.1089829338194 60.4152298679729 35.3553390593274 35.3411940941446 19.4164878389476 15.52417469626 36.2215405525497 25.7099202643649 29.4108823397055 55.3624421426656 30.0166620396073 6.08276253029822 50.8035431835222 32.7566787083184 48.0936586256442 43.9317652729776 31.0644491340181 24.4131112314674 12.0830459735946 60.8111831820431 45.2769256906871 47.4130783645188 46.3896540189728 32.7566787083184 37.6430604494374 49.4772675074119 35 48.91829923454 72.8010988928052 57.706152185014 59.4810894318522 30.0832179129826 58.4123274660409 58.4123274660409 75.0732975164938 12.5299640861417 27.0185121722126 24.1867732448956 48.5077313425396 57.567351858497 64.007812023221 36.0138862107382 39.1152144312159 20.0997512422418 21.5870331449229 42.2965719651132 26 33.9705755029261 61.400325732035 36.0555127546399 6.08276253029822 56.302753041037 38.4707681233427 54.1479454827235 18.1107702762748 30.4138126514911 31.9061122670876 46.518813398452 12.6491106406735 11.3137084989848 27.3130005674953 43.6577599058861 40.0124980474851 22.8254244210267 19.0262975904404 21.4709105535839 10.0498756211209 27.1661554144122 28.2842712474619 7.21110255092798 27.5862284482674 5.09901951359278 18.6010752377383 21.0237960416286 43.8292140016223 36.0555127546399 36.4005494464026 38.4837628097877 38.4187454245971 29.6816441593117 46.2709412050371 26.0768096208106 46.3249392876019 36.7695526217005 26.4764045897475 47.2652091923859 24.738633753706 18.4390889145858 31.0161248385416 50.8035431835222 56.302753041037 18.3847763108502 27.8926513619627 15.8113883008419 18.7882942280559 14.560219778561 29.8328677803526 26.5706605111728 7.07106781186548 26.8328157299975 39.5979797464467 30.4138126514911 7.28010988928052 15.2315462117278 6.70820393249937 14.3178210632764 41.2310562561766 33.734255586866 21.0237960416286 9.21954445729289 21.6333076527839 28.0713376952364 38.8329756778952 25.9422435421457 18.3847763108502 22.2036033111745 36.4005494464026 40.7185461430047 38.1182371050918 37.589892258425 19.8494332412792 32.0624390837628 18.3847763108502 15.2643375224737 34.928498393146 13.0384048104053 25.0199920063936 16.1245154965971 32.7566787083184 38.4707681233427 18.3847763108502 24.4131112314674 38.2883794381533 43.0464865000618 35.4400902933387 49.4974746830583 40.5215991787096 24.2074368738204 49.6789693934969 63.7808748764079 54.7083174663597 19.313207915828 10 31.0644491340181 32.7566787083184 54.9181208709839 54.2033209314706 23.0217288664427 26.9258240356725 32.9848450049413 45.6946386351835 46.0434577328854 43.0464865000618 27.1661554144122 45.3100430368368 60.1082357085949 63.0079360080935 56.859475903318 61.9112267686564 43.9317652729776 54.4058820349418 33.0151480384384 12.0415945787923 58.309518948453 37.4432904536981 13.9283882771841 18.1107702762748 48.0936586256442 54.1479454827235 27.8926513619627 24.4131112314674
Deviation Vector:
3.62368450842135 14.5072370069783 14.6351894115455 20.3613831361606 3.63109036564412 15.0919506748998 36.386461197912 11.4483418687946 27.7936266600148 17.265836871243 4.2980904036749 6.88307641552947 47.2697790753146 3.32832617403795 37.8597178288116 13.7353243964053 4.48457974365899 20.3300231582771 8.37427694643002 39.1597872886293 41.4119223905601 11.1424292701699 11.985179448853 24.3413843652345 8.67534592370808 0.699182764808236 2.36793657353875 18.6237516274804 42.0739613800077 9.64923105299535 33.7863410743827 0.793186866824926 34.0886771021029 50.2779222691801 49.764576881648 55.326128105749 23.1698878166456 16.0280408919178 5.8528321719901 11.9040607980533 20.0801042049687 9.79291556250343 2.61773915190147 35.9337488894584 11.626433779896 36.8552174594859 7.18044421937633 23.0783928331586 46.4380186629928 10.6111405507399 11.145832388069 43.1454440310304 38.0638316694929 38.8232403778723 6.98418042705015 5.00261434002063 30.4230922931496 30.74835653222 16.382160733242 24.8072033275733 6.95816542299379 6.27617810367111 29.0184175784078 11.9279115131412 4.64962694101212 5.13638003533826 26.1664203162469 32.6172964062077 0.798161661336941 2.48500900124114 4.60039463746398 0.922677382622976 20.079718833512 22.9584403929513 0.419678264832455 41.0449825286844 15.5732229035884 27.086051745599 14.2239590065677 7.02289153436464 23.0589722819611 44.7994251297654 33.6014420582312 36.3445727592017 23.1231977435764 7.7131738788005 23.7313031284402 3.88804482915213 10.8305008669403 15.2519379872337 53.1181396413505 14.1789457708032 32.161171882756 3.70905247392299 25.0955648836396 41.2577097654914 54.5366661750417 8.79212590851606 15.5416774585733 11.6468931273169 29.7563062743653 7.50537488852047 48.5019021841923 44.5422253963945 19.4665293120579 21.4523539017777 11.3690745430262 5.36415003126129 3.11421020637742 3.48578295911215 31.0355216792202 0.291744766067565 28.9646044465238 18.6845901232842 41.7749610675763 8.033547618313 39.4354116138415 37.1406436152874 13.2593113639404 7.72863589065478 6.48013355953224 4.46110696621131 31.1753531667289 36.3167611559499 11.7676603914851 50.1767023370139 24.2603179452536 0.0676227671172128 27.6502438427595 98.7352149463481 50.1403285236608 80.8899157177703 3.97624916749882 28.2903497286008 70.3508710937029 76.7877386984746 0.72962861747072 27.4004702788485 17.35393747777 8.32285362697727 65.6541704543185 30.5997257746608 6.11498210631927 36.1607064816814 12.8464393520325 26.5007024299388 9.54680638714847 13.2898279612277 24.2915858978481 51.3411489627833 43.4411421026954 12.0166029913966 12.9128582246766 27.9664502083979 18.0951133480812 0.00845198333656974 10.2099881523349 36.3637494407667 0.106119666316216 65.3699490018513 23.6778288426906 23.1516331525913 47.8209026001672 50.2076164871401 2.09616333778123 36.6308695440729 24.056327339558 1.97235805135996 10.1333207397758 12.5004910308664 7.25192663082865 17.2209082593498 9.80592982733519 4.76654952592381 2.80862665021167 49.6701575888916 24.7360246433042 16.9127723776961 7.17493788142253 46.2644832338777 24.5892366702734 67.0754799785297 28.6362613390967 39.1220634444439 24.1563616083976 6.27904747011126 38.4873996097509 30.7708482341009 40.7793315893255 34.7401035699813 46.6308035706443 52.9256080533497 3.92247764428083 13.1518170166017 23.4118711456136 5.29044598587344 0.781435946081983 31.1408062274594 19.1635891536333 14.4659708579272 14.1158756885578 36.8396377878118 39.7744457903517 2.65824370099559 21.9121329056975 15.5043650055651 11.3425837300988 16.4669619798506 6.25486164627317 21.2553370234925 7.40745359578609 23.5527235622681 32.6764732936164 0.436079535477821 26.239479103105 8.3345126313835 4.84213918858519 0.255158583657453 57.3241835785261 51.4302120919424 33.8284783191577 14.0621573080696 28.1603557917015 29.3352163647931 21.4945465128615 52.2721632479199 24.6138658403983 25.3300210446895 25.2699204598413 17.1194561210212 13.4017424663223 1.34135411481436 9.52824669379194 36.1301645078941 3.80210125577715 21.1697978972096 35.1714297108964 55.2866385238183 2.15062262026753 37.178384049139 23.0435297686742 10.0474264705239 48.5424613220055 46.8310228870972 12.4707961250707 10.8490828767782 41.1373669652763 7.72014760063216 20.9682063902334 43.0076808280381 15.7862500048276 21.1291960769219 14.6224683094997 52.576911054727 40.3624271989273 37.1344322888819 12.373739593664 12.2200887679519 19.6936432577587 14.6686379054966 11.8534551101279 43.9818982443552 29.2477383293542 43.3274534931884 36.6001714273761 19.1351926896191 29.770338088056 41.1940525424881 46.6984269480172 36.4597309465192 21.9581329989166 22.3229576954926 65.8897837993876 15.9760153072164 8.79322864422724 9.46437748470381 42.2447300040439 10.0648214556647 41.0614946277055 3.1173389280254 0.0961969719869694 1.50219107306968 0.747331144670738 14.1696463017884 48.6175425117621 39.4926508872453 8.54160361353533 46.1176451644485 10.0061660352397 65.1021263349815 47.440072498581 77.7997930714465 57.7210978967054 37.0048220152479 24.5489106789533 7.00118469809191 3.44646776367117 43.6609705278291 5.55300476031636 25.8746595155873 20.1019795899604 56.7821650494141 27.7790102147913 9.69128578670692 7.53750872975725 54.0333742069487 39.1467086938074 66.8464043188785 54.0671048081813 5.65623461857069 1.90650375108537 74.7736970661037 3.57088678877315 0.722763682245699 35.4779554842726 33.5717854359905 39.6387502076218 12.2057385691987 15.770944828121 18.1770536716155 11.4503116485075 37.8540165694071 28.9162005685287 3.76004432808212 71.22349745647 15.1242232772972 59.0566427082558 5.67635510516183 21.3051396212598 4.72258235761907 78.024551839923 34.3975173872113 53.3924078816831 4.56089272404765 2.29866319703736 2.50555611252332 43.1673056993481 6.34918093683313 22.2518506678481 10.5427731115824 30.7189086502384 0.317367987975145 3.29128428608943 20.471193171267 3.74274363318163 13.70638543993 35.2742284958197 36.7586350243606 27.8356691496187 11.7323044339118 43.2681561021552 23.443958404297 29.4256056456384 6.25593095250581 35.3649665399003 38.1353501777737 11.5350243862306 26.8982235030678 62.4777908416092 52.8477286031869 11.2882121534279 15.670587654293 24.3295371196733 36.1556754142023 65.6463086824023 30.4099302627513 6.86612328535165 33.5660775298703 19.4860985979502 35.8215521762575 10.9947550437865 21.0788310057331 21.436431634578 34.1044628600205 53.3240273663171 40.4610103886953 48.0324052090638 16.6032956781789 13.6977318315684 3.00588329057004 8.56424244361196 46.0336083099769 22.9551996800976 14.2266727187195 14.0818294310626 22.6415867849558 5.13360173097711 19.8776022719327 10.969466483076 28.8096929635181 20.4041115187139 27.8193157688377 30.5705590066262 10.8125506413063 49.4944326921158 15.1196513318095 61.6922366112711 43.669678539722 31.2064465675853 5.83300943473412 35.6487302724597 25.4579252552566 19.6162309135834 36.4798055599736 4.38332849424864 30.787318598742 2.18827945528044 50.2598262169296 20.7620342882947 18.0041507220759 37.4567178020638 57.2930146428669 1.72357092652756 61.2365367157006 24.3458155461447 84.3828799693709 8.37498721106376 30.465813674468 23.5269836370638 1.15494611443759 25.8934898849174 44.0697654791494 11.3959193317311 25.1005940068556 8.20654042851787 44.1837561535783 19.8704987762106 1.77718553153836 0.748093037875983 1.22952885901226 7.26291369013917 0.785630444955135 30.5332090065475 27.3172179219376 10.0341384510224 32.6439720865089 31.2042929340203 23.4302154200379 16.1650198547714 32.2762201620407 20.873697007665 49.0163769593426 41.7015062531969 38.6419006524128 7.44801810362279 6.53866125150541 38.7334100703849 39.8939379453855 21.1201368214173 13.8725689393772 17.8386927301642 44.2494552096182 22.5272476626929 15.1651027116644 44.1680794570956 11.38365539164 34.4681062559993 14.8100151958415 19.9015759721868 39.8066203124866 6.08377364949805 48.0474592075995 30.3755816355156 16.0915974091261 32.7861961743674 15.9865350000179 2.74726574921438 7.68603572273936 0.859158955932078 0.949411848690154 2.29627343219495 60.292573343862 15.8054876962788 13.6635881131899 26.1742091064403 12.9212146473761 4.04225630381471 27.3554002074237 31.259835471387 15.1551293027161 9.89742494426601 18.4239941639396 14.9091391732091 22.8010769326984 12.7030237935914 9.72746873046995 5.00009666908168 36.3344948445142 50.1973452655231 30.7854461546082 22.1969362106635 26.3602782074223 25.6778130873724 22.0384591750154 22.5410435399386 12.8895767463447 42.4635854349516 5.19701887766871 22.3321623782653 22.8458511159578 6.25024413793128 20.6675162302655 61.7475866703538 73.1890199182509 5.46927707657117 17.6681101037023 8.17848931207081 19.7947780649259 38.0509250976242 81.1536807393326 7.26294034965697 19.1884028582517 30.0851860992076 27.4294202779801 25.8235734856956 23.2615154484358 3.57729144854489 38.7427722504597 60.5699931306684 43.5149817802065 6.24820489755282 20.580440934831 42.4304775794459 30.4370743544029 17.9699926820404 9.14856708490342 6.14906192227575 57.8543735695859 40.2892706823556 23.5386951757076 21.8924938909858 13.920238110958 66.8568392635522 19.9741643938605 52.5690360187817 17.450186788421 10.3759297861047 64.0799304187784 38.3716356553202 48.2176145801668 66.2224821309664 75.3499180501196 54.9279508792017 10.737453386763 19.8688687076409 77.0236218356908 16.4742763307725 14.9956442404562 23.1676761424131 35.8747535730084 9.77938962833267 29.0952158530496 14.6549068485511 30.2498540328782 19.4916916974271 42.7654433741462 18.1293198589659 24.2059234810871 8.36003275407981 22.6664819766611 53.1478969423615 47.8245133590446 16.0951518291491 12.9711526166305 4.55216781720188 76.0824940720653 78.095223315674 11.8235811493687 17.7672648680357 9.87153383238734 9.32907372938921 20.6755877795369 7.40189675550124 23.3015567023344 50.2889279471507 42.1909896680774 13.2937863141053 9.66344235462459 66.7173811259875 48.6497054400666 62.5391587004761 20.1549244948141 8.63427080429824 32.0564651997148 6.73313875828871 25.031560052739 13.216321520272 18.922721181993 9.71003806099151 14.2706706484477 2.03929498718427 2.32852343334829 16.4879854434033 37.2455141096886 30.9904253338098 7.62292135227538 19.8383283321651 21.1724561115438 26.9417789680032 10.2529707227841 16.4212553404152 7.58487908817591 24.9487320598199 21.881080404063 58.712856830167 16.0417837292151 7.83235758567328 73.5187780200366 36.6510741104929 58.8942374334874 50.7565759781368 10.7597166088203 17.5474471227 49.2035694302218 31.5022000497257 24.6542519999524 19.6200038808198 0.249325088558032 30.1901877737013 45.3579675519443 46.2598399649951 8.21100852243077 19.1753282908172 25.3920759207432 6.98693469120734 11.4064719016877 13.5429053160644 25.0442837880395 8.83222282262104 12.9149413007443 43.5312332206923 33.2026407903782 43.3181042318782 5.84697738219303 2.40648017531797 10.8259311944695 26.6662755865855 15.3510863294694 42.7279865114173 10.2233537444102 9.26631297823726 14.479867976054 32.4029787766957 11.3704035470425 0.442395443613174 6.21353261710708 43.6013182653625 31.5924217540422 15.8163516238552 17.6262944208228 35.5775490866764 31.0469200425936 14.9142712896921 12.5929317252863 19.2187981801373 4.58758873614677 45.4678797780036 6.78865098536558 33.7715460065853 1.91177571242402 37.4379690046186 10.6004377606955 23.3368458292864 20.5318158877104 7.80100464685658 33.6120095592766 31.0033843066798 10.8254913968521 19.1363371371759 2.15582575582433 5.75357128988692 62.6047749570517 13.2058593783356 19.614799282668 14.3442328196609 5.26395149660948 25.2668549032339 2.24190212905356 14.0360715446814 46.0384953263807 8.08406846508573 19.7119535496388 45.9385332248777 22.419833408167 12.8637421337343 57.2327484586362 30.2168327385732 3.99478764762968 24.2551389202547 16.1825143825962 10.4565613180237 10.743996540359 5.19250836503292 51.3134492113668 37.2014002177387 9.67899194360583 15.9688354819591 25.429278066168 12.5901700248428 0.613501060070393 12.2353908657973 11.7123975403902 1.34131626027793 29.1320075174665 41.842893091515 32.8705188040396 12.1129461074558 15.9342801673712 11.5849038341438 35.8562117426609 17.8756892595323 47.8549548784478 25.765106766112 40.7289522791797 4.26548247977642 15.2983597022214 15.7202516095996 29.968515129135 43.8206838294616 6.21608102471385 3.9120906340144 68.1078238512977 32.5518091356766 12.4041923704067 21.8009916508921 11.3978298546726 8.7023028431834 49.4382768709628 20.257865718606 42.5406593408896 64.5476214785045 65.7251376357385 55.5544559592137 38.7597591492273 37.6000465578741 39.255931471482 34.9396045839082 57.2445874595972 29.3739969497238 40.4701101383846 25.0804223600029 16.2055312093988 54.1560442645975 64.3251678254107 27.813744146893 21.9483502251603 22.2663318331736 11.6576373960803 51.9477454097564 15.2463301425485 33.8931527623654 47.6656195185587 4.41828237840922 38.8040516788483 22.8646933353023 29.5160789394957 9.24129424660352 35.4025571244043 12.8866200304546 28.9419739291577 6.60486241069589 34.229491575836 72.659445460568 64.1212837972242 21.3958030517506 19.7531893763004 40.8492115985382 46.3104768180875 7.53473925740368 38.3424617496287 47.3882162793129 40.8719185426624 48.8726217119793 18.6163035253307 16.0140891251848 112.970617217967 31.6807736238451 21.1464418913915 12.4697692911381 67.1149709765918 42.1168174711083 22.8520224474285 12.7490452039285 10.9929614136742 46.5063529001237 33.3392960095573 30.0523424768742 54.3845595119199 3.38909034055656 39.4503417869994 42.7972026200099 5.30013169838943 19.2006731262434 55.0732313641983 2.93052010173915 50.07286501981 0.641363241125796 36.0078779434901 29.7260242012673 9.95449357791094 24.3683153146604 0.140971535219989 33.9995407741515 49.7525431272481 30.7595729317757 35.954268434055 28.6537612145935 16.5299564638679 5.19037755662372 40.8264990124333 18.8192714725453 4.22514886345067 38.6255927326462 6.50399182353037 11.2820381574715 1.36220440245284 55.8681543914303 19.9113380409326 62.7544864680641 45.0000285697071 18.5397705357452 14.3698837105542 0.264510430021964 54.4159618692093 6.04283912981768 2.9864701453128 32.314974268856 10.2311754143251 11.4816671785997 30.3664199861352 8.72082208590709 22.1747770371662 76.7488900831694 63.2253809460777 2.28915380178446 2.36325575018861 30.8694859945645 48.5273041598163 69.9400039407698 21.6511226172548 18.6849149611177 20.6349135411477 81.2576395361916 84.4695032502356 29.7954830968465 47.1691812906434 0.443807107340981 2.39198256336209 9.15879682141862 54.163487103754 2.64904384559747 45.7417134624492 7.4151837771224 2.51623158396541 23.314636799167 38.2190452185367 3.53218631163807 41.1201349640799 27.8281459514759 7.39316348889524 12.4185360832369 1.78809957007375 3.80045761290148 22.5309441740522 32.8188936095895 4.17102850628948 12.8968650662739 14.5544013140372 45.2597229578589 10.7095698180498 6.14642913187055 16.6678462475506 36.7553002487129 3.24472176095373 4.64427712098828 5.68059806933182 52.9221734039795 13.7160341882851 7.28467667682784 12.2679941138118 2.75336415478357 20.3941246609499 5.69069565806471 17.2016918449319 10.698976012973 10.1082387467616 6.57987589761885 30.7832829402799 11.6104928786801 0.812521904066914 15.3111761632406 13.3157577455022 4.50823409001448 10.2690681869235 46.1270039569145 0.0123030496679733 26.5882921960883 15.5967691547753 12.0960515445524 6.11679283174646 50.521002013619 24.5484822199318 18.8162371181136 9.47026949190904 5.25356664284761 12.1275563225654 43.2626278187437 38.3817364766733 31.3619217133974 43.2795793176028 42.4715959681471 17.5918786986143 20.5999954907569 55.0765669243091 15.4238428090333 27.9804484538041 34.2897016287013 32.4014490641195 21.4769464299854 1.151163397456 8.10815507599985 16.1564229811896 7.45588374233613 17.8976900699396 34.3509091633009 5.16055867197579 55.532589968223 3.71312230559817 20.3748592346282 0.552858375052368 17.0165723671671 26.8861048788671 38.5777511798011 32.8853795630021 51.9296717189927 1.96110403107704 40.6356785496851 23.2052211684104 32.7667039746527 46.632646266032 18.8511801534792 16.5374905496348 7.37278807745866 15.7744724624771 4.95480406667569 46.0555227014852 34.3704535671866 34.8441616028582 3.79925871967444 29.6727795624713 10.9786575994323 44.8824289131652 10.6313414772966 51.9571408092702 9.10613627083911 56.1267350875424 79.9120761938529 82.8745642524701 54.3315323122354 7.74320766705621 21.3197887687729 7.16109857952072 31.3127670955427 26.1951077782309 57.3236132091553 67.1167943984343 24.2214084437814 34.8165817870524 21.2089007462499 85.4450856433283 29.4369254997351 59.4537146835254 12.1832350321856 43.3039182492842 32.5316488403684 11.8822624083497 13.1794243238527 50.5670407117522 77.4237634713142 9.24836870971846 21.4131920509626 14.6917605716295 40.5734757922436 29.3599479074403 34.1850690877002 14.7948501785428 23.4005211923912 18.4907536966418 2.58273108539696 3.97493422376643 57.0841711625951 4.01334293243308 22.7268851092336 15.006550798651 19.9741681694474 22.9166160236526 50.540789224988 59.635312523355 32.8721021992052 18.1194728566056 50.0704145133793 11.8221312809182 32.2383325169295 4.13039549698527 80.0786047737492 52.3578197432004 19.0221677449999 14.7212628312899 40.7838784595839 27.6431256440953 53.0864885199482 41.0395834671597 51.0896677774597 40.3640081120256 17.4970611999836 8.8485249434044 29.7531887358695 32.5964559044635 51.7941579247326 48.9939217504777 6.1571697011866 12.9501037670579 9.43854062772295 51.2265389713526 46.132850318726 14.1909690456652 58.5537037469007 7.93736641754111 9.92208369883186 81.9969718775067 53.5499197512624 4.18096684245291 14.5164742331716 29.871003368393 5.4512972930797 13.3995365913327 2.11441408154822 11.9245305592774 15.2502520283429 31.2136802774952 24.7556907812425 23.1382948323877 22.947574225112 48.2155768978561 5.29499998630367 30.5827030619312 85.8737306804936 75.6531644849814 31.9789287340729 35.9087159485517 52.932550975878 44.5973296304744 32.7526874290335 6.6121128477619 6.05528260263033 26.69770515751 34.9819944879433 17.9134416389628 32.2774401465031 14.6381770162448 13.2729679147459 19.6004647277448 2.212202383313 36.5134571682945 4.11848777873965 4.09543411080932 46.7029601643147 7.78160971095091 33.2740400936088 8.36694691121386 32.1247943796086 12.3016574360561 6.98025883772236 7.8176383561801 50.7178926776865 10.5939970514446 25.212652892635 29.9286992285684 15.8086930864568 16.0381725082174 16.3266936055837 4.14282103896857 12.3588192888918 27.4090104787487 8.03570197222065 45.5262806695547 34.9572509631656 22.4095011688845 8.56984564172455 24.936026888089 12.3912216006963 39.0015162753927 21.7672539366767 11.4274553753624 6.24062718311365 9.70349241074588 45.2622123925696 2.87210685889348 42.6051050221756 9.42977639390678 5.71718295453763 38.0711323675677 45.6733116896372 16.1105200499983 50.0970945789268 51.5222503031114 52.7852998335441 63.96219043971 17.1069720391904 15.4236262379329 17.5146284172554 82.2177967554907 7.94535681817242 23.9370679986771 9.4751936686803 41.8025399692632 9.14427550153557 15.3262809635491 7.36805627937266 10.5723335838648 31.1741411685599 46.3028377396881 8.51922455028852 8.37207696467141 9.41023072773197 1.90707324404184 27.3901964260417 22.6659161093664 5.88060883612002 39.0291595179753 80.854637092248 16.503307814551 14.3956086369369 7.58847657564436 20.2647279134167 17.6087415938503 3.08826240631205 32.7570297807361 0.750648469471486 22.5999530656901 19.619786373315 11.8933247294872 7.81850002281029 2.05503673359542 68.678106458249 64.5049538926469 58.9228715480128 13.1733307239948 3.81107007684569 15.3065095221777 14.9212226691148 13.9038847861303 10.3441082198145 29.5326000391521 6.227033339588 80.2221500522351 1.6614991152201 57.3902013204516 30.8184568776732 3.84685846697513 24.0781580116066 28.5239502168372 14.5851468222767 7.71616158932536 2.63281979778867 4.42743377194197 12.8369370582817 10.7893346624399 21.513829187869 20.2004357333286 31.9978829540953 24.7578004587764 24.678918534803 55.6327244201845 31.3139316574457 10.9601441986071 52.5052285866753 38.9987222858773 17.8193217981949 11.4046668059214 9.82216570836214 14.134915476253 30.2377943399091 46.3277912410609 31.3163771115752 30.6516589168893 12.8931271850168 21.2303096192126 48.7071842707837 15.1179720761947 25.9955459082734 10.8000660859779 43.562167117078 80.7122569663232 49.7147754307149 75.8254818755122 11.4426876851368 51.9394597708158 5.14514123013456 29.2491514730291 22.0461611478714 31.9159351686508 10.9195039138439 10.1142436950015 36.7578097723219 57.0379218768769 12.7618662099546 9.72057724723774 5.26144354127378 26.405786439128 6.02689888844854 35.0394157493548 24.5072482096411 67.3102798811997 29.3146834211372 15.529533562402 22.4579456384349 14.7136535246238 48.7536967434862 31.2327496389671 8.25877444074867 17.3127714043735 71.8347196774418 57.829874790643 21.1667645505905 18.5292661303212 65.8387715684627 25.6122556196257 26.8664196334763 34.6729456545608 14.2915474199124 11.8359701101538 25.3877790236514 30.6959538182301 34.1601239173518 4.40300263723928 14.0635730660897 8.05663033620399 31.9238316843863 50.3508799754179 12.2623738107571 85.3134259058914 41.0264228520818 11.7307258505191 32.7295326392177 3.37107119155571 35.8767848356356 41.2844871776687 0.408966651335145 3.95926132726256 15.1948682683812 7.55388364846352 29.941787876765 16.5547323440531 4.70892113986623 40.8541418825029 28.1175925267614 0.931987509537461 14.3046935372157 2.71895725425041 24.5404491392671 35.0490416664612 35.120708793964 29.800252810249 2.71826391698641 12.7628330086768 35.3000390143986 33.8729515689664 3.32856066513677 21.3588306410595 3.0911956334632 16.7445431703105 20.8331168345645 38.8132483023166 27.967359177984 2.58464550910915 27.7100799226838 10.8104221833307 28.1781577646425 30.4932313672929 43.8384603473079 19.2279840891558 0.866310593744726 22.9358911950439 3.16964362678983 3.98939741521564 21.0020680541475 3.80080279633348 15.2379674404309 41.7968735229807 29.1448349624141 9.04385919666746 7.06304733327954 10.9474984493967 77.7775472944244 28.202533553177 17.7265371360742 13.1740764962789 41.8620779142152 23.8013916915694 14.9218408931667 74.8628084683329 18.3633295103537 32.2934236621195 27.3811647853832 40.1719390365408 44.2756818767547 41.6932122262118 58.0723083790322 34.4948388111534 30.3803360327754 67.1492897487881 70.0509915467631 35.0518592769866 9.66396886969197 90.5958641376069 35.079102929817 16.5488931299737 4.33575537952027 45.5460293647903 6.52156550489017 33.7193325783761 94.0211879794295 10.6164903328292 21.3727438966929 16.6070835010186 34.8590378518727 48.9763517402911 13.125356801514 26.1406802484519 36.083079810003 21.1720307919532 33.3460793394399 43.4457139273632 16.4588124792662 3.14879030241466 4.29259411617349 2.1499562065272 35.9157301561753 15.365710161331 41.6281901117724 3.4778620077996 17.5469137498456 23.6849940014871 30.3313775800898 3.39206132685139 15.9292987573216 14.2136435244217 26.3409399498303 35.7926412397284 66.3431595511609 59.5468393634995 63.9651129198224 37.3058551211014 1.82493156155558 8.24148406985382 4.35522338836383 49.5102346035196 13.5375742035034 35.8479739279295 9.83855829910797 49.7539698316283 21.0047312716544 17.9726960205878 10.3122773321316 42.2327458154977 39.9994763666559 16.1285223047018 11.8182960174388 57.9135603041036 44.2552187448109 16.9530060944855 51.7366433806665 29.3623966163287 33.3148131113107 9.2350153773228 30.0863546080104 2.46957583160586 10.6865681731653 13.3456501461858 40.7217544035307 32.2454134167022 71.4405019147125 23.941759154725 55.3927288224288 9.83973208947095 20.6103649758507 30.0781541626968 42.1917782261819 82.3245922678585 67.643485966306 43.7443924607916 44.085734152491 3.31084252454251 11.263595297732 6.89971811890962 31.9366901057924 16.5786566656919 57.2830782758478 23.7675557779211 9.72242590704607 26.6302942992027 38.5548797711453 53.9473572576453 64.6176297410427 18.7681928574115 32.5773839939447 10.3483012777146 40.1658031592452 67.4815210692664 52.2738918083377 65.810568429243 39.2554915535511 30.8780883724112 11.6264267467133 12.7153228768934 28.6411261987472 88.5575262233311 10.2388992545152 88.9240719355612 32.6082909914201 75.7651475818899 64.5999470017924 52.9283719520194 18.3888711378139 5.54247994784137 21.6594781433522 52.5551857812478 44.2593703835336 19.4491354234827 8.96406718030554 28.9780763587668 16.6433474222647 30.7812542070534 9.9907872186375 17.4864398648431 13.7152113434119 96.4371695608102 55.1284062009964 6.4735085413199 80.7776432078661 38.6693468910139 46.3798914197348 18.2330625022037 6.05546780420096 34.8263323446173 63.7329792855478 9.92438541149657 7.71154804067293 42.2662968240827 28.5191401954309 5.56980618425733 27.806116885178 2.52722040080253 18.1262637650892 10.6473828303701 9.18118641367359 3.20709352717134 3.7248803107241 30.5322105256434 2.12753290805298 14.2382640217068 4.65225427617206 54.5796880566741 20.3721682160156 16.6530015253021 11.2176626535095 37.2185537974641 11.9254063120205 8.98267430732034 10.6042105363261 9.73439995050815 44.0974999951653 33.4448115663426 57.5163472756899 34.5944176268761 13.4305329208405 29.7936953596747 28.2794067026613 79.3859755218387 16.2102391058161 33.7469209785734 24.4947745116632 8.89782182071607 19.5502035104157 22.8837259320087 40.7338178897747 0.384185500621882 23.6250093828388 16.7594418965091 35.3142017615294 9.44736691391063 18.1056420885974 9.27348130189444 13.1241595508419 5.25161309752689 7.2041699123378 25.3993075867715 10.1058246711425 13.3117023274421 39.3631440460599 58.3575549904513 21.4144579021328 17.9288751075644 25.3039146153135 15.1428682175809 30.4270596900384 9.21158897799537 51.7460154598075 25.8815868202479 0.811071400570493 11.6186095619661 13.5461171991403 54.9942985226142 14.4146386579366 15.1071596502041 11.5322667991817 33.157757374027 25.3189809665877 29.3357224018479 35.0446306250692 7.38635583427107 54.5400271597192 35.3632577263395 77.9744978078988 22.5822195007989 27.2382653470462 8.07450474912898 8.86966953182466 32.5507573242648 15.0231132645683 15.4131866692701 14.6445659652191 52.5198969906819 48.8867554413339 87.3245993489582 9.04742422115844 0.298413869054552 7.46674557022539 6.54544962800228 60.5461486914561 10.8333197427856 21.0595383792139 26.1016824728118 12.0097569664742 16.0304186429374 67.086898016098 56.6489590366053 55.6467513238798 11.5156510938803 29.1956373559716 12.954367033383 23.5906116995603 19.6565199805547 6.23000194836178 6.40311359280999 52.0496606373025 85.1471267747696 14.3950198178568 29.8162437052581
