Instancenumber:
3
Instancename:
P-n40-k5.vrp
Customers:
39
Depot:
0
Dimension:
1560
Vehicles:
39
Capacity:
140
Demands:
0 7 30 16 9 21 15 19 23 11 5 19 29 23 21 10 15 3 41 9 28 8 8 16 10 28 7 15 14 6 19 11 12 23 26 17 6 9 15 14
Uncertainty:budgeted
Gamma:
11
Mean Vector:
13.8924439894498 21.0237960416286 32.5576411921994 17.2046505340853 14.142135623731 11.4017542509914 26.4196896272458 22.0227155455452 23.0867927612304 28.3196045170126 12.0415945787923 8.06225774829855 29.1547594742265 18.1107702762748 24.738633753706 22.0227155455452 17.2626765016321 14.7648230602334 31.9061122670876 32.4499614791759 32.0624390837628 20.8086520466848 22.0227155455452 25.0599281722833 23.0867927612304 28.1602556806574 8 29.9666481275434 29.1204395571221 30.8706980808663 29.8328677803526 10 34 31.7804971641414 39.4081209904761 43.9317652729776 18.1107702762748 15.8113883008419 38.2883794381533 13.8924439894498 12.369316876853 19.2093727122985 31.0644491340181 22.2036033111745 16.7630546142402 22.8254244210267 11.6619037896906 24.2074368738204 34.0147027033899 12.0830459735946 20.8806130178211 41.8688428309166 26.9258240356725 36.0138862107382 18.6010752377383 30.6757233003559 27.5862284482674 45.7930125674212 20.8806130178211 26.9258240356725 7.07106781186548 21.5870331449229 29 33.1058907144937 18.8679622641132 8.06225774829855 16.1554944214035 21.3775583264319 32.649655434629 17 6.08276253029822 42.9534631898291 30.6104557300279 27.3130005674953 31.0644491340181 30.4138126514911 18.7882942280559 43.0464865000618 21.0237960416286 12.369316876853 15.2970585407784 37.0135110466435 21.0237960416286 28.0713376952364 34.928498393146 22.2036033111745 16.2788205960997 28.0713376952364 10.6301458127346 24.7588368062799 50.1198563445667 37.6563407675255 35.4682957019364 8.54400374531753 34.0587727318528 35.7770876399966 50.9116882454314 12.0415945787923 14.7648230602334 10.6301458127346 33.9558536926993 41.1096095821889 43.4165866921848 29.0688837074973 19.0262975904404 18.9736659610103 9.05538513813742 23.7697286480094 23.3238075793812 11.4017542509914 39.1152144312159 20 19.1049731745428 24.4131112314674 31.9061122670876 14.560219778561 35.4400902933387 32.5576411921994 19.2093727122985 15.2970585407784 49.6789693934969 36.0555127546399 35.3553390593274 35.0142828000232 21.095023109729 31 43.0116263352131 25.0798724079689 38.2753184180093 61.0737259384099 45.6508488420533 50.5964425626941 23 48.0208288141719 46.7546789102438 64.2028036770981 7.81024967590665 24.1660919471891 12.2065556157337 36.6742416417845 45.6070170039655 51.9711458407451 25.3179778023443 27.2029410174709 9.48683298050514 17.0880074906351 37.4833296279826 15.8113883008419 22.8035085019828 54.3323108288245 32.2800247831379 10.0498756211209 12.0830459735946 46.518813398452 29.8328677803526 49.4974746830583 17.2046505340853 31.0644491340181 37.0135110466435 49.6789693934969 20.3960780543711 21.0237960416286 37.1214223865412 37.6430604494374 32.7566787083184 31.4006369362152 26.6270539113887 12.5299640861417 15.0332963783729 17.8885438199983 18.8679622641132 35.3411940941446 7.61577310586391 7.61577310586391 14.7648230602334 48.91829923454 44.9444101084885 38.0131556174964 31.2569992161756 28.6356421265527 17.6918060129541 42.5793377120875 24.1660919471891 47.0106370941726 43.9089968002003 38.0131556174964 46.2385120867876 26.9072480941474 30.5286750449475 41.5932686861708 55.9732078766261 60.8111831820431 12.6491106406735 26.5706605111728 40.5215991787096 14.142135623731 22.2036033111745 21.0237960416286 36.0555127546399 20.3960780543711 25.4950975679639 40.2243707222375 33.2415402771893 12.369316876853 14.2126704035519 11.1803398874989 9.21954445729289 35.3553390593274 30.4630924234556 14.560219778561 16.2788205960997 14.7648230602334 23.1948270094864 31.9061122670876 32.7566787083184 25.0599281722833 27.0739727413618 36.1247837363769 38.8329756778952 33.9558536926993 40.1621712560464 20.591260281974 37.1214223865412 25.4558441227157 18.2482875908947 39.1152144312159 16.1245154965971 20.8806130178211 21.2132034355964 39.6610640301039 45.2769256906871 11.3137084989848 7.07106781186548 24.2074368738204 11.4017542509914 16.7630546142402 28.0713376952364 35.3553390593274 21.0237960416286 25.4950975679639 16.4924225024706 18.0277563773199 34.0147027033899 39.6988664825584 21.8403296678416 18.0277563773199 27.2029410174709 10.295630140987 34.4383507154451 31.5753068076939 24.738633753706 14.560219778561 34.928498393146 37.6430604494374 41.3037528561268 23.259406699226 11.1803398874989 13.9283882771841 16.6433169770932 21.8403296678416 9.05538513813742 29.732137494637 37.0135110466435 42.0594816896262 27.2029410174709 17.0293863659264 44.6542271235322 42.3792402008342 44.0113621693308 47.4130783645188 27.3130005674953 26.8328157299975 49.6789693934969 26.4196896272458 22.8254244210267 34.928498393146 35.0142828000232 37.1214223865412 40.2243707222375 16.4924225024706 14.0356688476182 46.0977222864644 54.0370243444252 33.3016516106934 34.0147027033899 39.8497176903426 21.5870331449229 50.6951674225463 41.3400532171888 41.2310562561766 30 50.1597448159378 40.3112887414927 49.6588360717405 25.7099202643649 6.08276253029822 14.2126704035519 26.9258240356725 11.1803398874989 19.8494332412792 26.3058928759318 43.6577599058861 54.561891462815 20.8806130178211 27.0185121722126 60.4152298679729 53.2541078227774 45 46.3896540189728 43.6577599058861 39.5979797464467 63.7808748764079 22.0227155455452 11.6619037896906 22.2036033111745 21.095023109729 37.6430604494374 33.2415402771893 18.0277563773199 14.0356688476182 35.8050275799363 45.6179789118282 23.7065391822594 30 45.2216762183801 27.5862284482674 46.2709412050371 29.698484809835 39.2045915678253 32.2024843762092 52.2015325445527 26.3058928759318 36.8917334913934 12.0830459735946 15.8113883008419 25.0798724079689 33.9411254969543 7.21110255092798 14.0356688476182 13 30.4138126514911 44.2040722106007 9.21954445729289 17.464249196573 54.1202365109392 41.7252920900501 31.0161248385416 32.7566787083184 40.0124980474851 30.4138126514911 54.7083174663597 23.0867927612304 24.2074368738204 16.2788205960997 31 32.7566787083184 12.369316876853 34.0147027033899 46.0977222864644 35.8050275799363 12.0415945787923 12.8062484748657 21.0237960416286 47.6759897642409 41 23.3452350598575 8 26.9258240356725 35 43.8292140016223 25.4950975679639 13.4536240470737 26 43.2666153055679 47.927027865287 45.2769256906871 43.0116263352131 26.6270539113887 35.1710107901379 16.1554944214035 8.48528137423857 39 19.1049731745428 23.7697286480094 9 31.6227766016838 37.6430604494374 22.8254244210267 7.28010988928052 19.313207915828 28.3196045170126 34.0147027033899 28.0713376952364 43.0116263352131 31.4006369362152 14.2126704035519 39.6988664825584 54.0370243444252 45.6179789118282 12.0415945787923 21.9317121994613 22.8254244210267 46.1735855224608 44.2944691807002 15.8113883008419 20.0249843945008 24.0831891575846 36.0555127546399 38.8329756778952 37.4833296279826 23.7065391822594 37.1079506305589 50.2095608425328 53.0094331227943 47.169905660283 52.773099207835 34.2052627529741 46.690470119715 27.8926513619627 9.21954445729289 50 28.1780056072107 12.0830459735946 15.6204993518133 43.4165866921848 49.4772675074119 19.0262975904404 15.2315462117278 10 12.0415945787923 12.0830459735946 10.6301458127346 25.0798724079689 26.6270539113887 11.1803398874989 21.8403296678416 33.3016516106934 23.7065391822594 12.8062484748657 21.9317121994613 14.2126704035519 40.3112887414927 30.0166620396073 25.7099202643649 10 23.43074902772 26.2488094968134 40.3112887414927 22.6715680975093 20.0249843945008 16 30.5286750449475 35.7351367704113 35.1283361405006 30.886890422961 13.8924439894498 26.0192236625154 17.464249196573 21.2602916254693 28.4429253066558 6.40312423743285 31.2569992161756 20.6155281280883 29.732137494637 35 21.4709105535839 6.70820393249937 31.0644491340181 8.06225774829855 20.8806130178211 24.7588368062799 38.2753184180093 12.5299640861417 9.21954445729289 18.0277563773199 34.0147027033899 30 21.0237960416286 22.8254244210267 14.2126704035519 26.9258240356725 21.4709105535839 16.7630546142402 22.8473193175917 9.8488578017961 14.0356688476182 26.1725046566048 36.7695526217005 32.5729949498047 27.3130005674953 29.1547594742265 30.4795013082563 24.738633753706 36.2215405525497 16.0312195418814 37 31.3847096529504 27.459060435492 37.4833296279826 15.6524758424985 26.6270539113887 30.0166620396073 43.8406204335659 48.91829923454 10.0498756211209 14.3178210632764 32.7566787083184 29.1547594742265 41.8688428309166 50.1198563445667 61.0737259384099 15.0332963783729 35.3553390593274 27.2029410174709 39.8497176903426 45.2216762183801 47.6759897642409 46.1735855224608 40.3112887414927 26.9258240356725 18.3847763108502 32.2800247831379 49.6487663492256 22.0907220343745 14.422205101856 14.422205101856 61.5873363606513 59.4810894318522 48.91829923454 33.8378486313773 27.1661554144122 13.1529464379659 48.3011387029333 33.9705755029261 56.6392090340252 57.7754273026172 53.0377224247045 54.4058820349418 39.1152144312159 43.6577599058861 56.5685424949238 68.5054742338158 72.8010988928052 27.1661554144122 41.2310562561766 54.9181208709839 18.1107702762748 26.9258240356725 37.6563407675255 45.6508488420533 17.8885438199983 30.4630924234556 10.295630140987 21.5870331449229 27.5862284482674 41 44.2944691807002 30.0166620396073 21.4709105535839 18.3847763108502 35.3836120259083 40.0124980474851 24.2074368738204 10.295630140987 29.0172362570938 47.7598157450382 50 33.5410196624968 15.52417469626 10.770329614269 6.40312423743285 30.0166620396073 18.9736659610103 39.8246155034798 46.3896540189728 48.3838816136118 36.7967389859482 26.3058928759318 46.690470119715 49.8196748283246 54.230987451825 57.706152185014 28.2842712474619 33.734255586866 54.2033209314706 24.738633753706 36.0138862107382 35.4682957019364 50.5964425626941 18.8679622641132 14.560219778561 34.4383507154451 50.6951674225463 46.2709412050371 23.3452350598575 15.8113883008419 25.7099202643649 16.7630546142402 32.2800247831379 35.3836120259083 29.6816441593117 11.4017542509914 25.4950975679639 23.1948270094864 46.9574275274956 36.7695526217005 41.4366987102013 45.6179789118282 45.6070170039655 36.4005494464026 52.773099207835 32.5576411921994 51.478150704935 38.8329756778952 24.5967477524977 53.0094331227943 30.0665927567458 11.6619037896906 30.2324329156619 53.7121960079831 59.4810894318522 7.21110255092798 21.0237960416286 23.0217288664427 22.0227155455452 18.6010752377383 8.54400374531753 23 35.3411940941446 16.2788205960997 31.5753068076939 41.3400532171888 29.698484809835 8 20.0249843945008 10 22.8473193175917 49.6487663492256 40.0124980474851 29.6816441593117 30.8058436014987 35.9026461420325 48.0104155366312 17.7200451466693 10.0498756211209 18.8679622641132 39.3954312071844 45.3541618817943 45.0998891351187 36.7967389859482 23.0867927612304 27.5136329843952 9.21954445729289 15.2315462117278 31.7647603485372 14.8660687473185 31.5753068076939 12.0415945787923 24.1660919471891 30.0832179129826 27.5862284482674 9.21954445729289 26.9258240356725 17.2626765016321 30.6757233003559 34.0587727318528 48.0208288141719 7.61577310586391 14.7648230602334 24.738633753706 41.2310562561766 39.2045915678253 26.9258240356725 24.0831891575846 23.43074902772 9.8488578017961 22.0907220343745 24.2074368738204 11.4017542509914 30.8058436014987 14.142135623731 17.2046505340853 46.0977222864644 39.8246155034798 37.1618083521241 35.7351367704113 34.6698716467194 25 45 25.1793566240283 46.8187996428785 39.8246155034798 31.2569992161756 47.0744091837593 25.4950975679639 23.0217288664427 35.4400902933387 53.1507290636732 58.4123274660409 5.09901951359278 21.6333076527839 32.9848450049413 14.7648230602334 27.5862284482674 35.7770876399966 46.7546789102438 7.61577310586391 23.1948270094864 14.560219778561 30 32.2024843762092 35 36.0555127546399 26.2488094968134 14.0356688476182 14.422205101856 10.295630140987 25.4950975679639 35.9026461420325 14.142135623731 20.3960780543711 47.169905660283 45.8911756223351 34.6554469023269 24.0208242989286 21.0237960416286 11.1803398874989 36.4005494464026 19.8494332412792 42.8018691180654 43.6577599058861 41.4366987102013 41.182520563948 24.6981780704569 37.0135110466435 44 54.0832691319598 58.4123274660409 18.6010752377383 28.0713376952364 45.6946386351835 31.9061122670876 45.7930125674212 50.9116882454314 64.2028036770981 14.7648230602334 31.9061122670876 34.928498393146 50.1597448159378 52.2015325445527 43.8292140016223 38.8329756778952 40.3112887414927 26.1725046566048 14.422205101856 29.0172362570938 23.1948270094864 48.0104155366312 17.2046505340853 20.3960780543711 62.9364759102383 56.938563381947 52.6972485050216 44.1021541423999 39.319206502675 25.7099202643649 56.7538544946508 38.9101529166874 61.773780845922 57.0087712549569 47.1274866717927 60.9261848469113 41.4004830889689 33.1360830515618 52 70.0071424927486 75.0732975164938 21.0237960416286 38.8329756778952 46.0434577328854 32.4499614791759 20.8806130178211 12.0415945787923 7.81024967590665 48.91829923454 32.7566787083184 37.6430604494374 40.3112887414927 26.3058928759318 25.4950975679639 37.4833296279826 22.6715680975093 36.7695526217005 61.5873363606513 47.7598157450382 46.9574275274956 17.7200451466693 46.0977222864644 47.169905660283 62.9364759102383 16.7630546142402 15.0332963783729 41.0121933088198 49.3659801887899 53.851648071345 31.6227766016838 28.7923600977759 16.6433169770932 10.0498756211209 31.0161248385416 22.8254244210267 22.4722050542442 49.2442890089805 25.3179778023443 7.07106781186548 12.5299640861417 43.8292140016223 25.9422435421457 43.0464865000618 32.0624390837628 26.9258240356725 14.7648230602334 24.1660919471891 44.9444101084885 25.0599281722833 41.3037528561268 49.6588360717405 36.8917334913934 13.4536240470737 23.7065391822594 20.0249843945008 32.5729949498047 59.4810894318522 50 36.7695526217005 10.0498756211209 39.8246155034798 45.8911756223351 56.938563381947 16.7630546142402 25 48.3838816136118 54.9181208709839 55.145262715849 43.6004587131833 32.5576411921994 31.4006369362152 7.21110255092798 15.52417469626 36.7967389859482 24.3310501211929 35.7770876399966 9.05538513813742 21 27.0185121722126 36.0555127546399 18.3847763108502 27.1661554144122 20.8086520466848 7.07106781186548 10.6301458127346 12.2065556157337 38.0131556174964 27.0739727413618 23.259406699226 25.7099202643649 12.0830459735946 26 37.1079506305589 16 27.3130005674953 48.91829923454 33.5410196624968 41.4366987102013 18.8679622641132 37.1618083521241 34.6554469023269 52.6972485050216 15.0332963783729 25 26 34.3656805548792 39.8246155034798 18.6010752377383 15 10.0498756211209 18.3575597506858 34 13 11.7046999107196 47.169905660283 30.6104557300279 20.8806130178211 24.1867732448956 36.4005494464026 22.2036033111745 45.3100430368368 22.0227155455452 21.5870331449229 33.9558536926993 36.6742416417845 31.2569992161756 36.1247837363769 11.1803398874989 6.08276253029822 15.8113883008419 43.2666153055679 50.2095608425328 30.5286750449475 29.1547594742265 33.8378486313773 15.52417469626 45.6179789118282 39.3954312071844 35.7351367704113 24.0208242989286 44.1021541423999 41.0121933088198 48.3838816136118 26 9.4339811320566 21.0237960416286 15.556349186104 16.6433169770932 28.7923600977759 42.9534631898291 51.6139516022558 24.1867732448956 24.5967477524977 55.7584074378026 51 46.3896540189728 48.5077313425396 38.4837628097877 36.4005494464026 60.1082357085949 25.0599281722833 29 41.1096095821889 45.6070170039655 28.6356421265527 38.8329756778952 13.9283882771841 14.2126704035519 25.0798724079689 47.927027865287 53.0094331227943 35.7351367704113 30.4795013082563 27.1661554144122 10.770329614269 45.6070170039655 45.3541618817943 34.6698716467194 21.0237960416286 39.319206502675 49.3659801887899 54.9181208709839 34.3656805548792 9.4339811320566 14.0356688476182 24.8394846967484 22.3606797749979 38.0788655293195 50.1597448159378 55.9016994374947 33.6154726279432 30.5941170815567 56.6392090340252 56.302753041037 55.1089829338194 57.567351858497 38.4187454245971 40.7185461430047 63.0079360080935 23.0867927612304 33.1058907144937 43.4165866921848 51.9711458407451 17.6918060129541 33.9558536926993 16.6433169770932 26.9258240356725 33.9411254969543 45.2769256906871 47.169905660283 35.1283361405006 24.738633753706 13.1529464379659 6.40312423743285 36.4005494464026 45.0998891351187 25 11.1803398874989 25.7099202643649 53.851648071345 55.145262715849 39.8246155034798 21.0237960416286 14.0356688476182 36.0555127546399 25.0798724079689 46.2276973253049 51.9711458407451 52.1727898429823 43.139309220246 32.0156211871642 48.0104155366312 54.230987451825 60.4152298679729 64.007812023221 29.6816441593117 38.1182371050918 56.859475903318 28.1602556806574 18.8679622641132 29.0688837074973 25.3179778023443 42.5793377120875 40.1621712560464 21.8403296678416 11.1803398874989 7.21110255092798 43.0116263352131 52.773099207835 30.886890422961 36.2215405525497 48.3011387029333 30.0166620396073 52.773099207835 36.7967389859482 45 36.4005494464026 56.7538544946508 31.6227766016838 43.6004587131833 18.6010752377383 15.556349186104 24.8394846967484 36.0555127546399 20.2237484161567 16.0312195418814 36.8917334913934 51.4003891035856 10.0498756211209 24.5967477524977 61.0327780786685 48.7954915950234 35.3553390593274 36.0138862107382 46.2709412050371 37.589892258425 61.9112267686564 8 8.06225774829855 19.0262975904404 27.2029410174709 24.1660919471891 20.591260281974 9.05538513813742 19.8494332412792 14.0356688476182 26.6270539113887 34.2052627529741 13.8924439894498 16.0312195418814 33.9705755029261 18.9736659610103 32.5576411921994 23.0867927612304 25.1793566240283 19.8494332412792 38.9101529166874 28.7923600977759 32.5576411921994 15 16.6433169770932 22.3606797749979 25.0798724079689 20.2237484161567 23.0217288664427 28 35 22.1359436211787 8.24621125123532 41.2310562561766 34.4383507154451 35.3411940941446 39.1152144312159 26.0768096208106 19.8494332412792 43.9317652729776 29.9666481275434 16.1554944214035 18.9736659610103 9.48683298050514 47.0106370941726 37.1214223865412 29.732137494637 26.3058928759318 13 35.1710107901379 46.690470119715 26.0192236625154 37 56.6392090340252 39.8246155034798 51.478150704935 27.5136329843952 46.8187996428785 42.8018691180654 61.773780845922 16.6433169770932 31.4006369362152 10.0498756211209 28.7923600977759 38.0788655293195 46.2276973253049 16.0312195418814 23.0217288664427 24.2074368738204 42.7200187265877 6.32455532033676 21.5870331449229 57.0788927713213 38.4707681233427 19.4164878389476 20.0997512422418 46.3249392876019 32.0624390837628 54.4058820349418 29.1204395571221 21.3775583264319 9.05538513813742 17.0880074906351 43.9089968002003 25.4558441227157 37.0135110466435 43.6577599058861 30.4138126514911 16.1554944214035 27.8926513619627 17.464249196573 31.3847096529504 57.7754273026172 46.3896540189728 38.8329756778952 9.21954445729289 39.8246155034798 43.6577599058861 57.0087712549569 10.0498756211209 7.21110255092798 18.3575597506858 42.9534631898291 50.1597448159378 51.9711458407451 36.8917334913934 28 24.2074368738204 21 29.698484809835 20.0997512422418 39.8497176903426 15.2970585407784 15.52417469626 21.5870331449229 36.7695526217005 18.3847763108502 33.0151480384384 30.8706980808663 32.649655434629 23.7697286480094 37.4833296279826 38.0131556174964 18.2482875908947 42.0594816896262 54.561891462815 44.2040722106007 8.48528137423857 9.21954445729289 21.2602916254693 27.459060435492 53.0377224247045 48.3838816136118 24.5967477524977 15.2315462117278 31.2569992161756 41.4366987102013 47.1274866717927 31.0161248385416 15.52417469626 34 51.6139516022558 55.9016994374947 52.1727898429823 51.4003891035856 35 42.7200187265877 21 46.9574275274956 27.5862284482674 20.8086520466848 6.70820393249937 36.2215405525497 42.2965719651132 26.4764045897475 15.2643375224737 12.0415945787923 29.8328677803526 17 23.3238075793812 15.8113883008419 46.2385120867876 39.1152144312159 27.2029410174709 20.8806130178211 9.21954445729289 39 50 28.4429253066558 37.4833296279826 54.4058820349418 36.7967389859482 53.0094331227943 31.7647603485372 47.0744091837593 41.182520563948 60.9261848469113 22.8254244210267 36.7967389859482 13 24.1867732448956 33.6154726279432 43.139309220246 10.0498756211209 22.1359436211787 6.32455532033676 29.698484809835 46.9574275274956 23.0217288664427 59.6824932455071 43.2666153055679 25.7099202643649 26 47.2652091923859 34.928498393146 58.309518948453 10 6.08276253029822 11.4017542509914 22.8035085019828 26.9072480941474 16.1245154965971 17.0293863659264 27.0185121722126 17.464249196573 19.1049731745428 28.1780056072107 6.40312423743285 15.6524758424985 39.1152144312159 26.3058928759318 30.0665927567458 14.8660687473185 25.4950975679639 24.6981780704569 41.4004830889689 22.4722050542442 24.3310501211929 11.7046999107196 24.5967477524977 30.5941170815567 32.0156211871642 24.5967477524977 8.24621125123532 21.5870331449229 20.0997512422418 27.5862284482674 23.0217288664427 36.8781778291715 26.4196896272458 29.4108823397055 33.9705755029261 24.738633753706 13.0384048104053 37.4432904536981 34 42.9534631898291 39.1152144312159 54.3323108288245 30.5286750449475 20.8806130178211 44.6542271235322 60.4152298679729 54.1202365109392 23.7697286480094 12.0830459735946 31.2569992161756 26.6270539113887 43.6577599058861 46.690470119715 11.6619037896906 31.5753068076939 23.0217288664427 37.0135110466435 33.1360830515618 49.2442890089805 35.7770876399966 47.169905660283 55.7584074378026 56.6392090340252 48.0104155366312 61.0327780786685 41.2310562561766 57.0788927713213 39.8497176903426 20.8086520466848 59.6824932455071 36.8781778291715 27.459060435492 55.3624421426656 61.400325732035 18.4390889145858 25.0199920063936 13.9283882771841 31.7804971641414 30.6104557300279 20 32.2800247831379 41.5932686861708 21.2132034355964 42.3792402008342 53.2541078227774 41.7252920900501 9 15.6204993518133 20.6155281280883 30.0166620396073 56.5685424949238 49.8196748283246 30.2324329156619 12.0415945787923 35.4400902933387 44 52 25.3179778023443 9.05538513813742 30.6104557300279 51 56.302753041037 54.230987451825 48.7954915950234 34.4383507154451 38.4707681233427 15.2970585407784 6.70820393249937 43.2666153055679 26.4196896272458 27.459060435492 30.0166620396073 36.0555127546399 31.0161248385416 16.1245154965971 18.1107702762748 39.4081209904761 27.3130005674953 19.1049731745428 10.0498756211209 55.9732078766261 39.6610640301039 44.0113621693308 45 31.0161248385416 31.6227766016838 43.4165866921848 29.732137494637 43.8406204335659 68.5054742338158 54.230987451825 53.7121960079831 24.1660919471891 53.1507290636732 54.0832691319598 70.0071424927486 7.07106781186548 21 20.8806130178211 46.3896540189728 55.1089829338194 60.4152298679729 35.3553390593274 35.3411940941446 19.4164878389476 15.52417469626 36.2215405525497 25.7099202643649 29.4108823397055 55.3624421426656 30.0166620396073 6.08276253029822 50.8035431835222 32.7566787083184 48.0936586256442 43.9317652729776 31.0644491340181 24.4131112314674 12.0830459735946 60.8111831820431 45.2769256906871 47.4130783645188 46.3896540189728 32.7566787083184 37.6430604494374 49.4772675074119 35 48.91829923454 72.8010988928052 57.706152185014 59.4810894318522 30.0832179129826 58.4123274660409 58.4123274660409 75.0732975164938 12.5299640861417 27.0185121722126 24.1867732448956 48.5077313425396 57.567351858497 64.007812023221 36.0138862107382 39.1152144312159 20.0997512422418 21.5870331449229 42.2965719651132 26 33.9705755029261 61.400325732035 36.0555127546399 6.08276253029822 56.302753041037 38.4707681233427 54.1479454827235 18.1107702762748 30.4138126514911 31.9061122670876 46.518813398452 12.6491106406735 11.3137084989848 27.3130005674953 43.6577599058861 40.0124980474851 22.8254244210267 19.0262975904404 21.4709105535839 10.0498756211209 27.1661554144122 28.2842712474619 7.21110255092798 27.5862284482674 5.09901951359278 18.6010752377383 21.0237960416286 43.8292140016223 36.0555127546399 36.4005494464026 38.4837628097877 38.4187454245971 29.6816441593117 46.2709412050371 26.0768096208106 46.3249392876019 36.7695526217005 26.4764045897475 47.2652091923859 24.738633753706 18.4390889145858 31.0161248385416 50.8035431835222 56.302753041037 18.3847763108502 27.8926513619627 15.8113883008419 18.7882942280559 14.560219778561 29.8328677803526 26.5706605111728 7.07106781186548 26.8328157299975 39.5979797464467 30.4138126514911 7.28010988928052 15.2315462117278 6.70820393249937 14.3178210632764 41.2310562561766 33.734255586866 21.0237960416286 9.21954445729289 21.6333076527839 28.0713376952364 38.8329756778952 25.9422435421457 18.3847763108502 22.2036033111745 36.4005494464026 40.7185461430047 38.1182371050918 37.589892258425 19.8494332412792 32.0624390837628 18.3847763108502 15.2643375224737 34.928498393146 13.0384048104053 25.0199920063936 16.1245154965971 32.7566787083184 38.4707681233427 18.3847763108502 24.4131112314674 38.2883794381533 43.0464865000618 35.4400902933387 49.4974746830583 40.5215991787096 24.2074368738204 49.6789693934969 63.7808748764079 54.7083174663597 19.313207915828 10 31.0644491340181 32.7566787083184 54.9181208709839 54.2033209314706 23.0217288664427 26.9258240356725 32.9848450049413 45.6946386351835 46.0434577328854 43.0464865000618 27.1661554144122 45.3100430368368 60.1082357085949 63.0079360080935 56.859475903318 61.9112267686564 43.9317652729776 54.4058820349418 33.0151480384384 12.0415945787923 58.309518948453 37.4432904536981 13.9283882771841 18.1107702762748 48.0936586256442 54.1479454827235 27.8926513619627 24.4131112314674
Deviation Vector:
7.51764884074018 27.203820426714 36.9950523117667 17.4206972962918 17.9738368866843 4.56211226526481 26.3475142774044 0.827868958217822 9.49343988451488 34.6529187148892 2.17754014961819 0.804929766827689 43.0120952652542 17.3147509802104 16.7210309727387 1.07381188946912 20.8958869230276 3.38755126622986 30.7499081184747 27.6079032470248 14.1426071836775 4.61384121987631 6.61209751002715 21.1924658408109 17.2387883347855 21.050578324327 9.59379404362872 6.07140538363618 20.2000568396535 2.74641542537441 42.4798065720724 12.3480500423884 47.0192427839315 29.6790039419403 24.473107939637 45.1405698734663 24.1597397992921 25.5873323971259 40.7812246153376 1.65124753855323 15.0358508414519 23.9337635286506 6.79375304682139 23.6364816237206 9.64954431034769 20.4197677062104 12.9831144535991 3.86748139520825 38.2338928230557 5.44594460346482 21.1008624869611 65.5304326482173 18.105910678079 47.2065669338618 14.5918337462792 43.5328837499117 11.9164306931993 16.3636980110226 33.8628600794652 30.3088673637346 3.15585731955052 30.6388566748743 21.2889719700794 6.71648768967495 13.7141176812078 10.9253214911915 19.8776303939427 9.28854169040676 43.9810039211429 11.3756508356057 3.36595170969497 40.2168827426427 8.83883937856174 21.0872124475365 11.6329415916261 26.2895734005237 0.757513400266 64.0432935833129 21.531731639278 14.4023199640074 4.77473978498751 15.1149288555129 23.1923784789238 27.6382291338575 3.24153204236079 5.80102868832087 12.6544551568063 14.7311381354013 6.57586871033769 19.1323484890027 1.20651249944877 40.1006633489733 20.0651351542231 6.47785026833578 43.1793798167302 46.2442860953812 24.7913845168387 10.4983327479283 1.48712991750205 2.20747660040609 52.325801176195 26.8889816736913 49.6664726875404 5.91266067994676 27.1341241322678 28.8101686884464 9.66931815899178 34.8572676667876 32.1834523520323 5.30879354911781 39.290029436924 1.31286086844178 16.6972587648258 11.7493611045283 33.5082518429938 14.0765185076566 26.315605833338 6.55143066132335 28.6518230194137 20.8214913203011 48.3860180994503 54.6467040752457 28.2739894328518 53.9112873749779 13.6581056895503 13.6757688417463 51.8683942561905 28.4507347774053 50.2552218762132 79.8011789717261 61.2664984337866 62.1143345896358 7.69054269904146 41.2822095612155 66.9080046298107 8.61368738737192 5.87140680272444 21.0848186471382 19.5380570339481 18.5302160924997 61.0271142696535 50.8664281532022 14.4542408910749 15.9337655145799 13.8509300096996 27.7017513749845 58.1934738777988 9.1106547031924 4.46954184353549 77.028267860889 10.0392900316101 11.7581157545884 15.7926152531074 51.6691649501681 32.3186863211369 16.2409551901468 26.6993687833506 20.5924649289049 54.1330715916892 61.5282285301103 6.99965093475618 24.7711478121991 31.1750656334664 25.5053396099137 13.4816905501404 20.238080432924 21.6137460446372 14.5764499095701 22.8056276329414 14.0603180389754 0.797112895326919 43.4262056463435 1.05397509246252 4.66965003906572 2.7781706489238 78.1914951470196 27.3231393723658 4.346119810143 17.1373601996656 23.0211734134731 27.1048526610678 36.5875305419822 8.39928524839897 57.0106173289102 15.0892763536433 54.3926337264196 71.2458826043806 7.24269240180862 14.2702941511079 57.2743706803937 84.3901981707818 49.2950744686625 11.7498641248921 19.1616148874857 60.3035426425804 18.9572367020684 30.322765412974 14.1607537473195 31.637299614961 25.6242222311067 37.2114726768561 36.9946640513333 28.5463537514483 19.7655220885908 21.7860738109777 11.7048868335699 14.4747961848974 18.1885216085652 35.3752324855424 7.16274304342395 21.4617256625111 15.7534778830004 31.3412725754636 1.26356584481823 21.4009848258989 1.71714292294261 39.8120698156021 20.5123961406161 13.1136631332899 10.5801611527618 12.7910719007816 4.51025937203663 41.6580659209698 31.7534643779292 17.1569386735329 38.4912495595725 15.5041627190255 14.18874238824 0.663141654880318 8.43363065082678 14.0133344014407 16.866644505815 8.00692565809327 28.2805372780561 16.674119155974 17.4145925161529 16.5292327287268 49.7125580730907 32.6566108013516 3.15458070250352 4.48061337545023 22.45094396014 40.5010680528226 64.4271037865563 28.0638829260868 3.9242701757466 1.77012702807916 11.6248338957423 27.0513223220233 12.7174338142722 35.640688955956 16.0742715784815 21.7186355922066 35.2547887296053 29.946616692047 36.3311275776033 3.28989577538289 0.838705584704797 10.2384543110176 7.10942089385191 2.47083539544913 27.4924714670633 7.03209561570806 59.1023373911507 12.6924709016912 0.443762941589759 36.5151147729975 44.7276453292149 63.0305261436722 35.3085801399339 32.2060394076579 2.078835585283 18.0687371822218 19.6428879142101 1.68961391216817 0.779650053252781 33.6548048094325 5.16338543255048 46.3153459627409 1.98449948289543 7.60536280477563 44.5197448041753 66.1582562518398 38.7518795745602 9.38731165110235 12.8715249125998 23.7309271350298 28.9081731591456 15.8422198724644 3.63400110424149 26.8725991334698 32.9085713623395 40.8276502873295 53.9166127989533 11.1822250819879 8.99880155941178 15.8016359186701 33.7291303210671 10.1569174114782 18.2137557838804 9.76012116031919 20.1377352251355 54.2928679575306 15.3416988262376 32.5507650867662 64.5894822887536 40.3163118100591 24.2813648344545 56.047386736497 12.3173749643288 26.1312549334631 7.88977573713647 27.4822281911645 3.0073916241724 28.5841122494042 32.1463209147346 21.86622754578 25.2746082635632 8.4328696413599 13.5317963943031 30.3794744799864 62.2012432424173 38.4087636619071 7.04799820847451 37.2138090643102 11.8281046427593 4.07098863941744 9.15822108847006 2.1598324296516 32.087967524767 63.9974661572275 11.2093473415455 53.7773545350764 7.18570160475346 18.354643295322 25.9857502092604 1.2707563201295 2.10246478684288 22.1160819928317 16.1931539735961 17.4482292627636 26.9323849687161 12.6245850449398 3.40993563511284 46.9306633298121 42.9915119817945 2.87793993589582 47.4329453761608 6.57537490973292 17.0487653861164 42.9894614874176 23.3823624491843 7.20750057220646 12.6913624713623 38.6798103565765 36.7090610005191 14.9469916927444 45.4340288081498 65.8751280237924 45.2390784160611 8.49914542711573 13.173220182947 1.32983546192733 25.610466937978 66.5572914627509 28.5769814123151 12.5863773679659 0.927405939407423 53.048197963679 66.7368670772894 32.6355151692479 6.22918192999251 13.1452208857078 44.2640462105129 31.5486271462508 62.1534907244821 18.368291919196 19.9983100968739 42.0094609562519 9.55415163092996 11.1293990240104 13.8014202566805 30.6480008740633 38.2538450898668 10.2015609290718 38.7562395171678 41.5453126433209 16.3328198646549 6.80655085580669 17.504548289774 9.98810372990599 0.490549054081407 8.66453370489977 17.89051505957 17.3205641372983 4.34430465000825 0.544026133916122 26.940196712132 15.5150030974216 18.416012791957 8.66000594243145 36.9812372909626 16.9010314772699 39.8848529573182 16.0783628697778 20.5115166456156 15.5780440332281 52.0619634462876 5.78622851587911 8.05635776968427 9.69551482864628 54.2004374147793 28.5599174639181 20.5053578038444 68.0954654063831 4.00946246717568 55.1527229813866 42.9991199847523 22.0778515945293 8.49129877954451 10.0472761675376 32.2418807469144 11.3028720034208 7.96031201904674 67.7371500535965 73.574254201853 15.5115880090393 23.9724946365661 3.59236587355399 13.9125954610747 17.8453587739278 8.01618095387674 28.8220399300454 5.76686795389395 0.315296482217033 11.7883036985064 41.3232047012548 16.0029581180287 4.57622091159254 30.4824152163756 12.6489327134361 30.8914849396986 36.7448404029431 37.5053778002387 11.531481221878 24.4013327031662 40.2857704515125 45.9229073404249 7.6180520394842 14.0164748784869 6.94195508930067 16.3927809937253 7.78401645808265 48.1013900422805 32.3252976047256 2.10675091142956 32.0033957527758 4.11275244854956 2.10844754230439 45.2022649693812 8.90593701147094 49.2630759556827 14.780927073833 27.1673862265414 5.82046871193165 15.9997200238566 9.75029007992973 43.7131050060573 11.450222416326 3.85215254156497 28.9853569523444 26.1747870516582 11.9135910333407 7.08531269479952 9.30773113400139 16.2457825847015 5.5076390306557 8.92922780221928 36.9045507897601 7.3849865327503 30.282650577108 9.1110589563025 17.7113277753483 30.6724050177196 1.64774601741632 6.69211972590208 39.105437028764 51.3778633700581 23.2013960578503 43.5182128573744 39.6555774126378 14.5331564915986 38.1725730454718 16.3290241359919 22.2923001442007 3.07056780448867 37.5358307974342 33.436823969855 55.8562693678928 15.4939275018371 37.3359745522399 31.0529843474926 2.07719584571998 35.5462098686227 1.77570616798172 8.07067869729914 39.4473952547638 10.5037990765108 41.3831937941683 59.8795537528465 53.7377439048378 7.31707390387448 57.2428212790949 8.43581731369991 8.08445629375368 7.2367862499424 37.5162649774701 3.26308563116385 62.7776900178698 40.3669236949052 0.691990903621535 41.678428574223 17.3602725100325 34.9182333537559 1.66744453641791 1.64227942766946 2.29824694107523 78.0158426266883 65.1380858038442 51.6866313936477 18.34075752251 14.5656420320929 45.1934018288118 24.5441904270176 11.7641956302739 64.2664102512537 68.2167943479308 76.8188818262631 57.6020755938759 28.3010989727757 55.4564442650678 49.7461694566044 82.627318854303 26.4344779829473 42.7265162277295 73.4720502148532 20.5212364323017 5.29968164228564 53.0395995506217 48.5758336024559 1.24628674105045 44.0543971071512 7.50427547152954 9.05211774234172 38.6340988747044 34.6243419234193 23.6179370753468 43.1580126681637 11.3743875046277 4.38341138948845 47.3763955604584 48.2106849720898 32.5791287899822 6.6741385637497 8.73587961669409 74.1965692344214 6.71262758424105 53.2380565963545 20.789183514373 17.3066099601432 3.90049884462008 20.8058730753265 13.408617959387 4.69068227596634 1.84932881849572 5.64256951012214 53.5624599615352 30.8557822638327 14.6349451701112 61.6668987599591 33.1182240707172 22.1081291263328 29.9138115532295 45.1893248109234 43.4952864037338 20.5764165777254 20.0856075092112 47.3732198895102 32.5440675475185 20.518464713509 22.9188908532976 12.2531347276742 33.7640720662553 59.8543171018973 23.439754282239 15.2908743182244 31.3854262171558 19.0814070326014 29.9554236114026 33.0325490545719 33.2088358512806 17.5261149545947 0.00901414326795408 4.6200553055166 1.34203676084035 1.47882279543151 13.0859406748005 67.7066824039305 55.3294990067381 22.9051064320506 57.821743111505 6.43085437462238 52.1147965495508 20.462428764672 37.8074147385797 9.99061345783366 40.8510794455101 5.46316817308253 46.0778053247666 20.1715993865741 92.5489623284121 10.6136513730528 15.3757284479923 13.7120910810365 25.0852983525355 2.02848412504956 13.3516717752437 16.869826599983 44.0829548409165 14.0703669725994 1.28448841236598 30.5850995182865 23.0202501349711 0.328269759742254 18.8039916312108 8.03712003621952 1.85639948065556 62.3008662976873 26.4713438880711 38.4208675822417 7.93984212044035 4.69959483762083 71.6293334628785 22.5063265178967 6.61113616137922 26.4660610946121 57.4611548765776 17.6960025148967 11.0411583096283 49.9091398704288 17.6780982664833 4.79863361644715 11.0805080886209 22.80272526784 24.4596431234171 10.6228314501133 50.7138656291848 8.50586771259893 34.9934603620028 36.9160774125854 43.3299549024714 13.7253188331237 9.1716934035309 12.4204298519455 46.9262972020956 43.5834676741235 73.1457195799468 12.2690559224693 13.4085439432485 13.8150296676987 52.7383260988113 45.7078244826656 18.5609872943079 27.568044251332 18.9704542016292 13.2680896799118 20.3467383413235 15.5379727815238 1.26557796222125 35.9155845295934 5.25902128837026 15.0836950454461 61.7837867669366 62.6727464314297 27.7765425923315 17.2942838484865 22.9494504697594 18.1806816968409 53.5649069196844 12.1776502926486 15.3572033124469 45.1888042850485 10.8152508185026 31.4759152390495 5.80895324196903 5.74204510060076 11.4099662433966 6.6283466843151 13.6730916709302 6.27226316460843 14.778749923299 49.9117161608504 11.3633884941153 37.8617045965646 36.9050066403905 73.8380297848418 8.32640485577049 7.56694733243636 8.66023206611465 36.1292715071861 48.0494388150696 33.8329649631791 16.3939159253879 31.6570194895667 12.8290133140416 17.3374237573736 0.655298264529987 40.179548033089 10.8790660333582 17.7339475768311 8.83684994599597 29.7655936090285 34.9841817143331 27.0060451696735 31.2191704279158 20.8172384952933 11.5011177461311 59.027927919654 22.1298064074075 54.0489211880963 53.4968353536259 7.11409693433854 47.3432476381985 9.10494609514443 57.1552133122845 24.4101604874631 17.3914450478629 59.0628388394184 16.3877451875263 25.7233138457383 26.9187114424023 23.826480110049 11.753493703781 53.1408776512094 20.9596029984236 17.2851046935962 19.7681932450569 13.6258693319004 56.1950128912897 48.1605899662474 0.777590140268863 60.3302571863524 62.6283801560933 20.4163996821181 10.1894365783574 35.6025348028977 3.33773552919845 5.22621967418736 21.0278795207724 25.6742472758854 86.32531116566 46.7604182891189 75.3818034343245 39.4659659535628 46.7856042828266 34.664568791173 82.2733685171306 58.8111321791663 45.2855189831128 40.1522791050269 37.77123480133 80.5557731350253 60.0756648681369 35.0624486108037 38.4605634658646 10.5850657410272 45.2304901930858 28.5755453447194 21.0205732640739 4.44134021523849 21.2691346964313 11.6732788854485 0.285353413169997 4.55116815556088 65.5074338469159 23.9191764171103 6.90058084708587 59.7824151368837 22.0723165572915 35.8342983412271 41.811047608913 13.2479959168608 22.0777117410105 56.6345430910756 70.6472842756673 7.70012024652227 11.3679554972428 60.043533906285 2.31581065174681 86.5135653620539 6.37832720830737 12.7867868736877 43.9018326438506 10.1318533883393 15.2052171540972 5.8103271394617 10.2627311017548 14.7266424461712 15.5063426396938 27.8446232918347 22.3985418465999 12.8549379237785 71.7388514263351 25.4444473292371 8.16534808518614 14.6546570464075 4.77112854115756 34.7125572350153 44.1761365024848 30.3926543642212 30.0831992129359 7.60911212545809 37.028854364339 4.1057157312841 35.9593700658682 57.2114595850025 12.6794827389627 16.6057191231634 14.2786141656737 7.21690926511468 3.97279625819117 46.9643999251346 68.7001440294441 63.4425015920283 0.761649063770496 14.4451399650613 57.8487868188076 17.3080178687271 39.6200012288287 22.9516705060732 31.8725048525141 2.45742106202431 17.2922611909478 60.9548134467961 46.0327244080539 47.8476245308616 20.365615100788 8.39835717024497 18.3395343259305 1.78354807059004 11.8301906669871 24.0518494575191 5.10564688474987 8.23487993664904 20.6318926298533 13.4275727066433 2.77483345459906 27.6810209318129 17.1158276985604 8.57191662796397 14.06771604222 12.461992012229 39.067131626322 23.0677060057609 15.4310021439406 26.9553277130898 8.01135808427345 12.7315165002146 52.9008808063181 21.7417992325218 6.35054541641589 52.5455344192785 47.2811832115622 22.6817648395545 10.4368735996177 31.1821855924006 13.5387048335669 63.327680353733 5.67340445564767 39.3004814129996 32.5051163308494 29.6784454489901 24.609353874583 3.49096724070559 18.8361634777767 13.8845453086718 10.2818750358151 47.8269593277258 10.064219870189 16.1831944391558 46.8199876347711 14.4237865348803 16.2284996720429 9.52868811241003 48.166289168809 31.9872831238391 65.355364777447 7.92617009036743 6.56165702266572 42.161358693538 3.38964239678201 16.7685323667606 24.9064269290224 16.7937451262292 6.59284092836049 19.6473668654577 30.9280533567363 74.0351207753329 24.9721355219043 31.8432404738939 48.0563783416595 6.85921191576167 15.0300124348208 16.2227913047329 22.4958490446387 38.0782878441491 7.36558989896256 48.7883375091424 66.070587354312 24.4707522894359 8.92344877302643 15.3849132341673 21.9715907600576 1.61011207276657 32.4129551472016 47.6470516186416 79.3501039473567 22.7792570828095 36.1370577913373 11.987741491222 28.4127589519864 72.4423630153931 36.4519695733759 47.9726392662988 52.3199166718391 12.5612980033756 21.6224904582915 15.2487202759203 2.3496098854017 2.48445141835766 46.3333875370115 57.3699273701982 6.91288030906029 4.56457126379229 6.59096333001799 53.9577876166956 14.8445697876606 15.3593526914037 21.0031864111391 0.522685648283263 14.7660542568783 0.393601058462155 34.0621557830076 40.1142712065629 2.21533063348897 9.84666517432082 31.5923193336512 0.900875285552495 40.9719760187428 4.55468906224716 3.24782994135954 3.05532072905299 9.34802750206924 37.4264037016759 68.6973265290075 12.8042592946713 40.0643824956138 18.5417665265027 42.7550977870345 70.3220405105931 36.4012356550493 42.9771353814464 42.260752662649 47.1051557119795 67.2745869956797 31.4627359330364 21.7285285990855 58.51481192437 8.6411236195284 23.8030229184896 46.4174073097077 25.5851293146238 36.4590918100977 16.687942413561 48.3535519206226 68.8411381180604 26.0688122867517 2.01785758960665 19.4115547767735 1.97210955467608 20.5431281789419 3.64794449700796 10.7748587259027 10.9837854134436 27.3489636518613 9.38201501631713 66.8067865818026 25.0596114569245 16.4043686138333 4.77200225778056 9.08245440282794 36.1352818950134 50.2284761072106 70.2600735326878 50.6759591702971 22.7739121557776 34.8445916216689 0.0623530561243746 13.5210011332864 75.7987541178529 86.2009297828754 47.9748931079398 44.4285489183726 61.0918805121509 13.5631854543157 11.4557106400412 26.3805885291142 30.982747359264 29.3251779832517 30.4030615786114 33.453634781675 14.009878679834 6.04213454546613 14.4684859164818 32.1470330960917 8.50313332386006 18.4949037227944 9.38390990295886 27.1515238261229 68.1238098056756 19.6594066930093 52.0402666299668 40.2351216785503 91.9875220325236 27.8916111345687 19.6336498348328 9.71692946186209 5.35180074221073 11.2176869570113 27.8243199503488 32.3308306340485 2.75715522133113 28.0995998653453 58.4862838602979 12.526394513659 30.581634405903 7.24231320917947 25.7443587718403 29.7239262306709 29.0769343840966 59.4398591106098 28.0462211194191 26.8767307712952 3.96921762485992 8.72736316121342 19.8496209939991 20.9857444624072 38.4990321113834 25.4827591752771 0.449637174046722 24.9633824954107 2.04186617417261 32.1150092477704 25.1968021013073 1.94420246217182 7.40272148867857 40.3211563910892 12.5668683935459 26.2348125359362 0.281775491652332 36.1082022180387 15.4449819730811 7.16692602619373 16.3935554447155 9.42928492705054 21.4592176429875 3.10142156536647 9.12943775298645 8.32315668008156 20.7711234554757 27.9866423483752 45.2611736043814 5.13908724262339 0.518727101517702 4.00994362307822 50.6864604841263 36.7356166610266 44.4496235538394 46.7850400496559 17.6778136766618 25.9508020669079 36.3480165247689 24.6742428921873 14.3322081350151 29.6749959660141 9.13901632491541 63.4131415884163 41.7470334687507 48.3346149718617 13.8990014368531 14.778564383132 50.4128373120318 60.999591440454 34.3715067143636 13.9264097291484 90.4010424387164 44.8135735778046 28.9685990320777 10.4007355155804 68.2215090493743 68.0464871802631 98.4478381757522 24.087275254369 3.46308942307289 16.2518239621919 8.84488633796556 51.0109993549045 48.884770452098 25.0876402351087 20.9348505757149 2.63971345598066 53.2274740413724 0.698108021835198 20.128520525769 28.9251135948569 1.84831213094235 5.23132636930339 4.60930778800968 54.3230410241502 8.61679473086193 41.222378723458 19.8927321584722 1.61973870810747 3.96448835802064 6.45547233364092 19.8537880656501 10.3743967334621 55.6332010923392 44.307974470433 23.8920558199341 21.5489220583621 27.288764800081 13.1488957793234 36.241910833396 62.8964593458724 34.498821766219 56.7722143408659 7.39320551369223 6.96163187905288 61.1443212867949 4.84072482715236 2.85268551135512 7.35642523058384 3.5850937499093 52.2438043950016 76.5893843174721 12.6465072636762 54.8106217979226 3.63679134699856 34.2774707970044 2.69052814086446 26.3594186811985 9.50241661705859 8.12490190045112 20.2742975789214 13.2039445919475 14.1620911018182 3.91858605598965 13.3702626273363 1.47227922779534 27.5409057900012 14.1942942379462 24.3150934714773 0.700767047539267 60.4222493329553 8.85470647590063 32.064901438086 77.7573630759094 56.8968584260095 7.95221564218039 11.0571279114882 29.1702380790924 33.5283480574832 31.4577838989729 75.8342391014383 19.9473068512968 7.51958153506207 5.76180822065109 27.7768129805542 29.3872924830987 49.6359061405526 12.3954896357583 51.3786891139106 23.0581789322088 56.0331940575034 63.137663989558 66.6809014930942 1.12184980381577 56.2509909994396 8.36188076598135 3.59914145275592 16.0697492045176 17.3321589640578 7.37627781827436 21.7772372484452 33.6720349451245 41.9604811601643 20.8143549033385 7.16318720564821 37.160433417542 11.4652374438493 3.91463594055115 15.6742647561499 12.4432715616948 29.7650968921639 25.3620373240258 22.5528139455074 11.5672487868306 43.5498808144522 6.20407968122576 7.16388575044782 40.880963180616 50.19188925448 5.0286838435767 81.4960133048045 9.48343025538324 63.4010259784626 49.7618849849221 20.1424875927603 23.674901046227 59.1143358964684 5.29427182202111 39.1763856853701 27.3325723901345 65.0041339179719 5.97587703351924 35.6209103880177 9.2675110418486 9.85603970203364 27.1279362157343 24.9693007654825 60.0582453580434 32.2575139776268 11.5586419445943 33.1605665380991 71.2055872991479 48.2679050121253 42.5160771649916 11.3481031986397 5.30553216131427 9.72827661979034 31.6211493278093 9.05489099213899 2.40942148360439 25.9415498122598 6.68880488691137 7.82359767875039 23.7631553745564 41.0240529123729 4.98536159240112 10.2475358302312 56.17155020357 31.1944314553892 19.4858476540013 9.25863428654399 27.1862131102973 30.6927134200959 25.0740470883436 20.3442573054934 38.3112277541507 13.8508697961726 8.94237119675942 29.2030642567545 9.68684246449153 20.0005540829461 4.97735393530322 3.94464515246061 11.4307015557605 36.7652020144628 30.3321056965479 53.1386062366312 14.7849401228195 31.7012845160252 5.13293864060965 17.540785139012 12.7107584378735 14.9272666627874 39.3387518920644 25.4432894613724 8.92636132877507 16.8027665054677 38.0703727690338 0.791689201595133 66.7622466902226 16.2384403882063 35.7582239393503 22.226573036322 18.2634299777692 39.582751680235 5.69927927606793 63.7284712895562 38.4439287870963 6.73591579992051 24.8786516094122 25.9211916799703 51.4761026005025 46.1091122553118 64.4448573058539 11.9170341528391 51.7878187117445 55.7513626411935 8.36382169009322 1.49659027928112 27.5504442946205 12.3185183453592 42.2507333587082 56.836645664831 14.5126048198485 16.1675655619253 14.4663729536403 25.4171543802004 32.1186383363733 0.79608829550823 17.7670431980041 11.2314761507577 3.9242693044655 51.6201519706109 42.3642286758066 3.33785476913829 40.8113190515037 66.4668732193212 0.00584477023493721 19.5505222320831 29.2511164675028 32.8874716185421 14.2854093991242 4.8996342598945 11.4076510622217 38.1091207496302 36.5861671606946 1.24082473966364 19.4432922388502 9.56616277466821 1.9874277983297 48.1593645897856 56.8461157357577 20.160577488472 8.09968118595789 5.02869225806303 54.4265811978873 72.44670988995 59.1073501365812 1.02443171579863 44.7595349958505 16.431864881744 7.18800309740512 10.6086651210952 18.3905514616395 6.01121624955045 3.3498286756463 1.89094091210457 7.1823390784689 3.79231336455664 8.45439743088611 13.5554880086673 35.8794949003423 13.2534036660808 20.2922241347261 14.7111262622971 7.19227038378016 3.27426397407918 65.5205111857373 34.7229819542135 27.2006051880483 48.8507581946254 10.4116117328262 10.22284974526 31.334905932208 77.7035255945126 27.5554079226191 8.35698500259346 19.2037435629902 84.9364725248634 9.55016500394665 32.7641318786552 2.82001704644413 13.5760185889415 8.83484001536778 38.2186920244688 48.1655247664814 32.9326840339357 31.3551929552831 37.9284243475688 12.9580738262253 21.9073777316301 7.07545154786941 40.5659907930441 7.94312171955783 69.617262484075 42.4825922957782 2.42440128713592 68.078674064749 41.8523189204621 56.2787634812812 25.9493966085838 37.1569288697419 34.4224422949307 11.2916870725556 17.3022542200062 41.5605943055319 68.3989854934829 20.4166636651928 2.82463906717377 53.2387000244805 30.512385960803 19.3984773178003 9.13638350827246 91.9603188412337 56.3993564766457 60.1134105120677 15.3674551858912 88.9304305633363 15.8381409498699 118.919009066448 7.06049859011677 1.51240081063278 3.70133424049663 24.9804003239238 18.7698757258997 90.2838587030416 10.945789067554 28.3436597420572 22.5962496516762 34.1421661915951 11.3551560761272 2.30190654098033 39.1131625609815 3.20004630614718 36.886287233099 8.73428608911916 54.615793754657 32.2890724549662 13.5193680934041 19.129838839975 19.0777347265453 27.6424881813912 74.9190540873675 10.2968854468606 5.69301519286494 26.2619845442775 8.65843818579694 40.573781414362 19.57585881619 8.93225891036695 20.8637305922125 14.2821101791704 14.2743360391808 31.812794822181 2.23367643468865 23.4895708204206 4.634599137912 11.4152501537268 33.1359434160801 17.8288262605724 20.5136887966775 7.94389813746631 19.061561056579 3.61079866593646 8.02453362825995 70.255757352807 39.8947317103986 57.4610433001613 26.8904854155567 4.05677172495085 31.6825394823846 33.6098297827947 18.800344418215 20.2994157346681 27.753544755179 85.7371587518948 29.7097801536833 20.7693372264661 14.3957969229561 15.9190840208585 17.6773578471332 7.63260059891758 17.0600866562987 0.800345137855199 37.045318334116 37.6901498888108 29.3396628662915 4.82796193471838 23.8451024405189 6.13433502878298 15.3193681895889 20.9498886523623 38.2103979740951 32.9078218664899 5.55103949080149 30.352433773648 40.9076806278808 19.6355949586796 26.3855256476832 10.3369319928982 14.6291648563309 2.22246623174038 11.9918653730075 1.98636732196231 26.896893854577 16.6893587103991 50.4950942401109 12.964736093704 24.2003029737358 30.0043926152836 20.2418109109075 29.3523258479665 17.9767162598428 18.6121896304123 49.486517873961 15.9785863155865 37.108302154157 23.9178835987557 65.9597908673637 51.7133772464092 76.1830497238241 39.5449305935076 8.25331240786009 51.9380099155849 58.3478571190884 51.59191079569 15.8787193762953 7.45747632762164 45.0023920408158 6.97424399430685 71.8330454972022 26.0824813172243 6.30718108222493 43.1488709773513 17.5910748341659 45.2149232464265 37.6157085921098 20.7424192747611 1.8566652951039 35.1619503794268 80.5981820134233 102.124574629149 18.3564697864361 51.3496167920138 24.7191077226543 87.5488581885512 2.38310316307393 5.49506333458795 35.423719345073 60.0767937435136 4.02769891770091 9.42296509753708 45.8826098800722 34.1193310249967 43.6734483331996 5.92013161846446
