Instancenumber:
6
Instancename:
P-n40-k5.vrp
Customers:
39
Depot:
0
Dimension:
1560
Vehicles:
39
Capacity:
140
Demands:
0 7 30 16 9 21 15 19 23 11 5 19 29 23 21 10 15 3 41 9 28 8 8 16 10 28 7 15 14 6 19 11 12 23 26 17 6 9 15 14
Uncertainty:budgeted
Gamma:
39
Mean Vector:
13.8924439894498 21.0237960416286 32.5576411921994 17.2046505340853 14.142135623731 11.4017542509914 26.4196896272458 22.0227155455452 23.0867927612304 28.3196045170126 12.0415945787923 8.06225774829855 29.1547594742265 18.1107702762748 24.738633753706 22.0227155455452 17.2626765016321 14.7648230602334 31.9061122670876 32.4499614791759 32.0624390837628 20.8086520466848 22.0227155455452 25.0599281722833 23.0867927612304 28.1602556806574 8 29.9666481275434 29.1204395571221 30.8706980808663 29.8328677803526 10 34 31.7804971641414 39.4081209904761 43.9317652729776 18.1107702762748 15.8113883008419 38.2883794381533 13.8924439894498 12.369316876853 19.2093727122985 31.0644491340181 22.2036033111745 16.7630546142402 22.8254244210267 11.6619037896906 24.2074368738204 34.0147027033899 12.0830459735946 20.8806130178211 41.8688428309166 26.9258240356725 36.0138862107382 18.6010752377383 30.6757233003559 27.5862284482674 45.7930125674212 20.8806130178211 26.9258240356725 7.07106781186548 21.5870331449229 29 33.1058907144937 18.8679622641132 8.06225774829855 16.1554944214035 21.3775583264319 32.649655434629 17 6.08276253029822 42.9534631898291 30.6104557300279 27.3130005674953 31.0644491340181 30.4138126514911 18.7882942280559 43.0464865000618 21.0237960416286 12.369316876853 15.2970585407784 37.0135110466435 21.0237960416286 28.0713376952364 34.928498393146 22.2036033111745 16.2788205960997 28.0713376952364 10.6301458127346 24.7588368062799 50.1198563445667 37.6563407675255 35.4682957019364 8.54400374531753 34.0587727318528 35.7770876399966 50.9116882454314 12.0415945787923 14.7648230602334 10.6301458127346 33.9558536926993 41.1096095821889 43.4165866921848 29.0688837074973 19.0262975904404 18.9736659610103 9.05538513813742 23.7697286480094 23.3238075793812 11.4017542509914 39.1152144312159 20 19.1049731745428 24.4131112314674 31.9061122670876 14.560219778561 35.4400902933387 32.5576411921994 19.2093727122985 15.2970585407784 49.6789693934969 36.0555127546399 35.3553390593274 35.0142828000232 21.095023109729 31 43.0116263352131 25.0798724079689 38.2753184180093 61.0737259384099 45.6508488420533 50.5964425626941 23 48.0208288141719 46.7546789102438 64.2028036770981 7.81024967590665 24.1660919471891 12.2065556157337 36.6742416417845 45.6070170039655 51.9711458407451 25.3179778023443 27.2029410174709 9.48683298050514 17.0880074906351 37.4833296279826 15.8113883008419 22.8035085019828 54.3323108288245 32.2800247831379 10.0498756211209 12.0830459735946 46.518813398452 29.8328677803526 49.4974746830583 17.2046505340853 31.0644491340181 37.0135110466435 49.6789693934969 20.3960780543711 21.0237960416286 37.1214223865412 37.6430604494374 32.7566787083184 31.4006369362152 26.6270539113887 12.5299640861417 15.0332963783729 17.8885438199983 18.8679622641132 35.3411940941446 7.61577310586391 7.61577310586391 14.7648230602334 48.91829923454 44.9444101084885 38.0131556174964 31.2569992161756 28.6356421265527 17.6918060129541 42.5793377120875 24.1660919471891 47.0106370941726 43.9089968002003 38.0131556174964 46.2385120867876 26.9072480941474 30.5286750449475 41.5932686861708 55.9732078766261 60.8111831820431 12.6491106406735 26.5706605111728 40.5215991787096 14.142135623731 22.2036033111745 21.0237960416286 36.0555127546399 20.3960780543711 25.4950975679639 40.2243707222375 33.2415402771893 12.369316876853 14.2126704035519 11.1803398874989 9.21954445729289 35.3553390593274 30.4630924234556 14.560219778561 16.2788205960997 14.7648230602334 23.1948270094864 31.9061122670876 32.7566787083184 25.0599281722833 27.0739727413618 36.1247837363769 38.8329756778952 33.9558536926993 40.1621712560464 20.591260281974 37.1214223865412 25.4558441227157 18.2482875908947 39.1152144312159 16.1245154965971 20.8806130178211 21.2132034355964 39.6610640301039 45.2769256906871 11.3137084989848 7.07106781186548 24.2074368738204 11.4017542509914 16.7630546142402 28.0713376952364 35.3553390593274 21.0237960416286 25.4950975679639 16.4924225024706 18.0277563773199 34.0147027033899 39.6988664825584 21.8403296678416 18.0277563773199 27.2029410174709 10.295630140987 34.4383507154451 31.5753068076939 24.738633753706 14.560219778561 34.928498393146 37.6430604494374 41.3037528561268 23.259406699226 11.1803398874989 13.9283882771841 16.6433169770932 21.8403296678416 9.05538513813742 29.732137494637 37.0135110466435 42.0594816896262 27.2029410174709 17.0293863659264 44.6542271235322 42.3792402008342 44.0113621693308 47.4130783645188 27.3130005674953 26.8328157299975 49.6789693934969 26.4196896272458 22.8254244210267 34.928498393146 35.0142828000232 37.1214223865412 40.2243707222375 16.4924225024706 14.0356688476182 46.0977222864644 54.0370243444252 33.3016516106934 34.0147027033899 39.8497176903426 21.5870331449229 50.6951674225463 41.3400532171888 41.2310562561766 30 50.1597448159378 40.3112887414927 49.6588360717405 25.7099202643649 6.08276253029822 14.2126704035519 26.9258240356725 11.1803398874989 19.8494332412792 26.3058928759318 43.6577599058861 54.561891462815 20.8806130178211 27.0185121722126 60.4152298679729 53.2541078227774 45 46.3896540189728 43.6577599058861 39.5979797464467 63.7808748764079 22.0227155455452 11.6619037896906 22.2036033111745 21.095023109729 37.6430604494374 33.2415402771893 18.0277563773199 14.0356688476182 35.8050275799363 45.6179789118282 23.7065391822594 30 45.2216762183801 27.5862284482674 46.2709412050371 29.698484809835 39.2045915678253 32.2024843762092 52.2015325445527 26.3058928759318 36.8917334913934 12.0830459735946 15.8113883008419 25.0798724079689 33.9411254969543 7.21110255092798 14.0356688476182 13 30.4138126514911 44.2040722106007 9.21954445729289 17.464249196573 54.1202365109392 41.7252920900501 31.0161248385416 32.7566787083184 40.0124980474851 30.4138126514911 54.7083174663597 23.0867927612304 24.2074368738204 16.2788205960997 31 32.7566787083184 12.369316876853 34.0147027033899 46.0977222864644 35.8050275799363 12.0415945787923 12.8062484748657 21.0237960416286 47.6759897642409 41 23.3452350598575 8 26.9258240356725 35 43.8292140016223 25.4950975679639 13.4536240470737 26 43.2666153055679 47.927027865287 45.2769256906871 43.0116263352131 26.6270539113887 35.1710107901379 16.1554944214035 8.48528137423857 39 19.1049731745428 23.7697286480094 9 31.6227766016838 37.6430604494374 22.8254244210267 7.28010988928052 19.313207915828 28.3196045170126 34.0147027033899 28.0713376952364 43.0116263352131 31.4006369362152 14.2126704035519 39.6988664825584 54.0370243444252 45.6179789118282 12.0415945787923 21.9317121994613 22.8254244210267 46.1735855224608 44.2944691807002 15.8113883008419 20.0249843945008 24.0831891575846 36.0555127546399 38.8329756778952 37.4833296279826 23.7065391822594 37.1079506305589 50.2095608425328 53.0094331227943 47.169905660283 52.773099207835 34.2052627529741 46.690470119715 27.8926513619627 9.21954445729289 50 28.1780056072107 12.0830459735946 15.6204993518133 43.4165866921848 49.4772675074119 19.0262975904404 15.2315462117278 10 12.0415945787923 12.0830459735946 10.6301458127346 25.0798724079689 26.6270539113887 11.1803398874989 21.8403296678416 33.3016516106934 23.7065391822594 12.8062484748657 21.9317121994613 14.2126704035519 40.3112887414927 30.0166620396073 25.7099202643649 10 23.43074902772 26.2488094968134 40.3112887414927 22.6715680975093 20.0249843945008 16 30.5286750449475 35.7351367704113 35.1283361405006 30.886890422961 13.8924439894498 26.0192236625154 17.464249196573 21.2602916254693 28.4429253066558 6.40312423743285 31.2569992161756 20.6155281280883 29.732137494637 35 21.4709105535839 6.70820393249937 31.0644491340181 8.06225774829855 20.8806130178211 24.7588368062799 38.2753184180093 12.5299640861417 9.21954445729289 18.0277563773199 34.0147027033899 30 21.0237960416286 22.8254244210267 14.2126704035519 26.9258240356725 21.4709105535839 16.7630546142402 22.8473193175917 9.8488578017961 14.0356688476182 26.1725046566048 36.7695526217005 32.5729949498047 27.3130005674953 29.1547594742265 30.4795013082563 24.738633753706 36.2215405525497 16.0312195418814 37 31.3847096529504 27.459060435492 37.4833296279826 15.6524758424985 26.6270539113887 30.0166620396073 43.8406204335659 48.91829923454 10.0498756211209 14.3178210632764 32.7566787083184 29.1547594742265 41.8688428309166 50.1198563445667 61.0737259384099 15.0332963783729 35.3553390593274 27.2029410174709 39.8497176903426 45.2216762183801 47.6759897642409 46.1735855224608 40.3112887414927 26.9258240356725 18.3847763108502 32.2800247831379 49.6487663492256 22.0907220343745 14.422205101856 14.422205101856 61.5873363606513 59.4810894318522 48.91829923454 33.8378486313773 27.1661554144122 13.1529464379659 48.3011387029333 33.9705755029261 56.6392090340252 57.7754273026172 53.0377224247045 54.4058820349418 39.1152144312159 43.6577599058861 56.5685424949238 68.5054742338158 72.8010988928052 27.1661554144122 41.2310562561766 54.9181208709839 18.1107702762748 26.9258240356725 37.6563407675255 45.6508488420533 17.8885438199983 30.4630924234556 10.295630140987 21.5870331449229 27.5862284482674 41 44.2944691807002 30.0166620396073 21.4709105535839 18.3847763108502 35.3836120259083 40.0124980474851 24.2074368738204 10.295630140987 29.0172362570938 47.7598157450382 50 33.5410196624968 15.52417469626 10.770329614269 6.40312423743285 30.0166620396073 18.9736659610103 39.8246155034798 46.3896540189728 48.3838816136118 36.7967389859482 26.3058928759318 46.690470119715 49.8196748283246 54.230987451825 57.706152185014 28.2842712474619 33.734255586866 54.2033209314706 24.738633753706 36.0138862107382 35.4682957019364 50.5964425626941 18.8679622641132 14.560219778561 34.4383507154451 50.6951674225463 46.2709412050371 23.3452350598575 15.8113883008419 25.7099202643649 16.7630546142402 32.2800247831379 35.3836120259083 29.6816441593117 11.4017542509914 25.4950975679639 23.1948270094864 46.9574275274956 36.7695526217005 41.4366987102013 45.6179789118282 45.6070170039655 36.4005494464026 52.773099207835 32.5576411921994 51.478150704935 38.8329756778952 24.5967477524977 53.0094331227943 30.0665927567458 11.6619037896906 30.2324329156619 53.7121960079831 59.4810894318522 7.21110255092798 21.0237960416286 23.0217288664427 22.0227155455452 18.6010752377383 8.54400374531753 23 35.3411940941446 16.2788205960997 31.5753068076939 41.3400532171888 29.698484809835 8 20.0249843945008 10 22.8473193175917 49.6487663492256 40.0124980474851 29.6816441593117 30.8058436014987 35.9026461420325 48.0104155366312 17.7200451466693 10.0498756211209 18.8679622641132 39.3954312071844 45.3541618817943 45.0998891351187 36.7967389859482 23.0867927612304 27.5136329843952 9.21954445729289 15.2315462117278 31.7647603485372 14.8660687473185 31.5753068076939 12.0415945787923 24.1660919471891 30.0832179129826 27.5862284482674 9.21954445729289 26.9258240356725 17.2626765016321 30.6757233003559 34.0587727318528 48.0208288141719 7.61577310586391 14.7648230602334 24.738633753706 41.2310562561766 39.2045915678253 26.9258240356725 24.0831891575846 23.43074902772 9.8488578017961 22.0907220343745 24.2074368738204 11.4017542509914 30.8058436014987 14.142135623731 17.2046505340853 46.0977222864644 39.8246155034798 37.1618083521241 35.7351367704113 34.6698716467194 25 45 25.1793566240283 46.8187996428785 39.8246155034798 31.2569992161756 47.0744091837593 25.4950975679639 23.0217288664427 35.4400902933387 53.1507290636732 58.4123274660409 5.09901951359278 21.6333076527839 32.9848450049413 14.7648230602334 27.5862284482674 35.7770876399966 46.7546789102438 7.61577310586391 23.1948270094864 14.560219778561 30 32.2024843762092 35 36.0555127546399 26.2488094968134 14.0356688476182 14.422205101856 10.295630140987 25.4950975679639 35.9026461420325 14.142135623731 20.3960780543711 47.169905660283 45.8911756223351 34.6554469023269 24.0208242989286 21.0237960416286 11.1803398874989 36.4005494464026 19.8494332412792 42.8018691180654 43.6577599058861 41.4366987102013 41.182520563948 24.6981780704569 37.0135110466435 44 54.0832691319598 58.4123274660409 18.6010752377383 28.0713376952364 45.6946386351835 31.9061122670876 45.7930125674212 50.9116882454314 64.2028036770981 14.7648230602334 31.9061122670876 34.928498393146 50.1597448159378 52.2015325445527 43.8292140016223 38.8329756778952 40.3112887414927 26.1725046566048 14.422205101856 29.0172362570938 23.1948270094864 48.0104155366312 17.2046505340853 20.3960780543711 62.9364759102383 56.938563381947 52.6972485050216 44.1021541423999 39.319206502675 25.7099202643649 56.7538544946508 38.9101529166874 61.773780845922 57.0087712549569 47.1274866717927 60.9261848469113 41.4004830889689 33.1360830515618 52 70.0071424927486 75.0732975164938 21.0237960416286 38.8329756778952 46.0434577328854 32.4499614791759 20.8806130178211 12.0415945787923 7.81024967590665 48.91829923454 32.7566787083184 37.6430604494374 40.3112887414927 26.3058928759318 25.4950975679639 37.4833296279826 22.6715680975093 36.7695526217005 61.5873363606513 47.7598157450382 46.9574275274956 17.7200451466693 46.0977222864644 47.169905660283 62.9364759102383 16.7630546142402 15.0332963783729 41.0121933088198 49.3659801887899 53.851648071345 31.6227766016838 28.7923600977759 16.6433169770932 10.0498756211209 31.0161248385416 22.8254244210267 22.4722050542442 49.2442890089805 25.3179778023443 7.07106781186548 12.5299640861417 43.8292140016223 25.9422435421457 43.0464865000618 32.0624390837628 26.9258240356725 14.7648230602334 24.1660919471891 44.9444101084885 25.0599281722833 41.3037528561268 49.6588360717405 36.8917334913934 13.4536240470737 23.7065391822594 20.0249843945008 32.5729949498047 59.4810894318522 50 36.7695526217005 10.0498756211209 39.8246155034798 45.8911756223351 56.938563381947 16.7630546142402 25 48.3838816136118 54.9181208709839 55.145262715849 43.6004587131833 32.5576411921994 31.4006369362152 7.21110255092798 15.52417469626 36.7967389859482 24.3310501211929 35.7770876399966 9.05538513813742 21 27.0185121722126 36.0555127546399 18.3847763108502 27.1661554144122 20.8086520466848 7.07106781186548 10.6301458127346 12.2065556157337 38.0131556174964 27.0739727413618 23.259406699226 25.7099202643649 12.0830459735946 26 37.1079506305589 16 27.3130005674953 48.91829923454 33.5410196624968 41.4366987102013 18.8679622641132 37.1618083521241 34.6554469023269 52.6972485050216 15.0332963783729 25 26 34.3656805548792 39.8246155034798 18.6010752377383 15 10.0498756211209 18.3575597506858 34 13 11.7046999107196 47.169905660283 30.6104557300279 20.8806130178211 24.1867732448956 36.4005494464026 22.2036033111745 45.3100430368368 22.0227155455452 21.5870331449229 33.9558536926993 36.6742416417845 31.2569992161756 36.1247837363769 11.1803398874989 6.08276253029822 15.8113883008419 43.2666153055679 50.2095608425328 30.5286750449475 29.1547594742265 33.8378486313773 15.52417469626 45.6179789118282 39.3954312071844 35.7351367704113 24.0208242989286 44.1021541423999 41.0121933088198 48.3838816136118 26 9.4339811320566 21.0237960416286 15.556349186104 16.6433169770932 28.7923600977759 42.9534631898291 51.6139516022558 24.1867732448956 24.5967477524977 55.7584074378026 51 46.3896540189728 48.5077313425396 38.4837628097877 36.4005494464026 60.1082357085949 25.0599281722833 29 41.1096095821889 45.6070170039655 28.6356421265527 38.8329756778952 13.9283882771841 14.2126704035519 25.0798724079689 47.927027865287 53.0094331227943 35.7351367704113 30.4795013082563 27.1661554144122 10.770329614269 45.6070170039655 45.3541618817943 34.6698716467194 21.0237960416286 39.319206502675 49.3659801887899 54.9181208709839 34.3656805548792 9.4339811320566 14.0356688476182 24.8394846967484 22.3606797749979 38.0788655293195 50.1597448159378 55.9016994374947 33.6154726279432 30.5941170815567 56.6392090340252 56.302753041037 55.1089829338194 57.567351858497 38.4187454245971 40.7185461430047 63.0079360080935 23.0867927612304 33.1058907144937 43.4165866921848 51.9711458407451 17.6918060129541 33.9558536926993 16.6433169770932 26.9258240356725 33.9411254969543 45.2769256906871 47.169905660283 35.1283361405006 24.738633753706 13.1529464379659 6.40312423743285 36.4005494464026 45.0998891351187 25 11.1803398874989 25.7099202643649 53.851648071345 55.145262715849 39.8246155034798 21.0237960416286 14.0356688476182 36.0555127546399 25.0798724079689 46.2276973253049 51.9711458407451 52.1727898429823 43.139309220246 32.0156211871642 48.0104155366312 54.230987451825 60.4152298679729 64.007812023221 29.6816441593117 38.1182371050918 56.859475903318 28.1602556806574 18.8679622641132 29.0688837074973 25.3179778023443 42.5793377120875 40.1621712560464 21.8403296678416 11.1803398874989 7.21110255092798 43.0116263352131 52.773099207835 30.886890422961 36.2215405525497 48.3011387029333 30.0166620396073 52.773099207835 36.7967389859482 45 36.4005494464026 56.7538544946508 31.6227766016838 43.6004587131833 18.6010752377383 15.556349186104 24.8394846967484 36.0555127546399 20.2237484161567 16.0312195418814 36.8917334913934 51.4003891035856 10.0498756211209 24.5967477524977 61.0327780786685 48.7954915950234 35.3553390593274 36.0138862107382 46.2709412050371 37.589892258425 61.9112267686564 8 8.06225774829855 19.0262975904404 27.2029410174709 24.1660919471891 20.591260281974 9.05538513813742 19.8494332412792 14.0356688476182 26.6270539113887 34.2052627529741 13.8924439894498 16.0312195418814 33.9705755029261 18.9736659610103 32.5576411921994 23.0867927612304 25.1793566240283 19.8494332412792 38.9101529166874 28.7923600977759 32.5576411921994 15 16.6433169770932 22.3606797749979 25.0798724079689 20.2237484161567 23.0217288664427 28 35 22.1359436211787 8.24621125123532 41.2310562561766 34.4383507154451 35.3411940941446 39.1152144312159 26.0768096208106 19.8494332412792 43.9317652729776 29.9666481275434 16.1554944214035 18.9736659610103 9.48683298050514 47.0106370941726 37.1214223865412 29.732137494637 26.3058928759318 13 35.1710107901379 46.690470119715 26.0192236625154 37 56.6392090340252 39.8246155034798 51.478150704935 27.5136329843952 46.8187996428785 42.8018691180654 61.773780845922 16.6433169770932 31.4006369362152 10.0498756211209 28.7923600977759 38.0788655293195 46.2276973253049 16.0312195418814 23.0217288664427 24.2074368738204 42.7200187265877 6.32455532033676 21.5870331449229 57.0788927713213 38.4707681233427 19.4164878389476 20.0997512422418 46.3249392876019 32.0624390837628 54.4058820349418 29.1204395571221 21.3775583264319 9.05538513813742 17.0880074906351 43.9089968002003 25.4558441227157 37.0135110466435 43.6577599058861 30.4138126514911 16.1554944214035 27.8926513619627 17.464249196573 31.3847096529504 57.7754273026172 46.3896540189728 38.8329756778952 9.21954445729289 39.8246155034798 43.6577599058861 57.0087712549569 10.0498756211209 7.21110255092798 18.3575597506858 42.9534631898291 50.1597448159378 51.9711458407451 36.8917334913934 28 24.2074368738204 21 29.698484809835 20.0997512422418 39.8497176903426 15.2970585407784 15.52417469626 21.5870331449229 36.7695526217005 18.3847763108502 33.0151480384384 30.8706980808663 32.649655434629 23.7697286480094 37.4833296279826 38.0131556174964 18.2482875908947 42.0594816896262 54.561891462815 44.2040722106007 8.48528137423857 9.21954445729289 21.2602916254693 27.459060435492 53.0377224247045 48.3838816136118 24.5967477524977 15.2315462117278 31.2569992161756 41.4366987102013 47.1274866717927 31.0161248385416 15.52417469626 34 51.6139516022558 55.9016994374947 52.1727898429823 51.4003891035856 35 42.7200187265877 21 46.9574275274956 27.5862284482674 20.8086520466848 6.70820393249937 36.2215405525497 42.2965719651132 26.4764045897475 15.2643375224737 12.0415945787923 29.8328677803526 17 23.3238075793812 15.8113883008419 46.2385120867876 39.1152144312159 27.2029410174709 20.8806130178211 9.21954445729289 39 50 28.4429253066558 37.4833296279826 54.4058820349418 36.7967389859482 53.0094331227943 31.7647603485372 47.0744091837593 41.182520563948 60.9261848469113 22.8254244210267 36.7967389859482 13 24.1867732448956 33.6154726279432 43.139309220246 10.0498756211209 22.1359436211787 6.32455532033676 29.698484809835 46.9574275274956 23.0217288664427 59.6824932455071 43.2666153055679 25.7099202643649 26 47.2652091923859 34.928498393146 58.309518948453 10 6.08276253029822 11.4017542509914 22.8035085019828 26.9072480941474 16.1245154965971 17.0293863659264 27.0185121722126 17.464249196573 19.1049731745428 28.1780056072107 6.40312423743285 15.6524758424985 39.1152144312159 26.3058928759318 30.0665927567458 14.8660687473185 25.4950975679639 24.6981780704569 41.4004830889689 22.4722050542442 24.3310501211929 11.7046999107196 24.5967477524977 30.5941170815567 32.0156211871642 24.5967477524977 8.24621125123532 21.5870331449229 20.0997512422418 27.5862284482674 23.0217288664427 36.8781778291715 26.4196896272458 29.4108823397055 33.9705755029261 24.738633753706 13.0384048104053 37.4432904536981 34 42.9534631898291 39.1152144312159 54.3323108288245 30.5286750449475 20.8806130178211 44.6542271235322 60.4152298679729 54.1202365109392 23.7697286480094 12.0830459735946 31.2569992161756 26.6270539113887 43.6577599058861 46.690470119715 11.6619037896906 31.5753068076939 23.0217288664427 37.0135110466435 33.1360830515618 49.2442890089805 35.7770876399966 47.169905660283 55.7584074378026 56.6392090340252 48.0104155366312 61.0327780786685 41.2310562561766 57.0788927713213 39.8497176903426 20.8086520466848 59.6824932455071 36.8781778291715 27.459060435492 55.3624421426656 61.400325732035 18.4390889145858 25.0199920063936 13.9283882771841 31.7804971641414 30.6104557300279 20 32.2800247831379 41.5932686861708 21.2132034355964 42.3792402008342 53.2541078227774 41.7252920900501 9 15.6204993518133 20.6155281280883 30.0166620396073 56.5685424949238 49.8196748283246 30.2324329156619 12.0415945787923 35.4400902933387 44 52 25.3179778023443 9.05538513813742 30.6104557300279 51 56.302753041037 54.230987451825 48.7954915950234 34.4383507154451 38.4707681233427 15.2970585407784 6.70820393249937 43.2666153055679 26.4196896272458 27.459060435492 30.0166620396073 36.0555127546399 31.0161248385416 16.1245154965971 18.1107702762748 39.4081209904761 27.3130005674953 19.1049731745428 10.0498756211209 55.9732078766261 39.6610640301039 44.0113621693308 45 31.0161248385416 31.6227766016838 43.4165866921848 29.732137494637 43.8406204335659 68.5054742338158 54.230987451825 53.7121960079831 24.1660919471891 53.1507290636732 54.0832691319598 70.0071424927486 7.07106781186548 21 20.8806130178211 46.3896540189728 55.1089829338194 60.4152298679729 35.3553390593274 35.3411940941446 19.4164878389476 15.52417469626 36.2215405525497 25.7099202643649 29.4108823397055 55.3624421426656 30.0166620396073 6.08276253029822 50.8035431835222 32.7566787083184 48.0936586256442 43.9317652729776 31.0644491340181 24.4131112314674 12.0830459735946 60.8111831820431 45.2769256906871 47.4130783645188 46.3896540189728 32.7566787083184 37.6430604494374 49.4772675074119 35 48.91829923454 72.8010988928052 57.706152185014 59.4810894318522 30.0832179129826 58.4123274660409 58.4123274660409 75.0732975164938 12.5299640861417 27.0185121722126 24.1867732448956 48.5077313425396 57.567351858497 64.007812023221 36.0138862107382 39.1152144312159 20.0997512422418 21.5870331449229 42.2965719651132 26 33.9705755029261 61.400325732035 36.0555127546399 6.08276253029822 56.302753041037 38.4707681233427 54.1479454827235 18.1107702762748 30.4138126514911 31.9061122670876 46.518813398452 12.6491106406735 11.3137084989848 27.3130005674953 43.6577599058861 40.0124980474851 22.8254244210267 19.0262975904404 21.4709105535839 10.0498756211209 27.1661554144122 28.2842712474619 7.21110255092798 27.5862284482674 5.09901951359278 18.6010752377383 21.0237960416286 43.8292140016223 36.0555127546399 36.4005494464026 38.4837628097877 38.4187454245971 29.6816441593117 46.2709412050371 26.0768096208106 46.3249392876019 36.7695526217005 26.4764045897475 47.2652091923859 24.738633753706 18.4390889145858 31.0161248385416 50.8035431835222 56.302753041037 18.3847763108502 27.8926513619627 15.8113883008419 18.7882942280559 14.560219778561 29.8328677803526 26.5706605111728 7.07106781186548 26.8328157299975 39.5979797464467 30.4138126514911 7.28010988928052 15.2315462117278 6.70820393249937 14.3178210632764 41.2310562561766 33.734255586866 21.0237960416286 9.21954445729289 21.6333076527839 28.0713376952364 38.8329756778952 25.9422435421457 18.3847763108502 22.2036033111745 36.4005494464026 40.7185461430047 38.1182371050918 37.589892258425 19.8494332412792 32.0624390837628 18.3847763108502 15.2643375224737 34.928498393146 13.0384048104053 25.0199920063936 16.1245154965971 32.7566787083184 38.4707681233427 18.3847763108502 24.4131112314674 38.2883794381533 43.0464865000618 35.4400902933387 49.4974746830583 40.5215991787096 24.2074368738204 49.6789693934969 63.7808748764079 54.7083174663597 19.313207915828 10 31.0644491340181 32.7566787083184 54.9181208709839 54.2033209314706 23.0217288664427 26.9258240356725 32.9848450049413 45.6946386351835 46.0434577328854 43.0464865000618 27.1661554144122 45.3100430368368 60.1082357085949 63.0079360080935 56.859475903318 61.9112267686564 43.9317652729776 54.4058820349418 33.0151480384384 12.0415945787923 58.309518948453 37.4432904536981 13.9283882771841 18.1107702762748 48.0936586256442 54.1479454827235 27.8926513619627 24.4131112314674
Deviation Vector:
21.8548855602192 16.0115613703624 32.1749480162415 24.008775761323 13.781552250861 7.63806579984114 6.61372697232018 27.4946852558637 14.9155901507559 22.1924045899836 7.36494584260508 11.7953000594888 36.895405307392 12.3147850934873 15.1576395475601 21.583154005133 11.6427341527972 13.8132376089084 5.84207723906451 40.1443654716688 29.4456605707705 5.31212109202295 1.47795635182588 38.2388615843582 5.38875426284099 10.0330054912872 3.3587784526313 35.583568087933 28.7242732844875 11.0909370394429 42.6591240376184 9.33199082562579 38.1093420076182 25.1649786931879 27.6777117798246 20.6048900759651 26.473234600682 15.0630114054228 3.48975818436829 6.68865855773701 1.360178827832 13.4997615866707 9.88289022411889 30.5402992653486 23.1789423410103 21.2471092415108 8.50340360471616 10.4295237955071 8.16548993317124 11.0229155051497 0.868842856018497 48.502650329752 31.4371711680921 3.91545016092503 19.6798200259786 42.9754638767468 12.8276800732044 67.6747908298149 20.0882675211216 39.0801042169864 1.49034124030282 16.5280044811237 21.9893114668648 44.0847667842631 29.386515093943 11.7756316882503 2.81596390893625 29.7762972537425 25.6923482863999 4.51261339014922 1.50847046431993 38.5238522291843 29.6375747478462 15.4627775568164 20.0674629284276 22.0381996142197 28.1257996501078 59.1956054360706 24.2919702924184 1.369250344048 10.1124679861071 44.3074388222249 26.6821386277973 5.6781113474966 45.6089972050745 15.5600185833301 26.0987655784065 4.05460249584736 5.87085286317422 23.2471206891286 79.9831646465132 28.7336504814497 2.77510281155109 6.21785078632287 15.9508452350131 0.33553090128904 28.611663295986 7.73837098985662 20.7040441531602 14.3389652645846 30.8347870921585 0.98252911846156 26.8933179791922 7.26595194118382 11.2261384896462 24.0096461364147 8.82508754453697 10.9500581559372 23.6556865950095 5.74276129999669 22.3492498617017 0.979126212658886 1.42120197394168 5.22841082568523 8.01579341624225 20.0955916748054 32.4259830629084 7.42703219281687 29.2868043437237 22.4443861836241 57.9784295060288 53.8706283417345 21.3524782617355 43.6034133958055 12.5621115335412 33.240439098316 53.9659134223965 29.0296348187198 3.38979094312554 62.9420454039895 40.1744876258757 50.4268404035328 24.2533032259561 72.0054608924221 58.2845832402785 1.16711622729716 8.89225795794866 14.3746337372407 5.84512131798572 19.3060749111206 50.0993109830013 54.5811750008581 14.5673788997471 31.9060349845613 11.9950073014433 14.1250755951076 34.7363442448317 8.74355913107645 24.0514762743565 44.8230163461264 12.7144904220503 5.98413061379835 8.3703588242272 46.4174185883244 6.39620510544428 63.7644794444854 7.63451171308328 45.6362629449858 30.3280850243617 26.4446292593211 17.8124844343152 1.53623607633361 56.7571063623594 11.3484321718696 51.5110041114605 36.0861450722058 8.51142660011535 13.5915749088482 1.7693882732409 14.2840797317454 30.3990481528876 42.9818902341405 1.69359158501665 4.26618554150449 11.2617446850754 72.7299788239567 62.3282397081864 2.39902830677503 12.921952729749 23.3428173620962 15.711907017103 34.373914215802 34.0889259567194 74.3156053058352 7.84942281638646 61.7717988798439 57.4613731498477 16.7501032809166 44.8084250111908 18.1242631767448 64.6391494809259 43.4637025859969 6.43613579973398 28.096765502811 41.1783252361412 6.43481333294642 12.8849086264485 28.0848513444079 55.5159631173272 14.2365656094197 12.9519910375642 61.3235219214558 9.56882595449166 9.03452869532049 6.51464072589849 11.7460547190926 5.44706373010773 7.73603302786873 33.9270368862959 14.621764492027 16.8318869859136 5.5435036446076 4.2950386778799 26.1068188360911 10.8075145937895 9.120259440708 22.1168439947363 56.8116377296169 38.3068144101631 22.3533910113843 15.3441270508522 10.603018324615 50.9691793643631 22.6779861394679 28.692946982022 29.8410252899675 21.7017507423037 10.9899951452007 10.0214413129824 49.9442114316771 55.43391506863 11.0923462762927 8.1845244477431 36.606191814467 0.963299054730056 27.0863315178252 26.2871605512451 23.8755994296519 4.37920477244011 10.8049567581384 0.877153469632202 22.3953792702882 27.1865475521475 9.46252285733897 9.48231381767882 20.3567960699906 16.38420840193 12.8805498549915 37.038314828637 50.1651467292745 7.00181105439338 21.2222542559186 16.6723722791968 1.118952875857 29.824623829903 9.84679637200282 8.86182879648221 6.15105609229901 15.8056946698142 27.6289198595615 0.675080085345722 16.2830109395007 22.91617136158 51.8179826406725 11.7924524089182 11.9821626003947 54.5454128042522 58.0570372131234 60.6881803422678 67.7913936274451 4.57220086851583 38.4274360540042 51.9507987884065 25.5388276528821 1.00700971844359 51.6905286090876 16.4393865371157 23.9957839742739 44.4326254389481 25.4808149983486 8.54511051700035 63.9675488464613 74.3660856473164 36.1703406904442 48.2116337774965 18.8067077083343 32.5853974653804 29.5885779515682 37.7666559282142 34.3378810538771 6.67057549532619 49.5633964581857 55.6486403635987 41.7870373366685 15.2660902343006 1.14128709189717 21.9599861204635 5.08743624219267 17.4141277406282 25.7581009725655 42.58256708727 4.30559402344781 60.2054881638548 21.6768099754549 28.7822911409921 69.3296581563436 47.4856681450464 69.065349792444 7.77585451368879 16.1513970373873 57.5533392483151 49.5216629261823 2.89070496120676 14.0327905499202 5.24518633606297 32.668521910803 1.84063523081932 3.96821229307946 9.1211007566411 13.5087411976958 34.0932267114043 33.2235810876723 7.68621425158472 21.1895495448466 70.9881991536476 25.3243086496708 41.3636654441205 44.207269874917 43.3974485412356 26.5723984006529 60.5467298905167 28.9193524227062 34.080126136635 7.69634639962135 8.08174045917207 9.09703141621747 5.36817016553514 10.1158428050586 3.80594495435956 4.23516179641421 4.4533176236186 4.34340616544012 10.1619297747233 4.84954837532803 70.4407305743958 55.8471066966762 6.20245560134449 44.2364855386684 58.3311181204384 21.4698047996149 37.5610537868855 18.0923785225056 34.718862440171 16.4545134522677 46.1895729262567 45.1275647182017 3.74113205251441 25.7690416852291 57.1542871959251 50.4636313028307 19.0588517095015 9.90396786446242 18.5514804137267 41.9640959852385 57.8232889041537 32.5324741345143 9.9433271173647 42.232760533643 40.9502619292928 66.3608591998884 6.83068297417598 17.7107767172978 41.920743676298 59.2812107862373 76.401241863094 58.2963335350718 46.5488690732842 4.46657102911099 35.5811752155288 14.7615350390171 7.41332245106498 2.80354433103714 1.35718649978872 16.2001591952848 9.74410630594681 49.3639325613523 16.294182078471 31.6162047494402 5.03976091225964 0.895459887143947 33.0825709445962 22.0643270418703 23.0110612324807 18.2474472738661 48.0072965665972 8.58038295270869 7.59983262512403 61.8958489913549 24.90072844491 16.393962742388 22.6591151192788 18.5747556507188 48.5529367544155 45.1430367546797 8.81590346361479 20.4114860526637 16.3852972099078 0.485318640300147 46.0965504955903 2.46186160776121 21.9801435988362 16.1185582388956 6.90705775364632 52.9147999676397 52.6376156585994 64.3960086158643 31.9098775698345 72.3130517363203 27.3077020648809 14.9832182903893 79.7570279868916 14.6770537065212 7.82356556860113 12.3172335716825 41.0336099079288 27.2125504998556 26.4892432552052 17.3114244416116 0.690895568833005 3.75398527531076 10.5321821985327 11.7171449279392 28.2280567130756 7.90383021405749 5.53502955506283 1.23938241861909 43.8294874541043 27.8653898769483 0.899097762105852 19.2305261405323 17.6394783868911 40.2058399842038 39.3580248932444 35.4455975916865 3.69253327298118 18.7627707113246 25.528842276298 52.4912288562422 16.3961992744745 6.51321403461006 20.8153557252084 21.1258525741351 30.2363401827031 11.3147326969543 45.7289798397274 2.29074749889469 22.6913157337842 21.7679380273444 27.6690430315874 26.7701304584632 9.97722021968885 17.0896490658976 8.59870261794898 31.4375950818788 29.5253310715498 19.5850439679182 7.47366480337631 16.5688712397761 3.71872741669071 24.7292421936379 34.9150937482544 2.9095036492944 6.95857131511154 10.096025108143 26.2247807016058 31.4502586661981 8.08492851602344 16.8382722608976 13.704597294684 14.1089600397432 30.3230370599053 5.9050037645362 0.978252924260977 7.90396751554296 5.88095462619153 21.5993232617102 13.3699328031728 54.0225099245191 37.7511556502879 5.0784587579999 22.8590996221702 33.2472043239633 18.1255491414447 43.5078291154586 8.36541962110135 58.3217230863071 15.2837206065337 0.263143220630096 18.1152443750401 14.8421659394973 31.7900135959612 8.01894476052775 44.903594945466 6.01244413903978 13.6901160195175 12.2072287819866 34.3131336472147 0.156545846667081 1.13712344434376 1.08155456713689 60.9560028204607 17.3383292284273 10.4864928000544 28.7380062261009 59.7457159504665 40.4156647741125 46.1967271284686 17.7199926210489 29.6931446719727 13.5059384688085 10.4738921195613 49.0868428146673 79.0608619909214 28.7706587163992 15.7990974490337 7.03628082263752 77.1260500685544 94.1258581807014 24.3349659044674 3.6966544564463 24.5673252538575 0.855136566598823 18.1803518540953 10.2671471821067 10.6437932480922 6.48631935499286 61.2493579242983 67.2151133824799 4.60140684745138 51.6028392719684 71.1076601683664 76.4322226753252 51.6136792723215 42.2058966174836 22.5036726092713 31.956776338213 14.8689099249418 40.7863447684304 36.363508875317 71.1055097410518 6.97687522323676 46.7721865723172 14.9482849673102 7.68664463977292 33.4183205077746 37.7622502922236 37.382549005724 25.135090995697 18.8328878897899 24.661644821503 33.4947439714562 6.2069458722824 34.0461009501974 13.62125621691 13.2713713159923 76.1460613746414 71.7640572954165 54.0744287783978 18.6825203406464 16.7254431582224 7.47774704238363 25.0374695504228 19.7759204196964 9.97410274267616 35.320803075787 76.8373175974895 30.6277389779095 41.6262392303979 68.9383844882309 8.55260804498306 82.0862490802956 13.8593764311164 2.2824824593414 45.1769570273217 32.3186485243629 31.9650635994793 22.8287033744945 51.081571650578 25.4569324631933 28.5098905492384 16.8210545094855 49.9271448903964 2.0177060955433 43.2800170004574 26.7634910527082 7.86082802640016 23.2255503147388 16.0147107621879 15.5914069440531 17.0007831187016 26.1771432007453 0.27919577672659 33.5155897729653 6.90898021265828 12.9103712216543 16.532986785999 10.7569024707269 50.5121978084315 18.5020621174035 3.99499009676617 67.4945962036721 9.53873793552139 18.0133568326919 52.7994999211379 0.143538076142634 50.1559815307993 30.8309400551849 7.46037401679576 22.9775257761535 82.1022401483974 31.1917271363187 2.08370699667141 28.4234839114828 12.9888164379912 26.9628248043506 16.2209497634021 9.06826851319608 11.5308755896429 7.10554543670305 25.1404464802848 31.0010453148572 44.7706978643283 46.5925403665251 5.36045556150195 27.6515650507693 2.1744463009233 25.582027133457 0.700350908762543 53.0058242123897 45.275770287688 3.81551716118348 35.0892519411217 9.21866556702348 8.39539067011253 7.14199586285426 3.73301727994088 55.9395494834372 4.9767741303561 37.7743734561447 20.3719103131191 0.275757593607937 37.4727066660521 7.76831209229825 20.7744832713013 9.52374935843769 6.54946895282308 19.2486136490918 16.3907990805755 22.7622202278047 24.3874215829707 35.2883455864408 2.74165957567775 7.19742628654188 21.0899563866347 29.6766664864222 0.742936528746703 69.109319899312 3.50920347570416 0.530344726905265 28.1411630480731 14.8355463772779 6.26396872287614 13.1542868213342 13.2897954181114 14.8446848442924 11.810682294564 16.5609336089421 10.3404557320957 14.9240350647015 48.8965615440538 13.8705199057565 22.7250869770252 60.9814159082502 7.84704304478356 39.3333549205178 57.9871874562261 22.1056827557441 1.04247534005979 61.0888522253637 39.7711048311836 39.9066751595127 40.238233167542 7.83117515201658 52.7078055935321 15.4436235731397 28.0398480520408 40.4542750444131 22.2465649023998 3.0613061062846 6.00360028706149 33.6634873218876 13.5971254080225 19.7432156283432 11.5389773566026 34.4909776617551 16.1018159879853 12.3183660195445 2.02687475128917 11.2339330958166 39.0017869977601 1.55501716684169 4.40992872633449 35.8601935710387 35.9913538541423 4.53405416648913 6.15355287497505 14.0793736186403 24.4916860455621 16.8157631950773 15.5378810649448 18.6381343287461 62.2989677541602 22.1532532247485 40.3511114485621 19.5543902533423 22.8840496909438 8.45209970054518 11.9829781821626 29.9138779593211 34.6004891951016 65.7748078534558 59.5357951526354 50.2678275334841 30.0684092958445 8.46613961411219 24.5659608109152 84.4685320635593 12.8428943205539 12.0107527232967 19.8472162899557 69.4524569728268 22.1425483634965 38.1467595168266 45.2178753631273 28.1726128446891 17.0690767597334 41.9512755534588 6.28610418582671 24.5963885260357 8.18836457520295 56.0428707859434 54.5281318938929 59.5638026829989 3.53469196135777 13.5882619476071 19.3054693993489 28.3797262822574 3.44761007605576 17.1101649991491 22.5219751971532 55.3964953733331 49.8077573871833 48.2008104774909 20.9248018807745 18.3169256775074 29.3968565306796 58.6142128932827 15.6158108066791 84.2144264418704 2.97220294603546 52.2341166636643 76.575166554962 30.890005366311 10.4391238434465 26.9707802935128 82.9537923498427 110.440456208352 4.35525448868889 53.0032803824142 15.4299559318843 11.8124008065051 21.2402410592542 1.36000739521902 1.68130808658074 56.367416313636 34.5621912265699 33.1477206471436 30.2120201838894 29.6448614717883 6.34171166483334 8.52194995564396 8.63287772458293 41.3107965191411 70.3344137603306 40.846202263992 74.6321357623801 11.6790480348101 12.0626612268462 17.1859682463913 24.9236359713606 5.26044353030924 22.1395292966412 1.08758080680276 52.3249000543552 8.69122194656114 17.2403370289581 17.8088266051945 0.102323965134487 7.56098028355933 11.075375185874 7.78952484261823 25.0871743102638 67.6767951241172 11.4996216346102 9.41607464147549 11.279957182455 66.1526011345725 15.1987381940482 1.00560776425458 32.3801651018715 22.4725808233934 3.70174842533199 33.6075306918713 14.9112363248866 34.9019956007894 25.5912253116273 14.638554558007 15.696785497118 11.8561652261511 15.625555403734 16.4504252707976 38.9271254427539 30.0663974570643 42.400675555035 23.1157828474025 6.70196254168548 55.4836876727698 57.2351314440147 38.3206922193778 8.70339300352871 40.106923949364 49.0749741904724 0.506339888281162 74.5695665520376 64.0268932133606 43.655041853684 19.6609385639976 9.74560561978994 4.6630996991461 23.8992174817891 17.8842060819853 40.6065421137531 8.15171974159648 10.4869854711193 39.6296191669851 24.0346949773229 20.5719436400905 3.67272532111858 22.7248159463354 2.64374810603622 8.44372849636886 3.50614267110068 59.6409691930451 35.1906798678314 26.4051928549209 14.6874818520785 4.11212660190256 23.4546819136617 7.12931925633837 16.2134442862678 38.8200782958326 8.31880764400899 13.4592799768716 59.2761901014181 28.7225853048048 9.04607149708672 39.6816063802652 27.5121910542146 23.9765474967537 36.1352241667291 30.4608988167133 24.1792447076572 37.9947033099617 8.28555665107118 18.0445083069466 7.98425572910024 20.4142817463668 23.6499866353043 12.0855543480421 6.762696448981 50.4468124818893 2.98854745240587 18.0619505343043 24.4789664976994 50.8671837227092 8.30221286581894 71.7419981998095 2.45345009691392 27.5453999607247 5.06403029406997 41.249195513028 33.4754479888422 11.5306999393519 17.0614658577674 5.32334678947631 3.40164967639542 6.1915469072636 19.774510012968 22.5063325634668 3.25521042047365 7.20417618978351 4.38475453334167 37.1895900075146 45.972641372103 26.0109326144249 9.41283335751019 14.7773603830232 8.75907022909218 52.6150144264313 32.8829591131418 7.46556675284629 11.1546776765064 21.1933601090654 0.499523275812959 44.4166671686471 48.6853536079767 20.848232863074 36.2720949341321 30.6192522753671 2.9884679225459 1.14529001406062 34.4790977622883 54.5503970291351 13.1478814871985 23.40293352193 22.4431175871755 13.9530351862827 22.7948760274102 31.5400301919192 59.0157606981463 25.7057292494186 38.0610090424881 21.9574498109995 1.23049268034473 13.0598138251527 32.49397759474 25.3617559394109 30.5821317675788 27.1743323696583 42.5391504061182 5.32252077129199 2.57970711345553 21.3217207336994 7.98096412702132 1.82018277941444 15.1939281654514 67.3175750104796 26.9375345051904 8.92634995226159 9.26555687897771 7.63681157445626 7.0097701936041 2.21485207630033 1.61172174291816 31.2921681099625 41.4778996460288 13.9740964642378 36.1205449091618 86.5452456941784 66.6017789486592 46.7488125386945 46.016280787603 20.6192443875158 32.5098879137681 55.8202428724835 24.4125835132355 48.8773221572012 59.2359647719733 14.9095251170773 13.1203996653454 44.2751977179847 12.9995035669136 21.4914565155931 5.01226235153725 45.7868936340333 41.733570400021 18.7620545972173 18.518370115654 18.0886355702102 5.08309678670588 3.79884187651994 13.2146371176404 26.9012267296921 2.27423104533543 8.6214125032126 3.960987811218 52.1339251680233 29.9098147171137 26.3678482613342 11.8890041035308 11.0912175026377 11.941594312516 0.927221841748541 43.8798891192401 66.4966975440653 39.0834253421415 8.81688740266136 53.9922918357165 34.9246834459987 33.9699201038072 15.3528258125651 9.54436362434986 51.2056988789187 59.0219147002785 13.2137206126934 13.7407123865007 8.61705221870455 25.4023694439275 62.8818917015326 1.82109370451885 3.73107131376293 17.6781215228588 2.43988882457703 53.6304695128441 8.35118825345882 20.8080589951825 47.828254626941 53.307054352888 42.7654637395321 50.043771187373 11.935043439932 4.76971168818037 51.8498300130439 19.5464977972862 30.0513179212008 46.7669968002791 23.2585985106343 19.0674079876241 14.1802668000228 9.66443027544426 3.26872258341199 12.9970655035056 21.7513974244689 77.3558646810233 2.23529692378853 26.0438685602557 37.0394027996725 25.3178318858244 15.4086168729275 16.4709029658635 26.1060406158342 22.8041156014184 25.5187137188009 7.22040939880785 1.83168861733773 10.8531595125071 42.8782810258205 37.400164010493 0.982687108425357 12.4476730033239 17.2603929173003 5.22230857799751 39.4242588308676 22.8369662741116 9.9536911548525 12.89823244949 3.87011385988313 6.46104122309862 13.1507946198808 15.8098707287796 15.3233970644077 11.2258742701752 58.1915418421721 34.4981620021289 14.4612022803555 1.37416424198029 10.4962563271855 23.5021817226417 15.3104323274899 21.5682317091893 34.7259341341668 32.8906588575478 1.63766199095299 6.51316766074864 3.71798547175589 11.296623086162 29.7776131857462 14.1634545404 7.6379322893033 23.7921636694825 2.95822566129538 46.7800192393067 38.491018014682 0.0532610778979377 2.01372837084024 3.55375509182132 37.9783147427283 8.16887625430704 21.2622082025313 31.8772142048309 11.7631773365258 46.5557013694374 7.05005724758197 20.1401901597087 33.1342542447894 33.709841000191 34.4746299028472 78.5648883184321 0.546746949266049 69.1105528950745 41.3600508983763 94.4070188372423 17.0502301438174 31.8121257072514 1.97137727343678 42.477973716132 49.0108442587671 49.0394365814027 4.00361653268196 34.1263836723502 8.39673493800896 17.0355470627056 5.82392484599391 0.10755163171474 22.9496403364624 39.508562325933 7.37012814263787 24.3193962339468 57.7687953189035 35.0989560359623 43.2733203416908 15.3042077333906 16.9322245218446 8.56979086081471 22.2075581100274 2.68858491801112 39.2412787552184 19.9471281293071 69.3027711868922 47.48857942205 6.27959922634708 25.867050249372 25.5561225556701 44.3511918664716 18.149431548933 1.53796057243345 49.0119485383029 14.7625686005224 43.567204910249 66.0044481963739 83.0751862645005 14.480290026028 2.05002287108647 13.7999823743029 62.103188510176 34.4274315019667 7.91850670157152 7.34367796876621 7.55847068937602 33.8758380816908 27.1690990029714 31.6385332310286 6.00180634967756 18.3100318373986 5.89478750754855 24.8107370224021 11.2405391602402 11.0511528073117 9.39037836170307 15.9057895398298 7.27378505672953 29.3672772253101 33.4951406058979 2.72184197505999 26.0871955777166 1.76904584255446 4.44853999648049 17.5713215951992 3.17486469424396 10.1801706357767 1.91359830363078 32.5082204208337 27.8501248954203 26.0863863336277 31.6646092933581 20.506826956363 17.9458335595074 25.2184261167572 42.7950489041224 68.2475320803569 17.9850506506383 10.870063667802 30.1622944733063 45.3409123349586 64.8280510486389 66.3888640979429 43.7066144484137 1.89146145867287 67.199971737837 28.5828070248611 25.1604578928068 5.02918376675533 13.1969955519261 2.13736652210591 9.23368577771945 55.8515528989789 11.0026115811325 5.50569894205022 0.194748059411123 14.5401162758651 26.5273940698234 5.21827803208078 6.16799530743253 43.849417928829 27.989976159637 28.414660293403 3.25124827416053 2.46561802119015 8.77527377075515 59.4243942618587 2.53811305232355 30.1691447552931 14.27309167831 35.9269233500071 3.02074578064379 45.1702539381896 29.3036613882597 37.36497760254 89.9310596826255 12.9918525846578 23.6250634326731 5.01194803465064 18.1761464219551 42.9017283329266 30.3767280713411 10.1143321938265 21.4802447053123 7.0817131049565 40.6009173463103 46.3259200553655 36.998288675619 77.6584631736047 52.3648625587388 9.53466895790972 16.2026494815204 14.1566600056567 49.4377731330051 45.4164317684394 5.66949264715421 0.085528201324814 3.88831365829627 14.963310364261 22.0351277999621 9.72908616552882 0.105592100261297 23.6658967735365 6.96912239045159 12.0112434897666 4.42029506360231 1.59291175433687 18.749797375226 31.2496422084766 16.6859721452148 9.71229667700357 6.6721379133199 34.1241616244413 32.8347421772536 58.7553630829807 18.6930835254968 26.0390473420005 9.12265481557884 19.987038412816 22.7940246583868 11.6325147126528 29.1088810653712 11.2826709839588 14.3090546838309 19.5469685986814 14.3659315309942 28.3122009793689 36.3824903218083 22.7682845266837 7.63631189233636 6.08556577274594 36.2461701531713 3.46616832871416 39.504783233798 8.08757249925749 38.4235992783726 47.4047767635742 26.4403192304777 14.2286586643878 8.02846878261821 50.0549900668055 47.6737420759415 45.0989606278788 19.8016203078986 5.94722264133113 19.5718825532504 1.02636985854753 68.2106178185288 65.6263037603367 9.92585207806826 21.5057617123806 3.28184222353887 15.1101552370613 14.0156863243204 39.6617578980378 49.3985532283612 44.5160395211879 22.7977226969648 41.9665231837206 8.60273825927489 40.8009306570656 37.9361584120009 1.02763832521038 37.2336423723116 7.25801188426023 15.2711745910085 7.46952990947374 42.8560309643098 41.1074107490944 41.0535643164697 5.8797260975106 5.93261773757198 20.3037273919896 36.6169614674072 32.7585603996001 6.47145447072103 4.90649294782677 46.1153575110533 5.50739366794349 66.0081587013522 17.7608226041911 39.2516221017374 0.663905913138574 11.5864171345007 28.113166332297 26.3899168396587 28.0653673857755 33.9312552007977 38.9406343259673 14.8963558064217 30.4879138908508 14.5290024068468 27.6024532016036 22.2360224755029 11.451042259766 26.9253915140691 57.8413280124864 82.6018894610278 44.1436548699678 12.214121165386 17.542132078774 43.582229658414 7.45620832652492 2.28585334410186 28.4998892971767 41.1513906770334 18.2418122977542 24.3345598819428 37.4969819093267 28.6573066238264 11.9630189186731 24.8749620136404 9.39167976381106 22.2787300825452 9.34020665229889 16.0999736968092 3.83485122583019 39.0669036528456 28.9041578984185 61.0449284615833 18.4778089035162 47.972047703027 2.62292488343907 33.4951818273146 33.7105363344357 90.7676324560612 20.5987446496196 14.8638792665148 28.1710316338572 63.4527582381663 28.5042850314203 3.41339480295927 4.95220251309322 21.3039120686146 8.13326406838475 63.0459112583666 52.1181916375515 63.668005575902 19.2123477099055 12.7003202718217 6.82379606605061 19.9535662520589 3.85786532726974 15.1627278986223 13.9601358048384 32.9625904008063 16.9721238384906 3.30398094780394 80.2906969542503 40.0341157738427 13.1478198779769 24.1544828883958 34.569459084972 8.14891244105259 0.604604833829573 15.5323011046426 1.46769240192313 20.3815041917701 24.686273957683 39.2471356961396 61.1209472379393 52.4060663702152 43.6414752769266 34.1302585852543 32.5654781465792 0.580893303104542 25.6009422645717 41.9074495448128 62.1452682015832 56.8826245225838 9.46435840898705 17.7342859943548 17.0970059463254 5.62525639070867 18.373092522225 63.7528162800469 52.9966747160685 34.003940255439 0.949442096824358 15.7188432406062 11.6572269615674 12.5896783479456 34.6283561944758 0.900059780299342 38.7709232329785 49.8250159315994 1.71481455049656 37.377191484774 7.13335140187987 44.0799037808738 4.267924405535 5.55887403490143 7.87804788875926 68.9667457781971 11.1372112639028 7.854368831522 40.7679964208026 57.2300227424659 18.4433546194543 21.231833864224 12.525867459756 12.6035980653151 7.2277503338515 35.0751348798953 23.1813308425161 7.9174611276186 21.3030620784243 0.108151183434682 7.73429747646917 16.7456292768189 35.2058982580902 34.4621842917847 39.8280546813815 19.5792350565899 37.7388986928007 2.94620370738382 12.2302351326309 32.9667739805437 35.3515311819097 16.5367562057156 11.9656581726107 47.2074341825954 15.647560176859 12.8861593223903 26.5184158296039 76.8652015256481 78.434509075145 13.2602928061785 33.4020631938947 3.5999217208979 0.471638341260177 3.34188150228357 24.3044532736701 19.7762985500637 10.7526540666598 0.212659161035375 8.54918510343376 20.2721662624183 0.212109873660148 9.62173630718428 9.81445842077424 11.9179739244447 65.4545885957561 31.4021488911518 28.196138377975 8.69832354622169 22.2850849724515 45.0677290629425 22.5750894240133 4.32985796583004 7.88461014939687 22.9424237892662 42.4314435034043 43.2179069177544 4.03212095987285 14.8225908762053 18.8177545698652 48.0572391452107 20.509848504099 7.92526183638831 3.49974999402096 14.8727970856883 18.7330317074139 14.7520721286542 8.47207871840005 24.7379293297602 16.9656556951188 11.5849052752301 50.1415647781738 40.9779111130281 39.205038022987 56.738166050165 6.40190024390688 25.8389093071043 22.3956147862589 95.6165174716603 21.0361994420778 28.6016088294535 14.7826666509472 30.0037128815187 0.704050125397226 15.4203120741 20.2060709066859 27.330814805807 36.1389984555766 15.7853003105285 72.2660060634753 30.5658522567115 15.1127914643381 29.0879346291377 53.6040036242189 27.1255406613251 36.865158207206 17.3663615931429 84.5808239645918 37.0662944577641 51.6016854254262 21.8767404925519 15.8739576649909 36.8334711026597 60.4549224446387 11.1169289080054 2.74608677573125 7.03199829064101 12.9521283663605 16.803482303444 0.46409225835844
