Instancenumber:
9
Instancename:
P-n40-k5.vrp
Customers:
39
Depot:
0
Dimension:
1560
Vehicles:
39
Capacity:
140
Demands:
0 7 30 16 9 21 15 19 23 11 5 19 29 23 21 10 15 3 41 9 28 8 8 16 10 28 7 15 14 6 19 11 12 23 26 17 6 9 15 14
Uncertainty:budgeted
Gamma:
11
Mean Vector:
13.8924439894498 21.0237960416286 32.5576411921994 17.2046505340853 14.142135623731 11.4017542509914 26.4196896272458 22.0227155455452 23.0867927612304 28.3196045170126 12.0415945787923 8.06225774829855 29.1547594742265 18.1107702762748 24.738633753706 22.0227155455452 17.2626765016321 14.7648230602334 31.9061122670876 32.4499614791759 32.0624390837628 20.8086520466848 22.0227155455452 25.0599281722833 23.0867927612304 28.1602556806574 8 29.9666481275434 29.1204395571221 30.8706980808663 29.8328677803526 10 34 31.7804971641414 39.4081209904761 43.9317652729776 18.1107702762748 15.8113883008419 38.2883794381533 13.8924439894498 12.369316876853 19.2093727122985 31.0644491340181 22.2036033111745 16.7630546142402 22.8254244210267 11.6619037896906 24.2074368738204 34.0147027033899 12.0830459735946 20.8806130178211 41.8688428309166 26.9258240356725 36.0138862107382 18.6010752377383 30.6757233003559 27.5862284482674 45.7930125674212 20.8806130178211 26.9258240356725 7.07106781186548 21.5870331449229 29 33.1058907144937 18.8679622641132 8.06225774829855 16.1554944214035 21.3775583264319 32.649655434629 17 6.08276253029822 42.9534631898291 30.6104557300279 27.3130005674953 31.0644491340181 30.4138126514911 18.7882942280559 43.0464865000618 21.0237960416286 12.369316876853 15.2970585407784 37.0135110466435 21.0237960416286 28.0713376952364 34.928498393146 22.2036033111745 16.2788205960997 28.0713376952364 10.6301458127346 24.7588368062799 50.1198563445667 37.6563407675255 35.4682957019364 8.54400374531753 34.0587727318528 35.7770876399966 50.9116882454314 12.0415945787923 14.7648230602334 10.6301458127346 33.9558536926993 41.1096095821889 43.4165866921848 29.0688837074973 19.0262975904404 18.9736659610103 9.05538513813742 23.7697286480094 23.3238075793812 11.4017542509914 39.1152144312159 20 19.1049731745428 24.4131112314674 31.9061122670876 14.560219778561 35.4400902933387 32.5576411921994 19.2093727122985 15.2970585407784 49.6789693934969 36.0555127546399 35.3553390593274 35.0142828000232 21.095023109729 31 43.0116263352131 25.0798724079689 38.2753184180093 61.0737259384099 45.6508488420533 50.5964425626941 23 48.0208288141719 46.7546789102438 64.2028036770981 7.81024967590665 24.1660919471891 12.2065556157337 36.6742416417845 45.6070170039655 51.9711458407451 25.3179778023443 27.2029410174709 9.48683298050514 17.0880074906351 37.4833296279826 15.8113883008419 22.8035085019828 54.3323108288245 32.2800247831379 10.0498756211209 12.0830459735946 46.518813398452 29.8328677803526 49.4974746830583 17.2046505340853 31.0644491340181 37.0135110466435 49.6789693934969 20.3960780543711 21.0237960416286 37.1214223865412 37.6430604494374 32.7566787083184 31.4006369362152 26.6270539113887 12.5299640861417 15.0332963783729 17.8885438199983 18.8679622641132 35.3411940941446 7.61577310586391 7.61577310586391 14.7648230602334 48.91829923454 44.9444101084885 38.0131556174964 31.2569992161756 28.6356421265527 17.6918060129541 42.5793377120875 24.1660919471891 47.0106370941726 43.9089968002003 38.0131556174964 46.2385120867876 26.9072480941474 30.5286750449475 41.5932686861708 55.9732078766261 60.8111831820431 12.6491106406735 26.5706605111728 40.5215991787096 14.142135623731 22.2036033111745 21.0237960416286 36.0555127546399 20.3960780543711 25.4950975679639 40.2243707222375 33.2415402771893 12.369316876853 14.2126704035519 11.1803398874989 9.21954445729289 35.3553390593274 30.4630924234556 14.560219778561 16.2788205960997 14.7648230602334 23.1948270094864 31.9061122670876 32.7566787083184 25.0599281722833 27.0739727413618 36.1247837363769 38.8329756778952 33.9558536926993 40.1621712560464 20.591260281974 37.1214223865412 25.4558441227157 18.2482875908947 39.1152144312159 16.1245154965971 20.8806130178211 21.2132034355964 39.6610640301039 45.2769256906871 11.3137084989848 7.07106781186548 24.2074368738204 11.4017542509914 16.7630546142402 28.0713376952364 35.3553390593274 21.0237960416286 25.4950975679639 16.4924225024706 18.0277563773199 34.0147027033899 39.6988664825584 21.8403296678416 18.0277563773199 27.2029410174709 10.295630140987 34.4383507154451 31.5753068076939 24.738633753706 14.560219778561 34.928498393146 37.6430604494374 41.3037528561268 23.259406699226 11.1803398874989 13.9283882771841 16.6433169770932 21.8403296678416 9.05538513813742 29.732137494637 37.0135110466435 42.0594816896262 27.2029410174709 17.0293863659264 44.6542271235322 42.3792402008342 44.0113621693308 47.4130783645188 27.3130005674953 26.8328157299975 49.6789693934969 26.4196896272458 22.8254244210267 34.928498393146 35.0142828000232 37.1214223865412 40.2243707222375 16.4924225024706 14.0356688476182 46.0977222864644 54.0370243444252 33.3016516106934 34.0147027033899 39.8497176903426 21.5870331449229 50.6951674225463 41.3400532171888 41.2310562561766 30 50.1597448159378 40.3112887414927 49.6588360717405 25.7099202643649 6.08276253029822 14.2126704035519 26.9258240356725 11.1803398874989 19.8494332412792 26.3058928759318 43.6577599058861 54.561891462815 20.8806130178211 27.0185121722126 60.4152298679729 53.2541078227774 45 46.3896540189728 43.6577599058861 39.5979797464467 63.7808748764079 22.0227155455452 11.6619037896906 22.2036033111745 21.095023109729 37.6430604494374 33.2415402771893 18.0277563773199 14.0356688476182 35.8050275799363 45.6179789118282 23.7065391822594 30 45.2216762183801 27.5862284482674 46.2709412050371 29.698484809835 39.2045915678253 32.2024843762092 52.2015325445527 26.3058928759318 36.8917334913934 12.0830459735946 15.8113883008419 25.0798724079689 33.9411254969543 7.21110255092798 14.0356688476182 13 30.4138126514911 44.2040722106007 9.21954445729289 17.464249196573 54.1202365109392 41.7252920900501 31.0161248385416 32.7566787083184 40.0124980474851 30.4138126514911 54.7083174663597 23.0867927612304 24.2074368738204 16.2788205960997 31 32.7566787083184 12.369316876853 34.0147027033899 46.0977222864644 35.8050275799363 12.0415945787923 12.8062484748657 21.0237960416286 47.6759897642409 41 23.3452350598575 8 26.9258240356725 35 43.8292140016223 25.4950975679639 13.4536240470737 26 43.2666153055679 47.927027865287 45.2769256906871 43.0116263352131 26.6270539113887 35.1710107901379 16.1554944214035 8.48528137423857 39 19.1049731745428 23.7697286480094 9 31.6227766016838 37.6430604494374 22.8254244210267 7.28010988928052 19.313207915828 28.3196045170126 34.0147027033899 28.0713376952364 43.0116263352131 31.4006369362152 14.2126704035519 39.6988664825584 54.0370243444252 45.6179789118282 12.0415945787923 21.9317121994613 22.8254244210267 46.1735855224608 44.2944691807002 15.8113883008419 20.0249843945008 24.0831891575846 36.0555127546399 38.8329756778952 37.4833296279826 23.7065391822594 37.1079506305589 50.2095608425328 53.0094331227943 47.169905660283 52.773099207835 34.2052627529741 46.690470119715 27.8926513619627 9.21954445729289 50 28.1780056072107 12.0830459735946 15.6204993518133 43.4165866921848 49.4772675074119 19.0262975904404 15.2315462117278 10 12.0415945787923 12.0830459735946 10.6301458127346 25.0798724079689 26.6270539113887 11.1803398874989 21.8403296678416 33.3016516106934 23.7065391822594 12.8062484748657 21.9317121994613 14.2126704035519 40.3112887414927 30.0166620396073 25.7099202643649 10 23.43074902772 26.2488094968134 40.3112887414927 22.6715680975093 20.0249843945008 16 30.5286750449475 35.7351367704113 35.1283361405006 30.886890422961 13.8924439894498 26.0192236625154 17.464249196573 21.2602916254693 28.4429253066558 6.40312423743285 31.2569992161756 20.6155281280883 29.732137494637 35 21.4709105535839 6.70820393249937 31.0644491340181 8.06225774829855 20.8806130178211 24.7588368062799 38.2753184180093 12.5299640861417 9.21954445729289 18.0277563773199 34.0147027033899 30 21.0237960416286 22.8254244210267 14.2126704035519 26.9258240356725 21.4709105535839 16.7630546142402 22.8473193175917 9.8488578017961 14.0356688476182 26.1725046566048 36.7695526217005 32.5729949498047 27.3130005674953 29.1547594742265 30.4795013082563 24.738633753706 36.2215405525497 16.0312195418814 37 31.3847096529504 27.459060435492 37.4833296279826 15.6524758424985 26.6270539113887 30.0166620396073 43.8406204335659 48.91829923454 10.0498756211209 14.3178210632764 32.7566787083184 29.1547594742265 41.8688428309166 50.1198563445667 61.0737259384099 15.0332963783729 35.3553390593274 27.2029410174709 39.8497176903426 45.2216762183801 47.6759897642409 46.1735855224608 40.3112887414927 26.9258240356725 18.3847763108502 32.2800247831379 49.6487663492256 22.0907220343745 14.422205101856 14.422205101856 61.5873363606513 59.4810894318522 48.91829923454 33.8378486313773 27.1661554144122 13.1529464379659 48.3011387029333 33.9705755029261 56.6392090340252 57.7754273026172 53.0377224247045 54.4058820349418 39.1152144312159 43.6577599058861 56.5685424949238 68.5054742338158 72.8010988928052 27.1661554144122 41.2310562561766 54.9181208709839 18.1107702762748 26.9258240356725 37.6563407675255 45.6508488420533 17.8885438199983 30.4630924234556 10.295630140987 21.5870331449229 27.5862284482674 41 44.2944691807002 30.0166620396073 21.4709105535839 18.3847763108502 35.3836120259083 40.0124980474851 24.2074368738204 10.295630140987 29.0172362570938 47.7598157450382 50 33.5410196624968 15.52417469626 10.770329614269 6.40312423743285 30.0166620396073 18.9736659610103 39.8246155034798 46.3896540189728 48.3838816136118 36.7967389859482 26.3058928759318 46.690470119715 49.8196748283246 54.230987451825 57.706152185014 28.2842712474619 33.734255586866 54.2033209314706 24.738633753706 36.0138862107382 35.4682957019364 50.5964425626941 18.8679622641132 14.560219778561 34.4383507154451 50.6951674225463 46.2709412050371 23.3452350598575 15.8113883008419 25.7099202643649 16.7630546142402 32.2800247831379 35.3836120259083 29.6816441593117 11.4017542509914 25.4950975679639 23.1948270094864 46.9574275274956 36.7695526217005 41.4366987102013 45.6179789118282 45.6070170039655 36.4005494464026 52.773099207835 32.5576411921994 51.478150704935 38.8329756778952 24.5967477524977 53.0094331227943 30.0665927567458 11.6619037896906 30.2324329156619 53.7121960079831 59.4810894318522 7.21110255092798 21.0237960416286 23.0217288664427 22.0227155455452 18.6010752377383 8.54400374531753 23 35.3411940941446 16.2788205960997 31.5753068076939 41.3400532171888 29.698484809835 8 20.0249843945008 10 22.8473193175917 49.6487663492256 40.0124980474851 29.6816441593117 30.8058436014987 35.9026461420325 48.0104155366312 17.7200451466693 10.0498756211209 18.8679622641132 39.3954312071844 45.3541618817943 45.0998891351187 36.7967389859482 23.0867927612304 27.5136329843952 9.21954445729289 15.2315462117278 31.7647603485372 14.8660687473185 31.5753068076939 12.0415945787923 24.1660919471891 30.0832179129826 27.5862284482674 9.21954445729289 26.9258240356725 17.2626765016321 30.6757233003559 34.0587727318528 48.0208288141719 7.61577310586391 14.7648230602334 24.738633753706 41.2310562561766 39.2045915678253 26.9258240356725 24.0831891575846 23.43074902772 9.8488578017961 22.0907220343745 24.2074368738204 11.4017542509914 30.8058436014987 14.142135623731 17.2046505340853 46.0977222864644 39.8246155034798 37.1618083521241 35.7351367704113 34.6698716467194 25 45 25.1793566240283 46.8187996428785 39.8246155034798 31.2569992161756 47.0744091837593 25.4950975679639 23.0217288664427 35.4400902933387 53.1507290636732 58.4123274660409 5.09901951359278 21.6333076527839 32.9848450049413 14.7648230602334 27.5862284482674 35.7770876399966 46.7546789102438 7.61577310586391 23.1948270094864 14.560219778561 30 32.2024843762092 35 36.0555127546399 26.2488094968134 14.0356688476182 14.422205101856 10.295630140987 25.4950975679639 35.9026461420325 14.142135623731 20.3960780543711 47.169905660283 45.8911756223351 34.6554469023269 24.0208242989286 21.0237960416286 11.1803398874989 36.4005494464026 19.8494332412792 42.8018691180654 43.6577599058861 41.4366987102013 41.182520563948 24.6981780704569 37.0135110466435 44 54.0832691319598 58.4123274660409 18.6010752377383 28.0713376952364 45.6946386351835 31.9061122670876 45.7930125674212 50.9116882454314 64.2028036770981 14.7648230602334 31.9061122670876 34.928498393146 50.1597448159378 52.2015325445527 43.8292140016223 38.8329756778952 40.3112887414927 26.1725046566048 14.422205101856 29.0172362570938 23.1948270094864 48.0104155366312 17.2046505340853 20.3960780543711 62.9364759102383 56.938563381947 52.6972485050216 44.1021541423999 39.319206502675 25.7099202643649 56.7538544946508 38.9101529166874 61.773780845922 57.0087712549569 47.1274866717927 60.9261848469113 41.4004830889689 33.1360830515618 52 70.0071424927486 75.0732975164938 21.0237960416286 38.8329756778952 46.0434577328854 32.4499614791759 20.8806130178211 12.0415945787923 7.81024967590665 48.91829923454 32.7566787083184 37.6430604494374 40.3112887414927 26.3058928759318 25.4950975679639 37.4833296279826 22.6715680975093 36.7695526217005 61.5873363606513 47.7598157450382 46.9574275274956 17.7200451466693 46.0977222864644 47.169905660283 62.9364759102383 16.7630546142402 15.0332963783729 41.0121933088198 49.3659801887899 53.851648071345 31.6227766016838 28.7923600977759 16.6433169770932 10.0498756211209 31.0161248385416 22.8254244210267 22.4722050542442 49.2442890089805 25.3179778023443 7.07106781186548 12.5299640861417 43.8292140016223 25.9422435421457 43.0464865000618 32.0624390837628 26.9258240356725 14.7648230602334 24.1660919471891 44.9444101084885 25.0599281722833 41.3037528561268 49.6588360717405 36.8917334913934 13.4536240470737 23.7065391822594 20.0249843945008 32.5729949498047 59.4810894318522 50 36.7695526217005 10.0498756211209 39.8246155034798 45.8911756223351 56.938563381947 16.7630546142402 25 48.3838816136118 54.9181208709839 55.145262715849 43.6004587131833 32.5576411921994 31.4006369362152 7.21110255092798 15.52417469626 36.7967389859482 24.3310501211929 35.7770876399966 9.05538513813742 21 27.0185121722126 36.0555127546399 18.3847763108502 27.1661554144122 20.8086520466848 7.07106781186548 10.6301458127346 12.2065556157337 38.0131556174964 27.0739727413618 23.259406699226 25.7099202643649 12.0830459735946 26 37.1079506305589 16 27.3130005674953 48.91829923454 33.5410196624968 41.4366987102013 18.8679622641132 37.1618083521241 34.6554469023269 52.6972485050216 15.0332963783729 25 26 34.3656805548792 39.8246155034798 18.6010752377383 15 10.0498756211209 18.3575597506858 34 13 11.7046999107196 47.169905660283 30.6104557300279 20.8806130178211 24.1867732448956 36.4005494464026 22.2036033111745 45.3100430368368 22.0227155455452 21.5870331449229 33.9558536926993 36.6742416417845 31.2569992161756 36.1247837363769 11.1803398874989 6.08276253029822 15.8113883008419 43.2666153055679 50.2095608425328 30.5286750449475 29.1547594742265 33.8378486313773 15.52417469626 45.6179789118282 39.3954312071844 35.7351367704113 24.0208242989286 44.1021541423999 41.0121933088198 48.3838816136118 26 9.4339811320566 21.0237960416286 15.556349186104 16.6433169770932 28.7923600977759 42.9534631898291 51.6139516022558 24.1867732448956 24.5967477524977 55.7584074378026 51 46.3896540189728 48.5077313425396 38.4837628097877 36.4005494464026 60.1082357085949 25.0599281722833 29 41.1096095821889 45.6070170039655 28.6356421265527 38.8329756778952 13.9283882771841 14.2126704035519 25.0798724079689 47.927027865287 53.0094331227943 35.7351367704113 30.4795013082563 27.1661554144122 10.770329614269 45.6070170039655 45.3541618817943 34.6698716467194 21.0237960416286 39.319206502675 49.3659801887899 54.9181208709839 34.3656805548792 9.4339811320566 14.0356688476182 24.8394846967484 22.3606797749979 38.0788655293195 50.1597448159378 55.9016994374947 33.6154726279432 30.5941170815567 56.6392090340252 56.302753041037 55.1089829338194 57.567351858497 38.4187454245971 40.7185461430047 63.0079360080935 23.0867927612304 33.1058907144937 43.4165866921848 51.9711458407451 17.6918060129541 33.9558536926993 16.6433169770932 26.9258240356725 33.9411254969543 45.2769256906871 47.169905660283 35.1283361405006 24.738633753706 13.1529464379659 6.40312423743285 36.4005494464026 45.0998891351187 25 11.1803398874989 25.7099202643649 53.851648071345 55.145262715849 39.8246155034798 21.0237960416286 14.0356688476182 36.0555127546399 25.0798724079689 46.2276973253049 51.9711458407451 52.1727898429823 43.139309220246 32.0156211871642 48.0104155366312 54.230987451825 60.4152298679729 64.007812023221 29.6816441593117 38.1182371050918 56.859475903318 28.1602556806574 18.8679622641132 29.0688837074973 25.3179778023443 42.5793377120875 40.1621712560464 21.8403296678416 11.1803398874989 7.21110255092798 43.0116263352131 52.773099207835 30.886890422961 36.2215405525497 48.3011387029333 30.0166620396073 52.773099207835 36.7967389859482 45 36.4005494464026 56.7538544946508 31.6227766016838 43.6004587131833 18.6010752377383 15.556349186104 24.8394846967484 36.0555127546399 20.2237484161567 16.0312195418814 36.8917334913934 51.4003891035856 10.0498756211209 24.5967477524977 61.0327780786685 48.7954915950234 35.3553390593274 36.0138862107382 46.2709412050371 37.589892258425 61.9112267686564 8 8.06225774829855 19.0262975904404 27.2029410174709 24.1660919471891 20.591260281974 9.05538513813742 19.8494332412792 14.0356688476182 26.6270539113887 34.2052627529741 13.8924439894498 16.0312195418814 33.9705755029261 18.9736659610103 32.5576411921994 23.0867927612304 25.1793566240283 19.8494332412792 38.9101529166874 28.7923600977759 32.5576411921994 15 16.6433169770932 22.3606797749979 25.0798724079689 20.2237484161567 23.0217288664427 28 35 22.1359436211787 8.24621125123532 41.2310562561766 34.4383507154451 35.3411940941446 39.1152144312159 26.0768096208106 19.8494332412792 43.9317652729776 29.9666481275434 16.1554944214035 18.9736659610103 9.48683298050514 47.0106370941726 37.1214223865412 29.732137494637 26.3058928759318 13 35.1710107901379 46.690470119715 26.0192236625154 37 56.6392090340252 39.8246155034798 51.478150704935 27.5136329843952 46.8187996428785 42.8018691180654 61.773780845922 16.6433169770932 31.4006369362152 10.0498756211209 28.7923600977759 38.0788655293195 46.2276973253049 16.0312195418814 23.0217288664427 24.2074368738204 42.7200187265877 6.32455532033676 21.5870331449229 57.0788927713213 38.4707681233427 19.4164878389476 20.0997512422418 46.3249392876019 32.0624390837628 54.4058820349418 29.1204395571221 21.3775583264319 9.05538513813742 17.0880074906351 43.9089968002003 25.4558441227157 37.0135110466435 43.6577599058861 30.4138126514911 16.1554944214035 27.8926513619627 17.464249196573 31.3847096529504 57.7754273026172 46.3896540189728 38.8329756778952 9.21954445729289 39.8246155034798 43.6577599058861 57.0087712549569 10.0498756211209 7.21110255092798 18.3575597506858 42.9534631898291 50.1597448159378 51.9711458407451 36.8917334913934 28 24.2074368738204 21 29.698484809835 20.0997512422418 39.8497176903426 15.2970585407784 15.52417469626 21.5870331449229 36.7695526217005 18.3847763108502 33.0151480384384 30.8706980808663 32.649655434629 23.7697286480094 37.4833296279826 38.0131556174964 18.2482875908947 42.0594816896262 54.561891462815 44.2040722106007 8.48528137423857 9.21954445729289 21.2602916254693 27.459060435492 53.0377224247045 48.3838816136118 24.5967477524977 15.2315462117278 31.2569992161756 41.4366987102013 47.1274866717927 31.0161248385416 15.52417469626 34 51.6139516022558 55.9016994374947 52.1727898429823 51.4003891035856 35 42.7200187265877 21 46.9574275274956 27.5862284482674 20.8086520466848 6.70820393249937 36.2215405525497 42.2965719651132 26.4764045897475 15.2643375224737 12.0415945787923 29.8328677803526 17 23.3238075793812 15.8113883008419 46.2385120867876 39.1152144312159 27.2029410174709 20.8806130178211 9.21954445729289 39 50 28.4429253066558 37.4833296279826 54.4058820349418 36.7967389859482 53.0094331227943 31.7647603485372 47.0744091837593 41.182520563948 60.9261848469113 22.8254244210267 36.7967389859482 13 24.1867732448956 33.6154726279432 43.139309220246 10.0498756211209 22.1359436211787 6.32455532033676 29.698484809835 46.9574275274956 23.0217288664427 59.6824932455071 43.2666153055679 25.7099202643649 26 47.2652091923859 34.928498393146 58.309518948453 10 6.08276253029822 11.4017542509914 22.8035085019828 26.9072480941474 16.1245154965971 17.0293863659264 27.0185121722126 17.464249196573 19.1049731745428 28.1780056072107 6.40312423743285 15.6524758424985 39.1152144312159 26.3058928759318 30.0665927567458 14.8660687473185 25.4950975679639 24.6981780704569 41.4004830889689 22.4722050542442 24.3310501211929 11.7046999107196 24.5967477524977 30.5941170815567 32.0156211871642 24.5967477524977 8.24621125123532 21.5870331449229 20.0997512422418 27.5862284482674 23.0217288664427 36.8781778291715 26.4196896272458 29.4108823397055 33.9705755029261 24.738633753706 13.0384048104053 37.4432904536981 34 42.9534631898291 39.1152144312159 54.3323108288245 30.5286750449475 20.8806130178211 44.6542271235322 60.4152298679729 54.1202365109392 23.7697286480094 12.0830459735946 31.2569992161756 26.6270539113887 43.6577599058861 46.690470119715 11.6619037896906 31.5753068076939 23.0217288664427 37.0135110466435 33.1360830515618 49.2442890089805 35.7770876399966 47.169905660283 55.7584074378026 56.6392090340252 48.0104155366312 61.0327780786685 41.2310562561766 57.0788927713213 39.8497176903426 20.8086520466848 59.6824932455071 36.8781778291715 27.459060435492 55.3624421426656 61.400325732035 18.4390889145858 25.0199920063936 13.9283882771841 31.7804971641414 30.6104557300279 20 32.2800247831379 41.5932686861708 21.2132034355964 42.3792402008342 53.2541078227774 41.7252920900501 9 15.6204993518133 20.6155281280883 30.0166620396073 56.5685424949238 49.8196748283246 30.2324329156619 12.0415945787923 35.4400902933387 44 52 25.3179778023443 9.05538513813742 30.6104557300279 51 56.302753041037 54.230987451825 48.7954915950234 34.4383507154451 38.4707681233427 15.2970585407784 6.70820393249937 43.2666153055679 26.4196896272458 27.459060435492 30.0166620396073 36.0555127546399 31.0161248385416 16.1245154965971 18.1107702762748 39.4081209904761 27.3130005674953 19.1049731745428 10.0498756211209 55.9732078766261 39.6610640301039 44.0113621693308 45 31.0161248385416 31.6227766016838 43.4165866921848 29.732137494637 43.8406204335659 68.5054742338158 54.230987451825 53.7121960079831 24.1660919471891 53.1507290636732 54.0832691319598 70.0071424927486 7.07106781186548 21 20.8806130178211 46.3896540189728 55.1089829338194 60.4152298679729 35.3553390593274 35.3411940941446 19.4164878389476 15.52417469626 36.2215405525497 25.7099202643649 29.4108823397055 55.3624421426656 30.0166620396073 6.08276253029822 50.8035431835222 32.7566787083184 48.0936586256442 43.9317652729776 31.0644491340181 24.4131112314674 12.0830459735946 60.8111831820431 45.2769256906871 47.4130783645188 46.3896540189728 32.7566787083184 37.6430604494374 49.4772675074119 35 48.91829923454 72.8010988928052 57.706152185014 59.4810894318522 30.0832179129826 58.4123274660409 58.4123274660409 75.0732975164938 12.5299640861417 27.0185121722126 24.1867732448956 48.5077313425396 57.567351858497 64.007812023221 36.0138862107382 39.1152144312159 20.0997512422418 21.5870331449229 42.2965719651132 26 33.9705755029261 61.400325732035 36.0555127546399 6.08276253029822 56.302753041037 38.4707681233427 54.1479454827235 18.1107702762748 30.4138126514911 31.9061122670876 46.518813398452 12.6491106406735 11.3137084989848 27.3130005674953 43.6577599058861 40.0124980474851 22.8254244210267 19.0262975904404 21.4709105535839 10.0498756211209 27.1661554144122 28.2842712474619 7.21110255092798 27.5862284482674 5.09901951359278 18.6010752377383 21.0237960416286 43.8292140016223 36.0555127546399 36.4005494464026 38.4837628097877 38.4187454245971 29.6816441593117 46.2709412050371 26.0768096208106 46.3249392876019 36.7695526217005 26.4764045897475 47.2652091923859 24.738633753706 18.4390889145858 31.0161248385416 50.8035431835222 56.302753041037 18.3847763108502 27.8926513619627 15.8113883008419 18.7882942280559 14.560219778561 29.8328677803526 26.5706605111728 7.07106781186548 26.8328157299975 39.5979797464467 30.4138126514911 7.28010988928052 15.2315462117278 6.70820393249937 14.3178210632764 41.2310562561766 33.734255586866 21.0237960416286 9.21954445729289 21.6333076527839 28.0713376952364 38.8329756778952 25.9422435421457 18.3847763108502 22.2036033111745 36.4005494464026 40.7185461430047 38.1182371050918 37.589892258425 19.8494332412792 32.0624390837628 18.3847763108502 15.2643375224737 34.928498393146 13.0384048104053 25.0199920063936 16.1245154965971 32.7566787083184 38.4707681233427 18.3847763108502 24.4131112314674 38.2883794381533 43.0464865000618 35.4400902933387 49.4974746830583 40.5215991787096 24.2074368738204 49.6789693934969 63.7808748764079 54.7083174663597 19.313207915828 10 31.0644491340181 32.7566787083184 54.9181208709839 54.2033209314706 23.0217288664427 26.9258240356725 32.9848450049413 45.6946386351835 46.0434577328854 43.0464865000618 27.1661554144122 45.3100430368368 60.1082357085949 63.0079360080935 56.859475903318 61.9112267686564 43.9317652729776 54.4058820349418 33.0151480384384 12.0415945787923 58.309518948453 37.4432904536981 13.9283882771841 18.1107702762748 48.0936586256442 54.1479454827235 27.8926513619627 24.4131112314674
Deviation Vector:
11.8303907226153 7.86875489591007 15.4381782320664 4.8152551862346 13.5267465429039 17.3879148234618 15.2140908940905 16.5544946053279 19.4095411269533 14.2036257773784 4.06895124335334 8.04405583152158 29.6930022054333 5.578549554791 39.0620091722492 2.42743827999268 6.22254380302402 21.8976304327203 27.282432657166 33.6363935837773 45.1514602586061 32.0149859912194 9.93862541328594 20.1589433388374 37.3662888616447 2.69820696317798 9.84546368897845 19.0094967261234 30.2135480974938 17.7023367932723 36.024137307676 2.62762061869234 32.2222569199909 1.75956229911253 21.3845443601835 12.2065842919971 28.6220280256602 17.6851155784923 39.4199595584355 11.0411875592112 20.0389412511999 26.2680900775942 5.16163170900835 22.473784668786 0.823743563879059 2.71169103652447 13.0892351064963 9.91543165175614 54.4880166974186 4.24274271519414 30.1968034090947 57.9375089682763 7.09033227190824 9.76367920584389 10.4513784790658 7.83753585369453 10.1220734649804 7.61111702230116 18.58064458006 37.8163068503408 5.2300579469791 10.168306816706 1.18548642435354 2.01978145905553 9.93216742955595 4.70450418145021 5.47449918140754 10.27074830729 2.47096670330599 23.2630912589761 7.75678386744953 2.98045627863466 33.9633317072036 39.3680362854497 33.5979534355933 35.2396971740767 29.312887118053 24.8637987822614 32.9711318279634 18.9957822628923 14.2069186900289 51.3782998212218 27.1870931635386 33.4628215084421 1.14771397742167 5.07756749757229 23.5645699526885 11.2224669540831 4.19772861213523 17.6051650037121 8.91635313621955 42.7222851409544 41.9272012619533 1.86925248598478 40.7186492907172 2.93951202367869 40.8465178840079 18.476667297029 8.30679576287101 9.33308339811427 43.3438063958421 8.69340865505333 41.1316005919112 22.0825648056754 0.503999661646319 7.63844607396543 2.64409849249161 37.7144109053769 22.8616439676917 2.66713308328274 58.5175173866652 5.65149259413285 30.9886268466677 28.3885940202862 47.0499747728544 0.415435406123381 49.3157453826521 42.1899077841752 8.22768269818836 2.44856577269541 18.9064762242633 21.8574527332936 45.7709770653262 54.71600288088 17.4033122456517 26.7776091202852 0.795411092301723 0.0238737000462338 29.5428790385123 35.4899502307179 40.1241078007951 21.3507671074534 18.2290903962697 9.60222603771175 55.2474283530809 52.5858701662585 4.70599614115474 35.6120410130549 9.51342784039637 58.0452743652324 3.70393698153132 33.7320981550381 6.04985724625737 2.09156493229668 1.7602901137066 1.49088909626455 3.95148049847459 24.9357472445188 31.5395417683308 28.9990955701028 3.57653905804117 1.38012771645821 13.774097205837 65.3773549660988 2.19745666340937 16.7599894431233 11.0599108404764 2.86264636289454 12.5681163463447 70.2806495609194 13.7316999375787 25.6172719219006 7.8078302865694 55.1779933226923 46.4636772782543 43.7089677268721 17.5348286512339 4.9448806421117 18.6302869069235 25.7220210365236 6.62312272920117 46.6674262946411 3.50792744648444 4.49315227167169 20.6319193004664 31.6092590612273 30.4375897295721 57.1257739884879 18.6571103541843 12.4273614627555 7.25681981800181 30.1330194331204 13.8063330926046 72.8726977971466 21.3723328532187 24.5173086031816 12.1324966610856 30.3940454433585 22.5033241213579 25.0368290701147 51.379845623134 85.7664429656074 2.45504087189244 29.9788421546387 50.6458559519657 22.8047168924495 19.8478036072325 5.9294908174563 13.7312313731631 10.3371967922838 2.38624445780991 29.43863370888 6.6802071585953 6.85519475035078 18.7868824614351 17.8698672202721 11.0669010747803 13.1777240956098 44.9261611907615 2.4886648405898 13.1321996300879 3.81829549914528 20.3792841650963 43.9670929675152 5.97462524656549 34.2156950304316 10.7385713973406 16.0677090453112 33.7301315298022 38.4977572609029 42.0388607685292 3.29842942369736 34.0695346889963 31.5860139156627 23.5120882927787 21.1726412473224 19.7848968017661 11.6098092130438 17.4653876302603 63.7687661047034 48.1217561159195 10.3737936179963 5.04420343858386 30.5931507485784 16.7734869638356 6.85362402818422 34.6898664955391 36.9520033625662 16.4316787467756 27.6418668943385 20.0561495088091 28.6331224713918 45.6753109511169 18.5929808044647 29.2649280473349 27.4960229609943 5.64079355789024 1.13500667716238 11.8344937605059 33.9736020922683 30.7748769473785 20.2441024211102 43.1765373047892 20.1556537378295 41.5036992810915 20.8927520941962 12.0382137608194 8.43367381511895 24.2036867382969 5.97794378125283 5.31551057112067 26.4837465412906 44.0695343386522 54.692384990685 14.3683377464202 17.6325714475833 3.70028905995561 5.83224497801931 19.9915070965257 40.9857911257894 33.37166732528 1.17989869417538 41.0534530424199 24.7892982556366 11.6939819089087 18.8606313102499 29.3121407723457 26.7156322912326 26.1546862095739 19.4741038174722 2.37611972293975 12.3484259450744 51.0550479197775 46.8032130800938 27.3245681587218 12.8838652620079 14.6216781851209 12.8614331073867 38.3972129094934 20.8319564685058 15.8223782010425 76.0328317989148 56.2743150931181 4.55375150518216 30.5903368929747 1.81168360624271 16.019398955764 34.2682694605059 4.86858275659598 31.3890226245394 13.4366977244726 1.35065028263015 88.6809886185298 27.9207518014312 26.1870447302245 30.8906329292406 13.3558216375292 8.10128361491905 57.105095335704 39.3362573960844 53.8857034004693 89.3110362836279 25.7421115527063 7.92181419496411 26.1861715189279 7.29592185089347 37.7409811447788 7.657402080147 10.8087437691563 4.28185477469297 26.3383778746586 51.4102687043849 4.61181541397546 15.1576177240666 55.1105066462754 38.1893787501492 37.1598631698252 21.366573292793 40.4085597885747 39.8844563958036 35.2078698077402 40.5504413590654 46.8336641373248 8.13724525262026 19.8007974015176 15.3581564413747 40.2117010203245 10.8390557696884 11.1218404768599 10.2620796861767 23.6551060685496 23.2898984458069 5.19359442814551 5.59412337138902 65.277783583624 4.85451501469907 20.6622735892031 19.0780759641818 13.8723762152588 38.4959690884004 48.5529434846001 24.9869893900698 18.5518026978188 17.61409266532 49.2143778753011 11.7497182653209 10.3907631608447 25.9977044091652 49.7001127415304 8.75102418987099 4.53383388984821 1.61693853080813 3.35452703492911 0.937224167087806 32.7879007096161 32.9604595558796 5.05622400130381 9.64235034782845 45.1021185391192 62.4314862425511 29.2555899598549 5.92042141334487 8.44877710700105 3.65505367067877 36.4427549064311 69.3241876202463 8.63768598865255 37.9850492391855 17.1348756937428 8.8455079756647 9.04490721106758 53.6123206061057 0.0665665657718385 4.89596620405014 7.47318961605297 50.3132552198109 21.2559717115681 1.00551054751941 5.30725170084949 0.318145395378103 8.16907056848699 37.6039850732717 4.00675204046276 19.2700038648071 35.3313591890582 13.3945823698938 9.27142640673317 7.07139856810608 59.3283451692811 18.3294240571229 34.1101381659038 18.7556621719324 15.5093230634207 11.2461794696866 14.3279312234685 21.9528238286437 3.82116797735909 39.9134546862211 34.8131638074689 24.2087145981864 0.667994756608122 12.4716674471717 19.7917112749918 1.67838001666299 25.5692192511571 64.622587492556 55.5051104848082 51.674121503073 35.3843034864838 6.68756465607767 56.1605514736557 43.8745256290435 2.47151614317723 19.7747033760054 16.4427967566506 65.7911016615825 11.0740584680992 9.32574875624937 14.6058593184313 3.08555531894426 6.13934273839781 14.7708933431381 27.0346453332005 22.4728952580193 0.190948564711639 7.81390735867045 10.4538349063631 4.16628967870952 18.7582636172273 26.5461002444165 11.6770895809032 60.1828173728262 46.4204527610152 31.2575883123018 15.2461386812174 10.8299328241405 21.3657488644176 61.3124629377997 35.5705194692242 9.13566520639679 9.91996235649831 32.5378827809167 13.8265105974204 28.9647807895419 21.7880403209192 10.6365823046984 13.7360688737594 22.4844077416311 29.2946270511708 10.3008996865941 9.88447000479226 8.11598526651701 2.58402266312785 29.5921338587733 38.6274234658679 3.05794009654144 9.07663869510928 44.0355365249301 2.56514268530147 24.8791274018979 24.7986110113127 43.6248280320906 13.2579608654489 8.49811852008542 13.1457972093622 32.5305983245989 41.518819204248 32.4432458171679 19.4243940647995 18.8540083494022 10.0442905728299 31.5836193074223 12.8410293532176 17.3628658085538 6.59077670016605 20.6527209163077 39.9285097795831 44.0172725674777 36.8906524284763 34.8827356180149 45.4602101314454 32.0005062166059 38.018358693676 2.11063845593802 6.71464621413424 37.5215570963068 6.29868292236427 3.99715872129287 30.1854984257065 8.12143606728229 35.6020231237592 5.41997313760173 1.41508180546345 37.6092158794542 11.078137243209 10.9026699274099 3.23767197570217 25.0710785229598 28.3995413134843 47.6057547030621 34.2103681730968 15.8050054405556 28.0894073509096 36.0760041580226 7.36979550912607 66.1900812024711 55.8419394988982 3.88707985160511 41.6998836818596 18.2419177628253 25.0277797161265 31.2268420734708 5.01674829641976 28.0946979129396 14.792045295162 7.49800197924325 40.6191737411223 72.9438327593522 32.5532120610062 49.5671145920765 3.2287097984179 4.94783958033943 0.920729037230253 5.1339159762554 64.8515654178526 64.7881000428852 48.4024279486601 67.6718994303319 13.8844703399115 69.4551980631839 32.0928537585274 62.6901898303464 73.9578559483606 36.9952855546428 25.3549065901769 65.9472720066698 21.7175317060997 4.30493694808628 48.3888895332771 27.7215367890714 14.9793149628291 31.0723302010395 16.2117549196246 20.2575727238167 18.3570027563346 39.9308447420496 64.5949269991903 39.7714345080515 12.3224556028347 9.1449933958915 41.1679610011044 27.7192351695985 21.1476009500043 12.1749700761847 24.4874351086059 18.7336892536512 33.8785076669309 4.36539604089068 0.151152521630312 11.1207269368016 0.606420175627246 17.3215186395355 6.09624073697786 44.2290666551047 14.4983040401173 45.2992596538014 25.2086952481576 39.7661768744497 51.1787435478654 17.125366716317 26.7135831175436 17.7245497016165 38.5725693882315 14.8723588683146 67.5138004036598 9.96574838923484 50.9521290354483 38.2180459251436 5.13424839110073 6.83698669871072 22.9316043868563 43.5627869526952 53.489687552038 38.0440974628356 19.1697505454716 4.3113092900319 31.2234316687373 25.12299192226 13.0031075334809 43.3161694962981 26.8589205655161 5.67270367738473 4.45922475968913 28.4414997733328 75.5134237625799 17.9228889914802 22.2142737346898 30.4207702585443 17.0011988380037 0.214184291611072 53.3328259261268 28.174238504394 16.114510038552 29.0473361210473 32.1290838018677 82.6205911052797 34.6020920726367 12.7660365535191 30.5281987765204 67.2650161339902 86.6662179164413 6.91102350133604 18.7306721742136 20.3930289338696 3.3968657316642 1.59454960180939 9.89812335495373 31.4799727292022 55.9958448783649 25.4162824153142 30.5186770164625 35.6760523345985 12.8443940739354 9.13153107098028 9.26845434351128 4.1427287390825 0.0578975591683498 49.5964345609872 43.2587961679734 11.1398194291076 30.9546375426812 16.7088328366211 59.5653179382468 23.3526445088366 12.1945166260788 17.369135109329 49.2490970629326 33.4669549636605 17.539136103353 23.3129240555569 8.40082172032573 6.04166095927597 14.6770172661268 19.1126538842074 35.1129082063746 1.78161163034148 42.3276687589763 7.67707755122005 35.97216149152 39.0666891810653 15.793413971944 7.64050602584582 14.4124535487092 17.3490598877513 10.5470812221262 33.9943883618588 68.1548544526256 2.63779254373515 5.47346714720222 21.623135210066 29.7551826450469 53.9274849825766 36.0659627683197 8.09191528374796 25.0020244900302 9.1250690737454 27.758335667244 16.7233894621908 0.434035292652456 0.58871640266455 18.7297930199326 6.91536446060169 11.0034546601373 51.3736267778313 1.13005340496347 48.0317016978483 48.8790055682745 34.2734929749899 15.9886760461496 32.0289979528199 48.8420652096838 36.9498645662222 14.8288720341533 74.3060086022051 7.81356362139806 18.8373608704167 33.676729978968 5.28342225520917 68.0271016182427 6.73556962723542 21.0593315877675 8.57359847262688 15.8005505007557 18.9401135586384 21.3204207971214 23.8852410882354 12.2849195887859 5.24525717517014 17.4970156806225 0.744323552818137 7.89764762135334 31.491275852042 15.3869849982744 12.7030610435055 7.90772315051217 6.59335882446587 2.07668426037782 8.84418106740165 7.2437646123668 7.87730133527764 33.0198497911763 58.7254057641256 68.1403208459815 16.1842108708616 28.7555789072579 3.46790929122032 14.3694876846013 18.9650038985585 5.24731945430522 35.247435588935 9.41335573803581 51.291343575277 44.6182808721662 31.7560609889757 11.032138483692 2.33226028199672 9.20945308496413 16.6358564392993 5.19239733177282 38.5133930083015 14.147572950707 16.7313944943374 29.5542589437545 37.4898095102468 64.7384303792679 17.8475690816214 38.0811122065818 42.2651644346785 78.0328743724986 72.8366879172959 6.1672901989107 60.124046287548 40.8727604888834 42.5443459300659 5.60923898539266 16.9661811799255 3.80724359692739 2.29639573154596 19.0232155057526 8.73967991516098 54.838656756923 75.2340030446462 2.10665403909673 14.4838305182168 38.5618668236611 8.69081724527204 21.6471348916029 44.7864237943909 38.4748141818875 37.6580796178748 42.2572734326926 56.8103331329897 49.0579604033688 51.0973879384087 2.20839217483699 39.6911231522025 84.4192490531303 25.9855309835115 5.85060467182295 48.522099198327 32.6108467883042 6.08403839550253 11.7497065360413 3.06584128924086 14.2138427893764 44.7027368898532 36.786077361313 18.329737483122 37.1576514369912 11.6408146043824 33.1053849547631 14.9067785771732 5.57292838132611 56.8561623530059 47.0876109235742 53.1700057593167 22.3487521468103 63.0315689011702 30.9896038906604 16.2188243425209 6.73149838306567 23.3562861101808 48.8105296610904 78.3205388776645 79.126281352236 38.9787358728135 15.1776388800707 16.1021359254451 8.46476826588156 21.0227890414218 9.01537242647764 4.96384665648414 47.7263100619463 34.7041283043777 4.33759826972969 15.7844645794216 48.60992153554 41.2653669314175 3.79225099452597 28.7039687107408 11.3332871021197 14.3410657180788 37.5241893647771 25.7293888085176 6.71940295012303 37.6831365954661 3.89465037362528 56.420240427089 8.78982874425239 17.4339414206222 3.21806146822644 34.3615895685998 39.4179917420961 67.5424548669443 37.324528126756 5.08212600328722 38.1169103966784 70.7749557137623 83.8804123027519 2.90084128629475 14.8422713986532 11.6991770698749 21.6343325043515 86.184621632868 70.3070352554493 32.7974930386089 37.5632378023222 7.89803174076966 15.0845982681677 47.2600329069161 8.86055407891305 49.8228899419316 5.69862423540899 6.10224165734448 9.15165368210589 32.3577004388236 22.1155005746593 11.3322542546454 16.6561181984435 1.62579317559758 12.2518008853515 11.7322611107755 48.8405274490663 5.11440224806366 15.947760568224 17.3176874514941 8.39282567536214 0.426960036856773 21.8739831597402 8.66277787957509 5.17502763738418 57.8781634058673 26.2700872343971 24.1745505661605 21.126071341488 28.5925478641378 55.1290592493646 36.3395555311727 3.5827522927471 23.4028742532829 9.03758379901404 20.7048986972124 27.9712759637322 18.1715233551817 13.3960590437064 10.4627182922876 4.55272418867408 15.9680882209156 18.9569305235423 12.2717299855848 32.9987230806462 30.1339214905513 8.00235569371436 8.66027155598886 42.7101137501178 23.7332342201459 46.7435683589916 5.32039430535321 23.4286801919006 55.0460736414863 28.7163081450026 39.8459186008775 42.5521490466233 17.5110167887409 1.41027305302748 10.6134759265276 30.6887573063734 9.85503416768001 41.5448342871627 27.6274959013304 38.3177432520451 1.27453587770388 70.7125640707135 8.21035828179045 37.843767877904 19.6208810032654 55.1051245493186 53.6033431260396 62.2447807415124 28.1155707093347 6.87840019227485 7.56233407352635 6.83631250217385 18.5132318112684 20.6660536602534 69.2749963882666 28.6404685766217 2.97628525032992 5.60886863018434 0.773082622509763 6.00860059355978 46.9019449783949 62.5094267574089 49.8648319390563 34.6143953821509 91.3943439883456 8.53657606272298 0.982494791954426 3.717486172564 3.42723810898502 28.1057230284462 47.4858034618732 2.19020061158713 12.8660452291779 35.8950794969231 58.2914614635888 5.07481301013406 37.6781714377903 27.3376369735587 37.5493797048131 5.48635994536912 74.1582746541173 5.24156781850547 32.8965265862282 23.3791851131597 32.7659306929759 46.1718443266915 2.2289421691688 32.8668448761586 10.9748309924953 0.764263303376228 26.6826087862268 12.2542646815352 51.1437335592661 37.2984198374125 83.7942968423753 41.5907719459738 33.1713399547396 86.8186799277163 74.7520103344758 63.8926015601244 51.118997173087 35.5048965438054 53.611404860445 10.5155263772654 16.8312067603753 30.0118948164529 11.4023350793551 8.16301021340898 3.1334950758923 0.627925712732873 11.0921691678334 4.76042518979031 4.55021977040461 73.1364699614651 60.7940926357368 33.9829264539636 22.8650687136562 17.4857746550529 1.9045046402479 16.7897455352411 62.4123986882566 34.2908759018367 11.2840616883592 28.2969805200305 26.3271086161952 48.6320288996674 28.3364178347296 33.0729813474933 11.0654546179222 14.8860275982752 27.7424026624744 2.31236992813163 69.4864439812613 41.5530188951168 9.35749436097963 14.0777347650461 3.67984696057071 26.0059085591249 36.054762853242 16.2427798522188 14.7824104335224 48.1527309244698 24.4814280739389 17.7999342098743 23.6267517003595 2.70476666799824 40.4957957489942 23.4243992892621 57.1293083212516 5.90946516332244 11.3076296587449 8.50903156459369 0.682390713718971 20.8093146274376 20.2083581938526 18.2827282586983 61.6422135979308 40.996756555729 23.8282732203921 16.125862525358 6.85433289354337 56.7005946610657 27.710803255587 47.0970083402993 31.7319578964909 13.1170380143988 4.70901789772744 19.9817853965302 42.7155420917312 18.191055747384 16.9642180852824 2.08078390135832 27.570693470179 14.9618434249805 16.9347781935519 9.90320861523083 77.1849948510901 23.3924644176813 25.6561431675627 63.7579283421726 35.0418475779805 6.03234503506945 7.4525653899359 7.64366446993567 9.35622186944432 43.1395236145798 35.1091578595667 2.91598448834097 12.0010549699214 5.51823752422302 8.13864358033019 39.3444896272029 7.16067762561877 14.8387594239742 21.4915474932001 31.8349767830558 2.7881424626681 0.552419758726702 2.66016783145332 33.5304425113436 18.1911570875851 45.6580882191791 39.9657085875025 47.3013041627303 15.5375546541219 7.49311217883002 36.1149239841348 24.8616084404124 22.485901798251 16.1418867635418 20.8005713942802 14.6203862091977 17.6776351651631 0.396664416158381 56.3135916167211 44.4373969675756 0.268503172240257 46.6365580219783 37.3409218077602 26.4571561656966 64.5925097151178 11.551175901567 19.1306902390625 1.01111470416792 13.7899182001159 42.2353107073727 36.76595844621 47.5872677869099 24.0800917906385 14.3734363637646 45.9281140914425 9.59486337925247 16.9834462598703 39.5001731866385 1.81255703588068 2.47781761512804 78.1330082182745 0.571312613387426 49.3243305980695 42.9431329888601 44.595942005391 2.83015346611173 44.6211131697162 15.2810129636611 6.28105529351643 44.1899656374898 54.757552583257 3.61900812177935 16.7235976193325 23.9685498422455 66.5851212712916 3.60735407386213 29.6951098439166 63.7259693549898 23.9928017394559 23.3549051511326 7.80933422780948 74.7725043178508 37.7383319141197 70.9407347870388 31.8400215568747 18.3105638102831 13.6683435221605 2.04666646705759 13.074285744069 39.238092290069 6.73610141837105 8.26017156983597 47.5119274392346 19.9602075091416 33.2620771432207 11.4872918895459 44.1128812761041 57.0349414850837 25.6039551067793 63.0532322004168 4.80636178876255 4.38489436880682 9.74027604514206 71.1326825265232 11.0572429456781 1.12060145952355 3.52055691778696 36.4885631235258 63.7958550004467 42.3793584501375 15.7152812770313 0.953034916975029 19.4429780092696 33.6632109646058 39.7351946663275 5.43150050867338 33.2026451559978 18.6780761675164 6.05441797647798 24.4139672929231 41.7737519571435 10.5159024058915 43.5852125316099 33.0913272257674 5.91448230924106 21.0674828614494 3.87382929886022 60.3155950874955 4.51012715734274 27.5607582356657 86.429360280506 33.969794153067 6.49451241832902 1.6670834847519 8.28897894517941 6.57031683447922 17.8323459461423 28.1428586985372 26.7801376924566 24.4934490919611 43.6690870014749 62.7662906071052 0.742968511923695 17.8012175911123 23.1529976376194 46.0264350587343 43.5705128879461 39.0342887311015 49.4805234890176 63.436349767192 7.10066638981848 19.5720825953338 3.77590444237015 71.5177682844489 42.2091649655618 7.51098469556557 5.2525523446784 0.256575081758173 13.5904162949768 27.2748725586208 10.1105475902327 3.35993969927182 5.13986599637707 24.2717436096263 10.7254155307566 8.88867983172488 1.88102210944285 31.1383882043101 31.1154639357791 23.5835723967213 7.170930045919 35.6685995102396 50.8926958402516 22.5712146548583 55.7944521275367 48.0362592210536 19.1686992360846 37.4421374372827 50.2261401153846 69.1679285398331 12.9372828327829 9.60934938791951 6.8735124794523 18.1757481647983 0.707327161459885 4.95513180967189 28.7380309391671 36.1254638578079 2.13010109403217 26.0366806807815 1.52564829695326 25.9658894384121 68.3345683198346 9.51982737438109 40.3287141895399 12.4931461394293 25.0847668400889 18.6264482504984 51.2740738144537 17.2255462804726 12.7992038633671 2.36267365790618 8.56298115849302 14.1080569918793 23.4837146684427 34.1698802602808 7.9644925482176 26.4085549286814 9.45371552673904 7.83763807885122 26.6275561829182 18.7113991340277 3.88351422218574 1.07279631219897 45.2951319674876 17.3859015033098 8.22044484499894 5.7465077521405 38.1999895336905 11.9875301669278 64.6994031718138 2.54402082295007 33.0823907828049 16.2890659888485 12.9556559795542 12.5146242763887 1.73112213647587 36.954317839661 9.28074089392114 24.5852036437719 7.42137137686551 37.1023650651635 31.6584439977687 5.55484410686835 25.2564977337999 22.9004408481334 48.2565768893421 35.8687775536652 9.16673516135625 5.39529999105741 9.25975214667138 20.2079243909786 31.6103847091182 47.7498794793628 16.4549353725527 7.09486398028781 68.7568590170993 49.08177127466 39.3093843083208 33.5567420484484 15.6809924360819 20.715825876624 40.6049308975351 45.0155361808329 19.987313218049 4.96012150235083 45.4732964352231 11.0999815462758 11.1554273499615 31.1235066420997 79.8269600030687 23.9926518686875 31.0320140989226 76.3806147817368 46.5144897665596 77.4816053054617 31.8677792870252 25.3751063370534 82.0459836580698 48.8238156801506 15.8047808950597 4.97834206573317 2.55616749537101 43.0465963884016 53.2731993163175 37.3506257505262 5.18325262032336 21.9094650228159 19.788345528167 32.0168056523434 20.2358219924584 21.842859643722 1.41541565483425 23.2789239745649 10.5407949979607 20.0000030779341 52.4556684829164 12.9642982907978 8.58673474829824 20.0941318138989 25.7687770625568 28.4790884076521 18.7052021001956 14.0242920659162 20.9292992173738 13.8707880324923 9.53357563370353 53.4345560435857 7.33186366658301 2.02729967226235 7.36451530937902 27.5655319989944 8.33785218902374 49.6921616937647 45.6541213196906 54.9315124480635 51.3441936105978 43.2006336155934 5.73765881353863 8.62189657458451 21.8079770175371 27.3749722229203 20.6237819754987 16.445681345026 57.538759560577 38.7072455040464 16.444012014191 17.2867203409692 61.424558407105 9.492643585558 11.7409388832846 11.8819816941997 72.559545402598 37.4881616332375 64.4239394996414 16.3017207247561 14.601580823411 3.36663180427837 68.4541589366427 18.1892665800078 8.17784384525281 52.3115512568592 82.0134093155521 18.8005075716352 0.479797149593678 38.6829930763431 79.8146184520318 105.763695776174 1.58674322654807 4.71470391344371 24.4237742281189 33.7919137871515 69.4741142360954 17.7871432516463 45.1247796742827 43.4753287646384 29.9477301294522 10.3979407528002 20.2229935694895 37.9148989098956 29.9208852311554 64.9325510619993 30.9374057578256 4.18081281037881 24.9816492113149 28.4370969898062 50.4782313229284 42.2845134885887 30.2752106173139 24.4111202146651 19.0220438560059 70.6096454771746 6.21127447316896 69.2338984084471 70.1018346398253 5.14405153637173 21.1433635881108 67.3177592877263 1.45069548361495 38.4536784977758 115.396241402634 69.8899457848898 90.0850649072634 36.683818047117 87.9426784084425 68.0206860320007 61.8022850885869 17.8124836134545 5.61813787958376 33.414993242709 61.6030729107404 70.5359654921103 59.4029096263772 24.2839053189016 11.196848487433 28.5373782356576 33.296360145394 56.5012360733652 19.6546050371959 30.2566409192469 43.5578654421912 25.3786209464607 2.58794598582346 47.6654507090183 20.6879853681352 16.8000743111102 18.17651383417 33.4381263715869 1.41970786104835 48.6158128029571 3.27830610234092 0.0366576031021111 17.2035854512937 6.43267890304191 48.9213398583992 11.6197935361349 24.9593683674592 9.00772994616069 3.05835558984093 41.2863593454012 4.94200186847802 11.3523072384548 30.8608109577735 5.62311373569816 11.5741283986588 29.5375199351137 39.2808534731579 19.4089529205387 40.566440544685 0.993886225488869 54.8996001747846 5.86236096399395 33.7640177555975 5.94784951344771 48.3678593273661 46.6039736920055 14.253627172658 19.9168158045891 18.3202995854468 10.7471951513879 45.4839931490106 50.789677524444 32.9984015279672 8.64057303221923 31.9948343131964 2.88390989829779 18.3948224763613 12.1222575152442 17.9571873245869 34.1001311865251 5.13349875627714 20.8397717655748 48.7574491360958 6.64068208935552 1.84252428000962 3.460530130129 10.8894330193302 16.4556942866357 31.5624738905137 37.4922875461577 24.7059386262366 5.23795833692934 28.3160315846117 7.81782500161859 30.9198236036268 18.8512740997105 28.4221191835693 29.6324412801295 41.7895593510216 26.8810852200736 11.0954918885392 37.1450040934007 0.665940048572153 28.1241945052768 26.8077597490082 18.0213815419804 37.0089795857761 10.5723458908788 9.67859424530551 0.566691138604173 15.3265775762307 42.8110702792692 14.9247086609363 1.77868119185927 50.96815308118 45.8396570016446 10.6338896077584 65.73860083159 23.8209159037206 25.7943550908473 40.3977339504004 8.71586803827688 0.401873067977674 9.57431406256957 4.15151800171602 24.9625124310455 40.0418428605999 18.3847021416858 27.7414843302927 17.1305673574318 26.7894119043071 26.4830397430259 4.84013084190129 47.3549299122453 2.31198389399871 42.4898579789101 26.4047772482135 66.9168763445495 47.1670858990519 55.1305011453873 71.0999486507106 53.4421704446535 24.812745289907 11.0227421912901 15.5256964214073 9.38123170748836 52.3740473722981 22.1376614268801 26.9670654296724 17.3266154805831 55.6966229245261 18.8508931342818 12.1314000646551
