Instancenumber:
12
Instancename:
P-n40-k5.vrp
Customers:
39
Depot:
0
Dimension:
1560
Vehicles:
39
Capacity:
140
Demands:
0 7 30 16 9 21 15 19 23 11 5 19 29 23 21 10 15 3 41 9 28 8 8 16 10 28 7 15 14 6 19 11 12 23 26 17 6 9 15 14
Uncertainty:budgeted
Gamma:
39
Mean Vector:
13.8924439894498 21.0237960416286 32.5576411921994 17.2046505340853 14.142135623731 11.4017542509914 26.4196896272458 22.0227155455452 23.0867927612304 28.3196045170126 12.0415945787923 8.06225774829855 29.1547594742265 18.1107702762748 24.738633753706 22.0227155455452 17.2626765016321 14.7648230602334 31.9061122670876 32.4499614791759 32.0624390837628 20.8086520466848 22.0227155455452 25.0599281722833 23.0867927612304 28.1602556806574 8 29.9666481275434 29.1204395571221 30.8706980808663 29.8328677803526 10 34 31.7804971641414 39.4081209904761 43.9317652729776 18.1107702762748 15.8113883008419 38.2883794381533 13.8924439894498 12.369316876853 19.2093727122985 31.0644491340181 22.2036033111745 16.7630546142402 22.8254244210267 11.6619037896906 24.2074368738204 34.0147027033899 12.0830459735946 20.8806130178211 41.8688428309166 26.9258240356725 36.0138862107382 18.6010752377383 30.6757233003559 27.5862284482674 45.7930125674212 20.8806130178211 26.9258240356725 7.07106781186548 21.5870331449229 29 33.1058907144937 18.8679622641132 8.06225774829855 16.1554944214035 21.3775583264319 32.649655434629 17 6.08276253029822 42.9534631898291 30.6104557300279 27.3130005674953 31.0644491340181 30.4138126514911 18.7882942280559 43.0464865000618 21.0237960416286 12.369316876853 15.2970585407784 37.0135110466435 21.0237960416286 28.0713376952364 34.928498393146 22.2036033111745 16.2788205960997 28.0713376952364 10.6301458127346 24.7588368062799 50.1198563445667 37.6563407675255 35.4682957019364 8.54400374531753 34.0587727318528 35.7770876399966 50.9116882454314 12.0415945787923 14.7648230602334 10.6301458127346 33.9558536926993 41.1096095821889 43.4165866921848 29.0688837074973 19.0262975904404 18.9736659610103 9.05538513813742 23.7697286480094 23.3238075793812 11.4017542509914 39.1152144312159 20 19.1049731745428 24.4131112314674 31.9061122670876 14.560219778561 35.4400902933387 32.5576411921994 19.2093727122985 15.2970585407784 49.6789693934969 36.0555127546399 35.3553390593274 35.0142828000232 21.095023109729 31 43.0116263352131 25.0798724079689 38.2753184180093 61.0737259384099 45.6508488420533 50.5964425626941 23 48.0208288141719 46.7546789102438 64.2028036770981 7.81024967590665 24.1660919471891 12.2065556157337 36.6742416417845 45.6070170039655 51.9711458407451 25.3179778023443 27.2029410174709 9.48683298050514 17.0880074906351 37.4833296279826 15.8113883008419 22.8035085019828 54.3323108288245 32.2800247831379 10.0498756211209 12.0830459735946 46.518813398452 29.8328677803526 49.4974746830583 17.2046505340853 31.0644491340181 37.0135110466435 49.6789693934969 20.3960780543711 21.0237960416286 37.1214223865412 37.6430604494374 32.7566787083184 31.4006369362152 26.6270539113887 12.5299640861417 15.0332963783729 17.8885438199983 18.8679622641132 35.3411940941446 7.61577310586391 7.61577310586391 14.7648230602334 48.91829923454 44.9444101084885 38.0131556174964 31.2569992161756 28.6356421265527 17.6918060129541 42.5793377120875 24.1660919471891 47.0106370941726 43.9089968002003 38.0131556174964 46.2385120867876 26.9072480941474 30.5286750449475 41.5932686861708 55.9732078766261 60.8111831820431 12.6491106406735 26.5706605111728 40.5215991787096 14.142135623731 22.2036033111745 21.0237960416286 36.0555127546399 20.3960780543711 25.4950975679639 40.2243707222375 33.2415402771893 12.369316876853 14.2126704035519 11.1803398874989 9.21954445729289 35.3553390593274 30.4630924234556 14.560219778561 16.2788205960997 14.7648230602334 23.1948270094864 31.9061122670876 32.7566787083184 25.0599281722833 27.0739727413618 36.1247837363769 38.8329756778952 33.9558536926993 40.1621712560464 20.591260281974 37.1214223865412 25.4558441227157 18.2482875908947 39.1152144312159 16.1245154965971 20.8806130178211 21.2132034355964 39.6610640301039 45.2769256906871 11.3137084989848 7.07106781186548 24.2074368738204 11.4017542509914 16.7630546142402 28.0713376952364 35.3553390593274 21.0237960416286 25.4950975679639 16.4924225024706 18.0277563773199 34.0147027033899 39.6988664825584 21.8403296678416 18.0277563773199 27.2029410174709 10.295630140987 34.4383507154451 31.5753068076939 24.738633753706 14.560219778561 34.928498393146 37.6430604494374 41.3037528561268 23.259406699226 11.1803398874989 13.9283882771841 16.6433169770932 21.8403296678416 9.05538513813742 29.732137494637 37.0135110466435 42.0594816896262 27.2029410174709 17.0293863659264 44.6542271235322 42.3792402008342 44.0113621693308 47.4130783645188 27.3130005674953 26.8328157299975 49.6789693934969 26.4196896272458 22.8254244210267 34.928498393146 35.0142828000232 37.1214223865412 40.2243707222375 16.4924225024706 14.0356688476182 46.0977222864644 54.0370243444252 33.3016516106934 34.0147027033899 39.8497176903426 21.5870331449229 50.6951674225463 41.3400532171888 41.2310562561766 30 50.1597448159378 40.3112887414927 49.6588360717405 25.7099202643649 6.08276253029822 14.2126704035519 26.9258240356725 11.1803398874989 19.8494332412792 26.3058928759318 43.6577599058861 54.561891462815 20.8806130178211 27.0185121722126 60.4152298679729 53.2541078227774 45 46.3896540189728 43.6577599058861 39.5979797464467 63.7808748764079 22.0227155455452 11.6619037896906 22.2036033111745 21.095023109729 37.6430604494374 33.2415402771893 18.0277563773199 14.0356688476182 35.8050275799363 45.6179789118282 23.7065391822594 30 45.2216762183801 27.5862284482674 46.2709412050371 29.698484809835 39.2045915678253 32.2024843762092 52.2015325445527 26.3058928759318 36.8917334913934 12.0830459735946 15.8113883008419 25.0798724079689 33.9411254969543 7.21110255092798 14.0356688476182 13 30.4138126514911 44.2040722106007 9.21954445729289 17.464249196573 54.1202365109392 41.7252920900501 31.0161248385416 32.7566787083184 40.0124980474851 30.4138126514911 54.7083174663597 23.0867927612304 24.2074368738204 16.2788205960997 31 32.7566787083184 12.369316876853 34.0147027033899 46.0977222864644 35.8050275799363 12.0415945787923 12.8062484748657 21.0237960416286 47.6759897642409 41 23.3452350598575 8 26.9258240356725 35 43.8292140016223 25.4950975679639 13.4536240470737 26 43.2666153055679 47.927027865287 45.2769256906871 43.0116263352131 26.6270539113887 35.1710107901379 16.1554944214035 8.48528137423857 39 19.1049731745428 23.7697286480094 9 31.6227766016838 37.6430604494374 22.8254244210267 7.28010988928052 19.313207915828 28.3196045170126 34.0147027033899 28.0713376952364 43.0116263352131 31.4006369362152 14.2126704035519 39.6988664825584 54.0370243444252 45.6179789118282 12.0415945787923 21.9317121994613 22.8254244210267 46.1735855224608 44.2944691807002 15.8113883008419 20.0249843945008 24.0831891575846 36.0555127546399 38.8329756778952 37.4833296279826 23.7065391822594 37.1079506305589 50.2095608425328 53.0094331227943 47.169905660283 52.773099207835 34.2052627529741 46.690470119715 27.8926513619627 9.21954445729289 50 28.1780056072107 12.0830459735946 15.6204993518133 43.4165866921848 49.4772675074119 19.0262975904404 15.2315462117278 10 12.0415945787923 12.0830459735946 10.6301458127346 25.0798724079689 26.6270539113887 11.1803398874989 21.8403296678416 33.3016516106934 23.7065391822594 12.8062484748657 21.9317121994613 14.2126704035519 40.3112887414927 30.0166620396073 25.7099202643649 10 23.43074902772 26.2488094968134 40.3112887414927 22.6715680975093 20.0249843945008 16 30.5286750449475 35.7351367704113 35.1283361405006 30.886890422961 13.8924439894498 26.0192236625154 17.464249196573 21.2602916254693 28.4429253066558 6.40312423743285 31.2569992161756 20.6155281280883 29.732137494637 35 21.4709105535839 6.70820393249937 31.0644491340181 8.06225774829855 20.8806130178211 24.7588368062799 38.2753184180093 12.5299640861417 9.21954445729289 18.0277563773199 34.0147027033899 30 21.0237960416286 22.8254244210267 14.2126704035519 26.9258240356725 21.4709105535839 16.7630546142402 22.8473193175917 9.8488578017961 14.0356688476182 26.1725046566048 36.7695526217005 32.5729949498047 27.3130005674953 29.1547594742265 30.4795013082563 24.738633753706 36.2215405525497 16.0312195418814 37 31.3847096529504 27.459060435492 37.4833296279826 15.6524758424985 26.6270539113887 30.0166620396073 43.8406204335659 48.91829923454 10.0498756211209 14.3178210632764 32.7566787083184 29.1547594742265 41.8688428309166 50.1198563445667 61.0737259384099 15.0332963783729 35.3553390593274 27.2029410174709 39.8497176903426 45.2216762183801 47.6759897642409 46.1735855224608 40.3112887414927 26.9258240356725 18.3847763108502 32.2800247831379 49.6487663492256 22.0907220343745 14.422205101856 14.422205101856 61.5873363606513 59.4810894318522 48.91829923454 33.8378486313773 27.1661554144122 13.1529464379659 48.3011387029333 33.9705755029261 56.6392090340252 57.7754273026172 53.0377224247045 54.4058820349418 39.1152144312159 43.6577599058861 56.5685424949238 68.5054742338158 72.8010988928052 27.1661554144122 41.2310562561766 54.9181208709839 18.1107702762748 26.9258240356725 37.6563407675255 45.6508488420533 17.8885438199983 30.4630924234556 10.295630140987 21.5870331449229 27.5862284482674 41 44.2944691807002 30.0166620396073 21.4709105535839 18.3847763108502 35.3836120259083 40.0124980474851 24.2074368738204 10.295630140987 29.0172362570938 47.7598157450382 50 33.5410196624968 15.52417469626 10.770329614269 6.40312423743285 30.0166620396073 18.9736659610103 39.8246155034798 46.3896540189728 48.3838816136118 36.7967389859482 26.3058928759318 46.690470119715 49.8196748283246 54.230987451825 57.706152185014 28.2842712474619 33.734255586866 54.2033209314706 24.738633753706 36.0138862107382 35.4682957019364 50.5964425626941 18.8679622641132 14.560219778561 34.4383507154451 50.6951674225463 46.2709412050371 23.3452350598575 15.8113883008419 25.7099202643649 16.7630546142402 32.2800247831379 35.3836120259083 29.6816441593117 11.4017542509914 25.4950975679639 23.1948270094864 46.9574275274956 36.7695526217005 41.4366987102013 45.6179789118282 45.6070170039655 36.4005494464026 52.773099207835 32.5576411921994 51.478150704935 38.8329756778952 24.5967477524977 53.0094331227943 30.0665927567458 11.6619037896906 30.2324329156619 53.7121960079831 59.4810894318522 7.21110255092798 21.0237960416286 23.0217288664427 22.0227155455452 18.6010752377383 8.54400374531753 23 35.3411940941446 16.2788205960997 31.5753068076939 41.3400532171888 29.698484809835 8 20.0249843945008 10 22.8473193175917 49.6487663492256 40.0124980474851 29.6816441593117 30.8058436014987 35.9026461420325 48.0104155366312 17.7200451466693 10.0498756211209 18.8679622641132 39.3954312071844 45.3541618817943 45.0998891351187 36.7967389859482 23.0867927612304 27.5136329843952 9.21954445729289 15.2315462117278 31.7647603485372 14.8660687473185 31.5753068076939 12.0415945787923 24.1660919471891 30.0832179129826 27.5862284482674 9.21954445729289 26.9258240356725 17.2626765016321 30.6757233003559 34.0587727318528 48.0208288141719 7.61577310586391 14.7648230602334 24.738633753706 41.2310562561766 39.2045915678253 26.9258240356725 24.0831891575846 23.43074902772 9.8488578017961 22.0907220343745 24.2074368738204 11.4017542509914 30.8058436014987 14.142135623731 17.2046505340853 46.0977222864644 39.8246155034798 37.1618083521241 35.7351367704113 34.6698716467194 25 45 25.1793566240283 46.8187996428785 39.8246155034798 31.2569992161756 47.0744091837593 25.4950975679639 23.0217288664427 35.4400902933387 53.1507290636732 58.4123274660409 5.09901951359278 21.6333076527839 32.9848450049413 14.7648230602334 27.5862284482674 35.7770876399966 46.7546789102438 7.61577310586391 23.1948270094864 14.560219778561 30 32.2024843762092 35 36.0555127546399 26.2488094968134 14.0356688476182 14.422205101856 10.295630140987 25.4950975679639 35.9026461420325 14.142135623731 20.3960780543711 47.169905660283 45.8911756223351 34.6554469023269 24.0208242989286 21.0237960416286 11.1803398874989 36.4005494464026 19.8494332412792 42.8018691180654 43.6577599058861 41.4366987102013 41.182520563948 24.6981780704569 37.0135110466435 44 54.0832691319598 58.4123274660409 18.6010752377383 28.0713376952364 45.6946386351835 31.9061122670876 45.7930125674212 50.9116882454314 64.2028036770981 14.7648230602334 31.9061122670876 34.928498393146 50.1597448159378 52.2015325445527 43.8292140016223 38.8329756778952 40.3112887414927 26.1725046566048 14.422205101856 29.0172362570938 23.1948270094864 48.0104155366312 17.2046505340853 20.3960780543711 62.9364759102383 56.938563381947 52.6972485050216 44.1021541423999 39.319206502675 25.7099202643649 56.7538544946508 38.9101529166874 61.773780845922 57.0087712549569 47.1274866717927 60.9261848469113 41.4004830889689 33.1360830515618 52 70.0071424927486 75.0732975164938 21.0237960416286 38.8329756778952 46.0434577328854 32.4499614791759 20.8806130178211 12.0415945787923 7.81024967590665 48.91829923454 32.7566787083184 37.6430604494374 40.3112887414927 26.3058928759318 25.4950975679639 37.4833296279826 22.6715680975093 36.7695526217005 61.5873363606513 47.7598157450382 46.9574275274956 17.7200451466693 46.0977222864644 47.169905660283 62.9364759102383 16.7630546142402 15.0332963783729 41.0121933088198 49.3659801887899 53.851648071345 31.6227766016838 28.7923600977759 16.6433169770932 10.0498756211209 31.0161248385416 22.8254244210267 22.4722050542442 49.2442890089805 25.3179778023443 7.07106781186548 12.5299640861417 43.8292140016223 25.9422435421457 43.0464865000618 32.0624390837628 26.9258240356725 14.7648230602334 24.1660919471891 44.9444101084885 25.0599281722833 41.3037528561268 49.6588360717405 36.8917334913934 13.4536240470737 23.7065391822594 20.0249843945008 32.5729949498047 59.4810894318522 50 36.7695526217005 10.0498756211209 39.8246155034798 45.8911756223351 56.938563381947 16.7630546142402 25 48.3838816136118 54.9181208709839 55.145262715849 43.6004587131833 32.5576411921994 31.4006369362152 7.21110255092798 15.52417469626 36.7967389859482 24.3310501211929 35.7770876399966 9.05538513813742 21 27.0185121722126 36.0555127546399 18.3847763108502 27.1661554144122 20.8086520466848 7.07106781186548 10.6301458127346 12.2065556157337 38.0131556174964 27.0739727413618 23.259406699226 25.7099202643649 12.0830459735946 26 37.1079506305589 16 27.3130005674953 48.91829923454 33.5410196624968 41.4366987102013 18.8679622641132 37.1618083521241 34.6554469023269 52.6972485050216 15.0332963783729 25 26 34.3656805548792 39.8246155034798 18.6010752377383 15 10.0498756211209 18.3575597506858 34 13 11.7046999107196 47.169905660283 30.6104557300279 20.8806130178211 24.1867732448956 36.4005494464026 22.2036033111745 45.3100430368368 22.0227155455452 21.5870331449229 33.9558536926993 36.6742416417845 31.2569992161756 36.1247837363769 11.1803398874989 6.08276253029822 15.8113883008419 43.2666153055679 50.2095608425328 30.5286750449475 29.1547594742265 33.8378486313773 15.52417469626 45.6179789118282 39.3954312071844 35.7351367704113 24.0208242989286 44.1021541423999 41.0121933088198 48.3838816136118 26 9.4339811320566 21.0237960416286 15.556349186104 16.6433169770932 28.7923600977759 42.9534631898291 51.6139516022558 24.1867732448956 24.5967477524977 55.7584074378026 51 46.3896540189728 48.5077313425396 38.4837628097877 36.4005494464026 60.1082357085949 25.0599281722833 29 41.1096095821889 45.6070170039655 28.6356421265527 38.8329756778952 13.9283882771841 14.2126704035519 25.0798724079689 47.927027865287 53.0094331227943 35.7351367704113 30.4795013082563 27.1661554144122 10.770329614269 45.6070170039655 45.3541618817943 34.6698716467194 21.0237960416286 39.319206502675 49.3659801887899 54.9181208709839 34.3656805548792 9.4339811320566 14.0356688476182 24.8394846967484 22.3606797749979 38.0788655293195 50.1597448159378 55.9016994374947 33.6154726279432 30.5941170815567 56.6392090340252 56.302753041037 55.1089829338194 57.567351858497 38.4187454245971 40.7185461430047 63.0079360080935 23.0867927612304 33.1058907144937 43.4165866921848 51.9711458407451 17.6918060129541 33.9558536926993 16.6433169770932 26.9258240356725 33.9411254969543 45.2769256906871 47.169905660283 35.1283361405006 24.738633753706 13.1529464379659 6.40312423743285 36.4005494464026 45.0998891351187 25 11.1803398874989 25.7099202643649 53.851648071345 55.145262715849 39.8246155034798 21.0237960416286 14.0356688476182 36.0555127546399 25.0798724079689 46.2276973253049 51.9711458407451 52.1727898429823 43.139309220246 32.0156211871642 48.0104155366312 54.230987451825 60.4152298679729 64.007812023221 29.6816441593117 38.1182371050918 56.859475903318 28.1602556806574 18.8679622641132 29.0688837074973 25.3179778023443 42.5793377120875 40.1621712560464 21.8403296678416 11.1803398874989 7.21110255092798 43.0116263352131 52.773099207835 30.886890422961 36.2215405525497 48.3011387029333 30.0166620396073 52.773099207835 36.7967389859482 45 36.4005494464026 56.7538544946508 31.6227766016838 43.6004587131833 18.6010752377383 15.556349186104 24.8394846967484 36.0555127546399 20.2237484161567 16.0312195418814 36.8917334913934 51.4003891035856 10.0498756211209 24.5967477524977 61.0327780786685 48.7954915950234 35.3553390593274 36.0138862107382 46.2709412050371 37.589892258425 61.9112267686564 8 8.06225774829855 19.0262975904404 27.2029410174709 24.1660919471891 20.591260281974 9.05538513813742 19.8494332412792 14.0356688476182 26.6270539113887 34.2052627529741 13.8924439894498 16.0312195418814 33.9705755029261 18.9736659610103 32.5576411921994 23.0867927612304 25.1793566240283 19.8494332412792 38.9101529166874 28.7923600977759 32.5576411921994 15 16.6433169770932 22.3606797749979 25.0798724079689 20.2237484161567 23.0217288664427 28 35 22.1359436211787 8.24621125123532 41.2310562561766 34.4383507154451 35.3411940941446 39.1152144312159 26.0768096208106 19.8494332412792 43.9317652729776 29.9666481275434 16.1554944214035 18.9736659610103 9.48683298050514 47.0106370941726 37.1214223865412 29.732137494637 26.3058928759318 13 35.1710107901379 46.690470119715 26.0192236625154 37 56.6392090340252 39.8246155034798 51.478150704935 27.5136329843952 46.8187996428785 42.8018691180654 61.773780845922 16.6433169770932 31.4006369362152 10.0498756211209 28.7923600977759 38.0788655293195 46.2276973253049 16.0312195418814 23.0217288664427 24.2074368738204 42.7200187265877 6.32455532033676 21.5870331449229 57.0788927713213 38.4707681233427 19.4164878389476 20.0997512422418 46.3249392876019 32.0624390837628 54.4058820349418 29.1204395571221 21.3775583264319 9.05538513813742 17.0880074906351 43.9089968002003 25.4558441227157 37.0135110466435 43.6577599058861 30.4138126514911 16.1554944214035 27.8926513619627 17.464249196573 31.3847096529504 57.7754273026172 46.3896540189728 38.8329756778952 9.21954445729289 39.8246155034798 43.6577599058861 57.0087712549569 10.0498756211209 7.21110255092798 18.3575597506858 42.9534631898291 50.1597448159378 51.9711458407451 36.8917334913934 28 24.2074368738204 21 29.698484809835 20.0997512422418 39.8497176903426 15.2970585407784 15.52417469626 21.5870331449229 36.7695526217005 18.3847763108502 33.0151480384384 30.8706980808663 32.649655434629 23.7697286480094 37.4833296279826 38.0131556174964 18.2482875908947 42.0594816896262 54.561891462815 44.2040722106007 8.48528137423857 9.21954445729289 21.2602916254693 27.459060435492 53.0377224247045 48.3838816136118 24.5967477524977 15.2315462117278 31.2569992161756 41.4366987102013 47.1274866717927 31.0161248385416 15.52417469626 34 51.6139516022558 55.9016994374947 52.1727898429823 51.4003891035856 35 42.7200187265877 21 46.9574275274956 27.5862284482674 20.8086520466848 6.70820393249937 36.2215405525497 42.2965719651132 26.4764045897475 15.2643375224737 12.0415945787923 29.8328677803526 17 23.3238075793812 15.8113883008419 46.2385120867876 39.1152144312159 27.2029410174709 20.8806130178211 9.21954445729289 39 50 28.4429253066558 37.4833296279826 54.4058820349418 36.7967389859482 53.0094331227943 31.7647603485372 47.0744091837593 41.182520563948 60.9261848469113 22.8254244210267 36.7967389859482 13 24.1867732448956 33.6154726279432 43.139309220246 10.0498756211209 22.1359436211787 6.32455532033676 29.698484809835 46.9574275274956 23.0217288664427 59.6824932455071 43.2666153055679 25.7099202643649 26 47.2652091923859 34.928498393146 58.309518948453 10 6.08276253029822 11.4017542509914 22.8035085019828 26.9072480941474 16.1245154965971 17.0293863659264 27.0185121722126 17.464249196573 19.1049731745428 28.1780056072107 6.40312423743285 15.6524758424985 39.1152144312159 26.3058928759318 30.0665927567458 14.8660687473185 25.4950975679639 24.6981780704569 41.4004830889689 22.4722050542442 24.3310501211929 11.7046999107196 24.5967477524977 30.5941170815567 32.0156211871642 24.5967477524977 8.24621125123532 21.5870331449229 20.0997512422418 27.5862284482674 23.0217288664427 36.8781778291715 26.4196896272458 29.4108823397055 33.9705755029261 24.738633753706 13.0384048104053 37.4432904536981 34 42.9534631898291 39.1152144312159 54.3323108288245 30.5286750449475 20.8806130178211 44.6542271235322 60.4152298679729 54.1202365109392 23.7697286480094 12.0830459735946 31.2569992161756 26.6270539113887 43.6577599058861 46.690470119715 11.6619037896906 31.5753068076939 23.0217288664427 37.0135110466435 33.1360830515618 49.2442890089805 35.7770876399966 47.169905660283 55.7584074378026 56.6392090340252 48.0104155366312 61.0327780786685 41.2310562561766 57.0788927713213 39.8497176903426 20.8086520466848 59.6824932455071 36.8781778291715 27.459060435492 55.3624421426656 61.400325732035 18.4390889145858 25.0199920063936 13.9283882771841 31.7804971641414 30.6104557300279 20 32.2800247831379 41.5932686861708 21.2132034355964 42.3792402008342 53.2541078227774 41.7252920900501 9 15.6204993518133 20.6155281280883 30.0166620396073 56.5685424949238 49.8196748283246 30.2324329156619 12.0415945787923 35.4400902933387 44 52 25.3179778023443 9.05538513813742 30.6104557300279 51 56.302753041037 54.230987451825 48.7954915950234 34.4383507154451 38.4707681233427 15.2970585407784 6.70820393249937 43.2666153055679 26.4196896272458 27.459060435492 30.0166620396073 36.0555127546399 31.0161248385416 16.1245154965971 18.1107702762748 39.4081209904761 27.3130005674953 19.1049731745428 10.0498756211209 55.9732078766261 39.6610640301039 44.0113621693308 45 31.0161248385416 31.6227766016838 43.4165866921848 29.732137494637 43.8406204335659 68.5054742338158 54.230987451825 53.7121960079831 24.1660919471891 53.1507290636732 54.0832691319598 70.0071424927486 7.07106781186548 21 20.8806130178211 46.3896540189728 55.1089829338194 60.4152298679729 35.3553390593274 35.3411940941446 19.4164878389476 15.52417469626 36.2215405525497 25.7099202643649 29.4108823397055 55.3624421426656 30.0166620396073 6.08276253029822 50.8035431835222 32.7566787083184 48.0936586256442 43.9317652729776 31.0644491340181 24.4131112314674 12.0830459735946 60.8111831820431 45.2769256906871 47.4130783645188 46.3896540189728 32.7566787083184 37.6430604494374 49.4772675074119 35 48.91829923454 72.8010988928052 57.706152185014 59.4810894318522 30.0832179129826 58.4123274660409 58.4123274660409 75.0732975164938 12.5299640861417 27.0185121722126 24.1867732448956 48.5077313425396 57.567351858497 64.007812023221 36.0138862107382 39.1152144312159 20.0997512422418 21.5870331449229 42.2965719651132 26 33.9705755029261 61.400325732035 36.0555127546399 6.08276253029822 56.302753041037 38.4707681233427 54.1479454827235 18.1107702762748 30.4138126514911 31.9061122670876 46.518813398452 12.6491106406735 11.3137084989848 27.3130005674953 43.6577599058861 40.0124980474851 22.8254244210267 19.0262975904404 21.4709105535839 10.0498756211209 27.1661554144122 28.2842712474619 7.21110255092798 27.5862284482674 5.09901951359278 18.6010752377383 21.0237960416286 43.8292140016223 36.0555127546399 36.4005494464026 38.4837628097877 38.4187454245971 29.6816441593117 46.2709412050371 26.0768096208106 46.3249392876019 36.7695526217005 26.4764045897475 47.2652091923859 24.738633753706 18.4390889145858 31.0161248385416 50.8035431835222 56.302753041037 18.3847763108502 27.8926513619627 15.8113883008419 18.7882942280559 14.560219778561 29.8328677803526 26.5706605111728 7.07106781186548 26.8328157299975 39.5979797464467 30.4138126514911 7.28010988928052 15.2315462117278 6.70820393249937 14.3178210632764 41.2310562561766 33.734255586866 21.0237960416286 9.21954445729289 21.6333076527839 28.0713376952364 38.8329756778952 25.9422435421457 18.3847763108502 22.2036033111745 36.4005494464026 40.7185461430047 38.1182371050918 37.589892258425 19.8494332412792 32.0624390837628 18.3847763108502 15.2643375224737 34.928498393146 13.0384048104053 25.0199920063936 16.1245154965971 32.7566787083184 38.4707681233427 18.3847763108502 24.4131112314674 38.2883794381533 43.0464865000618 35.4400902933387 49.4974746830583 40.5215991787096 24.2074368738204 49.6789693934969 63.7808748764079 54.7083174663597 19.313207915828 10 31.0644491340181 32.7566787083184 54.9181208709839 54.2033209314706 23.0217288664427 26.9258240356725 32.9848450049413 45.6946386351835 46.0434577328854 43.0464865000618 27.1661554144122 45.3100430368368 60.1082357085949 63.0079360080935 56.859475903318 61.9112267686564 43.9317652729776 54.4058820349418 33.0151480384384 12.0415945787923 58.309518948453 37.4432904536981 13.9283882771841 18.1107702762748 48.0936586256442 54.1479454827235 27.8926513619627 24.4131112314674
Deviation Vector:
14.3918300310955 24.6309844112157 29.6949555551515 3.66756187216965 10.8559737023227 14.2161517633331 19.1536633343975 33.2925662451617 14.2082396237418 43.26844545154 19.4792172665519 0.14161300927142 46.110319990099 28.1692862412073 14.8511621540929 23.5312349541769 11.6977530699007 23.1795141414937 18.8428067947656 8.68907210059507 12.8133217472373 19.2363435402591 34.2917298792077 14.0466741818598 16.0880457798183 42.8079002331697 3.38547855071768 31.6783074259486 26.8609370430096 33.9275788739223 46.3614793700385 3.32009361466185 21.9045998975313 26.6882455400457 21.484600789583 62.0266531433933 8.33568892927961 20.0829758072388 49.6706785026366 14.9439436059322 14.4928223409618 24.7530729999307 33.9613186920456 25.0212532704081 20.4113079354143 1.53456659413251 6.63624498745192 6.50995083992517 0.367351267384868 14.0117871326802 11.206456369594 17.1844931101254 12.3244297981247 16.834819667583 18.0608930539166 35.4172222674234 9.96583072530324 63.8420741128173 12.2222927258969 34.5638576407805 6.1293495759039 11.0749334359933 46.8546854576694 50.025446336846 25.5246626690264 4.30939993082186 20.9474478504541 3.99162290247431 5.8223671505443 16.4482996136008 7.67893320435236 57.9873400645469 19.2783103801141 19.9198295237731 26.4221409181315 6.72406506812927 14.9657661548279 61.1093141289295 10.3018595504011 9.98633258272542 14.5764184044865 38.0018240739454 25.6024307317486 39.5976566785045 52.1885898952282 12.4872503615969 15.2830608285528 6.43031441496822 3.51003502365661 37.7367413218722 75.8183071613149 45.0752894490674 14.5726250391505 12.833718406581 36.8429248187403 4.91298952037664 20.8861537559359 9.05545245113908 4.78442981549303 6.25659979361746 3.16522317718595 65.2183943324187 13.5559451179081 21.0171163086853 13.1171576021825 22.0623596013092 8.54915903773003 35.3211002764357 22.2988422666228 16.3513260969667 26.0887292374143 5.65199315644778 15.9423738003788 6.30857359964018 2.13331198937735 10.2252254692622 29.0894641142416 32.7429963106656 17.8904924264759 17.6069608093196 44.8859506796207 29.4838962213723 25.5150532794721 46.0221983609771 14.6286323255279 5.48931292069084 62.4402279031145 27.6808177848735 35.5611774837055 9.12457894922278 3.00986478662294 51.7249879743122 2.51869345978781 18.1596489480537 5.56240514579539 51.2936042862488 12.0352071406131 25.6901676300951 8.03869028564177 31.9307860190907 39.7158341546887 68.8891344636958 29.1981960790244 2.14749963103592 15.0265344792496 20.8494467020924 29.2825402910624 12.3075360791505 13.6699991730011 4.68405713803531 9.78260243094619 15.1048553847892 10.9224381607092 47.6691796195986 35.5317590118211 79.0678151497002 20.6766120585325 31.5735172548239 39.7810845336306 25.0653785210989 23.7775473580233 23.9819338041384 56.6789146495822 48.0061416895458 49.753011696386 0.611569267263305 11.9258286259862 17.9613396646804 16.2741902676504 19.7925836699414 12.7884239458308 11.5574436494741 6.13541937065438 1.55894055683051 5.99405105731857 37.3349470926757 64.0377170522649 45.1285869266159 48.186014162218 11.3953827426405 22.5286511675836 9.29574816629782 6.63571198135651 25.9026950372275 54.5808586682034 55.7126504770502 24.1393684637053 22.0236649314119 26.1220705202558 66.4175432848044 74.0553601450822 24.0265863344197 14.0555982833646 32.5107029226208 1.78515600822588 14.1946482272794 27.5998067148961 10.3424110438732 29.2352002477395 14.2615540352941 40.7507875091494 59.878950740673 34.1142943170421 9.61902183338067 0.951922101468686 16.0127431258876 14.2060463468882 52.7430067689824 30.2517113803029 21.2014802708725 4.2877752422852 9.45111284086978 1.11553169646586 17.1649668905783 39.0166962624452 32.3558501324673 10.2137385700165 3.13646097800389 18.7678390923873 41.8645085655005 2.30174690310785 3.70644704712975 0.0618353298230085 29.7452538395046 25.6125195610524 1.78835503408446 8.8019139767009 21.3033328221896 11.4054594910263 53.8085660849593 4.21660496036428 5.76648758210544 8.61954808427 27.0974210495849 14.6779586496495 21.5567046503655 25.9733374157514 42.4921184987724 24.2071582418813 7.44399011908658 17.0141875220957 25.5059047692454 31.7046774162338 42.8640824557627 7.12979954478484 8.9570628435622 20.2532430663619 7.24507753337404 20.1006810879435 38.7688079604443 7.6756175951866 9.33284952575772 49.1730892157936 11.742158369281 7.5644134101643 27.5631709528776 3.99869776746521 10.1539705514942 9.63535357313098 19.5539292962528 4.1598365727044 19.9818252756412 52.0041024865344 2.18792096549086 4.49120722253195 18.1533218508723 59.7466803072622 46.208708681562 28.2338509549196 40.9201593978376 37.7558316294352 1.25587845975162 32.3670315421637 18.178888042969 25.7136272956635 34.1591950017299 41.4894570196788 9.08409056003323 2.22575314472246 2.34613509827026 20.6679905730503 16.8534149025527 42.3238548005024 41.7605777921519 23.0461894301491 38.5099359373444 17.5437146940291 52.4791563943451 2.85437126397452 57.3783409014285 9.12473503482231 26.5055751171281 17.6299442746912 4.11251962036565 14.9231414305646 3.66453080219236 16.3277322131166 7.86455399100641 0.74306161151484 3.25495780314241 30.3869515996934 63.2513914457432 11.5008955073177 3.7651251048429 13.7939264893505 80.7945373298594 61.6837909947027 3.11040176680026 73.3899907662566 52.9841552761953 8.37003781347072 91.0932070562146 34.7788680576267 11.5990863333157 23.444450785712 13.2986730537825 12.5971369299133 8.05230612095448 0.707814413911708 5.66610316464298 0.269247782334555 15.6661406384266 22.0972534913149 13.3459477053737 19.2750964051019 41.7258066765302 48.4600230009136 46.7766284861027 6.99001854325851 35.8662102320559 5.88247676350221 35.0771848715452 34.5390219357653 3.90855180817722 23.9345092854394 36.2846243599343 1.16924288848845 7.54063105366552 21.2764283859687 21.0142755729286 19.2512418039153 4.46074494761748 13.0766191210264 10.2315767735801 59.2901252350806 35.3787853894838 37.7241665558563 46.8477165811009 43.6189885582967 38.1857104247985 11.3530980043367 25.3413088513877 38.7066927284392 18.5519445123334 47.8180845440329 13.0649659645276 12.6890712018212 32.7725992293644 16.0214631403312 43.1144993756079 5.42966657874934 5.89397534074457 19.1576274848248 66.1330750473829 32.1323641982316 18.6444641482205 9.66042383762968 22.0297762173168 7.62975084329846 48.0845984811522 20.6077507914147 11.4486279344513 31.1480695024568 25.9736144638121 68.8629049478742 30.207997712644 62.290006124961 27.3395550767423 16.5659130531714 14.7338388395191 5.5659319433225 26.4627068568667 7.32312848854265 14.9408078698327 1.72640015758405 9.47049420914255 38.6749859432905 27.7938994874456 9.1945360607814 26.5550383388317 22.5275025273225 2.97731806904692 5.86310083266174 3.45656847890551 46.3054575470139 14.1072197656937 34.8954895164683 57.0562657763301 8.41196764884988 13.2095999220329 11.54963684833 22.658861781514 14.8504307341818 4.35304722553308 25.1878283136332 2.64538808845576 18.4346757018632 51.0144317129192 45.0020955850343 46.3469630587833 16.6074238882641 6.99368694053512 14.4931918945469 57.4543779434707 38.5393791821178 25.3562216927835 47.317346790501 10.1832400694162 2.00279038333277 9.40353284786865 79.6534403055102 24.4381441298124 13.3818123633125 2.74276486228417 41.1433319003867 47.2907315349931 22.225912906367 3.05087798670077 3.85335233647204 16.2870793242659 15.6753055388954 9.69419702745538 18.0305592952915 43.1070514009813 11.294698351642 14.9736867249792 4.1519858704911 3.54036251867902 6.07193139869754 28.1502517495372 19.696058753944 47.3528678623809 44.1848173816039 1.23711731687279 6.32186441888695 15.5274940482459 13.87497773746 15.6881911959008 19.9690794849228 12.0229619491015 22.5461195182632 25.873709869979 52.447579397676 31.2738282969269 31.6006578479729 10.9607301673842 5.71733949908488 9.86610490699767 21.0321809196827 17.2099733503677 1.86429680146578 20.6365739904302 31.2742465325371 30.0318292406298 22.8478667895705 19.3432876142775 0.465094163471576 24.1518099552683 8.46736926831151 11.3479936180838 10.7619154535205 30.9919907659117 1.15031097949487 2.58454959664266 15.4647583150033 24.626347212557 28.2909318426806 29.14791645873 25.4085178877955 2.80677217742143 9.70615298978769 19.2369536018782 17.5174817075837 4.61075412718622 1.57465703302009 6.20052091191342 25.9311378383724 13.9583621511042 32.7912453419497 9.66068547013267 28.7083373223981 39.5579607491946 25.0831271398394 31.7071063384274 10.9266983946355 1.49390893071914 4.70542032815151 20.6195813746555 30.6557481978619 18.7857111025911 34.4658240558609 37.596465322879 16.8147026239031 67.810350859343 15.4049882586083 17.7737431443802 15.8490457522192 24.768107749598 41.929614290169 80.041863562007 63.9455889378574 20.4742814691892 30.639562346339 12.6679373381578 62.3144449572335 46.4200456771293 43.2636466261859 42.8568639871754 56.6824002970699 7.74941943369006 23.5669161321907 24.6767730381608 78.7261028143637 14.788655274617 0.194411064914018 9.24324788089124 43.7163471965704 9.71963471698479 68.0857015698901 51.693305606807 37.0432859160596 13.9404184035498 55.7323334545373 4.10290569692705 46.4283371815916 61.2627152995373 72.2453490088869 70.9214648036275 11.0912306395687 32.1869526482832 72.0811013523867 91.1517222068276 34.4232361434446 13.9769321900152 7.00568349845544 22.5290654748589 27.9086584951 29.0089200796692 50.3991902978826 60.2942521218901 24.4209115481089 30.278003465206 4.72449499625021 28.5917159464706 1.0215050441956 19.3669035985186 15.0177737429537 22.4181366267752 13.6505745988186 1.92163540726604 22.9352289234408 14.9249516223114 28.1869838810173 1.80887666208696 14.3282895164962 17.0869702961253 61.802649799986 7.70068802576173 0.543122816508625 16.3666558752652 6.19083713482872 39.2981593115468 23.2206553272481 57.3349349260797 9.15564267943311 67.4349758076577 8.22665895111223 2.94668536114235 39.4425881690448 77.8167794265285 77.7013856225857 33.676865191274 26.2915706375109 8.95049631741006 15.270829090717 23.911792498181 26.5669816942861 22.0178790304192 4.40632991481579 25.9143501377399 10.560520612347 25.3216802000026 6.08947597837975 12.1853370745336 21.266791696914 9.70668910995562 15.968849862484 8.72813139938378 27.2280421496245 23.2152547061485 12.2863283031182 2.09787499793234 8.64201707970133 0.26505458275294 76.2439132474819 19.7206763329546 58.2258583225368 10.0773023861223 29.5692119061171 22.6993068360305 8.26055277807676 14.8068247075515 62.1439191627735 42.175601995419 17.7124051094462 78.9269406050786 12.8176390275936 17.0007097957487 14.6129463454135 27.5756306112843 71.6694219876444 8.71571956116499 26.2518193601523 30.504493094898 32.4174449037347 9.91986750483077 2.67076870427615 10.7357335035143 37.2486307036687 18.8196989249555 35.4550567059256 60.6834347535705 39.7983670266338 11.6947256800316 29.6236859218742 13.3741677313633 8.49524570959029 62.4664281741419 62.3524019483676 30.2804613612185 7.86840068065379 3.17764138901211 70.8135706790229 25.9175027725017 11.8044248243268 10.7307524699057 52.2062839219204 72.6071377983151 18.0481631193485 6.70414363388856 11.2650385024217 44.1619406777465 12.822973902474 1.67956881174944 41.41419399491 18.3819170214334 20.3207457691217 19.4636454826322 1.85902431106136 2.14165213280554 31.6167722058914 11.0616083838034 41.4415328463374 14.8431781486911 31.7584228920363 47.4128965024173 27.4157346501346 10.7163203778228 15.1178758295499 12.4408350629124 33.024050331703 50.1556432726679 15.9238816078581 15.6436676162729 26.1392158124862 1.37526189870493 26.9130534321637 19.7153887504324 1.30189330529284 49.8586007661635 14.0944648087465 10.3593773564011 73.6284855232173 30.3117241934779 26.4739114699994 45.5500942458005 12.8724489609867 33.8990037155912 56.9106286606956 11.2857222858704 66.8175002112829 31.2401064702714 0.677263484117564 63.0752536050524 0.457350522381267 24.3331058748995 39.1843480970025 31.2979217949934 48.9342720613668 2.56591074972989 23.618014678503 0.407166684546787 2.30629117066524 1.56677731463969 23.6812834631018 59.4624273413905 1.4959840066765 5.88831029704887 6.69603975413723 9.31847759702427 7.92168734351628 50.978027197004 32.9093988117658 5.69275426361758 8.2992886284453 23.4380760340342 15.3562939437029 24.541227804612 48.6392076524443 15.9787770504964 28.7747755023349 54.5075713113157 13.215130391461 49.6427847336751 20.8769301038301 6.43129406459786 9.64957246299224 12.6827784733761 17.7604317745169 3.18776266860952 37.1806606286339 14.9236402114922 3.57551737739741 24.8918357139889 15.4328122193446 32.9442622503945 35.3321489289752 35.8291345760887 18.6493695085371 31.2483832920292 42.2218014082793 39.8377315878448 43.1987023666526 10.7116116609013 94.0872272977423 22.6587893632233 6.67439169671471 46.4779088971286 43.6834904131639 81.6401285784846 36.5615950458785 25.4488510856554 44.0664395019391 29.3694741074282 6.65530940058488 9.7476499172272 33.1234976782866 63.5920364107458 11.7739840412654 14.205203794347 88.0496315721592 87.4569582064509 55.681101686066 65.5289695755035 36.0747237427712 37.885453069613 34.5195520955391 61.1191023978733 28.4536733086928 91.8313849014591 49.8423665997585 84.3589966115833 51.0499390036935 12.4130608907727 82.9403010279655 75.0616207323731 21.2389746225777 3.73905458691751 30.1542921303406 53.1248150841744 3.74616355004573 33.6323146982674 2.20111815056118 9.43945322984533 54.1281020000737 21.1036734277319 58.1406231269755 36.6111103036105 9.00862853867577 15.3615016073927 60.1486476822003 2.61028955660365 18.8322694900596 63.7400755848554 76.4625115368277 67.1328611285967 15.6323047519216 26.868849063317 64.8153798669888 84.5106490437979 9.51052953556695 12.1069878452387 45.1567668730657 8.59367694935955 63.5424367875104 33.8274311244695 35.8833546440951 24.3468970840552 12.5378830040907 12.2962605382815 22.6043584844382 30.6298470100305 18.7521024916864 29.7007182341456 6.68401767624729 18.6357853470957 8.3721615073068 22.3996119659933 33.1097155860744 17.1044938757313 39.4724301547461 11.0366099795156 15.6743554471969 15.8111677792669 3.91190996965031 25.7423112731303 7.70218440605215 38.3041038277112 16.2265647016014 36.2516911658668 15.1134852245613 4.79201147881603 42.123588695314 11.4721472144963 11.8102714555386 2.63098089468685 51.7385571050168 71.9333834038667 5.59763332303586 15.4283908097606 8.43948034570207 52.6719021984392 36.0836952704034 39.6150730024628 27.7031743699324 52.1673748862085 18.1912904935594 5.9592916150527 13.0310570382889 49.6200555026962 33.0872978260471 24.2936381762806 4.25275768210541 8.02501160452271 27.8512685507177 22.5614026142207 18.4838204791694 32.2169872338321 0.78405589263456 4.13765478047433 11.5737135816561 9.67260598115265 27.8358491877562 4.61888321121268 23.7677108355614 27.0845236475397 5.22464537353738 18.0613769956822 36.9074837433973 8.49127653031728 44.1118336680454 65.1678307794022 54.3139714565548 26.7576951001223 8.00394196198655 23.3514171702147 21.5456831024974 52.8836274199412 21.870085493339 36.5278869636449 18.8677257144788 40.8370960675969 20.4617962810201 22.2342424449308 23.556807347374 15.5232329244794 3.57449968612338 32.2828476192967 14.3545674879685 2.7201105385875 72.3892140662522 17.3443522714388 21.398566735879 15.4933577971161 26.835126964268 9.33247618588531 3.0671176887028 25.7580403554499 24.0691519762981 36.0709476315775 2.71285042771513 34.4978910679501 27.7482005994598 0.748587646926392 0.748717736029267 18.8523760664935 30.0844503486309 37.3960679666971 17.3866953617989 15.2700371790351 19.6113891799637 20.1069405858462 3.91049952271383 43.073677621014 30.8814683918046 0.716565128411345 44.6155536913562 43.4274829201528 47.3836181547087 12.7268191981869 12.1819745074316 18.6613349883821 16.42919006512 11.4796713312038 44.0005046958282 7.17238534678768 57.2945929500607 38.5994895217742 32.875834384072 33.3823649577548 52.6236566630731 65.4355891251977 3.68834585059132 6.68123093060898 53.7825398104368 11.9690334871103 34.2303743236438 15.8485437018179 38.8043646947303 14.097821494604 30.6475669355919 59.1618074196793 22.3455512993381 16.4295944580591 24.8420095828582 40.36165415247 62.859287047032 13.4296694859808 8.37255026562384 14.6369655305467 9.31961340995404 71.4197302891561 64.6942347974522 10.2299392455004 13.2320026728463 52.2268539153764 22.8094275303822 6.21106252483391 44.6006501132341 1.62542434104236 9.99049513561214 17.4700100284526 35.3938014384339 29.9996556282362 43.9864750101906 80.1648997651054 33.1769331817781 18.8619722319285 20.0609979773972 17.1460501437077 51.0109706667629 82.0017391992886 7.74835106872002 36.7936660902988 60.114947365363 27.5240122389784 3.95324059328338 22.296716660935 81.4912060404731 6.97245510223164 35.7333444359101 13.4306147538034 8.98627959775682 28.9322586235275 49.8967365887029 45.4304790668817 19.473662849443 38.6932529823234 14.1554772733834 1.44606488539587 4.00519204244608 7.29124120543365 23.228837856104 0.74398913007719 24.4115248215414 9.67906497070166 82.7497533145292 12.3498885307625 16.740377845637 3.20604667990067 22.1611596491335 2.39640716148266 1.22616494233721 42.4251638734089 52.1289926353493 42.3028291693499 12.2355129300061 53.7031321930954 81.0299216804678 19.5646424182584 96.8232729662067 27.3119883339972 43.1042434432603 12.5133745445254 4.1182547391142 11.4432804919117 34.3942938187525 17.737805417373 23.1729148893562 25.4256700891921 20.2337241067068 7.31485133653913 5.73097908143616 9.86026489163569 38.0390928830695 3.64145560064926 14.8139663026394 28.7409521336695 12.8472331092765 63.6042923079552 30.3005730848304 46.9189516972345 47.3495366593671 48.2397873463438 7.35606740874032 29.3695632752897 3.7992095694012 9.56392669680711 4.11922332310251 2.5983019646176 18.9825918811988 0.836302042887391 36.6050182151632 22.7748369442361 2.73600361147581 28.0027014987765 64.058753465489 71.0190182118922 7.52104599961128 57.3992422236492 21.3851196834661 42.8211230624604 38.4916469038581 10.0553240638786 11.0324934104232 25.5433338100185 37.3989293678605 3.65026453093974 6.40839065288282 1.59800181735463 26.9215842736394 15.9259516118398 32.4613915800635 35.2565969390139 4.97785783461554 23.2730412492018 2.64960936685108 10.6738410669918 14.3312004562336 5.62927287505105 15.9794428956402 27.3685589777959 11.5173260007406 0.0146077886988427 6.36662535457944 8.52360747430181 18.9563895336802 27.8419276243437 9.96516408643587 27.3365694701695 27.9159614118726 24.0662468285439 30.2584330534409 4.6036009994761 4.04129270271249 25.0104887936161 53.3965702609253 8.43046921542396 29.6353478717368 6.13771635938652 8.23781044312155 21.4205444243622 41.0557387987322 0.12572928643951 28.8081484000656 0.967810643641808 68.6127240845042 59.2576661389936 19.7592952896492 7.19067898002097 2.779467608582 45.6942394350761 1.20513165738366 13.2646825570863 48.0892373824305 12.5376795701779 42.9326743604816 41.8178938697749 40.3484479396594 69.0755569117998 23.0147084233296 65.0314560289714 11.7925222808997 44.0309154123165 12.6699290318372 34.5111769639779 14.5643232056529 54.7732003350592 23.0395530776568 26.2475413524473 34.3800663963746 9.64776650007157 0.00861051684220137 25.1257869247018 13.3347469141179 58.4634176142775 24.5802212800005 1.34243940611022 69.0083397290715 9.75266372531197 18.5054783273748 2.24571316111954 34.2763279483954 3.31380498287876 10.0293150738907 56.0604829727045 14.9504455838122 1.42943722225662 20.2021699439077 13.0004650071451 24.4594203641295 27.9050036223187 25.8503759405067 18.7115170800789 44.8526392574999 51.703481328058 6.54241005993877 10.6836553846984 26.8043102388312 70.0987969322986 38.3429519498954 4.69269608749246 1.47924952398692 12.3719179050345 0.194352372807865 22.0078177860363 29.4821860060183 46.8698599084563 14.1552162377179 10.4235479766788 33.067602673874 25.1154411677809 10.2048629006855 61.8340554611745 18.5343663940683 16.9932611326966 25.9492989173924 6.34616029902648 20.8345755723932 1.2701574927702 18.5238223567045 33.3322300343617 24.6947231492313 17.0132367828113 61.4712463772455 3.44703721661972 65.9675955184787 8.68813927016451 59.5738989668224 5.219712606361 1.27720596614299 8.37519160260078 29.71316766793 18.2273382119478 51.6680434395386 26.7271818548747 11.9174971375221 0.27542052788621 30.279427845662 60.6985748582283 13.6286180456546 10.5415594524715 17.2482255641399 48.8843574097372 33.7857059894142 4.83039635523729 21.3518124211793 6.30383405009843 11.3283833643527 32.5217188671426 10.2640252361477 23.8682355038073 19.627005888006 8.4355417410809 47.7802307292791 39.5038413234912 38.2952807887663 19.2513995898223 13.1639580986738 34.8372955285215 4.25007740377794 28.7288587085369 24.69240280161 61.5940582446525 61.6223862929127 27.2904329000553 16.545028566052 6.74394478861207 39.4690822075146 76.1551275508593 11.1810098958195 54.4045052521204 31.3268247729771 33.1319355909158 40.9339701478844 37.4879942456314 46.744357110786 48.9085008891409 82.8769825467347 28.7181755277322 40.8411078840729 20.5252661152077 12.0218754487457 14.3463838618864 52.1993123689883 1.9075541109584 30.1215257612009 6.51470017043145 43.0927939581651 38.8625985517423 13.1561754200803 4.45642047340859 18.7347692220986 13.0299629306667 36.5758406577154 18.0585713621211 52.7428389166113 33.398565214388 11.1355251844755 5.44836225815484 5.35355257235459 34.3570404460497 19.394520323002 16.8555383444835 13.2950875036987 40.3384574208926 10.463985870523 2.81526183085786 29.7066928829009 2.13291659564679 21.9999250143274 21.0368097708352 7.51366367063981 8.30503729774418 14.3397464902728 38.131589200975 11.5100958960607 28.9390190243129 20.2106680294712 7.07290031334481 17.8685752979057 36.1776508681809 11.1779650564746 10.670080528602 8.64063795828097 1.20213863894431 15.4422048572343 4.72282600940318 19.8223986888261 4.66312594084766 41.6972194755957 31.389207160138 2.43708988336828 7.64747931563494 15.0185654790649 11.2596790666043 3.43611019788965 41.0126909296139 43.4231808740344 44.8267970698865 83.6370525475314 24.1211200269487 1.20043518542053 8.8702167141243 64.4228734522899 55.315544302231 1.61493070413574 18.5156385477124 2.96136688907385 25.756444269801 8.58809104578051 75.701964186084 9.46700097881812 17.7477594841021 7.55779555966698 43.0496938517828 23.4556383451951 51.3931121699016 50.0181538561218 67.2840636521257 69.4855271207972 51.1100281634236 47.4425825122875 81.1157832042509 46.4879996980543 91.0558023011918 22.5663030674124 25.3713233301476 70.1372103613573 58.1650234111367 20.2906490579855 60.2447388551269 45.4969416558634 14.685485511643 32.1964800228042 2.52073179754446 6.10734806293368 41.4701514250076 1.73995095638026 9.26163460871538 28.9376334749437 6.01843003440575 11.947881159977 80.2814943205395 35.2907803784075 5.49195612842287 16.3117428473182 32.0292452099578 0.825690474819341 46.1574775456253 67.441905211699 38.5069582969008 1.10770575097397 25.3590650107727 42.961782726801 63.4134572225454 17.3292458269994 13.9696457265112 24.8683001299295 11.8978266536706 84.0917843840231 84.1314489156706 64.482198127551 20.9456580578668 27.7543696027422 15.0211478674042 5.29401624734005 39.5289558047027 18.7682397720711 24.0591590577929 36.0358631830107 50.6982736872876 35.9754297603514 23.9038904180911 23.3137939741172 14.9489783476581 12.7368197130596 13.4727440966248 3.08167888797163 27.6415761257888 60.3305184304487 1.49696787300338 6.35342470395947 50.0334213174206 23.703188351779 48.5220025709004 35.8654674998302 62.8685320388845 70.8302121671571 21.2776671556855 2.20057842275461 21.7773659308758 16.8679567389908 73.6856642245875 105.666062153138 7.34543417340398 15.0793853915028 14.0359671640421 15.1262271895139 78.7206649456218 93.5459637963426 53.9733773348729 42.7001440739642 21.0073315674197 21.4654067404268 31.4826463533926 37.5691384453603 6.54953598270525 87.160681631338 4.24924991456974 4.35846203143956 74.6391187952351 5.75129494503983 41.2506024185061 63.9632519012261 28.7388676786436 8.5191927617669 12.5169334656101 44.5634064718445 62.613225119127 67.7182673917684 35.8956547971046 21.5441664173016 4.48993371975977 25.2278946528549 18.9251504896748 56.6511961676386 89.3964421487369 69.9929172453785 88.2786671475073 30.9876186294087 66.2955215451735 80.8659574376953 45.9406197341069 7.39950432279839 30.8216818794337 35.8233373712614 20.6385487767264 78.4903515543941 91.4756088481939 20.4210369019517 17.7439785489028 25.5660367277121 16.0307155745669 55.4655097239282 28.6410914675156 1.40637657821864 2.08526389162149 18.4295455955693 4.70937098119253 79.7729257206367 12.0436349265236 83.821106460159 8.11750066777801 13.1489835293206 13.7689106580745 46.0039700944019 20.1173189997705 0.375089936505579 15.7188088446453 63.2258179805263 42.5419632357221 1.92004266825044 22.950816177749 1.04809871820077 6.78028256993347 19.5782175175544 43.2728855019775 7.93316897641209 12.6287292845097 6.79553410987318 0.759282949762414 19.1616081755411 42.8792664485305 28.2468933124563 21.710263106433 17.4547339218709 31.6888457590726 18.7109691935994 44.637791126972 41.6979536768712 19.4981458879897 46.9828110387469 40.2626561571871 41.0788332211 2.07196766365977 6.00927223354086 7.18645225391379 2.42954956760639 20.215623060913 14.8403201518768 41.7284477778377 22.488047449694 16.7464875819926 15.6662119455638 43.8866492779356 41.6093602272016 1.20419155233735 36.8861532327255 41.1730262026065 19.10259581614 7.87004672141264 16.4591362413315 10.3273754660447 6.19982576573807 9.79969435571997 17.1908227295013 18.6391848950808 9.79581400362744 24.6616247333421 6.31421638276875 40.2000183420491 40.4928212467343 27.6267786546269 20.6395166031065 29.2533559180789 64.5980590655207 47.8557550613102 38.9187706285114 0.157402645163505 51.7650562423053 3.9750353189069 22.9570624341753 49.2642421651916 14.4405420250447 23.8585995490204 20.2389981004024 34.3022157217989 43.2365201454625 18.4489308885527 11.2449885946483 4.80992823328947 19.7229534129493 54.6205476340716 1.92012333773082 36.1125502113197 3.69259796941351 27.2433400792011 9.65786838024627 66.4730689293931 1.19792483308373 3.76357283952131 19.3811895414742 53.1611332105181 13.8783771372178 84.2026716356125 18.4223476190152 5.73029276638306 39.0068772108681 9.5603264723978 10.1639810095001 50.3958913541071 11.5574463321154 4.45710947570571 57.3923875182824 96.5895588664522 59.8133570425862 36.1339396578445 41.9026117402085 29.8952040738811 52.3993550202986 17.0319194808639 39.3652511763823 15.687357420209 18.5148149193344 12.9292940828443 63.0101825152586 80.2378366867636 35.2085765403115 35.6816753558698
