Instancenumber:
13
Instancename:
P-n40-k5.vrp
Customers:
39
Depot:
0
Dimension:
1560
Vehicles:
39
Capacity:
140
Demands:
0 7 30 16 9 21 15 19 23 11 5 19 29 23 21 10 15 3 41 9 28 8 8 16 10 28 7 15 14 6 19 11 12 23 26 17 6 9 15 14
Uncertainty:budgeted
Gamma:
11
Mean Vector:
13.8924439894498 21.0237960416286 32.5576411921994 17.2046505340853 14.142135623731 11.4017542509914 26.4196896272458 22.0227155455452 23.0867927612304 28.3196045170126 12.0415945787923 8.06225774829855 29.1547594742265 18.1107702762748 24.738633753706 22.0227155455452 17.2626765016321 14.7648230602334 31.9061122670876 32.4499614791759 32.0624390837628 20.8086520466848 22.0227155455452 25.0599281722833 23.0867927612304 28.1602556806574 8 29.9666481275434 29.1204395571221 30.8706980808663 29.8328677803526 10 34 31.7804971641414 39.4081209904761 43.9317652729776 18.1107702762748 15.8113883008419 38.2883794381533 13.8924439894498 12.369316876853 19.2093727122985 31.0644491340181 22.2036033111745 16.7630546142402 22.8254244210267 11.6619037896906 24.2074368738204 34.0147027033899 12.0830459735946 20.8806130178211 41.8688428309166 26.9258240356725 36.0138862107382 18.6010752377383 30.6757233003559 27.5862284482674 45.7930125674212 20.8806130178211 26.9258240356725 7.07106781186548 21.5870331449229 29 33.1058907144937 18.8679622641132 8.06225774829855 16.1554944214035 21.3775583264319 32.649655434629 17 6.08276253029822 42.9534631898291 30.6104557300279 27.3130005674953 31.0644491340181 30.4138126514911 18.7882942280559 43.0464865000618 21.0237960416286 12.369316876853 15.2970585407784 37.0135110466435 21.0237960416286 28.0713376952364 34.928498393146 22.2036033111745 16.2788205960997 28.0713376952364 10.6301458127346 24.7588368062799 50.1198563445667 37.6563407675255 35.4682957019364 8.54400374531753 34.0587727318528 35.7770876399966 50.9116882454314 12.0415945787923 14.7648230602334 10.6301458127346 33.9558536926993 41.1096095821889 43.4165866921848 29.0688837074973 19.0262975904404 18.9736659610103 9.05538513813742 23.7697286480094 23.3238075793812 11.4017542509914 39.1152144312159 20 19.1049731745428 24.4131112314674 31.9061122670876 14.560219778561 35.4400902933387 32.5576411921994 19.2093727122985 15.2970585407784 49.6789693934969 36.0555127546399 35.3553390593274 35.0142828000232 21.095023109729 31 43.0116263352131 25.0798724079689 38.2753184180093 61.0737259384099 45.6508488420533 50.5964425626941 23 48.0208288141719 46.7546789102438 64.2028036770981 7.81024967590665 24.1660919471891 12.2065556157337 36.6742416417845 45.6070170039655 51.9711458407451 25.3179778023443 27.2029410174709 9.48683298050514 17.0880074906351 37.4833296279826 15.8113883008419 22.8035085019828 54.3323108288245 32.2800247831379 10.0498756211209 12.0830459735946 46.518813398452 29.8328677803526 49.4974746830583 17.2046505340853 31.0644491340181 37.0135110466435 49.6789693934969 20.3960780543711 21.0237960416286 37.1214223865412 37.6430604494374 32.7566787083184 31.4006369362152 26.6270539113887 12.5299640861417 15.0332963783729 17.8885438199983 18.8679622641132 35.3411940941446 7.61577310586391 7.61577310586391 14.7648230602334 48.91829923454 44.9444101084885 38.0131556174964 31.2569992161756 28.6356421265527 17.6918060129541 42.5793377120875 24.1660919471891 47.0106370941726 43.9089968002003 38.0131556174964 46.2385120867876 26.9072480941474 30.5286750449475 41.5932686861708 55.9732078766261 60.8111831820431 12.6491106406735 26.5706605111728 40.5215991787096 14.142135623731 22.2036033111745 21.0237960416286 36.0555127546399 20.3960780543711 25.4950975679639 40.2243707222375 33.2415402771893 12.369316876853 14.2126704035519 11.1803398874989 9.21954445729289 35.3553390593274 30.4630924234556 14.560219778561 16.2788205960997 14.7648230602334 23.1948270094864 31.9061122670876 32.7566787083184 25.0599281722833 27.0739727413618 36.1247837363769 38.8329756778952 33.9558536926993 40.1621712560464 20.591260281974 37.1214223865412 25.4558441227157 18.2482875908947 39.1152144312159 16.1245154965971 20.8806130178211 21.2132034355964 39.6610640301039 45.2769256906871 11.3137084989848 7.07106781186548 24.2074368738204 11.4017542509914 16.7630546142402 28.0713376952364 35.3553390593274 21.0237960416286 25.4950975679639 16.4924225024706 18.0277563773199 34.0147027033899 39.6988664825584 21.8403296678416 18.0277563773199 27.2029410174709 10.295630140987 34.4383507154451 31.5753068076939 24.738633753706 14.560219778561 34.928498393146 37.6430604494374 41.3037528561268 23.259406699226 11.1803398874989 13.9283882771841 16.6433169770932 21.8403296678416 9.05538513813742 29.732137494637 37.0135110466435 42.0594816896262 27.2029410174709 17.0293863659264 44.6542271235322 42.3792402008342 44.0113621693308 47.4130783645188 27.3130005674953 26.8328157299975 49.6789693934969 26.4196896272458 22.8254244210267 34.928498393146 35.0142828000232 37.1214223865412 40.2243707222375 16.4924225024706 14.0356688476182 46.0977222864644 54.0370243444252 33.3016516106934 34.0147027033899 39.8497176903426 21.5870331449229 50.6951674225463 41.3400532171888 41.2310562561766 30 50.1597448159378 40.3112887414927 49.6588360717405 25.7099202643649 6.08276253029822 14.2126704035519 26.9258240356725 11.1803398874989 19.8494332412792 26.3058928759318 43.6577599058861 54.561891462815 20.8806130178211 27.0185121722126 60.4152298679729 53.2541078227774 45 46.3896540189728 43.6577599058861 39.5979797464467 63.7808748764079 22.0227155455452 11.6619037896906 22.2036033111745 21.095023109729 37.6430604494374 33.2415402771893 18.0277563773199 14.0356688476182 35.8050275799363 45.6179789118282 23.7065391822594 30 45.2216762183801 27.5862284482674 46.2709412050371 29.698484809835 39.2045915678253 32.2024843762092 52.2015325445527 26.3058928759318 36.8917334913934 12.0830459735946 15.8113883008419 25.0798724079689 33.9411254969543 7.21110255092798 14.0356688476182 13 30.4138126514911 44.2040722106007 9.21954445729289 17.464249196573 54.1202365109392 41.7252920900501 31.0161248385416 32.7566787083184 40.0124980474851 30.4138126514911 54.7083174663597 23.0867927612304 24.2074368738204 16.2788205960997 31 32.7566787083184 12.369316876853 34.0147027033899 46.0977222864644 35.8050275799363 12.0415945787923 12.8062484748657 21.0237960416286 47.6759897642409 41 23.3452350598575 8 26.9258240356725 35 43.8292140016223 25.4950975679639 13.4536240470737 26 43.2666153055679 47.927027865287 45.2769256906871 43.0116263352131 26.6270539113887 35.1710107901379 16.1554944214035 8.48528137423857 39 19.1049731745428 23.7697286480094 9 31.6227766016838 37.6430604494374 22.8254244210267 7.28010988928052 19.313207915828 28.3196045170126 34.0147027033899 28.0713376952364 43.0116263352131 31.4006369362152 14.2126704035519 39.6988664825584 54.0370243444252 45.6179789118282 12.0415945787923 21.9317121994613 22.8254244210267 46.1735855224608 44.2944691807002 15.8113883008419 20.0249843945008 24.0831891575846 36.0555127546399 38.8329756778952 37.4833296279826 23.7065391822594 37.1079506305589 50.2095608425328 53.0094331227943 47.169905660283 52.773099207835 34.2052627529741 46.690470119715 27.8926513619627 9.21954445729289 50 28.1780056072107 12.0830459735946 15.6204993518133 43.4165866921848 49.4772675074119 19.0262975904404 15.2315462117278 10 12.0415945787923 12.0830459735946 10.6301458127346 25.0798724079689 26.6270539113887 11.1803398874989 21.8403296678416 33.3016516106934 23.7065391822594 12.8062484748657 21.9317121994613 14.2126704035519 40.3112887414927 30.0166620396073 25.7099202643649 10 23.43074902772 26.2488094968134 40.3112887414927 22.6715680975093 20.0249843945008 16 30.5286750449475 35.7351367704113 35.1283361405006 30.886890422961 13.8924439894498 26.0192236625154 17.464249196573 21.2602916254693 28.4429253066558 6.40312423743285 31.2569992161756 20.6155281280883 29.732137494637 35 21.4709105535839 6.70820393249937 31.0644491340181 8.06225774829855 20.8806130178211 24.7588368062799 38.2753184180093 12.5299640861417 9.21954445729289 18.0277563773199 34.0147027033899 30 21.0237960416286 22.8254244210267 14.2126704035519 26.9258240356725 21.4709105535839 16.7630546142402 22.8473193175917 9.8488578017961 14.0356688476182 26.1725046566048 36.7695526217005 32.5729949498047 27.3130005674953 29.1547594742265 30.4795013082563 24.738633753706 36.2215405525497 16.0312195418814 37 31.3847096529504 27.459060435492 37.4833296279826 15.6524758424985 26.6270539113887 30.0166620396073 43.8406204335659 48.91829923454 10.0498756211209 14.3178210632764 32.7566787083184 29.1547594742265 41.8688428309166 50.1198563445667 61.0737259384099 15.0332963783729 35.3553390593274 27.2029410174709 39.8497176903426 45.2216762183801 47.6759897642409 46.1735855224608 40.3112887414927 26.9258240356725 18.3847763108502 32.2800247831379 49.6487663492256 22.0907220343745 14.422205101856 14.422205101856 61.5873363606513 59.4810894318522 48.91829923454 33.8378486313773 27.1661554144122 13.1529464379659 48.3011387029333 33.9705755029261 56.6392090340252 57.7754273026172 53.0377224247045 54.4058820349418 39.1152144312159 43.6577599058861 56.5685424949238 68.5054742338158 72.8010988928052 27.1661554144122 41.2310562561766 54.9181208709839 18.1107702762748 26.9258240356725 37.6563407675255 45.6508488420533 17.8885438199983 30.4630924234556 10.295630140987 21.5870331449229 27.5862284482674 41 44.2944691807002 30.0166620396073 21.4709105535839 18.3847763108502 35.3836120259083 40.0124980474851 24.2074368738204 10.295630140987 29.0172362570938 47.7598157450382 50 33.5410196624968 15.52417469626 10.770329614269 6.40312423743285 30.0166620396073 18.9736659610103 39.8246155034798 46.3896540189728 48.3838816136118 36.7967389859482 26.3058928759318 46.690470119715 49.8196748283246 54.230987451825 57.706152185014 28.2842712474619 33.734255586866 54.2033209314706 24.738633753706 36.0138862107382 35.4682957019364 50.5964425626941 18.8679622641132 14.560219778561 34.4383507154451 50.6951674225463 46.2709412050371 23.3452350598575 15.8113883008419 25.7099202643649 16.7630546142402 32.2800247831379 35.3836120259083 29.6816441593117 11.4017542509914 25.4950975679639 23.1948270094864 46.9574275274956 36.7695526217005 41.4366987102013 45.6179789118282 45.6070170039655 36.4005494464026 52.773099207835 32.5576411921994 51.478150704935 38.8329756778952 24.5967477524977 53.0094331227943 30.0665927567458 11.6619037896906 30.2324329156619 53.7121960079831 59.4810894318522 7.21110255092798 21.0237960416286 23.0217288664427 22.0227155455452 18.6010752377383 8.54400374531753 23 35.3411940941446 16.2788205960997 31.5753068076939 41.3400532171888 29.698484809835 8 20.0249843945008 10 22.8473193175917 49.6487663492256 40.0124980474851 29.6816441593117 30.8058436014987 35.9026461420325 48.0104155366312 17.7200451466693 10.0498756211209 18.8679622641132 39.3954312071844 45.3541618817943 45.0998891351187 36.7967389859482 23.0867927612304 27.5136329843952 9.21954445729289 15.2315462117278 31.7647603485372 14.8660687473185 31.5753068076939 12.0415945787923 24.1660919471891 30.0832179129826 27.5862284482674 9.21954445729289 26.9258240356725 17.2626765016321 30.6757233003559 34.0587727318528 48.0208288141719 7.61577310586391 14.7648230602334 24.738633753706 41.2310562561766 39.2045915678253 26.9258240356725 24.0831891575846 23.43074902772 9.8488578017961 22.0907220343745 24.2074368738204 11.4017542509914 30.8058436014987 14.142135623731 17.2046505340853 46.0977222864644 39.8246155034798 37.1618083521241 35.7351367704113 34.6698716467194 25 45 25.1793566240283 46.8187996428785 39.8246155034798 31.2569992161756 47.0744091837593 25.4950975679639 23.0217288664427 35.4400902933387 53.1507290636732 58.4123274660409 5.09901951359278 21.6333076527839 32.9848450049413 14.7648230602334 27.5862284482674 35.7770876399966 46.7546789102438 7.61577310586391 23.1948270094864 14.560219778561 30 32.2024843762092 35 36.0555127546399 26.2488094968134 14.0356688476182 14.422205101856 10.295630140987 25.4950975679639 35.9026461420325 14.142135623731 20.3960780543711 47.169905660283 45.8911756223351 34.6554469023269 24.0208242989286 21.0237960416286 11.1803398874989 36.4005494464026 19.8494332412792 42.8018691180654 43.6577599058861 41.4366987102013 41.182520563948 24.6981780704569 37.0135110466435 44 54.0832691319598 58.4123274660409 18.6010752377383 28.0713376952364 45.6946386351835 31.9061122670876 45.7930125674212 50.9116882454314 64.2028036770981 14.7648230602334 31.9061122670876 34.928498393146 50.1597448159378 52.2015325445527 43.8292140016223 38.8329756778952 40.3112887414927 26.1725046566048 14.422205101856 29.0172362570938 23.1948270094864 48.0104155366312 17.2046505340853 20.3960780543711 62.9364759102383 56.938563381947 52.6972485050216 44.1021541423999 39.319206502675 25.7099202643649 56.7538544946508 38.9101529166874 61.773780845922 57.0087712549569 47.1274866717927 60.9261848469113 41.4004830889689 33.1360830515618 52 70.0071424927486 75.0732975164938 21.0237960416286 38.8329756778952 46.0434577328854 32.4499614791759 20.8806130178211 12.0415945787923 7.81024967590665 48.91829923454 32.7566787083184 37.6430604494374 40.3112887414927 26.3058928759318 25.4950975679639 37.4833296279826 22.6715680975093 36.7695526217005 61.5873363606513 47.7598157450382 46.9574275274956 17.7200451466693 46.0977222864644 47.169905660283 62.9364759102383 16.7630546142402 15.0332963783729 41.0121933088198 49.3659801887899 53.851648071345 31.6227766016838 28.7923600977759 16.6433169770932 10.0498756211209 31.0161248385416 22.8254244210267 22.4722050542442 49.2442890089805 25.3179778023443 7.07106781186548 12.5299640861417 43.8292140016223 25.9422435421457 43.0464865000618 32.0624390837628 26.9258240356725 14.7648230602334 24.1660919471891 44.9444101084885 25.0599281722833 41.3037528561268 49.6588360717405 36.8917334913934 13.4536240470737 23.7065391822594 20.0249843945008 32.5729949498047 59.4810894318522 50 36.7695526217005 10.0498756211209 39.8246155034798 45.8911756223351 56.938563381947 16.7630546142402 25 48.3838816136118 54.9181208709839 55.145262715849 43.6004587131833 32.5576411921994 31.4006369362152 7.21110255092798 15.52417469626 36.7967389859482 24.3310501211929 35.7770876399966 9.05538513813742 21 27.0185121722126 36.0555127546399 18.3847763108502 27.1661554144122 20.8086520466848 7.07106781186548 10.6301458127346 12.2065556157337 38.0131556174964 27.0739727413618 23.259406699226 25.7099202643649 12.0830459735946 26 37.1079506305589 16 27.3130005674953 48.91829923454 33.5410196624968 41.4366987102013 18.8679622641132 37.1618083521241 34.6554469023269 52.6972485050216 15.0332963783729 25 26 34.3656805548792 39.8246155034798 18.6010752377383 15 10.0498756211209 18.3575597506858 34 13 11.7046999107196 47.169905660283 30.6104557300279 20.8806130178211 24.1867732448956 36.4005494464026 22.2036033111745 45.3100430368368 22.0227155455452 21.5870331449229 33.9558536926993 36.6742416417845 31.2569992161756 36.1247837363769 11.1803398874989 6.08276253029822 15.8113883008419 43.2666153055679 50.2095608425328 30.5286750449475 29.1547594742265 33.8378486313773 15.52417469626 45.6179789118282 39.3954312071844 35.7351367704113 24.0208242989286 44.1021541423999 41.0121933088198 48.3838816136118 26 9.4339811320566 21.0237960416286 15.556349186104 16.6433169770932 28.7923600977759 42.9534631898291 51.6139516022558 24.1867732448956 24.5967477524977 55.7584074378026 51 46.3896540189728 48.5077313425396 38.4837628097877 36.4005494464026 60.1082357085949 25.0599281722833 29 41.1096095821889 45.6070170039655 28.6356421265527 38.8329756778952 13.9283882771841 14.2126704035519 25.0798724079689 47.927027865287 53.0094331227943 35.7351367704113 30.4795013082563 27.1661554144122 10.770329614269 45.6070170039655 45.3541618817943 34.6698716467194 21.0237960416286 39.319206502675 49.3659801887899 54.9181208709839 34.3656805548792 9.4339811320566 14.0356688476182 24.8394846967484 22.3606797749979 38.0788655293195 50.1597448159378 55.9016994374947 33.6154726279432 30.5941170815567 56.6392090340252 56.302753041037 55.1089829338194 57.567351858497 38.4187454245971 40.7185461430047 63.0079360080935 23.0867927612304 33.1058907144937 43.4165866921848 51.9711458407451 17.6918060129541 33.9558536926993 16.6433169770932 26.9258240356725 33.9411254969543 45.2769256906871 47.169905660283 35.1283361405006 24.738633753706 13.1529464379659 6.40312423743285 36.4005494464026 45.0998891351187 25 11.1803398874989 25.7099202643649 53.851648071345 55.145262715849 39.8246155034798 21.0237960416286 14.0356688476182 36.0555127546399 25.0798724079689 46.2276973253049 51.9711458407451 52.1727898429823 43.139309220246 32.0156211871642 48.0104155366312 54.230987451825 60.4152298679729 64.007812023221 29.6816441593117 38.1182371050918 56.859475903318 28.1602556806574 18.8679622641132 29.0688837074973 25.3179778023443 42.5793377120875 40.1621712560464 21.8403296678416 11.1803398874989 7.21110255092798 43.0116263352131 52.773099207835 30.886890422961 36.2215405525497 48.3011387029333 30.0166620396073 52.773099207835 36.7967389859482 45 36.4005494464026 56.7538544946508 31.6227766016838 43.6004587131833 18.6010752377383 15.556349186104 24.8394846967484 36.0555127546399 20.2237484161567 16.0312195418814 36.8917334913934 51.4003891035856 10.0498756211209 24.5967477524977 61.0327780786685 48.7954915950234 35.3553390593274 36.0138862107382 46.2709412050371 37.589892258425 61.9112267686564 8 8.06225774829855 19.0262975904404 27.2029410174709 24.1660919471891 20.591260281974 9.05538513813742 19.8494332412792 14.0356688476182 26.6270539113887 34.2052627529741 13.8924439894498 16.0312195418814 33.9705755029261 18.9736659610103 32.5576411921994 23.0867927612304 25.1793566240283 19.8494332412792 38.9101529166874 28.7923600977759 32.5576411921994 15 16.6433169770932 22.3606797749979 25.0798724079689 20.2237484161567 23.0217288664427 28 35 22.1359436211787 8.24621125123532 41.2310562561766 34.4383507154451 35.3411940941446 39.1152144312159 26.0768096208106 19.8494332412792 43.9317652729776 29.9666481275434 16.1554944214035 18.9736659610103 9.48683298050514 47.0106370941726 37.1214223865412 29.732137494637 26.3058928759318 13 35.1710107901379 46.690470119715 26.0192236625154 37 56.6392090340252 39.8246155034798 51.478150704935 27.5136329843952 46.8187996428785 42.8018691180654 61.773780845922 16.6433169770932 31.4006369362152 10.0498756211209 28.7923600977759 38.0788655293195 46.2276973253049 16.0312195418814 23.0217288664427 24.2074368738204 42.7200187265877 6.32455532033676 21.5870331449229 57.0788927713213 38.4707681233427 19.4164878389476 20.0997512422418 46.3249392876019 32.0624390837628 54.4058820349418 29.1204395571221 21.3775583264319 9.05538513813742 17.0880074906351 43.9089968002003 25.4558441227157 37.0135110466435 43.6577599058861 30.4138126514911 16.1554944214035 27.8926513619627 17.464249196573 31.3847096529504 57.7754273026172 46.3896540189728 38.8329756778952 9.21954445729289 39.8246155034798 43.6577599058861 57.0087712549569 10.0498756211209 7.21110255092798 18.3575597506858 42.9534631898291 50.1597448159378 51.9711458407451 36.8917334913934 28 24.2074368738204 21 29.698484809835 20.0997512422418 39.8497176903426 15.2970585407784 15.52417469626 21.5870331449229 36.7695526217005 18.3847763108502 33.0151480384384 30.8706980808663 32.649655434629 23.7697286480094 37.4833296279826 38.0131556174964 18.2482875908947 42.0594816896262 54.561891462815 44.2040722106007 8.48528137423857 9.21954445729289 21.2602916254693 27.459060435492 53.0377224247045 48.3838816136118 24.5967477524977 15.2315462117278 31.2569992161756 41.4366987102013 47.1274866717927 31.0161248385416 15.52417469626 34 51.6139516022558 55.9016994374947 52.1727898429823 51.4003891035856 35 42.7200187265877 21 46.9574275274956 27.5862284482674 20.8086520466848 6.70820393249937 36.2215405525497 42.2965719651132 26.4764045897475 15.2643375224737 12.0415945787923 29.8328677803526 17 23.3238075793812 15.8113883008419 46.2385120867876 39.1152144312159 27.2029410174709 20.8806130178211 9.21954445729289 39 50 28.4429253066558 37.4833296279826 54.4058820349418 36.7967389859482 53.0094331227943 31.7647603485372 47.0744091837593 41.182520563948 60.9261848469113 22.8254244210267 36.7967389859482 13 24.1867732448956 33.6154726279432 43.139309220246 10.0498756211209 22.1359436211787 6.32455532033676 29.698484809835 46.9574275274956 23.0217288664427 59.6824932455071 43.2666153055679 25.7099202643649 26 47.2652091923859 34.928498393146 58.309518948453 10 6.08276253029822 11.4017542509914 22.8035085019828 26.9072480941474 16.1245154965971 17.0293863659264 27.0185121722126 17.464249196573 19.1049731745428 28.1780056072107 6.40312423743285 15.6524758424985 39.1152144312159 26.3058928759318 30.0665927567458 14.8660687473185 25.4950975679639 24.6981780704569 41.4004830889689 22.4722050542442 24.3310501211929 11.7046999107196 24.5967477524977 30.5941170815567 32.0156211871642 24.5967477524977 8.24621125123532 21.5870331449229 20.0997512422418 27.5862284482674 23.0217288664427 36.8781778291715 26.4196896272458 29.4108823397055 33.9705755029261 24.738633753706 13.0384048104053 37.4432904536981 34 42.9534631898291 39.1152144312159 54.3323108288245 30.5286750449475 20.8806130178211 44.6542271235322 60.4152298679729 54.1202365109392 23.7697286480094 12.0830459735946 31.2569992161756 26.6270539113887 43.6577599058861 46.690470119715 11.6619037896906 31.5753068076939 23.0217288664427 37.0135110466435 33.1360830515618 49.2442890089805 35.7770876399966 47.169905660283 55.7584074378026 56.6392090340252 48.0104155366312 61.0327780786685 41.2310562561766 57.0788927713213 39.8497176903426 20.8086520466848 59.6824932455071 36.8781778291715 27.459060435492 55.3624421426656 61.400325732035 18.4390889145858 25.0199920063936 13.9283882771841 31.7804971641414 30.6104557300279 20 32.2800247831379 41.5932686861708 21.2132034355964 42.3792402008342 53.2541078227774 41.7252920900501 9 15.6204993518133 20.6155281280883 30.0166620396073 56.5685424949238 49.8196748283246 30.2324329156619 12.0415945787923 35.4400902933387 44 52 25.3179778023443 9.05538513813742 30.6104557300279 51 56.302753041037 54.230987451825 48.7954915950234 34.4383507154451 38.4707681233427 15.2970585407784 6.70820393249937 43.2666153055679 26.4196896272458 27.459060435492 30.0166620396073 36.0555127546399 31.0161248385416 16.1245154965971 18.1107702762748 39.4081209904761 27.3130005674953 19.1049731745428 10.0498756211209 55.9732078766261 39.6610640301039 44.0113621693308 45 31.0161248385416 31.6227766016838 43.4165866921848 29.732137494637 43.8406204335659 68.5054742338158 54.230987451825 53.7121960079831 24.1660919471891 53.1507290636732 54.0832691319598 70.0071424927486 7.07106781186548 21 20.8806130178211 46.3896540189728 55.1089829338194 60.4152298679729 35.3553390593274 35.3411940941446 19.4164878389476 15.52417469626 36.2215405525497 25.7099202643649 29.4108823397055 55.3624421426656 30.0166620396073 6.08276253029822 50.8035431835222 32.7566787083184 48.0936586256442 43.9317652729776 31.0644491340181 24.4131112314674 12.0830459735946 60.8111831820431 45.2769256906871 47.4130783645188 46.3896540189728 32.7566787083184 37.6430604494374 49.4772675074119 35 48.91829923454 72.8010988928052 57.706152185014 59.4810894318522 30.0832179129826 58.4123274660409 58.4123274660409 75.0732975164938 12.5299640861417 27.0185121722126 24.1867732448956 48.5077313425396 57.567351858497 64.007812023221 36.0138862107382 39.1152144312159 20.0997512422418 21.5870331449229 42.2965719651132 26 33.9705755029261 61.400325732035 36.0555127546399 6.08276253029822 56.302753041037 38.4707681233427 54.1479454827235 18.1107702762748 30.4138126514911 31.9061122670876 46.518813398452 12.6491106406735 11.3137084989848 27.3130005674953 43.6577599058861 40.0124980474851 22.8254244210267 19.0262975904404 21.4709105535839 10.0498756211209 27.1661554144122 28.2842712474619 7.21110255092798 27.5862284482674 5.09901951359278 18.6010752377383 21.0237960416286 43.8292140016223 36.0555127546399 36.4005494464026 38.4837628097877 38.4187454245971 29.6816441593117 46.2709412050371 26.0768096208106 46.3249392876019 36.7695526217005 26.4764045897475 47.2652091923859 24.738633753706 18.4390889145858 31.0161248385416 50.8035431835222 56.302753041037 18.3847763108502 27.8926513619627 15.8113883008419 18.7882942280559 14.560219778561 29.8328677803526 26.5706605111728 7.07106781186548 26.8328157299975 39.5979797464467 30.4138126514911 7.28010988928052 15.2315462117278 6.70820393249937 14.3178210632764 41.2310562561766 33.734255586866 21.0237960416286 9.21954445729289 21.6333076527839 28.0713376952364 38.8329756778952 25.9422435421457 18.3847763108502 22.2036033111745 36.4005494464026 40.7185461430047 38.1182371050918 37.589892258425 19.8494332412792 32.0624390837628 18.3847763108502 15.2643375224737 34.928498393146 13.0384048104053 25.0199920063936 16.1245154965971 32.7566787083184 38.4707681233427 18.3847763108502 24.4131112314674 38.2883794381533 43.0464865000618 35.4400902933387 49.4974746830583 40.5215991787096 24.2074368738204 49.6789693934969 63.7808748764079 54.7083174663597 19.313207915828 10 31.0644491340181 32.7566787083184 54.9181208709839 54.2033209314706 23.0217288664427 26.9258240356725 32.9848450049413 45.6946386351835 46.0434577328854 43.0464865000618 27.1661554144122 45.3100430368368 60.1082357085949 63.0079360080935 56.859475903318 61.9112267686564 43.9317652729776 54.4058820349418 33.0151480384384 12.0415945787923 58.309518948453 37.4432904536981 13.9283882771841 18.1107702762748 48.0936586256442 54.1479454827235 27.8926513619627 24.4131112314674
Deviation Vector:
14.8722153594567 27.8421247100943 6.88887318566286 1.17133486629449 18.6800495906174 5.29383907339369 42.8406390035227 10.8957169686827 15.6324859847882 33.3538721919368 8.47693437174647 7.23882464169431 21.0541792642582 20.4544227930603 24.6454884210383 1.11488154749704 17.8847449774231 6.22838967076017 20.2369403278063 11.7955969199291 31.1430344195873 12.3821970775985 3.33819079357857 0.503389977715177 23.4103201568532 41.7015561509628 5.87190628215068 20.9114361184181 38.9149870295655 11.4200378964954 15.9026021580176 7.80526030049229 2.30861829582187 23.6652357947233 33.4420658993596 61.0115355351304 21.8949594978236 13.341728341773 9.84711784043204 3.60813763014727 4.88867023564021 18.4631657924993 35.9597441678554 24.8098168562294 7.78166112817247 12.0398258751678 13.6211283267037 36.3172178981589 32.2906377584559 2.12567161925681 4.95718182637713 12.3217109059841 20.7590631919531 14.0088755403317 5.84781593500143 4.86640231294716 6.71739754205731 48.0079664392289 17.8834900694995 42.5388065009996 10.0288964060735 29.9956203226885 21.28692928566 49.2019969667908 9.58155078262734 12.7596558865042 20.1723090666654 1.93301170548503 26.1229868158836 25.5988978647239 2.12983005030246 51.3433693161473 25.7319432248518 41.1805491243461 21.3213283488354 39.6851875023595 7.68170265436321 9.81521728785055 24.7817107159394 16.7996339120055 6.17903569820416 52.416747541822 0.549086714758458 32.981251915337 6.24491922381574 7.56028083169775 21.7085989604061 11.8544413560068 14.7638559770526 13.9557362698928 18.8351924850709 44.4654083592571 11.5925131226294 9.48243480089604 35.4441592517867 29.8618018749961 54.2784772296802 7.9831597956621 13.6587194447786 2.55000516350036 18.4189202362564 52.4240887703045 62.3119104609892 40.2041034171849 22.0059783383229 9.39617759111147 9.61282136396447 37.2106621233369 16.8686267802345 7.00020631565849 50.7437228426025 22.5434521306207 7.7139163899579 32.3084583486301 21.5600914809623 8.48214855943896 1.33107115802127 12.4675741828535 19.3026023965476 21.82010807307 47.0263794995157 49.7802724829508 34.6800791831594 44.5888311972255 18.229175527195 12.25217705276 20.721456438452 7.62253011561076 40.5028215285444 85.9215278186297 24.8255929164353 80.9863920389946 24.2818084829493 16.935922678513 63.4625438528201 37.622441642775 6.62231636094538 19.1531903683789 6.4098146065837 57.6202628060734 64.1473350383881 10.1892291793922 27.1399643104291 5.00377984434162 14.4148776877663 2.07369812683591 28.7309332121498 24.6186457438854 11.4996383298499 7.8785494742366 43.8072009599723 14.5813432080556 18.4346568056415 33.1053242191573 32.7564654769578 37.7895029619287 19.0435876095489 49.0744764873093 39.5079785383593 26.7639139737063 27.744111577861 33.8737066455547 19.044248150681 29.7249251504553 11.0567222088473 7.66275845481024 36.6293986089011 14.8535422935171 15.5834639140615 4.90884569024223 21.3251985570343 28.8657814679509 3.58297997962619 4.38555670231457 14.775409055176 17.7859229190949 31.3355038787801 5.35492606102548 9.19763824206552 34.4056756812459 5.05768121383771 1.06500628720392 24.7956329522914 8.70611141383106 32.3463005099369 18.9193076662407 43.8645228911434 5.84444954663015 13.7721541509902 16.2091291090038 42.3126420165779 11.2527017494909 4.73795087849525 33.717381167287 39.4962198219618 10.0707407719785 33.5941033984558 15.2211406436803 9.77843681098649 18.8307469019881 25.4545258259272 56.3719739128942 3.77896801424878 18.1690046391782 4.98785870608042 12.4593603873185 1.90029206910641 37.057710105813 38.239388016059 7.28555732598865 10.1466383499669 22.7547546917679 12.1862469289228 0.734096907140423 3.27551572804376 31.6269630283457 14.0977491497574 37.8823667134497 57.4440861239501 32.9994583846119 57.7676081287561 12.5371831998778 42.9449364999451 4.74957685961834 4.58915641427135 19.7620757294453 14.4909393712851 2.88446769946311 26.0757611454817 46.3992785633453 48.0566697229781 6.80277698729317 6.68207181323416 28.4455871057783 5.06029904013453 21.7237817790846 18.6149418473553 22.9786086375726 15.0895541795936 7.44593649191573 18.971354524409 24.1759413123442 7.03609476914898 1.95906545522758 29.791257406863 5.53181468846312 35.6739739911068 2.66054136927155 46.6812869024356 36.7636426513529 30.4346739184852 16.9992905944866 5.12855446218226 28.6381112524508 55.9292907919671 9.26455453612256 14.1543994042447 8.7253188240764 8.92839492483145 18.9767466625834 1.53933159547869 47.5074820535055 54.4162186232639 46.8954134109804 31.1903565464147 4.89839650482334 35.0341423746608 7.77085067899566 41.2640385618438 71.2287562975853 12.9850980293302 12.3843823803999 60.4591175517248 18.0254337715166 11.6612086558258 33.3461880585722 34.6334184214004 7.27366785201186 48.7967154356681 11.8461768809682 19.0921426301234 37.6625945652677 14.0199304144522 50.1885504341223 53.668296507057 64.299413316059 6.02402654529476 61.7193076494549 25.3680471338451 33.6244582699789 13.7999800585633 39.3068838888828 31.7256629707373 15.0876205145409 6.99995892800863 1.86893821464672 8.4063574098622 28.4560675475997 5.48525485645304 30.3507002872236 24.5378235707701 42.1748946769987 19.8735837536375 10.9297210201114 0.593365945245779 52.8709446182106 78.7168827154473 45.4987826613577 49.6865063106093 46.4913625801908 4.07932210791825 51.342452419931 5.62847082020694 4.22707736132163 15.2255719013619 4.36724178380342 13.1626798150049 32.07087003294 25.6802957112508 13.520758139323 5.51219169273057 11.7758362442344 2.85906984845194 28.2290115890985 25.4130327899151 10.8377858346966 57.7562495809218 34.2552713879642 56.8349452787776 3.62242895621679 55.1318957750478 19.8910362261532 39.7885993456128 17.1624546473204 20.2319748892988 27.6000208932674 22.7118859642706 8.1584549369405 6.81043442935878 1.48041994791541 17.3338490179252 26.0026831111117 8.47147429598004 14.4168973249605 51.4526877095934 66.9518057591042 32.0252733801083 42.5961795360481 37.7327053579 25.2640596506643 34.8683488778529 25.325592939037 26.3574786996625 12.3385749270133 12.7594343280649 0.800493089893087 14.2348827563989 1.13839256661485 54.2972411812729 34.8804598585126 1.75755232785146 7.78187721788588 2.18596716826589 58.3783063438849 16.4693627852171 32.2994937149186 5.58895616936442 28.8334414846347 31.1005394392354 51.8869030807686 30.2046945335907 19.622383593563 3.78921629642455 20.6485764583758 31.5208311505988 49.6438754331556 19.590955579287 1.70078936450908 27.0987610069144 22.5935146954785 7.59052245784109 54.9055944073975 16.6047254610525 8.48635081590407 4.85498510947965 40.5001030133745 14.3593600723204 1.45898411651475 9.56747216207673 30.1157331472908 29.3984955563608 49.6665731926781 15.1767821094423 49.1224094673542 33.2308157995328 13.3931998465298 35.7006159673989 7.05500324296898 17.6470317988818 1.94503985567444 28.8270770762996 35.8717381004451 74.8033812075291 64.6761556827713 6.67974511828735 13.0439801609926 22.4032627414472 31.6547441880671 27.7756652531778 2.78819592931018 15.4116802418566 59.7368027158248 74.4216510621828 80.5337091203287 16.0608474937235 20.862151033527 40.1437636002041 33.7081989832971 12.8093420158258 7.94228198855155 32.746912964649 42.1918894467687 8.40093086549304 18.6756930772307 43.9836660565301 6.29376356608246 9.73357590008206 4.35624171318747 2.57763849913988 10.8185199457652 5.40750198046065 16.7123477177271 21.1587086748866 11.7486418137285 15.7191161827153 27.6524157032161 36.3858770673885 16.8283179315492 6.63000206173363 3.98124095335824 11.1462115341989 47.0762758241512 4.95259272627809 16.4574296073582 10.6070662521309 11.8438704233029 27.1790076735672 24.5082432025354 27.8278619805096 29.9308413252253 23.5109779540084 7.81616615885733 48.8021690924275 18.9115684481641 44.8358972861664 10.4523855530851 17.317397887698 5.8829295468109 22.076271300365 26.2620787253373 7.90968170300411 46.4450409318144 17.9178903215831 13.4565309226583 10.5277343841862 13.9294731309375 0.619594224891069 43.2854271047669 10.9535445435315 12.7388409517786 38.9935874324108 19.7699330363966 1.89895256100296 1.04720519410289 20.8516047262641 41.2346478024247 18.5720826860943 11.8938142947506 4.42559025230788 3.12903592592712 11.687432503395 0.793976121070612 7.98231909471287 3.96122638162173 5.6663991494966 4.23112829523255 24.2293883978009 45.6272397525735 20.7917001928319 9.22611860416335 15.6816819107428 7.53606051648832 4.88229573794793 50.9645261107294 11.219324560895 18.4314582047015 13.4777631930349 21.7532294552237 9.94092094475227 2.53118747617155 37.3387376509027 6.41755295862415 29.7340562810814 76.0111435671662 3.29017892393724 2.98561021061045 37.3345091132113 27.5936521942617 32.4171658068697 66.8419059252081 71.2493819666595 18.1649644780526 48.458747758278 0.447550931252248 55.0601011665462 14.4533195206182 15.1565646609537 31.4490774427972 62.9060791378827 25.746976037045 18.7322041001787 15.2374441944909 59.7507417419887 26.8679000655657 3.64472806495097 3.99445252823887 5.42304888882659 40.5752431443227 52.3020436296429 11.9536846969695 22.9245759322902 11.1157059153467 27.3898088796203 51.7064783819752 43.7597085707722 51.677141901374 5.53048217406008 15.5607078544965 8.3924557365876 38.3546352454506 91.6213931476797 94.6177048572996 33.5248686474723 37.0526658503861 57.6254430570948 11.8539402373052 1.03579685903964 2.40136337633386 33.7759640277096 73.8493818195958 18.7007388293599 8.81921398472914 4.77093224253282 13.4384957482353 41.5381723345902 29.3605233391714 39.8425093521507 47.8409215866365 30.0220010797287 6.29343047127753 11.3485970500276 24.6390438962157 28.7446116086687 9.14039593767234 14.8433068658091 15.9368715704184 7.79482985143079 20.6548496727708 9.62032138205053 3.98991083652519 9.5684335295473 18.4004086102313 2.37698878905056 13.0820735129648 16.263673183099 73.6838420902096 20.0299247339453 10.7270349857443 75.2690061351492 71.8047271032222 21.645494233649 59.5032646159812 2.95434455431734 29.0967761238733 1.48100667708933 39.8343812113623 56.8529395788739 32.8725455545983 79.8247934969048 25.482273408734 18.4788467735348 9.36932268313273 17.2361484206522 38.4148650902466 27.0770750363694 13.4638718508115 29.9238699909527 22.0560068510123 47.3657283931846 5.56433579795844 1.77672487536186 15.2251196174193 19.6379537022793 4.29423671744051 1.75986467557763 41.2132371233838 3.38507531742624 26.5413405788975 69.7163898975392 2.45456485845026 20.9384932674759 9.81360691895047 56.552586703888 19.4637231876969 28.629424176668 59.6832004854308 14.5847087917 13.0175465748483 12.8901132732036 23.4405722022172 49.9913338255703 0.498675581244784 14.8947568517602 27.176080180472 19.8065615680397 4.50109188883565 3.46577187121855 10.0493366945618 55.0520827172083 4.01486150247758 18.7615771643253 66.8712831187806 46.9818835474466 10.9155922153119 3.53206149188154 16.1944018373689 19.6248355348996 12.8131263391172 23.0036705997935 22.5949465145829 10.0275333097148 34.8857629910063 51.0190184915365 25.2347984762054 14.8023916927083 11.3259027290697 36.3869675180979 15.0406929952678 4.06672268764092 49.6756436353248 17.7315395579921 25.6049863752153 13.0839636369195 22.4895237574371 15.3975531145009 10.2899827562093 2.90948050868164 10.7215331811318 27.2860994286954 0.70785309307924 31.3657031076971 0.893801102792343 0.397825683147287 18.8615897742722 44.8293599451093 6.51059355263146 52.137037208691 5.28538832441111 6.63284622662432 0.848131441106327 60.0014359493469 30.3733863392899 27.0863109198347 21.4718154818161 13.4135650151787 8.39622769912105 32.955828373186 36.2170174955451 13.501220665268 48.7352053535525 17.2501082989621 5.60575726541518 40.856188741594 40.3254645884472 6.54018082325138 48.9940205003339 2.71846176596908 6.70340422223855 28.577762818972 30.4044947627287 13.6554521043031 5.8033085965308 40.77360167683 14.4255232263326 31.571706395717 26.233556057735 17.6349352857393 37.0841011171495 12.1014423815896 4.82791238683669 15.8355690364183 1.18995229953998 1.40600180291444 3.07901410671054 33.1884127829767 31.2182609933055 7.34253389389408 18.3967217946242 7.82566774909222 15.657351652895 24.1133848323193 4.58116142245892 30.5656911977741 0.229800049178019 16.0493198831473 14.7644691403063 14.2057746722944 31.1518634698038 46.3814764367972 5.49425658373826 16.379024833374 74.6951452352711 24.5161791837895 16.6749968098128 6.3325905015794 3.07415972772188 18.1197321081697 27.7091057461327 16.7517033549718 8.62480176959173 3.56743268471753 65.301670632427 9.78418393198397 4.37009703456983 2.26547257148139 51.2699143570554 45.6810827798339 59.8918282934559 6.17590527085253 38.7977491635528 70.7005861285686 34.4848865747276 69.2849614275498 39.1324770880549 69.9539957434921 15.2095987657001 5.29707144659668 29.4454133467148 31.3826965660555 76.1040137977822 53.976656212605 55.4807807061777 57.0435699181478 3.6484733147409 4.08901883653593 1.51935425683048 6.62499619110701 13.3399319091211 13.9974986614689 23.0386447167767 30.1692427097645 50.9771916134431 56.8684967859558 31.6186515147137 42.1596943873181 29.3186056024852 14.5188240294051 11.3049426646627 33.3173530827926 33.5120166215336 2.18231612477885 28.0406224597174 1.75198127568181 51.6694112618395 63.9014327035839 79.2408335041627 72.3021904986548 29.3259730853287 13.5360316027971 73.1512215799788 39.7978395915242 32.9933081332084 16.751064647695 7.92871870483236 4.55665598831575 1.58139575415004 40.1850515387517 15.2687938524364 8.5791935706416 6.49541908621525 56.537404828998 18.2617717347071 42.2876689672878 59.1942991903361 72.7111398769925 27.9851769176924 8.41985666124655 7.00264792158474 41.8165357566356 63.8493422755542 12.4004431716036 14.0232909310633 60.4824790914927 38.6074702067026 46.6236478621911 34.066329887817 8.28117602365672 3.37063432491562 8.50039217460054 19.7320764838207 3.76435073951715 10.0206310152955 29.0509282060602 39.3952646778032 10.3314002306812 8.55900874419802 70.3150524306662 23.4067484336032 45.709145039742 9.74963810101095 31.1541246772976 13.9356966277501 26.8140933677787 30.5964701688832 6.9827705760056 41.5376521680616 63.4010076972988 27.8090950271645 15.5735340419416 12.7279185123848 2.84278387156878 8.82645075513521 87.4199683039063 80.8352842059968 38.7198393565229 7.12680983318171 42.5180349472058 61.5243688987533 51.9089450306715 4.81279138287934 8.76250052481121 52.089364675278 40.2560420632777 51.8605346979487 43.8733486008647 18.484741653497 50.9795072601795 7.09723729346533 22.8208189202603 38.9687797506959 31.3455115177764 35.8024077562296 3.40959656779544 16.2019634379056 1.48938598223773 23.6224842967366 2.77314822346584 36.1814151807854 29.3188229846786 9.25186323898466 2.57680621944415 18.9315690576303 60.0374282682183 2.32214050824638 35.8495992096995 25.8662558328615 9.60498602992301 25.5471081832686 26.732311208657 1.28375320012171 34.6789930880334 52.3862696390031 38.8009105294672 15.5951922339555 7.26383538027108 19.9459661658566 32.7187677637997 20.1385255355391 22.8647817332658 19.6947186058495 37.4707642280234 40.6508077327513 6.45759590270353 3.5595872311365 4.92099176640807 2.18359189735927 15.5403063582203 16.2827868817332 20.138713563782 7.36414710371236 7.59298433755037 5.05659488229434 11.5626502607166 2.7575554987109 9.13515363398809 10.4068194350453 50.7514002776121 23.0330356080006 31.3288436874508 7.27127694276381 41.2992612751429 34.2146367788212 46.4215117910589 7.34084230448634 8.94765275132428 0.69046986283498 51.6308231893821 39.6030734215077 12.9998520207107 31.7178967234437 53.3468696446913 3.73607820394768 29.3989139531933 4.42606234003717 15.4385277910191 23.3608533380101 14.5371791833914 52.4365899500142 70.2258437043816 6.56269551784342 2.65450461726116 33.898800119661 6.49637996186334 13.8992907794172 2.88115885981721 28.7171860420001 67.2956646947645 29.5116950356375 2.16686930226711 62.9379760245875 73.1491750292437 56.3266246046081 28.9610410048827 42.062144432415 8.89796543342965 26.5485542211505 28.4844511085767 41.6951482595292 50.5826929563935 71.2599448969056 25.7529784547288 45.8475134947532 2.46245560070873 21.9414061512704 32.427853038076 29.1789598437959 47.1768794896897 57.9841304293248 7.95624519923513 19.425331953396 2.6783019576422 24.7378327552521 31.7983582986618 23.0997454996648 28.9611265106152 31.5017236970878 65.8957988148935 57.9398109980881 13.5741638115515 13.4239709075322 7.82401819858013 5.04101951925388 22.6021546367338 43.9612090231433 65.0034176708176 70.1703283806174 53.6555737942655 24.6660706980477 60.4149559720324 67.5771668646527 40.9111343152762 19.5527827305099 28.9882560956029 37.426932449635 16.1991451666737 9.72350479639822 50.5852171850175 49.8017904863121 21.6945478715088 2.87797395218674 8.00607918946376 11.0862560185855 18.9850100045908 31.799145315494 60.3263320010388 21.5226978966913 3.92470406252015 25.7500106814152 19.8780744525787 3.24456926342165 30.484548766478 19.9519489040227 17.7415097949491 2.48123549546568 41.0554657077561 20.422849375826 81.4591176210105 62.3925878683926 24.9232589216739 12.877599517033 41.1243636146151 7.56159996791497 58.1147579905877 13.9684510897194 63.6853703171209 65.3231998528547 22.0890159501496 53.8820562405518 56.126964421968 66.9025819927898 82.2482472482721 37.7176582736564 5.60880834719407 20.6804730756804 16.369159588823 27.915681619826 23.8362599921691 17.5456279045332 38.0686980636936 28.3122699828927 26.2024380791411 1.17610941299224 8.2736103578794 12.1740975199134 17.2632878457594 34.5275364367304 23.9889761390108 8.59522237784351 31.7638919577193 11.6849007839003 40.3086821572212 25.7601464525763 19.0345201307006 41.2167845445214 26.601740531927 5.11151849444018 11.4234868560981 23.8193504926373 30.7894041933382 0.820118597662103 20.4704712949711 14.3986187187895 47.7189478665769 59.5906323158398 12.6816681840613 6.11048383683676 61.7971902478438 22.2273136872397 33.2848289833799 10.0926783374518 53.6959702919542 19.3519816345111 23.862970495784 5.45172990068342 6.43255922179014 13.5574047757687 4.70586143604619 35.2860125070149 18.3367663385585 11.1489863332256 1.09604080654805 5.0473415214146 4.72102131692593 19.7753013822038 15.0850522286607 16.3281590120329 23.62217518438 1.39704392824242 30.0618642075458 7.12367909076395 2.42670273121042 6.13738288735825 46.9537356821716 40.0174322203932 47.8121635815059 12.6337425453731 0.198783900444847 19.1120743817231 32.5478891079156 19.2809354342765 26.1287880869878 23.2929827326334 51.3869879639147 33.6555004324683 12.4794737087379 26.3761183575016 20.8908651835299 2.12060549747603 18.521633896897 39.0403323650741 25.6296549575567 23.2281548334503 6.90404605278774 23.7244249867331 21.0013585830897 12.4869188770505 40.4612100052507 6.52946659656158 41.3237316432507 4.14789319279554 6.29792322449649 52.2727100412453 21.7986656994794 1.68687797587775 46.2411736934526 17.5054495698801 36.1241715791958 64.9502513675081 32.0200195873434 27.0849199233986 25.199194676418 41.5369273094307 23.47369198778 13.5209440263618 5.69284019356676 37.3555057150517 40.7561682387672 54.2285597546822 21.7610039042413 35.541503046678 25.2691238980431 43.6714744645753 2.82208744485209 27.5072529698457 49.3407835957723 59.7481801540979 18.7202147422521 1.98520735935433 4.75429287516487 23.3306190216984 13.9522250948774 17.0961692743257 12.5606109078731 6.54996944117231 11.1399600364909 9.26376424722317 26.2804245373609 57.7040023324621 64.293982700348 17.330836301447 8.25800962515581 12.135439665028 21.6947579381038 9.26507466596964 50.0145217145301 8.45921832970269 61.8461801734513 2.85469352213508 53.9793384010535 57.7892833305225 12.9474688569072 7.7679384990986 5.18921751808702 12.3606008333797 18.076623925364 79.4553597364107 31.1857654409422 51.0943931401151 1.58111775058118 17.0102864230015 10.2122703521079 9.29311590757832 25.9241228606231 42.7929853531621 15.8514026869451 4.89546422840044 27.7357894238449 16.2626433378377 4.55937519709551 37.3458013078599 31.2448502971092 24.7861583214869 37.2292969958383 23.5400035776906 40.0797448496804 14.7003436343292 34.0834901437699 55.6880311443558 49.2967727645366 4.57734167761046 6.6194741132768 28.5381674439917 36.0368222288466 76.2469114221372 18.8359282076964 2.62890342245472 21.2525536283335 30.9244541926061 61.817848385898 68.4181296669001 2.03787726053774 5.46164194951644 4.70345412454306 69.9615303875732 79.6976257217565 61.2808805736552 2.28608853144874 37.9457577417495 69.0723359989891 6.14194162669157 27.6574841413801 27.6589311424169 21.8829755142277 3.54792421016384 0.155842503828619 20.2874745878689 35.3318930498476 12.435344257578 18.0658583304865 24.5623081780522 23.0198934445043 13.8059460024727 8.52719754883122 48.0949625530953 15.7703635551284 25.260897063893 23.9506804676573 1.58696137830173 11.3733511737508 50.6273130685393 46.1883845839471 13.3938502931239 74.2292933601465 5.00025044947558 4.58318021025226 36.9643472870106 61.6893143134209 5.39226643227672 37.8661922881348 29.6954069986869 15.5800783534469 15.7364992838268 16.3809583671338 49.5840963419292 4.87679803123401 6.84971137308829 7.26812696566293 9.15488771683377 44.4360087887552 9.49867921367505 14.8374970869633 73.0516120907879 34.3626849314895 30.4355839813494 16.5830046707102 56.5946553464418 16.9777113724275 9.24158291889435 13.6951518920382 4.73053310384272 13.3518886447534 31.1739174761333 30.5403465479348 14.6580561293729 25.5944035717992 33.0026465647278 7.79602115132962 22.6790062418211 38.1084576298039 6.83794889138499 13.4878518295902 5.84702722056701 17.1530875727389 46.2717802611655 24.1502271702002 19.5065594993197 14.6757235557993 13.5178782711071 13.1749922374295 11.2919266287664 6.1894192547489 30.2731642513353 1.88930162355934 42.3568464670313 19.3881543837242 5.76873296255799 19.2997806335889 25.6133346914818 23.6704589581135 14.6697832686072 15.6975756247807 10.640423553133 11.1154248816539 53.0173106953844 32.4521402980651 3.31886486101503 43.2777218659685 4.4830120943501 61.9225181638413 34.4954508364563 65.1858147177883 20.6673147347072 21.5357549418516 10.068565985913 35.6215037071181 55.7194943114173 23.546023728343 14.3040790195874 42.386525093835 41.9873525221199 0.941424219454551 12.0702921542986 13.776226476123 2.63077521698793 36.4093906070574 12.7029127624971 25.9415473808617 41.8193504562136 57.8697137973339 0.688066687407851 82.8813603341347 23.6084887495295 20.0363286166961 14.5274609653795 14.4787012939563 5.86698983927538 19.6288754675198 31.3582342118431 14.0039406568855 11.3527873042773 20.9383134947168 79.4120075464703 60.4686415746039 3.08962447618428 0.839046214422617 21.9293753695773 38.0447033748867 31.3488930379091 22.6381160406649 29.9180302816502 40.5387221371881 24.4687838749815 50.2340305750401 28.2034978797342 51.6052996949032 10.2647025642447 13.6335553144698 8.10851062467187 10.9080325307435 48.8730155922813 20.321820198241 6.75666646592295 15.4226741817835 29.246597106324 20.3067857340177 0.291089103350044 23.4957887644451 8.63965573558007 46.3007151329683 59.2960954284589 71.0504729924763 35.1829625205379 47.3670093150379 21.3661213611913 31.4044440122935 15.3622262869115 3.8136696708464 16.7477520553882 10.6217256954973 2.03385177656336 39.4392086280183 49.6370644048435 38.0734733022274 14.0752537369728 5.06995019833134 33.0231963727672 10.57250992038 22.023068901528 12.3744119456729 42.0071280492792 15.4819157595999 0.56607130835858 43.8289652254036 1.38931500618764 26.5031254669813 62.3242871482709 1.49823752083317 6.12824703693774 52.2860929959453 84.7613855127216 69.9576224512076 9.63816417529823 31.1136530131193 34.9828289708395 71.3545406554153 9.91155043356659 0.519693044583761 33.1532954381414 7.53562184845485 23.5197167797048 2.14339981644064 52.1969397969995 6.25978801324051 24.5233319639021 11.2226896055785 16.5556192534718 12.20320663517 32.6461993337635 89.1227741945893 2.3894505320728 1.42424735963959 18.991158071797 3.02888151801342 58.1029988031682 18.3902294794144 28.9075975583487 24.8347523820301 5.66694997352372 65.0894426737863 6.98012312361294 19.2318888114988 34.628057724403 18.1142861540183 37.3046262521436 68.9363564598082 55.0284624115603 37.4894531347641 103.23492945976 88.5011024087615 55.2466638849285 6.5726040350608 91.6564701660141 45.492534966512 29.6993836371066 15.1086199129244 40.574627886455 20.6233536570551 2.62442683857392 56.7264559437294 53.5189044608078 4.8153233718206 47.7024769498857 24.3196225252084 4.88241447592528 33.8928305560552 0.057454322277072 39.2951905724928 11.8035608941556 16.9897145046272 3.65421683128088 19.5035278796429 33.7324787132871 72.9486717793563 16.2888216645007 7.34486948084734 35.5484586151455 39.3221624081048 12.74861506785 10.2485622043948 20.5558019866833 13.5483771260591 44.9874211738984 15.8724501889253 20.7224699953047 32.6344826329033 2.7620898290992 26.2027782777205 21.1075481703074 2.37203074041082 8.92648513054606 8.06866473702264 8.60576677241415 32.4422925110492 51.1046965228587 24.8358437827073 26.1388990094463 44.9569615129809 8.42210928979944 27.0200960957679 0.604773801257559 21.3821571219275 58.2181578779237 32.7213831315382 14.3193142054056 25.0405786102399 27.9893428132108 0.528200583324579 42.6497989305325 26.0583080047733 52.6148764138946 9.21703279764253 22.9627513380632 6.83823270974532 22.4844244319017 4.16506394155957 9.72794927439945 39.1004107542098 8.84304462039985 28.7740659120954 6.89635459915565 47.8768216041122 7.48683493798712 9.69957263614578 10.0016442183805 8.13318759099872 54.6571462375392 19.657027472698 2.31065890483988 14.2428064417273 32.2992301596204 3.45213193754788 28.6770636308772 29.1440748676409 18.62159820824 28.4051805679492 0.977891050144331 21.0896799559742 49.8567745655579 52.6991284033584 20.4620063015358 19.7538056899285 5.09155965214202 3.47675677250836 36.6257468739516 19.2142994453047 12.8559643265198 22.1659471073196 43.2023665425406 5.31194525305376 15.0879117475301 36.4499108459683 3.28943285879101 9.58750633428259 17.8444068095544 78.0510399649157 32.0433031445253 4.90912254524003 26.4901086912786 57.4460166514575 6.63599016174352 7.72359624899539 10.2365488694262 26.708269188774 49.8993683736908 22.5269025800862 27.7916145873615 35.6882591387996 24.9906285414354 6.41008001249759 60.5820779653428 15.3160813861356 34.8865242364916 43.5404766442908 25.392379756538 13.9862759569151 91.3659802990526 61.0808152986171 99.5135387984151 50.1969914101923 65.9572876750631 26.4678198275254 12.1537450665901 75.69923093743 38.3573420922847 21.0711813912817 22.6159083302335 9.08186083067302 4.83384366764491 4.34106854613103 26.5984447757298
