Instancenumber:
16
Instancename:
P-n40-k5.vrp
Customers:
39
Depot:
0
Dimension:
1560
Vehicles:
39
Capacity:
140
Demands:
0 7 30 16 9 21 15 19 23 11 5 19 29 23 21 10 15 3 41 9 28 8 8 16 10 28 7 15 14 6 19 11 12 23 26 17 6 9 15 14
Uncertainty:budgeted
Gamma:
39
Mean Vector:
13.8924439894498 21.0237960416286 32.5576411921994 17.2046505340853 14.142135623731 11.4017542509914 26.4196896272458 22.0227155455452 23.0867927612304 28.3196045170126 12.0415945787923 8.06225774829855 29.1547594742265 18.1107702762748 24.738633753706 22.0227155455452 17.2626765016321 14.7648230602334 31.9061122670876 32.4499614791759 32.0624390837628 20.8086520466848 22.0227155455452 25.0599281722833 23.0867927612304 28.1602556806574 8 29.9666481275434 29.1204395571221 30.8706980808663 29.8328677803526 10 34 31.7804971641414 39.4081209904761 43.9317652729776 18.1107702762748 15.8113883008419 38.2883794381533 13.8924439894498 12.369316876853 19.2093727122985 31.0644491340181 22.2036033111745 16.7630546142402 22.8254244210267 11.6619037896906 24.2074368738204 34.0147027033899 12.0830459735946 20.8806130178211 41.8688428309166 26.9258240356725 36.0138862107382 18.6010752377383 30.6757233003559 27.5862284482674 45.7930125674212 20.8806130178211 26.9258240356725 7.07106781186548 21.5870331449229 29 33.1058907144937 18.8679622641132 8.06225774829855 16.1554944214035 21.3775583264319 32.649655434629 17 6.08276253029822 42.9534631898291 30.6104557300279 27.3130005674953 31.0644491340181 30.4138126514911 18.7882942280559 43.0464865000618 21.0237960416286 12.369316876853 15.2970585407784 37.0135110466435 21.0237960416286 28.0713376952364 34.928498393146 22.2036033111745 16.2788205960997 28.0713376952364 10.6301458127346 24.7588368062799 50.1198563445667 37.6563407675255 35.4682957019364 8.54400374531753 34.0587727318528 35.7770876399966 50.9116882454314 12.0415945787923 14.7648230602334 10.6301458127346 33.9558536926993 41.1096095821889 43.4165866921848 29.0688837074973 19.0262975904404 18.9736659610103 9.05538513813742 23.7697286480094 23.3238075793812 11.4017542509914 39.1152144312159 20 19.1049731745428 24.4131112314674 31.9061122670876 14.560219778561 35.4400902933387 32.5576411921994 19.2093727122985 15.2970585407784 49.6789693934969 36.0555127546399 35.3553390593274 35.0142828000232 21.095023109729 31 43.0116263352131 25.0798724079689 38.2753184180093 61.0737259384099 45.6508488420533 50.5964425626941 23 48.0208288141719 46.7546789102438 64.2028036770981 7.81024967590665 24.1660919471891 12.2065556157337 36.6742416417845 45.6070170039655 51.9711458407451 25.3179778023443 27.2029410174709 9.48683298050514 17.0880074906351 37.4833296279826 15.8113883008419 22.8035085019828 54.3323108288245 32.2800247831379 10.0498756211209 12.0830459735946 46.518813398452 29.8328677803526 49.4974746830583 17.2046505340853 31.0644491340181 37.0135110466435 49.6789693934969 20.3960780543711 21.0237960416286 37.1214223865412 37.6430604494374 32.7566787083184 31.4006369362152 26.6270539113887 12.5299640861417 15.0332963783729 17.8885438199983 18.8679622641132 35.3411940941446 7.61577310586391 7.61577310586391 14.7648230602334 48.91829923454 44.9444101084885 38.0131556174964 31.2569992161756 28.6356421265527 17.6918060129541 42.5793377120875 24.1660919471891 47.0106370941726 43.9089968002003 38.0131556174964 46.2385120867876 26.9072480941474 30.5286750449475 41.5932686861708 55.9732078766261 60.8111831820431 12.6491106406735 26.5706605111728 40.5215991787096 14.142135623731 22.2036033111745 21.0237960416286 36.0555127546399 20.3960780543711 25.4950975679639 40.2243707222375 33.2415402771893 12.369316876853 14.2126704035519 11.1803398874989 9.21954445729289 35.3553390593274 30.4630924234556 14.560219778561 16.2788205960997 14.7648230602334 23.1948270094864 31.9061122670876 32.7566787083184 25.0599281722833 27.0739727413618 36.1247837363769 38.8329756778952 33.9558536926993 40.1621712560464 20.591260281974 37.1214223865412 25.4558441227157 18.2482875908947 39.1152144312159 16.1245154965971 20.8806130178211 21.2132034355964 39.6610640301039 45.2769256906871 11.3137084989848 7.07106781186548 24.2074368738204 11.4017542509914 16.7630546142402 28.0713376952364 35.3553390593274 21.0237960416286 25.4950975679639 16.4924225024706 18.0277563773199 34.0147027033899 39.6988664825584 21.8403296678416 18.0277563773199 27.2029410174709 10.295630140987 34.4383507154451 31.5753068076939 24.738633753706 14.560219778561 34.928498393146 37.6430604494374 41.3037528561268 23.259406699226 11.1803398874989 13.9283882771841 16.6433169770932 21.8403296678416 9.05538513813742 29.732137494637 37.0135110466435 42.0594816896262 27.2029410174709 17.0293863659264 44.6542271235322 42.3792402008342 44.0113621693308 47.4130783645188 27.3130005674953 26.8328157299975 49.6789693934969 26.4196896272458 22.8254244210267 34.928498393146 35.0142828000232 37.1214223865412 40.2243707222375 16.4924225024706 14.0356688476182 46.0977222864644 54.0370243444252 33.3016516106934 34.0147027033899 39.8497176903426 21.5870331449229 50.6951674225463 41.3400532171888 41.2310562561766 30 50.1597448159378 40.3112887414927 49.6588360717405 25.7099202643649 6.08276253029822 14.2126704035519 26.9258240356725 11.1803398874989 19.8494332412792 26.3058928759318 43.6577599058861 54.561891462815 20.8806130178211 27.0185121722126 60.4152298679729 53.2541078227774 45 46.3896540189728 43.6577599058861 39.5979797464467 63.7808748764079 22.0227155455452 11.6619037896906 22.2036033111745 21.095023109729 37.6430604494374 33.2415402771893 18.0277563773199 14.0356688476182 35.8050275799363 45.6179789118282 23.7065391822594 30 45.2216762183801 27.5862284482674 46.2709412050371 29.698484809835 39.2045915678253 32.2024843762092 52.2015325445527 26.3058928759318 36.8917334913934 12.0830459735946 15.8113883008419 25.0798724079689 33.9411254969543 7.21110255092798 14.0356688476182 13 30.4138126514911 44.2040722106007 9.21954445729289 17.464249196573 54.1202365109392 41.7252920900501 31.0161248385416 32.7566787083184 40.0124980474851 30.4138126514911 54.7083174663597 23.0867927612304 24.2074368738204 16.2788205960997 31 32.7566787083184 12.369316876853 34.0147027033899 46.0977222864644 35.8050275799363 12.0415945787923 12.8062484748657 21.0237960416286 47.6759897642409 41 23.3452350598575 8 26.9258240356725 35 43.8292140016223 25.4950975679639 13.4536240470737 26 43.2666153055679 47.927027865287 45.2769256906871 43.0116263352131 26.6270539113887 35.1710107901379 16.1554944214035 8.48528137423857 39 19.1049731745428 23.7697286480094 9 31.6227766016838 37.6430604494374 22.8254244210267 7.28010988928052 19.313207915828 28.3196045170126 34.0147027033899 28.0713376952364 43.0116263352131 31.4006369362152 14.2126704035519 39.6988664825584 54.0370243444252 45.6179789118282 12.0415945787923 21.9317121994613 22.8254244210267 46.1735855224608 44.2944691807002 15.8113883008419 20.0249843945008 24.0831891575846 36.0555127546399 38.8329756778952 37.4833296279826 23.7065391822594 37.1079506305589 50.2095608425328 53.0094331227943 47.169905660283 52.773099207835 34.2052627529741 46.690470119715 27.8926513619627 9.21954445729289 50 28.1780056072107 12.0830459735946 15.6204993518133 43.4165866921848 49.4772675074119 19.0262975904404 15.2315462117278 10 12.0415945787923 12.0830459735946 10.6301458127346 25.0798724079689 26.6270539113887 11.1803398874989 21.8403296678416 33.3016516106934 23.7065391822594 12.8062484748657 21.9317121994613 14.2126704035519 40.3112887414927 30.0166620396073 25.7099202643649 10 23.43074902772 26.2488094968134 40.3112887414927 22.6715680975093 20.0249843945008 16 30.5286750449475 35.7351367704113 35.1283361405006 30.886890422961 13.8924439894498 26.0192236625154 17.464249196573 21.2602916254693 28.4429253066558 6.40312423743285 31.2569992161756 20.6155281280883 29.732137494637 35 21.4709105535839 6.70820393249937 31.0644491340181 8.06225774829855 20.8806130178211 24.7588368062799 38.2753184180093 12.5299640861417 9.21954445729289 18.0277563773199 34.0147027033899 30 21.0237960416286 22.8254244210267 14.2126704035519 26.9258240356725 21.4709105535839 16.7630546142402 22.8473193175917 9.8488578017961 14.0356688476182 26.1725046566048 36.7695526217005 32.5729949498047 27.3130005674953 29.1547594742265 30.4795013082563 24.738633753706 36.2215405525497 16.0312195418814 37 31.3847096529504 27.459060435492 37.4833296279826 15.6524758424985 26.6270539113887 30.0166620396073 43.8406204335659 48.91829923454 10.0498756211209 14.3178210632764 32.7566787083184 29.1547594742265 41.8688428309166 50.1198563445667 61.0737259384099 15.0332963783729 35.3553390593274 27.2029410174709 39.8497176903426 45.2216762183801 47.6759897642409 46.1735855224608 40.3112887414927 26.9258240356725 18.3847763108502 32.2800247831379 49.6487663492256 22.0907220343745 14.422205101856 14.422205101856 61.5873363606513 59.4810894318522 48.91829923454 33.8378486313773 27.1661554144122 13.1529464379659 48.3011387029333 33.9705755029261 56.6392090340252 57.7754273026172 53.0377224247045 54.4058820349418 39.1152144312159 43.6577599058861 56.5685424949238 68.5054742338158 72.8010988928052 27.1661554144122 41.2310562561766 54.9181208709839 18.1107702762748 26.9258240356725 37.6563407675255 45.6508488420533 17.8885438199983 30.4630924234556 10.295630140987 21.5870331449229 27.5862284482674 41 44.2944691807002 30.0166620396073 21.4709105535839 18.3847763108502 35.3836120259083 40.0124980474851 24.2074368738204 10.295630140987 29.0172362570938 47.7598157450382 50 33.5410196624968 15.52417469626 10.770329614269 6.40312423743285 30.0166620396073 18.9736659610103 39.8246155034798 46.3896540189728 48.3838816136118 36.7967389859482 26.3058928759318 46.690470119715 49.8196748283246 54.230987451825 57.706152185014 28.2842712474619 33.734255586866 54.2033209314706 24.738633753706 36.0138862107382 35.4682957019364 50.5964425626941 18.8679622641132 14.560219778561 34.4383507154451 50.6951674225463 46.2709412050371 23.3452350598575 15.8113883008419 25.7099202643649 16.7630546142402 32.2800247831379 35.3836120259083 29.6816441593117 11.4017542509914 25.4950975679639 23.1948270094864 46.9574275274956 36.7695526217005 41.4366987102013 45.6179789118282 45.6070170039655 36.4005494464026 52.773099207835 32.5576411921994 51.478150704935 38.8329756778952 24.5967477524977 53.0094331227943 30.0665927567458 11.6619037896906 30.2324329156619 53.7121960079831 59.4810894318522 7.21110255092798 21.0237960416286 23.0217288664427 22.0227155455452 18.6010752377383 8.54400374531753 23 35.3411940941446 16.2788205960997 31.5753068076939 41.3400532171888 29.698484809835 8 20.0249843945008 10 22.8473193175917 49.6487663492256 40.0124980474851 29.6816441593117 30.8058436014987 35.9026461420325 48.0104155366312 17.7200451466693 10.0498756211209 18.8679622641132 39.3954312071844 45.3541618817943 45.0998891351187 36.7967389859482 23.0867927612304 27.5136329843952 9.21954445729289 15.2315462117278 31.7647603485372 14.8660687473185 31.5753068076939 12.0415945787923 24.1660919471891 30.0832179129826 27.5862284482674 9.21954445729289 26.9258240356725 17.2626765016321 30.6757233003559 34.0587727318528 48.0208288141719 7.61577310586391 14.7648230602334 24.738633753706 41.2310562561766 39.2045915678253 26.9258240356725 24.0831891575846 23.43074902772 9.8488578017961 22.0907220343745 24.2074368738204 11.4017542509914 30.8058436014987 14.142135623731 17.2046505340853 46.0977222864644 39.8246155034798 37.1618083521241 35.7351367704113 34.6698716467194 25 45 25.1793566240283 46.8187996428785 39.8246155034798 31.2569992161756 47.0744091837593 25.4950975679639 23.0217288664427 35.4400902933387 53.1507290636732 58.4123274660409 5.09901951359278 21.6333076527839 32.9848450049413 14.7648230602334 27.5862284482674 35.7770876399966 46.7546789102438 7.61577310586391 23.1948270094864 14.560219778561 30 32.2024843762092 35 36.0555127546399 26.2488094968134 14.0356688476182 14.422205101856 10.295630140987 25.4950975679639 35.9026461420325 14.142135623731 20.3960780543711 47.169905660283 45.8911756223351 34.6554469023269 24.0208242989286 21.0237960416286 11.1803398874989 36.4005494464026 19.8494332412792 42.8018691180654 43.6577599058861 41.4366987102013 41.182520563948 24.6981780704569 37.0135110466435 44 54.0832691319598 58.4123274660409 18.6010752377383 28.0713376952364 45.6946386351835 31.9061122670876 45.7930125674212 50.9116882454314 64.2028036770981 14.7648230602334 31.9061122670876 34.928498393146 50.1597448159378 52.2015325445527 43.8292140016223 38.8329756778952 40.3112887414927 26.1725046566048 14.422205101856 29.0172362570938 23.1948270094864 48.0104155366312 17.2046505340853 20.3960780543711 62.9364759102383 56.938563381947 52.6972485050216 44.1021541423999 39.319206502675 25.7099202643649 56.7538544946508 38.9101529166874 61.773780845922 57.0087712549569 47.1274866717927 60.9261848469113 41.4004830889689 33.1360830515618 52 70.0071424927486 75.0732975164938 21.0237960416286 38.8329756778952 46.0434577328854 32.4499614791759 20.8806130178211 12.0415945787923 7.81024967590665 48.91829923454 32.7566787083184 37.6430604494374 40.3112887414927 26.3058928759318 25.4950975679639 37.4833296279826 22.6715680975093 36.7695526217005 61.5873363606513 47.7598157450382 46.9574275274956 17.7200451466693 46.0977222864644 47.169905660283 62.9364759102383 16.7630546142402 15.0332963783729 41.0121933088198 49.3659801887899 53.851648071345 31.6227766016838 28.7923600977759 16.6433169770932 10.0498756211209 31.0161248385416 22.8254244210267 22.4722050542442 49.2442890089805 25.3179778023443 7.07106781186548 12.5299640861417 43.8292140016223 25.9422435421457 43.0464865000618 32.0624390837628 26.9258240356725 14.7648230602334 24.1660919471891 44.9444101084885 25.0599281722833 41.3037528561268 49.6588360717405 36.8917334913934 13.4536240470737 23.7065391822594 20.0249843945008 32.5729949498047 59.4810894318522 50 36.7695526217005 10.0498756211209 39.8246155034798 45.8911756223351 56.938563381947 16.7630546142402 25 48.3838816136118 54.9181208709839 55.145262715849 43.6004587131833 32.5576411921994 31.4006369362152 7.21110255092798 15.52417469626 36.7967389859482 24.3310501211929 35.7770876399966 9.05538513813742 21 27.0185121722126 36.0555127546399 18.3847763108502 27.1661554144122 20.8086520466848 7.07106781186548 10.6301458127346 12.2065556157337 38.0131556174964 27.0739727413618 23.259406699226 25.7099202643649 12.0830459735946 26 37.1079506305589 16 27.3130005674953 48.91829923454 33.5410196624968 41.4366987102013 18.8679622641132 37.1618083521241 34.6554469023269 52.6972485050216 15.0332963783729 25 26 34.3656805548792 39.8246155034798 18.6010752377383 15 10.0498756211209 18.3575597506858 34 13 11.7046999107196 47.169905660283 30.6104557300279 20.8806130178211 24.1867732448956 36.4005494464026 22.2036033111745 45.3100430368368 22.0227155455452 21.5870331449229 33.9558536926993 36.6742416417845 31.2569992161756 36.1247837363769 11.1803398874989 6.08276253029822 15.8113883008419 43.2666153055679 50.2095608425328 30.5286750449475 29.1547594742265 33.8378486313773 15.52417469626 45.6179789118282 39.3954312071844 35.7351367704113 24.0208242989286 44.1021541423999 41.0121933088198 48.3838816136118 26 9.4339811320566 21.0237960416286 15.556349186104 16.6433169770932 28.7923600977759 42.9534631898291 51.6139516022558 24.1867732448956 24.5967477524977 55.7584074378026 51 46.3896540189728 48.5077313425396 38.4837628097877 36.4005494464026 60.1082357085949 25.0599281722833 29 41.1096095821889 45.6070170039655 28.6356421265527 38.8329756778952 13.9283882771841 14.2126704035519 25.0798724079689 47.927027865287 53.0094331227943 35.7351367704113 30.4795013082563 27.1661554144122 10.770329614269 45.6070170039655 45.3541618817943 34.6698716467194 21.0237960416286 39.319206502675 49.3659801887899 54.9181208709839 34.3656805548792 9.4339811320566 14.0356688476182 24.8394846967484 22.3606797749979 38.0788655293195 50.1597448159378 55.9016994374947 33.6154726279432 30.5941170815567 56.6392090340252 56.302753041037 55.1089829338194 57.567351858497 38.4187454245971 40.7185461430047 63.0079360080935 23.0867927612304 33.1058907144937 43.4165866921848 51.9711458407451 17.6918060129541 33.9558536926993 16.6433169770932 26.9258240356725 33.9411254969543 45.2769256906871 47.169905660283 35.1283361405006 24.738633753706 13.1529464379659 6.40312423743285 36.4005494464026 45.0998891351187 25 11.1803398874989 25.7099202643649 53.851648071345 55.145262715849 39.8246155034798 21.0237960416286 14.0356688476182 36.0555127546399 25.0798724079689 46.2276973253049 51.9711458407451 52.1727898429823 43.139309220246 32.0156211871642 48.0104155366312 54.230987451825 60.4152298679729 64.007812023221 29.6816441593117 38.1182371050918 56.859475903318 28.1602556806574 18.8679622641132 29.0688837074973 25.3179778023443 42.5793377120875 40.1621712560464 21.8403296678416 11.1803398874989 7.21110255092798 43.0116263352131 52.773099207835 30.886890422961 36.2215405525497 48.3011387029333 30.0166620396073 52.773099207835 36.7967389859482 45 36.4005494464026 56.7538544946508 31.6227766016838 43.6004587131833 18.6010752377383 15.556349186104 24.8394846967484 36.0555127546399 20.2237484161567 16.0312195418814 36.8917334913934 51.4003891035856 10.0498756211209 24.5967477524977 61.0327780786685 48.7954915950234 35.3553390593274 36.0138862107382 46.2709412050371 37.589892258425 61.9112267686564 8 8.06225774829855 19.0262975904404 27.2029410174709 24.1660919471891 20.591260281974 9.05538513813742 19.8494332412792 14.0356688476182 26.6270539113887 34.2052627529741 13.8924439894498 16.0312195418814 33.9705755029261 18.9736659610103 32.5576411921994 23.0867927612304 25.1793566240283 19.8494332412792 38.9101529166874 28.7923600977759 32.5576411921994 15 16.6433169770932 22.3606797749979 25.0798724079689 20.2237484161567 23.0217288664427 28 35 22.1359436211787 8.24621125123532 41.2310562561766 34.4383507154451 35.3411940941446 39.1152144312159 26.0768096208106 19.8494332412792 43.9317652729776 29.9666481275434 16.1554944214035 18.9736659610103 9.48683298050514 47.0106370941726 37.1214223865412 29.732137494637 26.3058928759318 13 35.1710107901379 46.690470119715 26.0192236625154 37 56.6392090340252 39.8246155034798 51.478150704935 27.5136329843952 46.8187996428785 42.8018691180654 61.773780845922 16.6433169770932 31.4006369362152 10.0498756211209 28.7923600977759 38.0788655293195 46.2276973253049 16.0312195418814 23.0217288664427 24.2074368738204 42.7200187265877 6.32455532033676 21.5870331449229 57.0788927713213 38.4707681233427 19.4164878389476 20.0997512422418 46.3249392876019 32.0624390837628 54.4058820349418 29.1204395571221 21.3775583264319 9.05538513813742 17.0880074906351 43.9089968002003 25.4558441227157 37.0135110466435 43.6577599058861 30.4138126514911 16.1554944214035 27.8926513619627 17.464249196573 31.3847096529504 57.7754273026172 46.3896540189728 38.8329756778952 9.21954445729289 39.8246155034798 43.6577599058861 57.0087712549569 10.0498756211209 7.21110255092798 18.3575597506858 42.9534631898291 50.1597448159378 51.9711458407451 36.8917334913934 28 24.2074368738204 21 29.698484809835 20.0997512422418 39.8497176903426 15.2970585407784 15.52417469626 21.5870331449229 36.7695526217005 18.3847763108502 33.0151480384384 30.8706980808663 32.649655434629 23.7697286480094 37.4833296279826 38.0131556174964 18.2482875908947 42.0594816896262 54.561891462815 44.2040722106007 8.48528137423857 9.21954445729289 21.2602916254693 27.459060435492 53.0377224247045 48.3838816136118 24.5967477524977 15.2315462117278 31.2569992161756 41.4366987102013 47.1274866717927 31.0161248385416 15.52417469626 34 51.6139516022558 55.9016994374947 52.1727898429823 51.4003891035856 35 42.7200187265877 21 46.9574275274956 27.5862284482674 20.8086520466848 6.70820393249937 36.2215405525497 42.2965719651132 26.4764045897475 15.2643375224737 12.0415945787923 29.8328677803526 17 23.3238075793812 15.8113883008419 46.2385120867876 39.1152144312159 27.2029410174709 20.8806130178211 9.21954445729289 39 50 28.4429253066558 37.4833296279826 54.4058820349418 36.7967389859482 53.0094331227943 31.7647603485372 47.0744091837593 41.182520563948 60.9261848469113 22.8254244210267 36.7967389859482 13 24.1867732448956 33.6154726279432 43.139309220246 10.0498756211209 22.1359436211787 6.32455532033676 29.698484809835 46.9574275274956 23.0217288664427 59.6824932455071 43.2666153055679 25.7099202643649 26 47.2652091923859 34.928498393146 58.309518948453 10 6.08276253029822 11.4017542509914 22.8035085019828 26.9072480941474 16.1245154965971 17.0293863659264 27.0185121722126 17.464249196573 19.1049731745428 28.1780056072107 6.40312423743285 15.6524758424985 39.1152144312159 26.3058928759318 30.0665927567458 14.8660687473185 25.4950975679639 24.6981780704569 41.4004830889689 22.4722050542442 24.3310501211929 11.7046999107196 24.5967477524977 30.5941170815567 32.0156211871642 24.5967477524977 8.24621125123532 21.5870331449229 20.0997512422418 27.5862284482674 23.0217288664427 36.8781778291715 26.4196896272458 29.4108823397055 33.9705755029261 24.738633753706 13.0384048104053 37.4432904536981 34 42.9534631898291 39.1152144312159 54.3323108288245 30.5286750449475 20.8806130178211 44.6542271235322 60.4152298679729 54.1202365109392 23.7697286480094 12.0830459735946 31.2569992161756 26.6270539113887 43.6577599058861 46.690470119715 11.6619037896906 31.5753068076939 23.0217288664427 37.0135110466435 33.1360830515618 49.2442890089805 35.7770876399966 47.169905660283 55.7584074378026 56.6392090340252 48.0104155366312 61.0327780786685 41.2310562561766 57.0788927713213 39.8497176903426 20.8086520466848 59.6824932455071 36.8781778291715 27.459060435492 55.3624421426656 61.400325732035 18.4390889145858 25.0199920063936 13.9283882771841 31.7804971641414 30.6104557300279 20 32.2800247831379 41.5932686861708 21.2132034355964 42.3792402008342 53.2541078227774 41.7252920900501 9 15.6204993518133 20.6155281280883 30.0166620396073 56.5685424949238 49.8196748283246 30.2324329156619 12.0415945787923 35.4400902933387 44 52 25.3179778023443 9.05538513813742 30.6104557300279 51 56.302753041037 54.230987451825 48.7954915950234 34.4383507154451 38.4707681233427 15.2970585407784 6.70820393249937 43.2666153055679 26.4196896272458 27.459060435492 30.0166620396073 36.0555127546399 31.0161248385416 16.1245154965971 18.1107702762748 39.4081209904761 27.3130005674953 19.1049731745428 10.0498756211209 55.9732078766261 39.6610640301039 44.0113621693308 45 31.0161248385416 31.6227766016838 43.4165866921848 29.732137494637 43.8406204335659 68.5054742338158 54.230987451825 53.7121960079831 24.1660919471891 53.1507290636732 54.0832691319598 70.0071424927486 7.07106781186548 21 20.8806130178211 46.3896540189728 55.1089829338194 60.4152298679729 35.3553390593274 35.3411940941446 19.4164878389476 15.52417469626 36.2215405525497 25.7099202643649 29.4108823397055 55.3624421426656 30.0166620396073 6.08276253029822 50.8035431835222 32.7566787083184 48.0936586256442 43.9317652729776 31.0644491340181 24.4131112314674 12.0830459735946 60.8111831820431 45.2769256906871 47.4130783645188 46.3896540189728 32.7566787083184 37.6430604494374 49.4772675074119 35 48.91829923454 72.8010988928052 57.706152185014 59.4810894318522 30.0832179129826 58.4123274660409 58.4123274660409 75.0732975164938 12.5299640861417 27.0185121722126 24.1867732448956 48.5077313425396 57.567351858497 64.007812023221 36.0138862107382 39.1152144312159 20.0997512422418 21.5870331449229 42.2965719651132 26 33.9705755029261 61.400325732035 36.0555127546399 6.08276253029822 56.302753041037 38.4707681233427 54.1479454827235 18.1107702762748 30.4138126514911 31.9061122670876 46.518813398452 12.6491106406735 11.3137084989848 27.3130005674953 43.6577599058861 40.0124980474851 22.8254244210267 19.0262975904404 21.4709105535839 10.0498756211209 27.1661554144122 28.2842712474619 7.21110255092798 27.5862284482674 5.09901951359278 18.6010752377383 21.0237960416286 43.8292140016223 36.0555127546399 36.4005494464026 38.4837628097877 38.4187454245971 29.6816441593117 46.2709412050371 26.0768096208106 46.3249392876019 36.7695526217005 26.4764045897475 47.2652091923859 24.738633753706 18.4390889145858 31.0161248385416 50.8035431835222 56.302753041037 18.3847763108502 27.8926513619627 15.8113883008419 18.7882942280559 14.560219778561 29.8328677803526 26.5706605111728 7.07106781186548 26.8328157299975 39.5979797464467 30.4138126514911 7.28010988928052 15.2315462117278 6.70820393249937 14.3178210632764 41.2310562561766 33.734255586866 21.0237960416286 9.21954445729289 21.6333076527839 28.0713376952364 38.8329756778952 25.9422435421457 18.3847763108502 22.2036033111745 36.4005494464026 40.7185461430047 38.1182371050918 37.589892258425 19.8494332412792 32.0624390837628 18.3847763108502 15.2643375224737 34.928498393146 13.0384048104053 25.0199920063936 16.1245154965971 32.7566787083184 38.4707681233427 18.3847763108502 24.4131112314674 38.2883794381533 43.0464865000618 35.4400902933387 49.4974746830583 40.5215991787096 24.2074368738204 49.6789693934969 63.7808748764079 54.7083174663597 19.313207915828 10 31.0644491340181 32.7566787083184 54.9181208709839 54.2033209314706 23.0217288664427 26.9258240356725 32.9848450049413 45.6946386351835 46.0434577328854 43.0464865000618 27.1661554144122 45.3100430368368 60.1082357085949 63.0079360080935 56.859475903318 61.9112267686564 43.9317652729776 54.4058820349418 33.0151480384384 12.0415945787923 58.309518948453 37.4432904536981 13.9283882771841 18.1107702762748 48.0936586256442 54.1479454827235 27.8926513619627 24.4131112314674
Deviation Vector:
2.92531375228894 11.6797173821459 15.8498423945592 18.4147963722873 6.3998267196118 10.2275416452801 41.8241466993188 8.28911682142288 4.58960333166238 4.27784042638292 0.913313622325539 4.28462092337532 28.0321310908224 0.946252693328441 27.0110197627695 26.2990647924151 25.9340478951194 7.96933951375731 37.4958064427743 33.0530805360007 4.03105784391604 7.29412971331287 8.84331214103591 35.6842436024329 31.7430732940985 8.11103169448631 8.37092302251473 46.8613080242802 10.9872066548184 37.1065860543918 30.636901012845 5.87870917816923 4.46087243430334 48.1085314528839 1.25568533083017 25.6446503567473 14.2068930248349 25.5342998151566 36.7617307884769 13.6596375625148 1.7272652323434 19.9004143807679 47.0528254932441 24.4491709867546 18.2419291234589 22.3733488225272 7.80144863567663 23.3407069537623 51.7005108886278 2.6318693689436 7.44260729826058 0.809141757564645 15.3032534098983 27.298178750269 26.8465965110649 9.72261211801299 28.855789320606 39.5331878968874 5.31170643548902 38.3241654308486 3.10389031684207 27.6602396224132 11.160623677787 18.875605276986 22.0522243746807 3.35964528131139 18.6417721359888 6.98756268177776 13.232841052817 8.29053881499959 7.96906747283349 23.4070236489976 46.6397110561242 32.7331309130948 0.612865338847224 29.9737127836647 10.3766562027447 29.6460091365781 6.79866939866741 5.51540508242005 13.8669762126762 25.1623759455011 9.78068414659926 41.4013255934118 50.2204162866555 6.26488158272565 2.69355318960629 24.0706747801855 12.1763837146657 10.3949545352918 32.8014641969927 59.6632412264207 2.65439475431656 8.87986470065712 17.9907673053461 44.4925319537721 74.1285514962527 0.671659022622425 23.1876890901435 2.49781527622777 18.453546368568 51.5608848831617 33.8611970495778 12.812527583762 15.7219808766255 15.1721530601816 12.9156410787544 32.7694863526712 34.7137607367457 1.40615649289362 7.7515061575973 15.3701441794642 15.3440456005786 16.195434137586 19.6867977487601 8.9487808579575 33.5102677458166 25.4759123096267 28.2778693328991 7.10791800543687 59.7307480531171 18.0350373912181 14.9456827086144 44.719303807139 32.4760304698591 29.4796006607165 38.470961338646 34.3390642376653 38.5330302175342 51.2136511547771 73.2313958236062 78.4341046730198 10.7280844469498 36.3868753473663 17.0471700770615 82.9992931377537 12.1634780296318 3.97670478669622 12.7563935540609 52.0542593646162 13.1295896712471 64.6113396129817 14.2168041674069 29.6792070958306 2.65878777940834 20.1391186121062 2.97199872849373 19.3817222742665 7.6321883962174 84.2898226110522 2.06983669535624 15.4469431167069 5.13809738767164 22.647639157817 35.4371479034761 16.7498394310241 24.7369134562704 14.1635865145585 3.00699304485635 40.6469054528798 26.4026524402849 1.24161641753845 27.5454283748329 5.06635674031458 26.7552872617329 34.7493505168774 38.0063069823248 9.37011949893552 19.1103561372973 15.1347044812147 10.2045438374218 55.1000061295845 3.52553717457037 8.39539785928578 15.1157981528681 36.3554220887193 29.4195735757401 41.9307754748742 10.7101701716997 28.3283966538906 18.1887618832582 17.319996630524 21.7483521073454 68.3215730374902 39.2379145196891 17.5416843170827 7.64664000843702 18.9716900570426 28.0071742362945 10.257492792185 85.2622360238396 35.6083796836475 3.8664779502532 16.9775631572217 29.1814607168797 15.8739913049499 2.64796147446688 10.9566996046115 8.79509477716783 28.359934117039 34.8572225792224 31.5669511075284 43.9852675670215 2.52077856593604 3.70660659926771 8.05685797326969 8.73071885685771 32.3633175412488 6.01162526094096 18.7772688617332 4.53035958408896 18.0932700344931 1.62485583349857 37.593408384017 34.4733530479031 24.149539207459 0.361949388716464 43.9920638282466 1.64664383515928 31.6052393657739 58.8132801330757 32.2391585089029 56.2883574553568 3.65854593657821 10.552717642218 23.8654076628147 20.4165704455098 14.5651369621262 23.9982451298266 59.8927275768151 20.9024604831166 9.8673106243216 4.72729289868255 3.83722669608279 12.2676963950735 15.5785118675542 24.6786823927609 14.0212900862197 4.5908267097698 27.4450372340294 0.987310539217505 8.95368595091946 22.979251588485 5.15755779273867 1.06070900931445 1.83215106438268 29.7488242598804 0.637664330792476 45.4383091287702 35.8692885465797 24.5582850625396 16.8528643612009 37.5592469591132 33.2273440721852 53.7436474994022 0.634002120892973 16.6903037038699 13.1068513454327 12.0630999730629 21.7915967487642 7.46875014504468 35.2759786038706 9.01569024474064 62.8085028416158 36.5872464380002 22.4707267278329 35.5588825276731 25.3330379791251 3.9505867744755 48.1090793683801 1.3084926365403 4.01492386659127 75.0818459231769 19.1139987553605 6.38071918317336 54.4852154235291 28.8904590630125 50.9726468248889 65.2375986194942 8.54587066651582 12.3903948436694 45.5540851297159 2.66312827541946 11.0478760849826 8.31851092485441 53.8156145230082 7.74994947054481 5.62903327644948 27.4967420533433 44.686668530444 33.2641666199394 74.7340621814971 25.9574411695841 67.1578109922143 34.8858204480526 2.20532499986004 14.8602682212598 14.1864550126955 10.7367396255135 22.5356115258289 40.5518814509846 44.0170853422335 70.1095798882088 29.7871608351324 2.8466820947765 94.5195949852391 72.4313308178662 41.8709434475619 60.8301402009156 59.1826724485417 57.3630166514604 36.2096952949509 15.8005526793842 17.4685794568966 19.9715164380033 20.2938862435517 46.0012077211195 41.8338581417324 19.344852565514 3.66087991482072 25.6344895938881 25.3416681081489 2.94915029875938 40.7961454941056 12.7325076726863 40.8635781290642 4.44567111080948 39.4135258223459 14.9694760509829 34.0187786500022 43.6459391954643 7.81377863933315 16.1691749757928 5.97765254311021 1.53743581036303 13.6346134995897 14.69202422476 10.5090558960792 20.6901626429306 1.53151831097906 36.0891251672694 57.3062646597223 6.32026848780391 4.85023532746081 63.2110896985819 66.1346393434888 38.4521209618796 25.0151745973643 48.7006908107686 20.8778625465817 56.0483038722008 7.08159728773984 30.0651330977152 18.7026667014736 1.24818236094959 49.9060062379624 12.4169837101994 4.6376687714625 56.4380717229128 49.6144287906661 14.3625561366764 5.55884198576434 1.18517440299028 0.223456394857851 38.0802537488109 3.58603764975196 4.38667698049729 36.6636719550956 56.3833486239428 17.3608427060975 37.7190712101506 15.7570236803421 1.72013051235053 23.3054526170878 69.4431008323591 55.8777927410793 21.3898150624595 28.2868394383303 13.0644400169083 1.4232098111457 1.03901293223678 54.4419744660222 7.5432643948638 32.4320844839561 8.26648333554392 13.7589578700597 47.4912106445248 6.75646684353931 4.16014246079428 16.601389242207 1.56731706956474 4.68856224337858 36.314766291448 4.80512501148592 4.47541546223117 8.47218794908401 10.5331360473532 37.3320665328503 15.1182570809563 3.00959287286385 23.8389588864663 4.21193346877914 65.6192877711086 51.0769193311749 11.4344105334208 24.9057108329459 18.3251446896166 44.0049860043904 26.3955814375889 42.4448103819675 31.021741703576 29.7668718455182 45.2873901566356 4.0849122537048 25.4836407567503 10.2443146945125 17.5184494468452 8.1953812851767 13.6709192074894 9.99026211309405 51.7556566831099 15.3702592343539 14.7586595005112 10.9722686334903 28.5328153742292 67.4850936858419 24.7061912976654 14.0512969728834 4.28476903647602 0.0432660151561851 14.1667180202443 16.1093467579731 4.71805575772939 25.7548517302541 11.6523302312447 19.9030230410954 19.469144916981 4.19085904914203 6.47266145154202 27.7293781669277 18.606456564326 7.56471734929101 13.2125802839935 15.0343278524223 2.6471764241748 22.9721383358491 20.4448720406155 31.3167999846881 26.2072615968951 25.41198140174 3.74599464141917 17.2401622761863 6.72314733982967 51.1314015195938 39.1382556342394 11.743633857302 31.0455140834339 16.4047071783337 3.00817193922505 46.1245533635637 6.03765854690722 41.0697725477357 31.144851535181 33.6283869642332 22.919280800896 19.8953259472406 2.79058785741355 38.5033472855594 8.89588253423553 19.2399443522907 21.7251816292461 30.0919997286262 13.8967797198294 12.1481022424434 24.7154433384586 46.729446381263 20.1518419707147 11.0061279871126 11.9680548692683 2.86151117528428 4.47443429013672 16.2847123507581 12.8414304422131 8.09513888070784 5.78786927591442 5.71052037213333 31.3975799650293 5.68087835334282 43.8493922442152 36.6303492420063 4.36758305721117 20.2008010134474 25.4492561280206 1.23908356391041 2.68468799240107 2.11699953979085 30.1552507483484 16.0213324065539 48.603989150099 6.85389068172887 40.0707534601698 16.4433986024676 53.6643197166567 48.3130282231711 2.40302702547746 13.8696459184384 24.0788680880532 26.5552683970132 62.4769473739384 63.1215841818616 67.9245743649672 0.481620713330827 13.8423853792913 6.85196745804498 15.3959996630769 44.2806524854295 31.4061322450959 73.2309096413457 45.7005207948493 10.1936861299493 23.9145158095353 41.4313232468555 51.7017816187697 15.5332632015629 19.0042222935559 17.4338069488425 46.8294087281866 38.7927524639132 8.11720576109169 14.5743404636864 29.6128840979895 0.585004510486215 47.2636415983722 23.3648697914639 58.4575524595727 70.3491144049173 1.59907583409957 7.66258320962823 19.640647062431 66.4626525439451 79.2103161379743 110.588138468376 113.161513329606 4.49409649467012 9.88861356015946 17.266195031572 20.7299652354971 24.1948769502716 10.3195196028101 29.7627851084505 22.8465177798204 47.9739740311573 3.18255743127454 14.9417748459543 17.9761530650709 0.0195748696545002 12.1648458250138 42.3837978584506 14.0132849925621 8.09977550157335 7.65611613625873 4.65679375592556 11.741739222525 12.3021956394964 23.3351034067839 72.4588400738979 39.3089816799611 27.984297502783 0.491281583125845 13.8754435239938 4.67646385377799 42.9808590200082 24.2152049829174 26.2200602510805 74.0995860347608 73.354196682628 35.7953949365542 29.3469922065714 36.8068934053811 62.1167561224123 7.65878735236949 25.340538258111 33.8084461939561 15.1919724530994 61.3199444089802 5.45730600004152 16.2357815611086 49.8659674163557 0.316832548910498 20.8204904865087 3.20550307605504 7.66723690128844 61.8413754130005 32.6303432341329 33.0926050942655 6.28822774160565 15.3232867873819 9.67840931199571 39.7700556371192 22.2086305695036 7.10348487660173 3.83131267564635 11.0446657807223 35.1535196333293 46.6952470767479 14.8619529631277 58.2317270269988 15.5492617268154 69.313411533345 20.6496374599964 83.7873227142989 1.12899438340352 51.8086294747083 44.9162970994622 11.9298995735509 27.1073893497089 41.4092755366204 10.9136693672894 8.79625665532545 74.3115735725506 24.5643586852168 3.68566060371338 33.7673817746128 0.149624909864494 26.786466689365 25.9919598826978 3.4535011202204 4.2773555174428 12.311328233893 0.160983393273886 25.6904586339598 24.2946730259542 10.2732251042375 9.97465937379503 9.55009638790323 13.4033411780065 0.563841218400255 12.7041849282601 2.19455389240526 45.8425795121183 25.3584570457838 0.581304363952153 75.8157693078015 3.60150241055254 11.7869426065971 8.2608905757975 28.1525148726014 41.8959544496544 61.9521731449771 37.0016236061874 15.720245520518 4.4103741405659 13.9830726449078 10.0638539468856 5.29826881054159 16.4514216171016 13.6315400168859 6.87573603523498 31.237437336223 23.4670615689034 16.0245071296609 4.4244017176491 36.8278045851428 15.9991420123551 3.07924659271938 7.43549954730844 30.7714557428355 0.952422718819595 7.00140473959391 17.2091990912809 1.78074369545708 50.8626772324021 19.1666570273958 39.0711671348092 35.160412848706 2.54426331698986 9.58345532941921 14.2552259377728 13.4778067076086 5.58025660291663 22.5488711053268 4.07157805406724 15.7396325440606 59.1306948166031 33.3482653875691 18.1619413917368 33.4590028794125 33.2273813332551 48.5656394940815 15.8968125358772 22.6051079652542 1.34522634213123 34.7339285366683 10.5553020468997 24.4901873504547 27.893527136473 15.6836465642446 85.1144141063802 78.0783927137578 4.67444788844659 14.5088787456785 45.5146662413268 8.67808927387784 38.1380968010036 49.2243467314376 21.6015324690495 0.110353555057725 4.25252472681146 15.3012851808591 35.897159339495 11.7372308747359 35.6648932490436 51.6757576474503 18.5296310893524 12.3153014455982 10.1570124126369 12.5005459812742 5.51095967317446 14.6127989485544 9.43352845424485 17.285690454986 41.9733353840849 32.1619107829003 11.5191908052451 26.7606115688297 0.737273854840214 17.2625490167965 56.6610416219793 0.200500208581898 53.6881114815235 36.9775805210843 28.2090359061511 41.5062462871523 35.435512225153 16.1724445603402 33.3246089423845 14.6249261428156 26.3687075735373 17.4983446472882 37.0909830459728 0.989291496396862 41.6438255168352 32.6945126969026 74.0702800175502 24.7037055086109 23.4966185205182 16.9993916294673 55.8484501145288 9.08913820855379 49.0593111612007 28.0350092932686 39.9476583041652 8.19501444358511 35.0835105246276 19.6300124044557 38.2259178591794 31.905425658994 61.3938081778445 21.4646089625586 28.261654812404 57.0679606936609 26.6613137667595 23.1904909933276 12.7133324745818 10.8773987725139 22.5476974559753 59.3445305373656 21.2861250535677 82.0619870029485 20.5242304117257 11.4059988491562 82.2550725745389 1.60932828568355 31.6776730413224 61.2877005216633 29.6584088270554 69.1450196372977 1.78824688114249 15.3871474572598 50.7508167944188 33.256803337425 21.6298361193842 6.07614343151582 9.59221651082658 36.6891018051303 7.84021657942306 34.6001460786549 20.1235038180894 39.9351682126453 13.7781488201114 9.68939281017884 18.1036247063087 37.0883629988359 43.0230018716002 51.9047352395412 60.3550340339823 27.9192203267998 23.3295380811106 9.71825869912153 80.4110792437012 14.5186082482406 6.73568365887152 41.0690585007281 44.6752132088709 75.6097746246935 17.5079683371629 38.2543385082188 11.6291206000426 6.4189440138807 3.05576141984147 3.98572645725974 0.836581529948004 55.8628682673839 17.1963273398571 8.94762217553687 3.23354641441692 40.2598158217185 14.4810451277676 32.5977176725929 25.98092925185 29.5814299406679 14.997612824243 38.8793650755976 21.616087258236 2.2050200889566 44.16530716061 6.94826065334887 1.37300103191722 21.1944286036261 8.20119659995728 26.3302844336006 26.5512719463451 47.2278429092749 34.4956302063863 3.44771910824241 5.74541621150024 49.524425322683 65.2753187303946 72.3356857762467 4.29010787989287 38.0228848817059 69.9163668492807 16.0994541286183 56.7429742339544 21.7087888101618 50.7423415754303 40.4138091389822 10.2142669618844 7.61299787764106 15.379567608773 14.6093672252758 56.8506162164585 12.9829463868643 12.2416407037488 11.9861972074083 54.8662673715005 0.475621661765325 15.8527825080598 32.4393047953985 11.3224757694744 9.88067362339837 15.2271845222142 30.0313703168007 2.63017149181427 7.23429345483186 22.7222041130238 8.08159887433823 40.4193333509591 25.2274470966687 5.00653924739236 5.03024969390302 28.0991212900934 4.41391002109454 19.778743025025 30.2525507399144 23.3933633360872 14.1920061016047 66.6132355791236 6.30824940403093 22.4978408547696 1.44790715401013 35.0550493280139 34.3523575795657 27.704726411601 24.044926115284 13.127349836196 25.4212951424518 0.0856760810290338 3.42450576525259 15.4194683873544 75.6491968062707 36.515797530425 19.5962058774747 18.5618943297615 46.959137000016 27.7437270132101 1.12756725628842 7.32385209304345 25.4243175928036 23.9295389181289 23.6720382616203 42.5698229349035 46.2084463837295 8.68785157004262 1.29506876865306 19.8618009080673 60.8573154767068 31.2517022396972 27.2895598044385 5.826232104737 51.5126752763001 14.7415698346865 55.6492774083753 29.8847606865477 29.0404344469713 28.7420546902698 19.3369846866832 23.4219938654089 58.0155292447022 18.2489445185949 2.47289920685795 24.7341059608827 4.1761951452476 19.9822134566008 9.14375469265542 66.9439474444817 42.5187408802223 8.28303427623364 6.51164696020626 20.9203896674109 53.4065021734462 42.2240389793551 5.37372250783815 26.9376688216944 2.21764022683192 19.4563589344919 8.26476205668657 42.5571654550285 38.8943797443636 55.8092685163479 1.17351667075482 32.7015371472206 7.61801433416502 17.920456164937 40.1451474583204 65.1615518727036 44.0551163212169 14.7516509309478 9.2764961912276 10.9697579981774 12.0055539422805 25.8354064360308 71.6724480927593 47.9534142684788 2.95905743168055 10.6757129969865 64.9321003032611 52.9702783961805 21.0996779126089 14.9062268909857 18.8039915342749 0.864811199378512 19.3177285731866 55.2337626094793 36.8569244708105 51.7000353385599 4.97014203456967 32.5702161506914 43.3845701032117 61.5933465889856 36.4790817495943 46.4546765528436 11.8993880238863 49.2240778546469 27.8177197219719 6.55837961425485 31.1903708576123 55.2509142241105 36.2176611123981 22.0526871275368 1.6989118308368 3.08271305201966 5.02502481929814 0.134786317187728 71.0107893897821 15.4421415209975 9.67733418292346 31.1049025952487 16.9923523584554 5.69532541774951 44.0829748900375 45.3383752772967 23.1069095899825 5.01574583738981 21.3251454236808 1.76211723129839 75.7398287236622 38.9207892174517 23.069674492443 7.20164429470854 16.0420389307712 3.33339847725123 61.023246527996 39.220274970681 70.0053053843694 5.83277974080179 33.2555785605813 31.5712291009395 76.3455264535333 6.60123004728663 17.7773521614321 43.2704097034785 11.2253105486406 26.4033778316837 41.1643329401906 4.46240484545093 23.0148441834767 2.80846894854833 63.6070648368208 18.3659094305164 21.8488091880216 12.0586116080135 10.5468265725166 12.8311869339694 80.5938610492347 20.5610360343078 11.9908053055025 61.549737914943 0.499698070056396 75.3786276153855 5.92581923677034 20.7708058919884 56.8308873932167 84.0581379935544 38.4605148803722 55.6654115455936 30.06506806815 9.77891452725926 7.64961346814988 50.3964725240238 14.9226341994454 9.38947035079521 45.3479904844763 53.0638796998164 10.5529827575677 26.1871964034862 77.4426836927529 10.5129956257362 41.5633401794188 40.9252050908574 31.1284925607306 20.6605866361325 36.4398544072855 4.07183981229373 6.83639530600878 9.31173060516786 31.9544269592855 28.4916099923921 2.82841038938417 10.7878202517897 19.4722713799777 4.18826770462857 0.706770418120232 31.3292093803307 2.12771383701216 19.9231442159164 19.237142974695 2.7154858239725 7.97787320423009 20.183634250326 38.7979976335521 19.5103096367615 56.8068510725357 32.9309145804232 12.6627406768693 13.2549712316685 9.68729714316215 0.70341690955235 27.5656612391788 2.65530666567315 26.8854813254198 4.0743689182335 23.8324766799594 2.87916508200046 5.39708879542844 63.0372705964484 21.3339079078501 7.16774731404952 42.3040429869559 19.7359951873172 27.672712301912 19.1620369027419 31.6220832324272 22.9516977662352 25.6542001782635 11.4638773830831 48.754751459375 10.8408613306183 40.1835025767189 33.7278071684897 15.1617455796616 44.5278073189843 29.8215978078419 26.0164094011123 28.9868922749891 58.2047982385128 10.2433287975178 70.2925291230815 29.1396666518248 63.5015497144695 64.0649499773045 37.1003619080699 24.99558348317 17.3131044007677 7.34295874516734 15.2595653865767 17.2837820404867 62.4135313052711 11.7477139748913 35.3479849150043 11.6347740986196 21.3851190133 2.18355278405474 33.1548911220382 16.8335130511419 2.73140455149564 21.7061549240382 26.7732107680987 16.8176834778363 27.0317046662382 53.7426890534352 44.5346301543815 10.3208133869734 0.00156769771536516 15.4282787140072 55.598309801434 26.1638872670773 42.9387342169253 43.8915038380429 14.0076338221956 14.379407747407 24.4280401360897 18.5322307740492 24.0267670826254 82.4541569981547 7.67556505179042 50.309792443884 2.34819946805696 60.3578437003833 17.5504079183695 9.33636891527742 3.71718632581452 6.50865107830753 9.34437890603727 12.001152079226 60.0665005075744 30.1443161985963 51.5496601282677 25.2889148953283 22.8290071101654 12.8955309265988 7.85941310998025 17.0051427316875 43.7095688781392 4.05086499710472 1.90269865445387 15.9038451556373 47.5293492460294 23.5811654041899 3.82116693746319 3.91596215690743 17.8385866244356 23.568339120834 44.5303044552988 49.8702251235426 14.4586861319606 56.9258873960981 53.5316335925648 46.2829504785033 10.5447205414738 12.7517120293664 25.7419580531229 44.2799618244251 34.9709141705654 4.52268397263543 6.53374332222205 3.51114230301573 21.0514404537057 1.51706537544703 53.4281167109447 50.1392046870892 10.1013404456263 47.5433397673708 43.1618942191906 6.77523733117475 1.92002409870464 49.2831201624428 30.0275685541325 56.7932379944398 12.9172893494015 45.7210544337229 40.1732617987726 24.1686816716005 2.27308980538936 36.8712430347967 35.8271962479963 29.9496677981694 11.3727369430562 2.43022633223039 16.4637709551499 6.14404490250698 36.9667580603608 2.15542609005593 16.0748144011514 24.1712605661172 6.25113055451098 12.8057531140995 7.82248972398807 35.2283637377288 32.4947991914169 10.1204438884802 33.4913033029597 70.7592304670179 4.70276246883226 5.48105543294251 45.1624899406782 7.74868493930801 43.7443223423436 39.8070115064691 34.1019643525057 1.87551011419873 0.00896126579922781 32.0225183741987 40.7568170626597 14.6475879394174 7.19128398261668 9.58804822394046 9.30168093638672 43.3779713176088 29.8162374652921 9.12227143267962 11.6787346563907 25.6810837343297 13.6922619530774 14.1266056131754 57.2620188668532 26.6282086436997 67.4416836091027 4.33627151863698 0.239108383851002 2.05420524338046 18.0020704004562 25.0992908007454 23.8763157118655 15.6201500626118 27.9967318202105 22.287530717687 20.6687502565293 13.3018778953026 1.9414226871643 14.8626584868421 20.4586436902328 7.99406130942313 19.4579867211646 1.62236432846138 16.4043148055085 33.656763275452 22.4504843316804 10.9621541612923 29.1240038594225 13.7792301735085 21.7448928041208 42.6075171319563 4.62458421061182 34.8443155155855 2.55348592368559 29.2709883971901 11.1079400581022 40.4488863558993 3.75792678559587 21.8300318115003 0.530800774012669 28.019068773708 51.7968947282929 37.1286654448064 3.17587008481297 34.9951575773452 39.1228495552322 56.9318065615331 55.0227292441857 78.9921890593672 19.8016549041265 6.33462286197169 5.8682060915066 78.2853168416444 22.3248924499475 18.4178437637089 12.4716935132789 29.8435999490421 33.6207552885252 26.3172594939422 23.6101958291257 6.06843466502906 11.6554863020629 14.9669457402845 11.4979235977214 22.4923956595291 18.6995011096008 30.8857132757707 24.4676901851171 30.2747657509637 82.4231769583134 25.868256784921 91.283074167988 55.8121648175124 23.5905265894374 4.49794451910739 13.7735758191904 93.3415631073279 53.0419802633934 12.1438732371231 77.0365409496507 28.2798730207801 13.7486861071463 38.1031704292479 1.81102469027893 36.806031158858 20.5521014979871 23.243773888555 15.7064398896876 12.7989251259915 2.94124002914934 42.0505142850192 44.0986744600067 21.1874498840693 0.144181924206913 17.7873984273245 24.4618279722452 11.8790804763363 21.2504160261016 3.93283210687932 28.3795715359972 2.46303609012331 21.8929897967764 35.5523237768088 81.0257678164124 26.1039312831276 8.33892344165397 18.1752047268734 49.4019963541488 41.260744952417 56.1839449182723 35.8068942973092 41.0993780946239 5.9742576197903 9.64294457627144 8.87792472989381 56.8275007022437 34.3928057890353 23.5951855841555 5.21235956824427 58.0314616575395 30.9521498015775 18.7994453396293 14.6921414772592 59.3376630211797 32.2815718974999 6.18263113327177 10.7126553924895 88.306795837067 27.7338531576904 50.3881858849972 40.0513079629392 28.0328559251384 4.30990759324819 3.1125710349107 24.8458924589932 51.1766705337803 67.996538102547 77.5186331890328 27.3747181942736 2.39394982089768 44.5978249491527 67.250985757294 90.4829178431591 7.03129676381652 5.19759610147413 20.6630060408837 31.6125081768719 85.3798773792086 13.4435302380529 30.2325228381588 54.15857877001 23.6969740874676 6.12663705302372 25.9832048204134 28.2766023461853 46.368129677231 57.6298078674602 16.1920626181525 9.2937310911286 5.78555233137854 1.89925244307019 38.06918228635 44.7092007846905 6.03494837577594 21.0747226723008 2.7429557199026 82.8008963995617 10.3901284485044 1.42613258562073 11.3615844780356 10.7619413483642 32.717879251055 73.6413470305697 56.7358095328254 11.6029756851967 7.97510482678284 56.7976292894266 54.6421188734491 0.977474920532425 70.4905331878936 8.61033844613666 117.485311344774 10.0350678645563 14.6455891328041 15.8650005226359 13.3091812040838 28.3390074034471 4.51552004892422 29.308395474192 15.4039651396595 3.70694229271235 18.8193338258824 50.1372361334766 31.2552163366948 36.2146943748156 25.9282641894174 51.5280991634589 4.87424822746452 36.6959803421433 56.1369765642752 56.6516282671939 17.7540539801796 21.3513055778549 28.9796750421959 45.354967093121 11.8802661782897 11.5153891542532 9.09226902569648 10.1075930261108 42.025870357982 35.1435427992805 7.2095399277412 21.2328923812756 7.17768721294515 25.0195558724882 0.523424051945761 7.12874413229781 38.9864652656601 0.454079030446722 3.27456179301989 3.79947780168191 11.9863914173188 37.7800600972935 49.7266538481654 56.7867636530645 18.7308828690182 4.80940105440311 59.1523057990501 33.6095362388133 37.698984485348 40.8603699935881 18.7653926528683 7.92886265235806 4.62455536492728 29.8167227440414 35.4431738576969 57.2126173991586 56.7824216016348 27.1290430768528 37.8690968239404 6.83830589714594 26.0959332059582 1.60529783287158 42.4046419608792 12.6690862683575 7.29193181395155 38.636911148122 58.0263367844868 24.882986337549 11.1310324018761 0.229725667525826 6.70062554265302 2.52135093579805 43.8250078222043 24.9168271004891 0.53308763836421 14.2945162139694 19.4841199766499 36.5979036165915 47.1035939125747 2.2855829060491 14.4992697034493 6.55878358221117 9.31327589999124 39.7247234268384 10.9050935118885 52.5728156784945 9.43644746050725 41.5082080245601 22.9417918421988 3.15557599513101 3.51912588238928 13.1749136224154 7.93086120438572 24.5440781518512 48.7182581246511 51.8668994023282 24.5570269392138 32.3795438980722 20.6764066499778 53.3064213642592 47.5393380545468 76.1710740815248 57.3155431013908 18.8325869295113 32.3491273835757 91.8317448929352 38.4095811646627 29.9705678431878 11.1720138340666 8.96871122094128 0.444649955945963 15.350278644353 31.6604734104893 6.20273740169805 33.7947353385586 28.7031408010169 1.90424427814917 4.79591970009674 23.1784502439781 35.03190443481 14.0864110404269 38.4214185369771 42.4463277298061 35.7003785535322 33.1235841751148 23.4858284018089 19.0279455815887 8.06883575081704 2.82459775408235 51.8813843573121 55.5187937950223 21.9507234975926 14.5302871224126 61.1194466155149 39.3975848819449 40.5409731546472 26.471067160501
