Instancenumber:
17
Instancename:
P-n40-k5.vrp
Customers:
39
Depot:
0
Dimension:
1560
Vehicles:
39
Capacity:
140
Demands:
0 7 30 16 9 21 15 19 23 11 5 19 29 23 21 10 15 3 41 9 28 8 8 16 10 28 7 15 14 6 19 11 12 23 26 17 6 9 15 14
Uncertainty:budgeted
Gamma:
11
Mean Vector:
13.8924439894498 21.0237960416286 32.5576411921994 17.2046505340853 14.142135623731 11.4017542509914 26.4196896272458 22.0227155455452 23.0867927612304 28.3196045170126 12.0415945787923 8.06225774829855 29.1547594742265 18.1107702762748 24.738633753706 22.0227155455452 17.2626765016321 14.7648230602334 31.9061122670876 32.4499614791759 32.0624390837628 20.8086520466848 22.0227155455452 25.0599281722833 23.0867927612304 28.1602556806574 8 29.9666481275434 29.1204395571221 30.8706980808663 29.8328677803526 10 34 31.7804971641414 39.4081209904761 43.9317652729776 18.1107702762748 15.8113883008419 38.2883794381533 13.8924439894498 12.369316876853 19.2093727122985 31.0644491340181 22.2036033111745 16.7630546142402 22.8254244210267 11.6619037896906 24.2074368738204 34.0147027033899 12.0830459735946 20.8806130178211 41.8688428309166 26.9258240356725 36.0138862107382 18.6010752377383 30.6757233003559 27.5862284482674 45.7930125674212 20.8806130178211 26.9258240356725 7.07106781186548 21.5870331449229 29 33.1058907144937 18.8679622641132 8.06225774829855 16.1554944214035 21.3775583264319 32.649655434629 17 6.08276253029822 42.9534631898291 30.6104557300279 27.3130005674953 31.0644491340181 30.4138126514911 18.7882942280559 43.0464865000618 21.0237960416286 12.369316876853 15.2970585407784 37.0135110466435 21.0237960416286 28.0713376952364 34.928498393146 22.2036033111745 16.2788205960997 28.0713376952364 10.6301458127346 24.7588368062799 50.1198563445667 37.6563407675255 35.4682957019364 8.54400374531753 34.0587727318528 35.7770876399966 50.9116882454314 12.0415945787923 14.7648230602334 10.6301458127346 33.9558536926993 41.1096095821889 43.4165866921848 29.0688837074973 19.0262975904404 18.9736659610103 9.05538513813742 23.7697286480094 23.3238075793812 11.4017542509914 39.1152144312159 20 19.1049731745428 24.4131112314674 31.9061122670876 14.560219778561 35.4400902933387 32.5576411921994 19.2093727122985 15.2970585407784 49.6789693934969 36.0555127546399 35.3553390593274 35.0142828000232 21.095023109729 31 43.0116263352131 25.0798724079689 38.2753184180093 61.0737259384099 45.6508488420533 50.5964425626941 23 48.0208288141719 46.7546789102438 64.2028036770981 7.81024967590665 24.1660919471891 12.2065556157337 36.6742416417845 45.6070170039655 51.9711458407451 25.3179778023443 27.2029410174709 9.48683298050514 17.0880074906351 37.4833296279826 15.8113883008419 22.8035085019828 54.3323108288245 32.2800247831379 10.0498756211209 12.0830459735946 46.518813398452 29.8328677803526 49.4974746830583 17.2046505340853 31.0644491340181 37.0135110466435 49.6789693934969 20.3960780543711 21.0237960416286 37.1214223865412 37.6430604494374 32.7566787083184 31.4006369362152 26.6270539113887 12.5299640861417 15.0332963783729 17.8885438199983 18.8679622641132 35.3411940941446 7.61577310586391 7.61577310586391 14.7648230602334 48.91829923454 44.9444101084885 38.0131556174964 31.2569992161756 28.6356421265527 17.6918060129541 42.5793377120875 24.1660919471891 47.0106370941726 43.9089968002003 38.0131556174964 46.2385120867876 26.9072480941474 30.5286750449475 41.5932686861708 55.9732078766261 60.8111831820431 12.6491106406735 26.5706605111728 40.5215991787096 14.142135623731 22.2036033111745 21.0237960416286 36.0555127546399 20.3960780543711 25.4950975679639 40.2243707222375 33.2415402771893 12.369316876853 14.2126704035519 11.1803398874989 9.21954445729289 35.3553390593274 30.4630924234556 14.560219778561 16.2788205960997 14.7648230602334 23.1948270094864 31.9061122670876 32.7566787083184 25.0599281722833 27.0739727413618 36.1247837363769 38.8329756778952 33.9558536926993 40.1621712560464 20.591260281974 37.1214223865412 25.4558441227157 18.2482875908947 39.1152144312159 16.1245154965971 20.8806130178211 21.2132034355964 39.6610640301039 45.2769256906871 11.3137084989848 7.07106781186548 24.2074368738204 11.4017542509914 16.7630546142402 28.0713376952364 35.3553390593274 21.0237960416286 25.4950975679639 16.4924225024706 18.0277563773199 34.0147027033899 39.6988664825584 21.8403296678416 18.0277563773199 27.2029410174709 10.295630140987 34.4383507154451 31.5753068076939 24.738633753706 14.560219778561 34.928498393146 37.6430604494374 41.3037528561268 23.259406699226 11.1803398874989 13.9283882771841 16.6433169770932 21.8403296678416 9.05538513813742 29.732137494637 37.0135110466435 42.0594816896262 27.2029410174709 17.0293863659264 44.6542271235322 42.3792402008342 44.0113621693308 47.4130783645188 27.3130005674953 26.8328157299975 49.6789693934969 26.4196896272458 22.8254244210267 34.928498393146 35.0142828000232 37.1214223865412 40.2243707222375 16.4924225024706 14.0356688476182 46.0977222864644 54.0370243444252 33.3016516106934 34.0147027033899 39.8497176903426 21.5870331449229 50.6951674225463 41.3400532171888 41.2310562561766 30 50.1597448159378 40.3112887414927 49.6588360717405 25.7099202643649 6.08276253029822 14.2126704035519 26.9258240356725 11.1803398874989 19.8494332412792 26.3058928759318 43.6577599058861 54.561891462815 20.8806130178211 27.0185121722126 60.4152298679729 53.2541078227774 45 46.3896540189728 43.6577599058861 39.5979797464467 63.7808748764079 22.0227155455452 11.6619037896906 22.2036033111745 21.095023109729 37.6430604494374 33.2415402771893 18.0277563773199 14.0356688476182 35.8050275799363 45.6179789118282 23.7065391822594 30 45.2216762183801 27.5862284482674 46.2709412050371 29.698484809835 39.2045915678253 32.2024843762092 52.2015325445527 26.3058928759318 36.8917334913934 12.0830459735946 15.8113883008419 25.0798724079689 33.9411254969543 7.21110255092798 14.0356688476182 13 30.4138126514911 44.2040722106007 9.21954445729289 17.464249196573 54.1202365109392 41.7252920900501 31.0161248385416 32.7566787083184 40.0124980474851 30.4138126514911 54.7083174663597 23.0867927612304 24.2074368738204 16.2788205960997 31 32.7566787083184 12.369316876853 34.0147027033899 46.0977222864644 35.8050275799363 12.0415945787923 12.8062484748657 21.0237960416286 47.6759897642409 41 23.3452350598575 8 26.9258240356725 35 43.8292140016223 25.4950975679639 13.4536240470737 26 43.2666153055679 47.927027865287 45.2769256906871 43.0116263352131 26.6270539113887 35.1710107901379 16.1554944214035 8.48528137423857 39 19.1049731745428 23.7697286480094 9 31.6227766016838 37.6430604494374 22.8254244210267 7.28010988928052 19.313207915828 28.3196045170126 34.0147027033899 28.0713376952364 43.0116263352131 31.4006369362152 14.2126704035519 39.6988664825584 54.0370243444252 45.6179789118282 12.0415945787923 21.9317121994613 22.8254244210267 46.1735855224608 44.2944691807002 15.8113883008419 20.0249843945008 24.0831891575846 36.0555127546399 38.8329756778952 37.4833296279826 23.7065391822594 37.1079506305589 50.2095608425328 53.0094331227943 47.169905660283 52.773099207835 34.2052627529741 46.690470119715 27.8926513619627 9.21954445729289 50 28.1780056072107 12.0830459735946 15.6204993518133 43.4165866921848 49.4772675074119 19.0262975904404 15.2315462117278 10 12.0415945787923 12.0830459735946 10.6301458127346 25.0798724079689 26.6270539113887 11.1803398874989 21.8403296678416 33.3016516106934 23.7065391822594 12.8062484748657 21.9317121994613 14.2126704035519 40.3112887414927 30.0166620396073 25.7099202643649 10 23.43074902772 26.2488094968134 40.3112887414927 22.6715680975093 20.0249843945008 16 30.5286750449475 35.7351367704113 35.1283361405006 30.886890422961 13.8924439894498 26.0192236625154 17.464249196573 21.2602916254693 28.4429253066558 6.40312423743285 31.2569992161756 20.6155281280883 29.732137494637 35 21.4709105535839 6.70820393249937 31.0644491340181 8.06225774829855 20.8806130178211 24.7588368062799 38.2753184180093 12.5299640861417 9.21954445729289 18.0277563773199 34.0147027033899 30 21.0237960416286 22.8254244210267 14.2126704035519 26.9258240356725 21.4709105535839 16.7630546142402 22.8473193175917 9.8488578017961 14.0356688476182 26.1725046566048 36.7695526217005 32.5729949498047 27.3130005674953 29.1547594742265 30.4795013082563 24.738633753706 36.2215405525497 16.0312195418814 37 31.3847096529504 27.459060435492 37.4833296279826 15.6524758424985 26.6270539113887 30.0166620396073 43.8406204335659 48.91829923454 10.0498756211209 14.3178210632764 32.7566787083184 29.1547594742265 41.8688428309166 50.1198563445667 61.0737259384099 15.0332963783729 35.3553390593274 27.2029410174709 39.8497176903426 45.2216762183801 47.6759897642409 46.1735855224608 40.3112887414927 26.9258240356725 18.3847763108502 32.2800247831379 49.6487663492256 22.0907220343745 14.422205101856 14.422205101856 61.5873363606513 59.4810894318522 48.91829923454 33.8378486313773 27.1661554144122 13.1529464379659 48.3011387029333 33.9705755029261 56.6392090340252 57.7754273026172 53.0377224247045 54.4058820349418 39.1152144312159 43.6577599058861 56.5685424949238 68.5054742338158 72.8010988928052 27.1661554144122 41.2310562561766 54.9181208709839 18.1107702762748 26.9258240356725 37.6563407675255 45.6508488420533 17.8885438199983 30.4630924234556 10.295630140987 21.5870331449229 27.5862284482674 41 44.2944691807002 30.0166620396073 21.4709105535839 18.3847763108502 35.3836120259083 40.0124980474851 24.2074368738204 10.295630140987 29.0172362570938 47.7598157450382 50 33.5410196624968 15.52417469626 10.770329614269 6.40312423743285 30.0166620396073 18.9736659610103 39.8246155034798 46.3896540189728 48.3838816136118 36.7967389859482 26.3058928759318 46.690470119715 49.8196748283246 54.230987451825 57.706152185014 28.2842712474619 33.734255586866 54.2033209314706 24.738633753706 36.0138862107382 35.4682957019364 50.5964425626941 18.8679622641132 14.560219778561 34.4383507154451 50.6951674225463 46.2709412050371 23.3452350598575 15.8113883008419 25.7099202643649 16.7630546142402 32.2800247831379 35.3836120259083 29.6816441593117 11.4017542509914 25.4950975679639 23.1948270094864 46.9574275274956 36.7695526217005 41.4366987102013 45.6179789118282 45.6070170039655 36.4005494464026 52.773099207835 32.5576411921994 51.478150704935 38.8329756778952 24.5967477524977 53.0094331227943 30.0665927567458 11.6619037896906 30.2324329156619 53.7121960079831 59.4810894318522 7.21110255092798 21.0237960416286 23.0217288664427 22.0227155455452 18.6010752377383 8.54400374531753 23 35.3411940941446 16.2788205960997 31.5753068076939 41.3400532171888 29.698484809835 8 20.0249843945008 10 22.8473193175917 49.6487663492256 40.0124980474851 29.6816441593117 30.8058436014987 35.9026461420325 48.0104155366312 17.7200451466693 10.0498756211209 18.8679622641132 39.3954312071844 45.3541618817943 45.0998891351187 36.7967389859482 23.0867927612304 27.5136329843952 9.21954445729289 15.2315462117278 31.7647603485372 14.8660687473185 31.5753068076939 12.0415945787923 24.1660919471891 30.0832179129826 27.5862284482674 9.21954445729289 26.9258240356725 17.2626765016321 30.6757233003559 34.0587727318528 48.0208288141719 7.61577310586391 14.7648230602334 24.738633753706 41.2310562561766 39.2045915678253 26.9258240356725 24.0831891575846 23.43074902772 9.8488578017961 22.0907220343745 24.2074368738204 11.4017542509914 30.8058436014987 14.142135623731 17.2046505340853 46.0977222864644 39.8246155034798 37.1618083521241 35.7351367704113 34.6698716467194 25 45 25.1793566240283 46.8187996428785 39.8246155034798 31.2569992161756 47.0744091837593 25.4950975679639 23.0217288664427 35.4400902933387 53.1507290636732 58.4123274660409 5.09901951359278 21.6333076527839 32.9848450049413 14.7648230602334 27.5862284482674 35.7770876399966 46.7546789102438 7.61577310586391 23.1948270094864 14.560219778561 30 32.2024843762092 35 36.0555127546399 26.2488094968134 14.0356688476182 14.422205101856 10.295630140987 25.4950975679639 35.9026461420325 14.142135623731 20.3960780543711 47.169905660283 45.8911756223351 34.6554469023269 24.0208242989286 21.0237960416286 11.1803398874989 36.4005494464026 19.8494332412792 42.8018691180654 43.6577599058861 41.4366987102013 41.182520563948 24.6981780704569 37.0135110466435 44 54.0832691319598 58.4123274660409 18.6010752377383 28.0713376952364 45.6946386351835 31.9061122670876 45.7930125674212 50.9116882454314 64.2028036770981 14.7648230602334 31.9061122670876 34.928498393146 50.1597448159378 52.2015325445527 43.8292140016223 38.8329756778952 40.3112887414927 26.1725046566048 14.422205101856 29.0172362570938 23.1948270094864 48.0104155366312 17.2046505340853 20.3960780543711 62.9364759102383 56.938563381947 52.6972485050216 44.1021541423999 39.319206502675 25.7099202643649 56.7538544946508 38.9101529166874 61.773780845922 57.0087712549569 47.1274866717927 60.9261848469113 41.4004830889689 33.1360830515618 52 70.0071424927486 75.0732975164938 21.0237960416286 38.8329756778952 46.0434577328854 32.4499614791759 20.8806130178211 12.0415945787923 7.81024967590665 48.91829923454 32.7566787083184 37.6430604494374 40.3112887414927 26.3058928759318 25.4950975679639 37.4833296279826 22.6715680975093 36.7695526217005 61.5873363606513 47.7598157450382 46.9574275274956 17.7200451466693 46.0977222864644 47.169905660283 62.9364759102383 16.7630546142402 15.0332963783729 41.0121933088198 49.3659801887899 53.851648071345 31.6227766016838 28.7923600977759 16.6433169770932 10.0498756211209 31.0161248385416 22.8254244210267 22.4722050542442 49.2442890089805 25.3179778023443 7.07106781186548 12.5299640861417 43.8292140016223 25.9422435421457 43.0464865000618 32.0624390837628 26.9258240356725 14.7648230602334 24.1660919471891 44.9444101084885 25.0599281722833 41.3037528561268 49.6588360717405 36.8917334913934 13.4536240470737 23.7065391822594 20.0249843945008 32.5729949498047 59.4810894318522 50 36.7695526217005 10.0498756211209 39.8246155034798 45.8911756223351 56.938563381947 16.7630546142402 25 48.3838816136118 54.9181208709839 55.145262715849 43.6004587131833 32.5576411921994 31.4006369362152 7.21110255092798 15.52417469626 36.7967389859482 24.3310501211929 35.7770876399966 9.05538513813742 21 27.0185121722126 36.0555127546399 18.3847763108502 27.1661554144122 20.8086520466848 7.07106781186548 10.6301458127346 12.2065556157337 38.0131556174964 27.0739727413618 23.259406699226 25.7099202643649 12.0830459735946 26 37.1079506305589 16 27.3130005674953 48.91829923454 33.5410196624968 41.4366987102013 18.8679622641132 37.1618083521241 34.6554469023269 52.6972485050216 15.0332963783729 25 26 34.3656805548792 39.8246155034798 18.6010752377383 15 10.0498756211209 18.3575597506858 34 13 11.7046999107196 47.169905660283 30.6104557300279 20.8806130178211 24.1867732448956 36.4005494464026 22.2036033111745 45.3100430368368 22.0227155455452 21.5870331449229 33.9558536926993 36.6742416417845 31.2569992161756 36.1247837363769 11.1803398874989 6.08276253029822 15.8113883008419 43.2666153055679 50.2095608425328 30.5286750449475 29.1547594742265 33.8378486313773 15.52417469626 45.6179789118282 39.3954312071844 35.7351367704113 24.0208242989286 44.1021541423999 41.0121933088198 48.3838816136118 26 9.4339811320566 21.0237960416286 15.556349186104 16.6433169770932 28.7923600977759 42.9534631898291 51.6139516022558 24.1867732448956 24.5967477524977 55.7584074378026 51 46.3896540189728 48.5077313425396 38.4837628097877 36.4005494464026 60.1082357085949 25.0599281722833 29 41.1096095821889 45.6070170039655 28.6356421265527 38.8329756778952 13.9283882771841 14.2126704035519 25.0798724079689 47.927027865287 53.0094331227943 35.7351367704113 30.4795013082563 27.1661554144122 10.770329614269 45.6070170039655 45.3541618817943 34.6698716467194 21.0237960416286 39.319206502675 49.3659801887899 54.9181208709839 34.3656805548792 9.4339811320566 14.0356688476182 24.8394846967484 22.3606797749979 38.0788655293195 50.1597448159378 55.9016994374947 33.6154726279432 30.5941170815567 56.6392090340252 56.302753041037 55.1089829338194 57.567351858497 38.4187454245971 40.7185461430047 63.0079360080935 23.0867927612304 33.1058907144937 43.4165866921848 51.9711458407451 17.6918060129541 33.9558536926993 16.6433169770932 26.9258240356725 33.9411254969543 45.2769256906871 47.169905660283 35.1283361405006 24.738633753706 13.1529464379659 6.40312423743285 36.4005494464026 45.0998891351187 25 11.1803398874989 25.7099202643649 53.851648071345 55.145262715849 39.8246155034798 21.0237960416286 14.0356688476182 36.0555127546399 25.0798724079689 46.2276973253049 51.9711458407451 52.1727898429823 43.139309220246 32.0156211871642 48.0104155366312 54.230987451825 60.4152298679729 64.007812023221 29.6816441593117 38.1182371050918 56.859475903318 28.1602556806574 18.8679622641132 29.0688837074973 25.3179778023443 42.5793377120875 40.1621712560464 21.8403296678416 11.1803398874989 7.21110255092798 43.0116263352131 52.773099207835 30.886890422961 36.2215405525497 48.3011387029333 30.0166620396073 52.773099207835 36.7967389859482 45 36.4005494464026 56.7538544946508 31.6227766016838 43.6004587131833 18.6010752377383 15.556349186104 24.8394846967484 36.0555127546399 20.2237484161567 16.0312195418814 36.8917334913934 51.4003891035856 10.0498756211209 24.5967477524977 61.0327780786685 48.7954915950234 35.3553390593274 36.0138862107382 46.2709412050371 37.589892258425 61.9112267686564 8 8.06225774829855 19.0262975904404 27.2029410174709 24.1660919471891 20.591260281974 9.05538513813742 19.8494332412792 14.0356688476182 26.6270539113887 34.2052627529741 13.8924439894498 16.0312195418814 33.9705755029261 18.9736659610103 32.5576411921994 23.0867927612304 25.1793566240283 19.8494332412792 38.9101529166874 28.7923600977759 32.5576411921994 15 16.6433169770932 22.3606797749979 25.0798724079689 20.2237484161567 23.0217288664427 28 35 22.1359436211787 8.24621125123532 41.2310562561766 34.4383507154451 35.3411940941446 39.1152144312159 26.0768096208106 19.8494332412792 43.9317652729776 29.9666481275434 16.1554944214035 18.9736659610103 9.48683298050514 47.0106370941726 37.1214223865412 29.732137494637 26.3058928759318 13 35.1710107901379 46.690470119715 26.0192236625154 37 56.6392090340252 39.8246155034798 51.478150704935 27.5136329843952 46.8187996428785 42.8018691180654 61.773780845922 16.6433169770932 31.4006369362152 10.0498756211209 28.7923600977759 38.0788655293195 46.2276973253049 16.0312195418814 23.0217288664427 24.2074368738204 42.7200187265877 6.32455532033676 21.5870331449229 57.0788927713213 38.4707681233427 19.4164878389476 20.0997512422418 46.3249392876019 32.0624390837628 54.4058820349418 29.1204395571221 21.3775583264319 9.05538513813742 17.0880074906351 43.9089968002003 25.4558441227157 37.0135110466435 43.6577599058861 30.4138126514911 16.1554944214035 27.8926513619627 17.464249196573 31.3847096529504 57.7754273026172 46.3896540189728 38.8329756778952 9.21954445729289 39.8246155034798 43.6577599058861 57.0087712549569 10.0498756211209 7.21110255092798 18.3575597506858 42.9534631898291 50.1597448159378 51.9711458407451 36.8917334913934 28 24.2074368738204 21 29.698484809835 20.0997512422418 39.8497176903426 15.2970585407784 15.52417469626 21.5870331449229 36.7695526217005 18.3847763108502 33.0151480384384 30.8706980808663 32.649655434629 23.7697286480094 37.4833296279826 38.0131556174964 18.2482875908947 42.0594816896262 54.561891462815 44.2040722106007 8.48528137423857 9.21954445729289 21.2602916254693 27.459060435492 53.0377224247045 48.3838816136118 24.5967477524977 15.2315462117278 31.2569992161756 41.4366987102013 47.1274866717927 31.0161248385416 15.52417469626 34 51.6139516022558 55.9016994374947 52.1727898429823 51.4003891035856 35 42.7200187265877 21 46.9574275274956 27.5862284482674 20.8086520466848 6.70820393249937 36.2215405525497 42.2965719651132 26.4764045897475 15.2643375224737 12.0415945787923 29.8328677803526 17 23.3238075793812 15.8113883008419 46.2385120867876 39.1152144312159 27.2029410174709 20.8806130178211 9.21954445729289 39 50 28.4429253066558 37.4833296279826 54.4058820349418 36.7967389859482 53.0094331227943 31.7647603485372 47.0744091837593 41.182520563948 60.9261848469113 22.8254244210267 36.7967389859482 13 24.1867732448956 33.6154726279432 43.139309220246 10.0498756211209 22.1359436211787 6.32455532033676 29.698484809835 46.9574275274956 23.0217288664427 59.6824932455071 43.2666153055679 25.7099202643649 26 47.2652091923859 34.928498393146 58.309518948453 10 6.08276253029822 11.4017542509914 22.8035085019828 26.9072480941474 16.1245154965971 17.0293863659264 27.0185121722126 17.464249196573 19.1049731745428 28.1780056072107 6.40312423743285 15.6524758424985 39.1152144312159 26.3058928759318 30.0665927567458 14.8660687473185 25.4950975679639 24.6981780704569 41.4004830889689 22.4722050542442 24.3310501211929 11.7046999107196 24.5967477524977 30.5941170815567 32.0156211871642 24.5967477524977 8.24621125123532 21.5870331449229 20.0997512422418 27.5862284482674 23.0217288664427 36.8781778291715 26.4196896272458 29.4108823397055 33.9705755029261 24.738633753706 13.0384048104053 37.4432904536981 34 42.9534631898291 39.1152144312159 54.3323108288245 30.5286750449475 20.8806130178211 44.6542271235322 60.4152298679729 54.1202365109392 23.7697286480094 12.0830459735946 31.2569992161756 26.6270539113887 43.6577599058861 46.690470119715 11.6619037896906 31.5753068076939 23.0217288664427 37.0135110466435 33.1360830515618 49.2442890089805 35.7770876399966 47.169905660283 55.7584074378026 56.6392090340252 48.0104155366312 61.0327780786685 41.2310562561766 57.0788927713213 39.8497176903426 20.8086520466848 59.6824932455071 36.8781778291715 27.459060435492 55.3624421426656 61.400325732035 18.4390889145858 25.0199920063936 13.9283882771841 31.7804971641414 30.6104557300279 20 32.2800247831379 41.5932686861708 21.2132034355964 42.3792402008342 53.2541078227774 41.7252920900501 9 15.6204993518133 20.6155281280883 30.0166620396073 56.5685424949238 49.8196748283246 30.2324329156619 12.0415945787923 35.4400902933387 44 52 25.3179778023443 9.05538513813742 30.6104557300279 51 56.302753041037 54.230987451825 48.7954915950234 34.4383507154451 38.4707681233427 15.2970585407784 6.70820393249937 43.2666153055679 26.4196896272458 27.459060435492 30.0166620396073 36.0555127546399 31.0161248385416 16.1245154965971 18.1107702762748 39.4081209904761 27.3130005674953 19.1049731745428 10.0498756211209 55.9732078766261 39.6610640301039 44.0113621693308 45 31.0161248385416 31.6227766016838 43.4165866921848 29.732137494637 43.8406204335659 68.5054742338158 54.230987451825 53.7121960079831 24.1660919471891 53.1507290636732 54.0832691319598 70.0071424927486 7.07106781186548 21 20.8806130178211 46.3896540189728 55.1089829338194 60.4152298679729 35.3553390593274 35.3411940941446 19.4164878389476 15.52417469626 36.2215405525497 25.7099202643649 29.4108823397055 55.3624421426656 30.0166620396073 6.08276253029822 50.8035431835222 32.7566787083184 48.0936586256442 43.9317652729776 31.0644491340181 24.4131112314674 12.0830459735946 60.8111831820431 45.2769256906871 47.4130783645188 46.3896540189728 32.7566787083184 37.6430604494374 49.4772675074119 35 48.91829923454 72.8010988928052 57.706152185014 59.4810894318522 30.0832179129826 58.4123274660409 58.4123274660409 75.0732975164938 12.5299640861417 27.0185121722126 24.1867732448956 48.5077313425396 57.567351858497 64.007812023221 36.0138862107382 39.1152144312159 20.0997512422418 21.5870331449229 42.2965719651132 26 33.9705755029261 61.400325732035 36.0555127546399 6.08276253029822 56.302753041037 38.4707681233427 54.1479454827235 18.1107702762748 30.4138126514911 31.9061122670876 46.518813398452 12.6491106406735 11.3137084989848 27.3130005674953 43.6577599058861 40.0124980474851 22.8254244210267 19.0262975904404 21.4709105535839 10.0498756211209 27.1661554144122 28.2842712474619 7.21110255092798 27.5862284482674 5.09901951359278 18.6010752377383 21.0237960416286 43.8292140016223 36.0555127546399 36.4005494464026 38.4837628097877 38.4187454245971 29.6816441593117 46.2709412050371 26.0768096208106 46.3249392876019 36.7695526217005 26.4764045897475 47.2652091923859 24.738633753706 18.4390889145858 31.0161248385416 50.8035431835222 56.302753041037 18.3847763108502 27.8926513619627 15.8113883008419 18.7882942280559 14.560219778561 29.8328677803526 26.5706605111728 7.07106781186548 26.8328157299975 39.5979797464467 30.4138126514911 7.28010988928052 15.2315462117278 6.70820393249937 14.3178210632764 41.2310562561766 33.734255586866 21.0237960416286 9.21954445729289 21.6333076527839 28.0713376952364 38.8329756778952 25.9422435421457 18.3847763108502 22.2036033111745 36.4005494464026 40.7185461430047 38.1182371050918 37.589892258425 19.8494332412792 32.0624390837628 18.3847763108502 15.2643375224737 34.928498393146 13.0384048104053 25.0199920063936 16.1245154965971 32.7566787083184 38.4707681233427 18.3847763108502 24.4131112314674 38.2883794381533 43.0464865000618 35.4400902933387 49.4974746830583 40.5215991787096 24.2074368738204 49.6789693934969 63.7808748764079 54.7083174663597 19.313207915828 10 31.0644491340181 32.7566787083184 54.9181208709839 54.2033209314706 23.0217288664427 26.9258240356725 32.9848450049413 45.6946386351835 46.0434577328854 43.0464865000618 27.1661554144122 45.3100430368368 60.1082357085949 63.0079360080935 56.859475903318 61.9112267686564 43.9317652729776 54.4058820349418 33.0151480384384 12.0415945787923 58.309518948453 37.4432904536981 13.9283882771841 18.1107702762748 48.0936586256442 54.1479454827235 27.8926513619627 24.4131112314674
Deviation Vector:
19.8616225128671 28.9904668732032 18.7256232491705 1.58348687060188 19.6930683621639 9.74468068773165 17.8635170399854 0.783883519235631 11.1607189155877 43.7916201701274 0.930424763476644 4.73726267698123 13.3657628871424 24.7539781838342 22.2270314830238 24.1731408522911 7.14900206014399 22.5362114484393 0.20156990620452 30.7862015268792 8.00726824958294 5.21705333434266 26.0594467528488 28.5557439743095 2.47290578983383 31.9034020972628 2.52362824188847 41.2927091067248 6.81910217358548 4.40130453752196 24.9375063509624 0.374942045791309 51.7312763251103 44.8441901764458 5.10463280357249 56.5697369401555 11.5796551659169 12.7388655816651 50.665751507499 15.5984902182967 8.97600346173903 26.9033918308867 2.61076242247723 26.2914810704835 19.1266257607561 22.4263883337176 7.64331600755017 37.6456968669827 30.0185585288924 7.99567216421925 18.3229937536592 47.4062898036955 24.5682559627634 15.6467794546341 12.0053130109251 31.275604242531 43.2383290591398 44.000818585492 16.1024086389533 4.71771499900763 7.80246650348532 34.6919300289253 6.16846651130656 33.059473785984 26.2601862178688 2.75921299244472 10.6614158922382 8.65408420119153 37.4790244137165 6.06639125954193 9.29217937365465 10.6196478087037 4.01105893666648 44.019497053869 44.4639402244011 38.6874164537313 18.1840741286103 19.818956399926 25.2457574108083 2.77087742550448 17.1653611245692 16.7295473000164 28.5139259834561 11.4595982047055 30.9623693528949 8.33374899958971 23.2426858772226 23.2288259631863 14.2039618773415 14.1770772915888 50.2553904335229 30.6253797509411 19.6258063606178 10.3844670900426 6.31921225985018 11.4048509770066 79.302499169159 10.1807291441623 10.6837707445976 11.472238833673 40.8254652280347 25.6883895718794 57.5900865507434 38.758870114533 11.609813293996 21.4678085518004 8.86553433487089 37.5095552440812 37.1282615376086 6.31095207507824 6.87275496828675 21.7530048761218 19.2098975224005 37.4002654447425 47.7277639346436 3.86714268121139 9.95732382116134 42.2377693549114 20.997556161324 24.7377679553336 12.1009988493772 16.9261780413459 28.4291933562743 27.90350246655 1.23431321141601 30.6787618028779 47.987770298421 40.5330928855574 7.99018005959819 13.0052627515618 48.8022228633475 71.3948944995684 19.2698416552494 36.9347440047372 52.274796647206 92.9667795438155 2.14194017338398 11.3762954899507 17.0856464289511 8.79311959526319 46.7135148207611 81.8761803645426 33.6074144825123 10.9738830364119 14.0504272725973 20.453473360576 25.0765129446678 2.14499862175213 19.7917617838872 7.37549865040348 4.08260025531792 11.1705383007752 7.31260677293825 43.289176166485 8.41532182121502 32.8518551363851 5.05585159880983 43.4211174166478 24.189156894366 24.9696844408257 32.8523481344266 2.02267541829032 10.6664963924632 30.9498416586168 28.3459570729405 44.1306527396527 17.1442103842042 14.2791003731425 3.75554523035649 7.4636269938254 26.0256953139142 45.0273927332736 2.78965726607859 8.22828353229144 0.75505960108618 10.8109159060559 29.2601573168663 27.3749270195939 11.1481541050468 43.4962840022032 15.1422651632941 20.5715920130312 24.2656715173884 68.6866342114896 62.0745475311268 48.892629483217 23.0475483401752 2.18564586881803 32.2881185747839 47.9142614765083 32.6799412942603 63.3656042509086 15.788371867102 23.1481053192611 9.63817064439643 6.88981839171137 14.4379181862951 18.5370385600272 0.015662734177312 18.3578221956899 33.1167662679769 55.5013252546983 18.2096296498569 0.481176183100705 11.8515828787077 6.69631362406935 2.3961615571107 52.4992991355245 40.1832560006451 8.97726745295924 22.4243186514472 8.10036337898357 25.5072774355206 24.0983668654225 12.5578398570039 22.2296674276149 11.2396851293335 31.8554299848823 37.6015505940778 50.0094930884426 16.3637724437425 31.9604961390215 32.9801532764732 0.74527632992029 14.543588517268 44.0551759813703 8.32768258933825 30.2191513349414 8.09631600212134 20.500619808877 32.6426513363712 0.613936590316676 1.91161551136133 30.7132574453556 1.06225161279737 18.5100619537636 6.7748453215236 12.482762557912 20.2412176107382 39.7831588939746 15.99149983824 12.870842533066 16.4190368420829 17.5857372497317 32.0885956930551 15.6133246207393 36.1809622262437 2.65665878608078 4.18571690644141 21.218044664293 2.58448581013554 7.70213408679388 20.8794013591552 37.3762298709537 23.0583140309627 32.4412729532521 5.51032607869459 14.9691579809302 20.2324239820098 19.0998606821093 14.4127163978989 9.22464846523953 34.3776821590198 9.90988378588618 42.9537559790434 17.4032327567339 59.8292360201624 8.22198572851458 60.5164529523158 32.0637860556211 3.49846827446949 19.2740212716757 69.0642238379229 16.1369386455318 26.5066788613708 43.0703575105972 51.711318322357 32.1089802456211 59.9800982167668 26.3615850264749 21.5721763679043 73.5539824209745 27.074981875034 16.9300219415176 32.728126184411 42.2130840861066 5.97523720355405 73.7632134329106 20.9876956553989 61.5351273872606 21.0963409658115 23.7234004915877 7.1092571346369 0.280729070397165 18.2173524924074 0.784827464419154 14.6050278048789 11.3643386018531 3.61163649769326 15.4087067424068 28.8924337645901 19.6950027524387 81.5471004880404 18.0030643544038 28.6913565731038 62.1982573860447 24.9732776481476 41.0594719889082 12.4388752177547 14.570263433391 35.0241354529858 11.4006608198471 6.672938719387 16.1580109486656 15.2567881058997 26.6889677806288 30.8108220292002 32.0424746202538 19.7199719293748 18.6138749989757 29.7192169018058 7.78849433315542 4.09637255620235 30.191643677181 7.97647750632172 24.313617249926 52.5366264863354 35.7567477322448 51.1003967490195 46.9656345211121 18.4754878070764 20.3978211198508 10.448645301267 2.68437376270138 0.177935454785955 33.7359224754569 42.4831983689606 3.4627656086188 8.85968516376729 19.7575590001433 24.7549401634813 67.0009707462549 0.6657798130691 19.5065177542905 68.998529874757 31.6838976858904 23.4411425584662 15.2995186075034 3.87834093726893 6.79123411856849 9.13102114431376 21.4004733242861 9.53839343639036 5.52989512208275 9.51699758636424 18.6848535237303 15.1037608627812 49.0632454870716 6.82524167854938 32.1582845803063 15.347191006552 6.42856304685974 0.992600421178697 74.2667681712332 29.6900184148139 1.36492150705783 10.2122650477953 9.40988697128771 18.8533101756533 12.3341529382205 6.19380609729628 18.1974179479828 4.44048253248103 13.6356911221657 40.4119637119007 65.4568343401779 46.2159994084372 42.5758751345797 10.0736685642021 18.9250049736694 1.66243088341431 17.6796109933884 9.01831534106147 14.0228743898805 7.13719904914881 24.6354117176634 43.6795134290319 8.85040339937747 4.33244734319934 25.2697989700517 36.4159864946869 8.27498307407727 5.16685066009415 57.3390732196989 5.48476391812841 12.9080641596125 55.2438782023451 78.4187241940424 57.3729407724641 3.65936347589598 2.33072620044306 34.2523732226335 1.39219926619724 12.2722148656008 2.9952009563696 17.4888042320413 2.32195132787562 45.5717633230578 32.8516941137897 14.3498716520642 19.1789719904695 38.6625333746915 41.983065165094 67.9080684745778 0.259183759346075 0.149522442283602 14.8365610333157 54.4343179637698 10.894214746002 9.48560426653898 42.3964997720524 1.41239747063652 15.3712643908488 16.1202214488796 60.0551462805572 71.5839758418565 5.97148068040091 17.4927922583839 12.7166336154007 18.9238079394903 17.5488320216039 14.647653465482 36.2608514591572 39.4746898077608 0.320311016242357 0.194430796100801 24.2937780982182 2.96481729535919 16.300249953508 34.5529929569138 7.21856838811213 18.3620413438454 29.7473763131452 34.5555080155657 1.10216891455405 23.3492914768752 35.3541749491306 21.9280397958912 12.1527058973385 2.22513063111348 25.1652153295963 42.250552839247 5.76199891053582 42.8079262377662 24.3885575508554 21.4564951578921 27.0359252414211 19.2711486619614 22.6759037991779 19.4661327212791 6.71466104960689 27.8997121270251 8.98800972450078 25.811155619029 26.2061928579494 9.97607210209729 5.88326579347144 45.9211794660289 4.75427525069432 10.931325878188 35.3405245111954 42.0106820804307 12.2671073400159 7.30255717152501 14.6980272487777 37.050128488757 4.86754244854432 11.2654131446101 0.1565997998831 9.92448450448501 17.419898283606 33.917312265602 7.64230290015114 18.4652174619433 11.5424316925768 17.4815697535479 19.0098054953367 21.4986350965214 23.5381399220225 4.54943175041618 36.9996805994835 4.41756839008129 26.202107047219 2.85119628602096 16.2405684572384 6.71772634715114 17.0528031758425 7.24201723167889 1.2545537453024 17.7349244046178 20.9622620401949 43.8501404937569 26.4924103474675 6.84515845227709 6.29713070162889 20.3254211300403 40.2634961757675 22.9984211901622 13.7783851617607 61.9496374107989 90.8241811331362 14.6731471798015 42.0506132147511 8.61461657442666 6.29220057644617 33.2371057453808 74.4789486484894 40.8278654331789 53.1974985652526 17.7298936613843 19.3185779039369 31.0663120251451 39.8881881765089 10.6831596576437 15.0151883469199 2.74195925563708 40.9656843236913 94.2456139002894 22.2020289187681 23.6402624599774 29.6426395284096 16.3243014250147 25.7516613116608 2.34750851020327 78.2212444219186 67.0042455644927 78.9568946842548 53.5281818728231 12.6040871969789 8.35749299523278 33.576359121863 12.5370376175837 84.9934809645437 4.25359873940036 20.6026403395025 72.7870217958789 16.1468177321443 11.7270500789403 21.9631916969374 26.700304445785 19.5701282370665 0.234565546460965 15.9302358766022 5.85149490869785 13.5532217923718 39.4441189582705 20.4279861578167 34.7133089142825 19.7568783919616 16.8229034035573 8.09421806206847 15.404195826708 12.8254237479614 7.84428434624718 13.1764013904004 13.5882338053905 14.7647348102953 10.6135976184605 19.6905434779014 6.65094222414852 3.25194420233941 7.07149300496208 15.1890325366972 1.95132692968586 18.1922930075143 62.9096775111039 50.5723895574545 33.769442471896 5.10821005846487 16.5042312936663 13.1378241027347 69.4441182272484 9.58778465799419 5.50517636452032 79.9214163150211 20.5400740636582 40.5244147091683 10.9708712694643 18.235245254993 7.90696137751266 17.8269533694259 20.2897609569727 40.7615873402494 5.91471994153004 31.5409546620817 19.8929638086825 10.6012237389597 0.335515134093511 50.8274118405603 1.92393515784386 18.9232246612457 5.20034703716968 7.39253838298541 33.3558299423408 23.7181317367755 25.0813183328515 46.0753745279377 11.5470292777153 15.4834874177489 44.4578807701265 30.8408056183769 18.9405606382429 41.1009577520908 35.8577208138952 18.3232774253945 34.2729584592469 3.82810793785858 2.84370524548233 28.8979548841343 26.1968697164932 39.4308366861466 3.99404204585057 22.6402834062038 33.7721061609659 15.012927799427 14.9107878634501 9.38783051403444 25.1629602242701 29.0371759616274 17.0438388858762 36.2615676894504 60.3219056274466 44.6396531481015 11.5069966603394 25.449553624974 3.81848327436614 11.2900238301937 37.5588220014925 25.4068500786251 24.7440681884425 10.8281571762606 43.7788525366961 67.9541118363634 20.3765003516191 5.18990107545374 10.0755880630039 6.70161048381262 29.1960811035917 35.0809854034139 41.4320518890855 26.1218307872412 39.6406695319079 0.493237623603662 8.86483538609147 40.702906259073 10.9295496001203 43.6880326980821 9.07698347174089 4.90323282742682 17.4149449453592 4.81246032576172 12.4584864926994 11.0856438075881 0.883870804641194 35.6863442385746 1.91597414779697 20.7954001530341 0.237207689425726 12.0000431562774 26.4214160420989 35.6564415747821 45.6436451439074 17.7994132196074 15.7468816645499 16.115884183922 11.5967155855402 26.2406579339065 20.7680572836663 2.22172196681957 10.4543938850561 5.05645969373009 22.8188720394202 7.08904737014467 16.369702133186 10.4788627654386 51.2859469824258 39.7401979594564 0.981190914822409 25.3181462478889 33.970555510992 28.9405725448425 29.3538090252362 33.5734586195494 48.4796023975371 20.0972317527793 14.0687184586363 38.4916737079206 64.9144668668366 37.5154910633152 1.38950977415736 14.3429850332246 49.7097680781125 21.2133243835017 36.5257755462772 19.1248848894886 23.2937045948246 6.66517841036257 2.22832604025306 19.7455761361199 32.1011612461594 14.022054764548 3.05661415890314 27.7632174427275 15.4662440691149 6.99504974269468 15.1720510754726 4.09807258895164 0.465972711118423 39.1784071727902 13.5858613520795 27.8900063530075 3.91672939024359 3.27648744717172 28.2505855240627 26.7324142444051 18.0736356182563 15.9464142153804 20.8445844994637 9.02469278100039 18.9269019622984 36.8973585379092 46.3122307002225 13.297882694892 16.190942149484 30.1798880204694 37.7281484780326 62.3992901954822 3.75066190304224 17.7366438000899 24.8024142488364 51.8290898163703 44.3163718138008 44.4595776039783 14.1491894344563 22.5886777100235 21.693333166355 42.4322192241592 26.1919446662277 74.6143694787552 41.4899500571634 3.69011593866472 47.7105564974339 35.3867727219419 4.07217899750963 6.02052511398055 10.5732181815521 23.5488992998263 10.4371454693982 16.1211349975648 29.9806559844433 41.5123571677544 8.87253159503799 50.65465942072 43.3300365263311 31.9027584020502 3.86339055542338 12.1228981474635 13.1826110615796 13.2491531410036 66.5368022844132 57.6060760233024 82.1728150846377 38.4920554553424 18.7842245319696 0.0155029456275347 89.7199036380265 30.7645553203586 27.9659990974082 15.7316166719583 12.4769875268789 16.1816478280407 10.2169425511414 18.057481181263 10.7508275495711 31.5470574099275 9.52219943897265 4.31140953808022 1.363017836191 13.3657152937478 26.8095207483013 56.364991164244 26.4731285135979 44.3949078902578 51.6488942110789 25.0178601533956 18.4268090840156 17.5232987127356 33.9939081548982 34.4911724520143 75.7362158077501 4.66379239421131 4.91906591183809 37.9673393061698 59.6324983985663 48.1483631900456 29.2844456329453 24.8536809466043 21.7009919628906 6.33058559505708 39.3381778701457 35.9470554063499 25.3617134035914 6.46434546620632 36.6633607178691 6.21361777289474 9.72530373457991 4.9292519484244 25.7677101847054 34.8666230014435 19.8964505996889 11.2679876328358 10.1488278655591 3.91218310465897 73.0735378862309 38.2412959236996 28.3225555125425 19.4630110012744 32.7799725288801 19.1464612771499 26.6259020924879 9.32313490243085 2.44356715692747 86.2688316604726 69.5666244029424 47.1748089287313 7.21685940852899 27.5204967904749 23.8562562686717 22.5274574207919 22.1433109280825 4.04530620782506 16.6522072599136 45.2083236204405 16.1621509382587 7.23499781728957 2.4609564112783 33.5750353492813 2.00759660218243 16.5931679499459 9.30506378047703 21.8725630193918 53.2127816981727 8.51426030682891 22.277725916785 40.1727921694023 30.2827005794563 2.21007710472219 6.85811349207504 2.12436767261272 10.9131862925893 14.6227917881428 6.92924337060281 61.5195710333524 32.4781605515253 7.73730271762368 32.780556226819 3.52060066893709 26.6160699668236 6.25322233105955 10.9921916147885 19.6191627693605 16.1590155800913 34.5868441338405 63.8748204189728 11.7624729405204 44.4871080905422 56.0410210087418 3.4944164149686 22.1819684175167 26.4901397960248 8.29890299271771 25.7101270338434 36.6626389499524 23.4267770325784 2.739484353045 7.85014485067372 8.6826987042554 10.296717656256 13.436400299448 6.73099054801269 10.3706172426209 23.9624829306821 23.8609669608683 5.1248590910828 12.9616106216046 32.7588786648465 67.3716258177501 14.2586030713253 18.8397614123564 0.987146518401315 48.9403741525148 49.7312510443175 12.9831775721947 8.26558787057735 9.16186718184402 15.5395571665256 13.4156832986712 75.161070030413 32.0282149740541 4.64281042520785 31.4762160018448 21.2418468443171 41.3928818241198 8.84286497033768 35.7849293656735 26.1830148319497 44.3483691218336 60.467152199972 67.3918672562506 10.7329687525029 3.99144053224035 33.90537973742 18.5995862191541 26.0605204456917 5.70824956895109 66.6512975511412 73.0267743611526 1.42249223242961 14.0893548592395 36.8704984943014 4.482098465129 13.0322419771888 30.3635402604569 17.2131080546047 37.1368080298019 30.4032675402698 35.8379588051147 38.5786033944289 15.4740868815598 38.8965697799694 42.6540418305806 50.7398580439308 8.28496405780939 10.9519858486649 38.3993423702083 76.5020388705782 12.417279873397 32.5303840860253 44.0198262638271 0.0206141503272126 14.2505007025116 10.9908306931162 73.1777279391709 30.9396313551823 3.79414819411219 7.2891272439217 40.3700561103209 87.6127586137519 8.39196831057202 13.118748047072 8.84588420665875 8.24870789944457 1.01000592950206 47.8345089745285 39.0926407119522 59.5574143925231 4.56023583664683 17.8396584449928 43.5751766220039 28.8309107909313 79.134911745999 36.4139201045934 7.38951963422855 16.4686708007883 88.4079270159032 2.24121879574831 12.3923586269438 0.478654424486235 52.3555891563189 3.40077090330021 0.400119063898498 11.7198480326489 11.664612738282 55.1630443017758 72.2884279840365 28.9473252145347 6.47396116692559 19.4942775786053 7.66383663367958 2.74367950583059 20.1021444821831 54.7022808223824 19.014280643795 6.67932756986601 21.6673956347336 82.9279868665033 2.010984462029 38.9653137911777 10.4424340700218 11.3101318389458 53.7404583658555 7.68250486401572 66.4919862925241 2.93574898919578 37.0830038431009 52.4201386782171 4.91651148662126 52.095994208317 66.4959188778893 70.1398624731769 81.758502836957 36.7442267873805 9.10244781642161 4.78688199501171 34.8301709509254 3.94404138489211 20.2863020047388 35.9806490745824 42.4534408944596 51.4292954897731 4.87684398555063 17.3216069279014 6.25281179145947 42.317701378649 27.461181149051 2.57990164253552 32.5072038187319 26.8955367922556 31.8762017640661 73.5736673625752 50.140848735429 41.6743556752574 2.69825988448153 66.6662778136916 31.0720611847013 34.221990236802 14.2009359749678 17.6743596345067 6.05218851754963 13.0976119895283 13.565454095885 24.3830461275612 59.0712964312715 46.7519241768682 16.1316640481243 29.8042946928298 68.2711068195168 33.0191759531448 35.5859084418444 17.6214160348706 15.3101332452446 46.228682275308 25.5223503208765 9.58391258486235 4.73526879867237 17.7440072155571 34.8610170439141 35.8816402984158 30.669335488523 6.49380798963262 24.8633645830459 17.2039798784092 0.449260217632962 45.380981045683 10.7533574480109 16.0225173314405 16.4852167612675 29.171834105088 16.5803838523008 16.828684135285 6.90940315693522 23.4229461099662 24.2627471119447 7.17703441727894 15.0822948473043 9.03559838663006 24.3156464167977 35.3711608850046 32.0786164675361 17.0114383278058 10.2399694610726 45.0782721634817 15.5621453761305 18.9713209268934 9.7435728689725 42.5492351602747 5.6236323823597 29.5718376015455 34.8288822861655 0.688027153186595 30.8435136702305 22.6982423603058 37.5217630996048 25.3761797266513 4.11823242059227 3.79298250156275 44.3713502186026 26.0714587537037 9.24552089029483 38.2256218989353 18.6063854817801 20.5879832929266 47.0082215567379 11.1485369191902 30.8815572150919 83.2627236970469 41.0530578273298 34.4531259703199 39.2222052884846 32.0034076549959 64.6495769585868 15.0731454522125 11.1036156195357 10.3221837899154 11.0653398832673 6.40306888730145 51.8137536973536 58.4474393088311 16.9793125765989 14.3832398371102 31.2450893347642 42.1505007058045 7.21909034392129 19.7843992651978 53.1443925661361 52.2620888665214 25.5581182685537 4.99641939047152 20.1268849157459 0.0296571400177617 4.09979148381236 6.97104696322208 12.5335118310605 9.79938603987995 11.4123935550364 62.3915948396633 23.5688036727574 2.67831715357021 20.2511200254239 22.0524397144776 12.2122522435391 9.70533999276463 16.9243472182332 44.6626714341456 39.0953950966737 20.5869015942713 0.742223159191923 3.78949860713476 3.25664538391598 47.0741384183964 59.0495056026802 13.7934284456434 3.1626210708811 10.1129898097563 28.4629590264273 68.7010797490521 14.7095167243941 13.0084270550129 45.3103524856067 17.3689396837189 7.42425332912434 1.99683533510977 19.2332714771388 37.4519134455065 17.582409993921 25.2229158380882 15.8537948925387 16.5066813523447 1.3010127897379 39.5611799128347 36.2422706134517 26.9909870430616 36.753393504002 19.3692109898082 23.6978059586957 10.8861963552815 40.3991492880006 35.0573174554909 44.5395245085706 8.84419917028593 0.870619157368837 8.86639140540692 21.6501154100295 28.2695589068883 46.8321925775208 35.6922700533951 4.20860812009545 39.1013183081995 7.34931331878414 12.6391176709512 10.6112580053733 8.24175790308178 11.4045139436103 67.0471275509673 82.2161456802439 77.467461574387 66.6877360766376 20.2578037825921 13.1322163275991 28.7318370718481 7.07753545820281 40.8663556485191 11.8301832124505 0.4736238373064 13.4671921554713 50.4146786913519 17.6640923033686 20.3370558707866 2.50599117882923 1.44411011856847 12.7207276934905 7.05645814297289 7.35935775237869 71.0560531555472 32.6827833371953 38.9920504339424 28.4285439227857 10.250845888326 41.2617147340085 76.9421377410558 39.2526671065163 52.4809111674938 24.1233207641135 3.27975096127672 56.8674325420452 9.14116684186292 74.0930744541516 30.6336525631436 52.7968877760029 5.82077723536539 17.8717331440437 13.2248188864044 2.66227485022336 35.4377770045951 46.9311437861736 4.84275530914184 13.7198060449786 0.814067638573105 5.57890180902505 38.8764721763171 4.07765642192334 55.8705422557048 48.9108338398062 16.5203907816035 22.0093301114876 16.054012794779 15.7038323580362 33.9155818467175 14.5151848058225 9.17032472478044 5.63411515038491 27.4833167222765 34.4778680800967 15.1173789264816 22.0420668291582 19.6639047469523 21.3992418411035 23.7277210016334 41.4680100364405 2.98092839193101 23.4314207597325 12.9466264084286 39.0073397362053 48.3185202864047 20.5924376716421 24.0772743544189 11.4248003690595 15.6762648126581 24.1150084937353 15.8255972674379 14.1224019034633 30.7514903604269 48.5393270117102 22.752370887956 6.55377887639656 6.65242176233659 22.6733532148105 14.392394997396 38.2999489608761 20.1554243836163 22.0271480718736 6.76795976761049 13.3635184372958 8.57108851401238 29.5307816435223 1.59567118135888 36.6982798235393 26.9512057881322 58.603474766896 32.2857751154212 68.3622894000032 37.7023347694329 24.1461100607188 49.7767943348385 73.4459200994849 49.5330380606714 10.2865661260545 0.627310283108958 40.4431164352592 40.0966921693546 30.6627923325472 40.8122590254851 13.1749559880372 20.920426303405 36.4840812875249 51.6779738276103 48.686223332187 49.6749022547164 17.38390704994 58.080665794388 14.3797878338302 61.3510184863723 71.4144708414157 43.4716813660153 55.0640377642268 60.2093393899957 33.2605737744052 14.3424975424634 13.2006414666085 21.1183862458342 41.5910970135198 81.9035544178878 11.1311477770691 19.263348728271 24.2137765293985 19.4575908441268 10.6018713284348 42.871052522082 28.9778035557369 0.0368348492770185 53.241610151292 11.1345811803521 37.0921610881324 41.7219883958778 49.5465203124269 7.50298750994296 8.64278545149796 21.2418552001835 6.4855234152975 58.7856116047062 31.6526006120383 14.3289225937083 5.97307531211573 17.5951716673284 52.1939622083906 10.6699003000313 39.2763029983213 3.57263006657673 27.3794252684901 7.45396794364045 54.4551016248984 42.4498290461514 79.3201306674793 39.5514722223121 7.73708020371963 14.7921675478091 6.1655085074382 23.1352042437504 19.5818745948658 20.3648562832207 16.08453943775 14.2380627660903 39.282961564413 22.753261179297 21.3407155441166 32.6154872203144 16.8908249060194 2.01167604444127 2.32824849505204 46.7085868450772 45.3916337292422 38.1584127788284 58.8797902674625 0.439804297847149 43.117316119879 37.6995166092045 6.52234643699867 56.4870768031511 86.5122470883089 60.4034004039822 77.0566223735573 14.5888191937806 14.3629823411004 77.5466294218358 8.80800226352258 3.33292637152268 16.2642129511637 21.8184763722682 46.6707551399581 83.5270991277783 9.67937982228419 54.5148663080832 10.0446186344748 27.7024303021368 20.5953796061532 52.9762604093455 16.1467505128933 9.37432067031339 86.8004620577741 25.8054801642022 7.01474889438637 55.1727094447227 3.28786507046916 40.1732005875634 48.3328965756673 45.4740546387165 1.88681134293537 15.9441992878777 68.472198716445 60.6773464994596 38.2634357462105 43.3397832074579 10.3996699734402 40.5511357361477 36.6996372060479 15.5154369088229 75.7549233168138 110.383485729243 85.8790866043772 55.2171809841501 42.2837498004896 1.28988106975904 49.2931443674439 4.76206692620167 18.1537890232485 14.7035279819906 36.9088842513349 21.8537177484402 49.6770814406557 93.9319258867149 47.1863117872128 15.2475200412839 18.6357422006501 30.4506225391198 51.8184722328067 10.4259558391888 42.3991463245135 79.9683413421624 3.39657446064269 4.54837741872891 57.2149629444426 34.6708886742008 3.0137885678229 24.1540500080476 10.7097738259318 25.4421210305209 7.00744991398513 3.47079604522967 7.77584455636137 0.341549347883902 52.507424017328 18.6661447214067 0.789471038844589 7.99565641236328 11.3782962807779 14.9081608312087 26.200245292209 12.1506131301404 2.2180785408258 5.54585841710878 1.38056291577359 30.0931476924231 12.4218611005238 52.5036067611147 50.5523489840453 6.90243057049315 61.5321422133576 39.3345777949631 44.2860051810062 3.08952101483871 3.78742734206716 40.853486689191 35.5928187986802 5.3190996088337 27.850003660202 32.6582683384409 18.4078435814213 22.9477546038043 81.0074066025691 3.33615989821613 13.8321599244756 32.6590197631587 8.31302391302811 14.7855922134932 23.1671290844958 31.4946148216199 17.1122896578529 6.57060391971404 39.8545379474649 37.6822955180343 34.3755441401241 0.944201139483888 14.36477546768 0.635689601163274 19.0084751511946 29.6376258212252 9.59359595117624 27.3346284864376 1.07233053782111 3.24662273315689 38.3720002759006 10.1568341623828 26.7714844074107 13.027404186282 10.268087569646 59.0123264633413 16.3844926495465 55.6814774820553 27.6177822917876 7.35542990808496 48.7352546104969 27.3396939750014 23.5291183184931 14.6499562879587 8.44491454162805 37.6856912462047 23.7857390621491 42.3126173918031 31.1267474645697 24.5266567175401 15.0629132100261 11.9848985244885 63.010166464141 55.2898962767697 20.1840611818172 47.2090468212303 15.7969766907112 34.3861420715095 53.5034951191128 42.0640036339172 16.2663980683777 5.79464553243691 32.0097234200111 8.11911806600456 70.7379405641556 80.9191004720914 5.58758416923778 1.72595495654985 43.7805260125096 44.6629515221719 20.0133213505431 52.5579256590455 22.7695808087221 15.8476297274747 0.84384855241449 93.6206713113565 13.0570573404881 92.1962012334263 50.5757651494106 56.5134890510613 39.5157114779882 1.70858063222443 78.8201950211921 38.7283833270997 1.05352908750936 2.41215919350158 27.5581279525663 39.430862718585 23.0213724100743 34.4682330445583
