Instancenumber:
1
Instancename:
eil13
Customers:
12
Depot:
0
Dimension:
156
Vehicles:
12
Capacity:
6000
Demands:
0 1200 1700 1500 1400 1700 1400 1200 1900 1800 1600 1700 1100
Uncertainty:budgeted
Gamma:
3
Mean Vector:
9 14 21 23 22 25 32 36 38 42 50 52 9 5 12 22 21 24 31 35 37 41 49 51 14 5 7 17 16 23 26 30 36 36 44 46 21 12 7 10 21 30 27 37 43 31 37 39 23 22 17 10 19 28 25 35 41 29 31 29 22 21 16 21 19 9 10 16 22 20 28 30 25 24 23 30 28 9 7 11 13 17 25 27 32 31 26 27 25 10 7 10 16 10 18 20 36 35 30 37 35 16 11 10 6 6 14 16 38 37 36 43 41 22 13 16 6 12 12 20 42 41 36 31 29 20 17 10 6 12 8 10 50 49 44 37 31 28 25 18 14 12 8 10 52 51 46 39 29 30 27 20 16 20 10 10
Deviation Vector:
0.738920540484094 4.83181950030133 11.4083531329127 8.98034194181628 3.96948602063025 14.9783797003817 8.65656792690948 25.5236503932491 13.8799007433933 9.9573113872845 36.832132308222 19.6633199156097 4.22719237642528 3.13762448725744 3.04080250632511 5.71609061273405 11.7636617598397 6.52250764647702 8.18847083616375 21.7194557841827 4.40228401844376 22.213639727691 31.9138889429879 12.1388475983255 10.0350834731161 0.762659377317729 4.97574250568482 2.24606573332705 1.05025155612937 7.24541507885506 9.87434874024141 4.43229014670776 23.7653284165251 5.6946465918518 23.6804767995156 3.4834082788252 15.9037161343803 0.526289698263428 0.139045397660871 3.57727434406561 5.89966266560325 22.6951882320512 19.8684414543899 27.7731012916842 26.6246645270139 6.95687998787333 9.08696811266064 16.1654877904795 11.4122926145755 11.2142349725125 4.59344487055703 6.15167284919618 5.44694121958447 4.38629990480626 2.20827442748868 8.35169532513635 12.676603183186 0.994653822123804 11.4929827848852 10.8699588170911 7.68496200045603 15.7610045042736 8.36110673594956 5.13684231356615 2.7332587659854 2.66318008322591 3.2033780602839 2.18116180885341 7.47486020581295 6.80402868531315 13.8334013288772 18.6210807120353 8.29636954071118 11.1615677384501 13.9489048115385 5.58540297142933 19.3054625656257 0.784934348583034 4.20475850188111 4.62895965721876 7.76038745191268 1.80250146655193 6.77822179542883 3.2070889088373 8.40585812535757 11.1432553164177 9.29242436538376 15.4404497675636 9.84395641440355 7.28142317287732 1.27289224034891 7.43074711142325 11.4210146224909 7.04410919618121 4.01099981120375 1.85632422072292 8.4768080529331 19.0109895105565 6.87416472268453 21.2836307439778 4.1481872510267 11.5710219504887 4.74191328992531 4.50374417372067 2.54040760167531 1.6362253293524 8.91176322987596 5.56846632745617 13.6769276688047 17.4781108884609 0.143666365087642 8.25682143143009 23.7148458092473 6.05263129197538 4.04040225880449 1.21985619869791 3.8074767185844 8.01841333061203 7.77731427221456 5.26969564556922 26.5226010326335 2.66903210034034 8.70143638974726 17.9939806059152 0.135033758208355 9.29079778453042 11.4455423775582 2.40123226849196 1.4571485442269 1.65063714449159 0.40402850528823 3.61377726448103 4.79445199423824 23.5977428863759 2.06356553837511 19.2137413527341 23.3830151433749 19.136704529627 2.56166313144359 6.28842659790172 5.4737505363757 1.27748709145547 4.33100909018621 2.04540127527051 19.8419968322238 4.45349251425174 12.9159324375008 9.80083212655832 21.910210311985 4.92113205705411 13.8992806033675 12.4432413379726 3.66617727203263 15.1298947375392 4.37760126791138 2.33792415991983
