Instancenumber:
3
Instancename:
eil13
Customers:
12
Depot:
0
Dimension:
156
Vehicles:
12
Capacity:
6000
Demands:
0 1200 1700 1500 1400 1700 1400 1200 1900 1800 1600 1700 1100
Uncertainty:budgeted
Gamma:
3
Mean Vector:
9 14 21 23 22 25 32 36 38 42 50 52 9 5 12 22 21 24 31 35 37 41 49 51 14 5 7 17 16 23 26 30 36 36 44 46 21 12 7 10 21 30 27 37 43 31 37 39 23 22 17 10 19 28 25 35 41 29 31 29 22 21 16 21 19 9 10 16 22 20 28 30 25 24 23 30 28 9 7 11 13 17 25 27 32 31 26 27 25 10 7 10 16 10 18 20 36 35 30 37 35 16 11 10 6 6 14 16 38 37 36 43 41 22 13 16 6 12 12 20 42 41 36 31 29 20 17 10 6 12 8 10 50 49 44 37 31 28 25 18 14 12 8 10 52 51 46 39 29 30 27 20 16 20 10 10
Deviation Vector:
4.10563528837562 4.84644157306334 9.95222849966476 16.0779151564964 10.6420048637411 13.1104801500552 9.45806683090908 20.8661952128825 9.16380900228427 14.3834798203808 16.7026956741456 11.9907191124601 2.34958150268286 2.18260219370328 6.95937342455348 14.3450294367358 11.4025316236008 8.55530386218365 2.84375377403699 5.58955708937553 16.4203919449315 15.2731204535208 20.1392459477407 22.1577630935958 7.51174015546977 0.8047013122083 2.04242557760663 0.014212346031594 2.44131315077666 16.7793098222383 6.10033934501634 18.2629131189583 11.1908404923626 25.5075868635885 23.889827836589 1.36763735071806 9.83031752117627 0.883947524646935 4.26543446561457 7.09263226632416 8.73864808580193 5.35646300669742 4.72502839741718 25.056056297125 26.4479758421145 23.4034139512051 20.8822293089263 15.3345650092999 7.9710388001508 14.4346085176471 9.3992253033364 0.255083538493417 5.01183471743011 5.573335544705 11.4993574304297 1.24182504090206 14.7595063791404 21.8007320122402 1.12581882112451 14.864530939321 15.7614965639972 5.68984862275387 5.7036940100359 5.51114372139158 4.07809016856152 1.21120722793722 2.92166662059102 10.9239469306967 4.5812992412548 2.73323030932207 17.5603955073647 18.7310092177918 7.88025705890043 0.895322562407833 12.3442094170817 4.9627968177452 0.767228472184255 3.02612765528188 3.91034374881572 4.11364713339916 2.95752662050706 5.89327464188679 9.98690687668619 13.2646362029882 17.462749192122 2.93252699157617 13.6958519824683 3.80284052379043 2.03735243957639 5.63080273952548 4.57391184401166 0.330728321878483 1.10676031081151 2.45043925948115 5.31914845485977 5.67617688173704 13.666410245881 20.5686218467616 6.05107799580953 21.7509451130032 25.3517748880752 1.0241064836365 4.92115171151992 2.74693780690676 0.607870571965645 1.315375549136 6.16168477795055 2.05940446172796 21.1076952446071 8.6538541289916 18.0965052027397 0.778935740723865 23.8025977100944 3.02068905830193 6.62216889101162 5.78254637631316 1.39141015796512 3.25569861299061 6.02706112614173 6.26791581154485 2.92049370088078 16.0235439108066 12.4728704323651 4.29995059570455 18.4400000333098 12.8395374122693 7.18278777898213 2.50631649549078 2.78879311875514 7.49063433642884 0.58913683154143 4.24282351460515 34.4113091631509 25.5299570808709 30.7549498146524 0.913345674079848 22.9477125040122 10.4788192890722 3.8349449269093 9.55550749940734 8.51384094157325 7.87294197010365 4.39181049930279 4.2382973209242 1.48354014734593 14.9695706111161 0.937753864361452 10.1568211372827 16.3800470935972 15.6792314225466 15.4933317579361 12.6872954886146 2.37770023272506 3.10885595743913 0.0821993112421455 0.196154072643664
