Instancenumber:
6
Instancename:
eil13
Customers:
12
Depot:
0
Dimension:
156
Vehicles:
12
Capacity:
6000
Demands:
0 1200 1700 1500 1400 1700 1400 1200 1900 1800 1600 1700 1100
Uncertainty:budgeted
Gamma:
12
Mean Vector:
9 14 21 23 22 25 32 36 38 42 50 52 9 5 12 22 21 24 31 35 37 41 49 51 14 5 7 17 16 23 26 30 36 36 44 46 21 12 7 10 21 30 27 37 43 31 37 39 23 22 17 10 19 28 25 35 41 29 31 29 22 21 16 21 19 9 10 16 22 20 28 30 25 24 23 30 28 9 7 11 13 17 25 27 32 31 26 27 25 10 7 10 16 10 18 20 36 35 30 37 35 16 11 10 6 6 14 16 38 37 36 43 41 22 13 16 6 12 12 20 42 41 36 31 29 20 17 10 6 12 8 10 50 49 44 37 31 28 25 18 14 12 8 10 52 51 46 39 29 30 27 20 16 20 10 10
Deviation Vector:
0.293100669813051 6.03031603019487 5.67518820056174 11.4394086751642 6.38227611868638 8.59722902780714 5.01744059640935 7.68516178191805 3.80211910723533 3.81856538254391 11.9080867191382 3.92348470991372 4.18645592488976 1.95779765729568 7.27575788137986 6.78568743300308 5.93848713302657 9.37047701173407 22.7003721796831 10.896015192681 25.3064287776252 30.8588969793028 28.0155555366118 24.680624680228 7.14621801472002 1.90360103055064 2.47411965006515 11.2038569437161 8.57860806371336 8.31830869464242 17.6453112179349 17.0618923521727 0.991782983656401 6.62615805056201 13.2546661389868 14.6120374305311 11.0869312461858 5.49644917064992 3.71790792649242 6.28004872941107 11.5280687399093 0.13315532316948 18.9933255534036 9.22278637696293 17.0279158159525 16.8924186833401 20.6350788779227 26.472542622252 3.92150796906651 11.552683504026 3.82916392145393 0.896049536164839 9.74557640497558 0.899865134572848 14.3384692718964 9.04807017855084 16.9271881118541 4.70181372549814 4.73412692811097 5.34088137331016 11.5235362781263 1.39705987163159 12.0463690983388 11.5782792483747 4.76114552165377 2.60358798150719 1.04146691100146 0.21892457550368 16.441149664378 12.7055278976956 17.9672544494824 15.9428313489231 15.9928726414273 13.9269896123779 0.364303460938354 8.12580062548885 10.0899410688901 5.16189704224478 1.293531663304 5.83940923121378 4.33957115625312 6.9705979609065 15.5115084568071 2.21090344486533 14.1495428815229 13.3035316343448 8.85044169330173 2.43482042564367 14.7819422382214 4.93115375463075 1.92042800499797 3.50221865684973 8.95427258196997 2.62391999107951 2.46088025137872 0.907514307617458 19.860463893915 8.43017912174152 1.77175505118046 19.7636095684506 3.89500049634661 11.2119385698576 3.30799034004973 7.5100063412414 3.09710680242061 1.89939405276203 3.59810818610163 1.78698524559467 4.7597608270689 16.3465247121612 23.1315106501968 19.7400112939569 3.5661887053495 10.9592862144187 7.03241945724254 8.46645483797103 0.974655766443881 1.39804822869911 7.43198353987546 15.0744063525133 25.604014569896 5.28186157684051 12.2072132129601 12.5366636084807 11.3453188455543 9.516096508732 7.64633172701901 1.78044516795844 4.30000251848369 6.10611265130913 5.69756901403174 0.630998874859143 22.2367977081725 12.1554101015343 2.16689414545885 7.25449728520146 17.5036933614863 8.57514902019508 7.69385180110753 12.4180584047208 10.4727460228072 2.22531729013019 3.07287389034031 0.701805722738867 35.5468090064629 8.17079423987577 27.5693639837655 3.16610508221458 8.02475445379534 13.6143910279334 1.89133843929747 2.42964276605891 9.32222282212013 8.18277655482783 5.25890641802323 2.09003890569602
