Instancenumber:
8
Instancename:
eil13
Customers:
12
Depot:
0
Dimension:
156
Vehicles:
12
Capacity:
6000
Demands:
0 1200 1700 1500 1400 1700 1400 1200 1900 1800 1600 1700 1100
Uncertainty:budgeted
Gamma:
12
Mean Vector:
9 14 21 23 22 25 32 36 38 42 50 52 9 5 12 22 21 24 31 35 37 41 49 51 14 5 7 17 16 23 26 30 36 36 44 46 21 12 7 10 21 30 27 37 43 31 37 39 23 22 17 10 19 28 25 35 41 29 31 29 22 21 16 21 19 9 10 16 22 20 28 30 25 24 23 30 28 9 7 11 13 17 25 27 32 31 26 27 25 10 7 10 16 10 18 20 36 35 30 37 35 16 11 10 6 6 14 16 38 37 36 43 41 22 13 16 6 12 12 20 42 41 36 31 29 20 17 10 6 12 8 10 50 49 44 37 31 28 25 18 14 12 8 10 52 51 46 39 29 30 27 20 16 20 10 10
Deviation Vector:
1.08081653525166 2.95150707101117 8.12801655467437 1.65381235863266 15.8326224008938 8.35979016810833 4.32015272460339 14.3837165415821 22.1335256375956 7.73859940807086 29.7807587952625 19.8766642526214 4.41456920107789 0.69258160277235 3.68739299424192 10.4215770848883 6.8031479893717 16.5934076680527 16.8605472691968 8.49446436719712 3.2097762898339 15.5131574620012 15.870177012243 18.5367854673499 0.942617214903246 1.96965367670498 3.39463964010982 11.0494683665994 0.611466170996908 5.6576833917274 2.44711195616023 4.74922085479141 16.4450940632189 17.3220515275318 10.1293388673102 18.9345151982325 1.06484233112059 4.38260423553814 0.324202549504994 6.33167978661767 11.5388571237066 19.257894775036 6.76508205383088 10.1795934928996 0.670508432053701 17.2930816673012 27.7067913174845 13.2425532492008 11.1407492662462 11.6130936309944 9.89827769870048 5.71131113772484 2.68630852324193 3.95583623275136 4.24361420225367 7.30500610638798 21.9436346326524 18.9860995550692 2.90873806726823 16.6293898683562 2.98818069294108 3.94694897545555 11.70775357866 12.4453258346851 12.7132429347841 1.77384526750489 2.39401532131265 11.5171972299451 12.3708406412763 5.71432364121101 16.4679165878712 10.4078219306377 4.06982702140416 1.77229308790816 14.3071855695191 5.35158900618757 17.6872329141804 5.45427735188041 3.6255726333516 3.86335801805083 4.7975951633798 5.70074004860706 3.93731379136881 13.781621904744 15.251760491951 10.1443507120919 18.6977674285729 6.66833010653567 5.42693201139135 0.481222342944976 0.388846490030184 3.52903675945502 3.77715496810666 0.224311698469108 3.25233561792338 2.80674614621497 7.90290318450836 14.7030395483342 2.85927621430205 0.628374687400787 24.7031059329192 10.9351853645066 4.00301547082145 1.03743180115919 4.54376778580397 1.32665469871893 3.9498127245104 9.98605749383051 2.36690623901385 1.30297352030371 7.57764112488031 18.5473098877962 15.1926791691393 8.09561683166698 2.29983392555552 1.31708382082178 4.17131821801494 1.57442730803622 3.95151513518774 2.94888112838451 7.53162941849568 15.7785394868302 18.0125183651302 12.8772975595963 11.8109342942939 13.6206608894316 9.44747805334193 6.26798685169691 2.01760177002471 7.81251852337394 5.15025427863338 2.77217060930537 28.4819684083871 11.8991283842933 16.7622506060441 20.7969996543796 14.3824026193152 18.5665121983216 10.5339184427329 9.47223860185172 9.77627310684327 7.58216123174586 1.54172270859084 3.0400544534527 12.2187741090826 18.8509076675229 17.770866470745 6.44838483050088 14.5240095803999 21.4684833623683 8.44525594443508 13.6030485305939 5.36968977907064 0.96564124341893 3.30696194961627 7.42879207546878
