Instancenumber:
10
Instancename:
eil13
Customers:
12
Depot:
0
Dimension:
156
Vehicles:
12
Capacity:
6000
Demands:
0 1200 1700 1500 1400 1700 1400 1200 1900 1800 1600 1700 1100
Uncertainty:budgeted
Gamma:
12
Mean Vector:
9 14 21 23 22 25 32 36 38 42 50 52 9 5 12 22 21 24 31 35 37 41 49 51 14 5 7 17 16 23 26 30 36 36 44 46 21 12 7 10 21 30 27 37 43 31 37 39 23 22 17 10 19 28 25 35 41 29 31 29 22 21 16 21 19 9 10 16 22 20 28 30 25 24 23 30 28 9 7 11 13 17 25 27 32 31 26 27 25 10 7 10 16 10 18 20 36 35 30 37 35 16 11 10 6 6 14 16 38 37 36 43 41 22 13 16 6 12 12 20 42 41 36 31 29 20 17 10 6 12 8 10 50 49 44 37 31 28 25 18 14 12 8 10 52 51 46 39 29 30 27 20 16 20 10 10
Deviation Vector:
6.56383596298822 1.7020817898603 12.7013242717513 6.91677024931108 0.170886178988554 12.0938455688895 18.4942784705578 20.7866491832927 27.6105407599431 8.15024766596491 18.7317533229602 22.1358135486266 0.830612788468692 0.155694383867201 2.24485527089452 0.566337295747316 13.9226985677975 9.11487866756157 10.22218954062 4.65882003528129 27.7282533256363 29.3589205876061 14.6241649051674 24.7547493019476 9.33568185939079 3.05619801102358 2.80480718244491 4.03898073952072 10.5523466357092 16.8218075121507 5.60594795365043 18.7195153300631 3.17186203032456 2.00107514732826 7.03384256144898 4.41024228168371 11.3261241212881 8.85367512503618 4.71297228027366 5.01079494369022 3.50714382649908 8.49191680166793 4.37171280469868 9.59399487229824 13.510719116982 10.8185834107612 10.5464712333278 8.2810840791529 16.7617829740747 13.5253318885629 5.87255876226188 7.13332497435002 10.7541162717439 18.029115386174 10.8466702813645 16.3795663869062 20.1016297829811 2.0213181123831 21.8728161147556 11.1636193268254 0.797073914576589 3.28303854515364 3.90533292032866 2.6110961405979 4.0264912087103 3.63549029161762 2.20212743667558 12.0201573408477 8.29172737271762 2.57283141194573 13.6496192217539 16.317106429224 10.2926365996554 15.5856405561561 0.881998915999117 21.7772470351425 6.53898907430204 2.91048787817458 1.21373557423104 2.17201126420291 2.25319156063058 8.82020229968011 3.64837849672689 19.961870786886 12.7321433738136 17.9738604848333 11.5040440143675 3.32937556956098 16.2375643922147 3.83185017305957 3.55783817802156 6.85733208525506 8.63232298366336 7.52345904380764 0.81392746657444 15.0288155282216 14.0917083379551 9.29008276892595 22.1354304845695 0.128764221174064 13.7925377522967 7.36769849921324 6.02122027899244 0.409250437996132 2.07017951187351 3.51438864409841 0.0277249127299786 9.25704388364482 5.48211010168068 6.48873244743614 0.402043853005656 13.6563047863876 28.4624696560617 3.45626654284534 3.79683334773243 5.23573008021933 4.42142985692764 8.81432801992262 5.40652003552493 12.4310924889623 14.820095845986 7.95207323611436 19.5276566008275 3.95332720363756 5.26193349959253 11.7530619633202 1.93994706107325 5.72882325465544 0.529386644292717 1.04531146113854 4.61089951641064 4.82303614590596 27.379522231452 17.5857655202589 23.0220609691692 4.72739512754315 5.57292230229555 14.7058522703584 17.6583169651836 5.83267936460779 9.80812219637123 8.61000676523065 5.13300980706058 6.29933806465693 5.70703437454431 8.61070751012012 8.84644441787876 3.19030568252973 4.016842482973 19.285720361342 18.9906480345438 9.82742470036561 1.15131877986995 9.61878625592387 6.18897919006589 2.53403406486442
