Instancenumber:
14
Instancename:
eil13
Customers:
12
Depot:
0
Dimension:
156
Vehicles:
12
Capacity:
6000
Demands:
0 1200 1700 1500 1400 1700 1400 1200 1900 1800 1600 1700 1100
Uncertainty:budgeted
Gamma:
12
Mean Vector:
9 14 21 23 22 25 32 36 38 42 50 52 9 5 12 22 21 24 31 35 37 41 49 51 14 5 7 17 16 23 26 30 36 36 44 46 21 12 7 10 21 30 27 37 43 31 37 39 23 22 17 10 19 28 25 35 41 29 31 29 22 21 16 21 19 9 10 16 22 20 28 30 25 24 23 30 28 9 7 11 13 17 25 27 32 31 26 27 25 10 7 10 16 10 18 20 36 35 30 37 35 16 11 10 6 6 14 16 38 37 36 43 41 22 13 16 6 12 12 20 42 41 36 31 29 20 17 10 6 12 8 10 50 49 44 37 31 28 25 18 14 12 8 10 52 51 46 39 29 30 27 20 16 20 10 10
Deviation Vector:
5.26861726346914 3.35851291872123 3.83802444484393 10.6849031156131 11.5351235153074 12.0938412237083 22.9351369229415 8.22577957293791 7.84205939776492 30.9929108515235 36.5733734871962 24.504159386796 1.43102169549548 3.63073277437646 5.28321842095044 5.17399860855969 13.7750445358361 13.6781559974116 23.4463888478007 15.2837993465858 26.0015740106317 4.03552708153408 18.4359754152994 16.907006768949 7.94426605553932 1.45640883659565 3.25512302214341 7.76770635164713 0.119511392737394 9.04640736031039 4.58985837717365 17.7861414169646 22.7957702187151 12.9346589991157 12.8734961606708 18.0635885755444 1.64213290210245 2.93339471572689 4.34826409633043 2.8456678901373 4.5679847029871 17.6338538261672 20.4066168407466 13.9314432062716 23.610816465822 13.3676928405465 22.6331681388493 17.1674228577804 5.43458116484703 13.2701677619159 1.90429552158455 1.74178453737552 13.3307217368223 13.6713298358902 12.6422097595903 17.6474053531142 0.602315410868153 5.96973808983296 6.08475927197656 0.642642383206124 13.1818521279363 7.82912700501147 9.84050340392015 9.81829818349902 13.9101214445437 1.28482194192294 0.953717898631396 0.727288524785396 8.51856617019983 14.331047501064 9.24062501075887 18.1419190285658 13.4873643888297 7.70328043557818 4.97727357589234 9.71191209531674 21.0612056644471 0.569317666974188 5.34744513004732 2.45981039473798 8.66381051421988 1.88844821455453 9.94493951329786 16.2866961563629 19.1791030176265 4.2976243491338 8.90681020405308 16.5790149051087 8.6121520275223 5.38852180393345 4.45338369880335 1.78808250430189 2.34903720034624 4.8637620660755 11.6342326714392 2.28147105205087 22.6488312055636 25.9601317285639 4.78587256204893 9.30508656016349 24.2696123965981 7.83282252112976 1.00503186516669 4.68059145203769 0.274010989947726 1.84661839289288 0.377112698789063 0.528023800271013 14.0990355401912 0.962163792003237 9.23834211520682 11.7227153106799 5.62067426659866 14.3972002865507 1.44273125950175 11.7829853689493 0.169189865811479 5.4425874106415 7.02745496690821 7.45368784138944 9.55702457813119 18.7356056499032 19.8537351428096 11.6052539071486 5.17618884953219 8.65971949970285 8.30342189171184 0.427705437891496 2.45910658186561 7.77558801147835 2.35407495791611 3.38415666628182 18.6332073899363 18.8956692438878 1.83136293089344 15.4783079065638 21.4952646986853 1.91963817178304 11.2833533499112 5.39225926387279 1.3238810612441 8.49545697969297 4.5775299631914 2.31652549204511 31.0710408378263 34.8416992256982 9.34886553896306 24.4030147561444 10.7841313101226 0.720135827165854 6.30584438700182 11.98829602284 7.69552830453198 0.403790151438425 2.08924903009777 6.59459789706773
