Instancenumber:
15
Instancename:
eil13
Customers:
12
Depot:
0
Dimension:
156
Vehicles:
12
Capacity:
6000
Demands:
0 1200 1700 1500 1400 1700 1400 1200 1900 1800 1600 1700 1100
Uncertainty:budgeted
Gamma:
3
Mean Vector:
9 14 21 23 22 25 32 36 38 42 50 52 9 5 12 22 21 24 31 35 37 41 49 51 14 5 7 17 16 23 26 30 36 36 44 46 21 12 7 10 21 30 27 37 43 31 37 39 23 22 17 10 19 28 25 35 41 29 31 29 22 21 16 21 19 9 10 16 22 20 28 30 25 24 23 30 28 9 7 11 13 17 25 27 32 31 26 27 25 10 7 10 16 10 18 20 36 35 30 37 35 16 11 10 6 6 14 16 38 37 36 43 41 22 13 16 6 12 12 20 42 41 36 31 29 20 17 10 6 12 8 10 50 49 44 37 31 28 25 18 14 12 8 10 52 51 46 39 29 30 27 20 16 20 10 10
Deviation Vector:
4.07857934301357 9.76306078825251 14.7468370034144 2.25799399921045 12.7704329522725 5.79091940491297 13.9708582005685 6.77827603824984 23.4559818070542 20.0848705495536 30.3309045993224 28.3818801333281 4.92092738726317 1.46549649293908 0.966269026660202 14.1093181459577 4.96022350951015 15.6651279428946 3.35210020903274 2.41038728761068 21.1281584811467 12.7661073738297 34.0347402470575 9.08029397015507 4.69522200146479 0.816417001851667 0.088247974877163 0.87534005962754 2.93556652707607 5.09523040096412 18.4847099176888 19.0994517149795 5.54545130557523 23.3398003646367 32.3321698761117 33.7876688171478 2.41734437086827 4.87870120813906 1.10562940330551 7.32374315841018 2.51825092120286 22.9369544880457 13.8598229515001 24.667397548487 12.5908953941531 18.4093250409649 20.0971470257978 20.6314929853852 11.0793284387185 14.328564821913 10.163974430762 2.87888315024376 3.75846497653454 14.7732047995702 11.6483323707835 18.6615431183309 28.3268121574114 13.8776643031714 18.1250036774054 3.17601730330541 15.4015819088753 11.1462748327415 11.9386596567093 1.8744451235486 7.87074719838928 6.44521809409339 0.589209037056858 8.46978382807707 7.87249871673816 4.33735923353843 13.9127205855937 14.3327268388289 5.41450459708408 5.88856143943977 8.73059424495762 15.2817511510135 2.08188383530625 1.42113836629844 1.91485992802725 6.11669218859902 0.57654657479917 1.81184877596894 1.97745784663926 6.53841943172307 20.2942015118895 16.8959798696042 0.272940238983203 15.1264456384313 6.4679707421762 5.95175239480175 4.68829596025339 1.93937807240844 5.77755686592647 6.51069866899736 5.09754778550206 0.209884592565815 21.684682211363 11.9741301015086 16.1956715664932 7.22758765954456 19.5645087602008 4.35017071271911 7.40407545139914 0.107132214216116 3.10345437712961 1.72701537025515 7.28146897037553 9.46552625060017 16.9381260026538 1.06572644194712 13.7809940221334 21.0738654629662 5.55069304162483 10.1618814819596 9.51929650287196 0.0755780314282889 1.4524943101636 8.91301534372021 6.77954825603685 10.0160243014095 24.0690908105947 19.2645057140308 25.0106048032075 5.2488570021079 10.3264050433641 4.26166388221598 3.05680735644979 1.93582288783689 3.33120718420324 8.63601499585597 3.11137996638726 3.49334234549292 11.3350329413679 14.5611994989046 15.8420880627198 27.5258930355781 18.1351001954419 3.22838474087413 14.2671379570764 4.78602832824938 2.01744021333597 2.26365576897411 6.04784286019416 2.79485629850104 33.8281675926106 36.8924313709325 13.0736258134611 4.98307454211318 20.337101407451 2.52956052267089 16.9714536437505 10.1900004442197 8.86695483382673 11.1691690489669 6.78817990020918 1.4541468260505
