Instancenumber:
18
Instancename:
eil13
Customers:
12
Depot:
0
Dimension:
156
Vehicles:
12
Capacity:
6000
Demands:
0 1200 1700 1500 1400 1700 1400 1200 1900 1800 1600 1700 1100
Uncertainty:budgeted
Gamma:
12
Mean Vector:
9 14 21 23 22 25 32 36 38 42 50 52 9 5 12 22 21 24 31 35 37 41 49 51 14 5 7 17 16 23 26 30 36 36 44 46 21 12 7 10 21 30 27 37 43 31 37 39 23 22 17 10 19 28 25 35 41 29 31 29 22 21 16 21 19 9 10 16 22 20 28 30 25 24 23 30 28 9 7 11 13 17 25 27 32 31 26 27 25 10 7 10 16 10 18 20 36 35 30 37 35 16 11 10 6 6 14 16 38 37 36 43 41 22 13 16 6 12 12 20 42 41 36 31 29 20 17 10 6 12 8 10 50 49 44 37 31 28 25 18 14 12 8 10 52 51 46 39 29 30 27 20 16 20 10 10
Deviation Vector:
0.0601984724765765 1.31288164089684 7.11893639916351 12.9234680802192 1.0690294856224 18.1979866885827 4.68387916933264 9.91054469425788 9.88888732070157 21.269584560527 12.7191517897188 4.17997744197877 5.59546321859937 0.301078135192567 4.15529573535838 0.0212977684917949 5.22592576351348 8.09764979381733 8.69406501731894 4.70898277025946 10.9494157209583 23.1511816636718 12.8533618415311 11.8501858912548 9.08574312093922 0.630164685535235 5.19299626069128 7.4513278267055 10.9518622328863 15.0838984398085 15.176930188575 20.7354032615837 26.9855615417847 5.68339661410631 21.4815523213196 1.53355966871123 2.5397120346748 7.61505986704144 2.16041813289026 3.81172545534577 7.89923557228936 16.8904259290752 12.4620316319995 8.62171346640356 26.7988824609972 1.33233177420552 8.65753245386322 4.18198969755957 8.74875193864677 11.3177036247884 4.11013878881317 6.76310674048257 5.9707711634458 14.1144185631784 3.5953583189053 6.94329434128083 25.8348918889001 3.50372240690813 19.7374904366899 15.9429755191882 0.259308682345175 9.56693633015614 7.61735932556969 15.9890994900979 11.6553699720307 1.79504215798351 0.298710162772152 11.7500670962837 1.52205951751057 6.77004356237362 9.8195667264024 13.3601579625088 3.41658620898604 1.13766267295777 15.6022312773995 22.7967982016987 2.53066956964117 1.32743086064018 0.715895957423555 5.17837732643233 8.60513409676818 5.84874326289656 9.55548304458472 5.70595262029863 2.66486947866071 16.3070433017687 10.6524968381491 19.2617051104323 16.1712917231769 2.81551729350029 3.4881093429015 6.58638427215495 11.7939220163861 2.0953336515324 11.7930814168513 11.7141544765787 14.7233697902725 23.9764772135801 16.6570196985476 17.6921796548055 9.05420098890616 2.25727798741975 1.74517957957923 3.95354905541494 1.13089491352185 0.432945861838818 5.46553352150921 4.46181666632941 8.34669853657105 18.2286457960846 26.9865042167507 5.01940832456705 2.9461327584949 8.07381325344597 4.26480606550003 2.48214508410885 0.769033434125726 8.85328106268422 1.24413151119946 0.203419618182283 10.6878334164615 24.6811373859736 24.0771386924859 7.02892210774596 1.35312256368695 11.1825534182153 0.809101727494281 4.55641892922063 2.87590169770785 7.23393851059147 1.35164786579542 7.38008406800028 37.1954041714845 16.0528249590291 16.2144569376434 6.19889275317664 12.3927558044645 21.2493578215188 11.1600295905834 11.1494929997117 6.81406336358458 5.17408048032262 5.88917363416517 5.58575708589431 1.73222180776173 15.2671448776155 32.8306497119268 6.29788367763852 7.89601201586975 1.57603425721815 4.63468979983429 10.5349700122153 10.4722149739857 1.51223317714663 7.53487923797443 7.01172834621934
