Instancenumber:
19
Instancename:
eil13
Customers:
12
Depot:
0
Dimension:
156
Vehicles:
12
Capacity:
6000
Demands:
0 1200 1700 1500 1400 1700 1400 1200 1900 1800 1600 1700 1100
Uncertainty:budgeted
Gamma:
3
Mean Vector:
9 14 21 23 22 25 32 36 38 42 50 52 9 5 12 22 21 24 31 35 37 41 49 51 14 5 7 17 16 23 26 30 36 36 44 46 21 12 7 10 21 30 27 37 43 31 37 39 23 22 17 10 19 28 25 35 41 29 31 29 22 21 16 21 19 9 10 16 22 20 28 30 25 24 23 30 28 9 7 11 13 17 25 27 32 31 26 27 25 10 7 10 16 10 18 20 36 35 30 37 35 16 11 10 6 6 14 16 38 37 36 43 41 22 13 16 6 12 12 20 42 41 36 31 29 20 17 10 6 12 8 10 50 49 44 37 31 28 25 18 14 12 8 10 52 51 46 39 29 30 27 20 16 20 10 10
Deviation Vector:
5.71265396791287 0.507209019334244 8.23119780312725 8.03167709579281 14.0592633552547 14.0229445932377 10.31548260467 22.2520529258445 4.69959410077158 29.01650708638 1.03986479280631 27.2188719525176 6.16429732887102 2.33599239917812 4.53603834728885 8.94933182166778 2.803897441816 8.38312733959129 6.21582832937493 5.83908092748168 24.000151912689 6.12406504907385 16.0874389621901 7.95988129213657 2.82662681646686 2.49985129316331 4.77977223064704 1.55656121305085 9.2093106798399 15.4435708179518 0.724940619623016 13.3640495958903 25.4767974049226 15.1143887530455 1.31202477186371 26.76709247377 4.53408875563281 4.22613091453228 3.04607077967888 3.3958251733114 5.8420711758042 13.6785079421353 2.65057474977315 7.33572595133218 6.80672013867062 14.7613515543098 22.3868749241371 11.3807749761868 1.39418355324952 0.895583425008916 7.79697565861996 7.0926943062524 3.61143978347974 0.619017852420427 2.51231517493859 13.719219273893 21.4051996021262 0.535464245766473 14.9897436529441 9.65140385629243 15.1783254725803 10.7398714440577 0.214758751924086 13.2879552650378 3.16185943266887 0.389170501293057 4.49800161777706 6.11716228343137 8.69921235430555 2.40200406528685 20.2133444812768 20.2083782667603 14.4012617000546 1.32532002785529 2.46151853606832 22.0303885554172 14.8790403611218 6.40865897125144 1.82915670535248 6.51212072323705 9.78616023486846 12.2392133716188 13.4106869606513 4.80611899470088 23.7459682619479 19.7445226481315 14.8195346287847 13.4807387460265 16.3846092440093 2.88669291548933 0.470685056488135 5.80455327838741 0.563821021934164 0.806631443507033 8.07051914944689 4.03304936443757 4.46055521461939 4.66582933978211 17.5192533280902 19.214953031105 8.86933645403411 8.65643749738975 4.70891010030827 0.646071535795081 3.57749406848498 3.21063168862866 0.477407159109999 5.80464612778779 18.3283717766967 10.9301186487967 6.83814349552997 20.2209307100969 10.2708859261533 15.9802699948637 8.42736192702997 3.64348789798078 3.59065840345273 5.44065340180273 8.72405536616402 9.77949019214826 31.1663971663236 1.20508876110215 10.9647687618386 0.385731817798308 3.19161105191282 15.0587817075302 3.63962231752254 2.33959865031441 0.728373406136927 0.398611367805133 6.02626335940937 3.74805180661891 28.7122478963392 20.4091237172148 19.3341427066216 15.0087185519971 5.78971757193921 13.2583596769792 0.0894624384380769 12.0436318150724 0.0569594247734253 2.32232313990088 2.99593545246578 2.54577943173966 8.06259530894663 13.1527783106686 22.1856131090807 29.3862261041527 20.6272765354576 13.3334287081755 12.8955931091474 13.7697909153596 7.5814405243101 0.346770845080894 7.00932507632439 5.83895586283616
