33
5
100

0 45 15 45 36 61 24 73 64 65 55 18 41 56 39 20 39 72 19 33 31 40 8 11 22 61 65 61 17 40 61 30 40 
45 0 59 58 78 100 35 117 109 80 89 28 80 101 10 51 54 94 27 19 76 9 46 35 46 98 107 98 30 30 97 17 85 
15 59 0 55 31 56 31 64 54 72 55 31 39 45 52 29 49 76 34 45 22 52 19 25 24 58 57 58 32 54 59 44 26 
45 58 55 0 45 55 64 78 74 23 39 49 40 72 60 26 6 36 42 61 54 60 38 41 67 50 68 50 40 28 47 44 71 
36 78 31 45 0 25 60 38 31 52 26 53 9 27 74 29 41 51 52 69 13 74 33 44 55 27 29 27 49 60 28 61 29 
61 100 56 55 25 0 85 25 26 51 17 77 20 30 97 49 53 41 74 93 36 97 56 67 80 7 15 6 71 77 10 82 47 
24 35 31 64 60 85 0 95 85 85 79 15 65 76 26 42 57 94 23 17 53 27 30 22 11 85 88 85 24 47 85 28 56 
73 117 64 78 38 25 95 0 11 75 41 91 39 21 112 67 75 65 90 106 43 112 71 82 88 31 10 30 87 98 34 99 45 
64 109 54 74 31 26 85 11 0 75 41 82 35 10 103 60 71 67 82 97 33 104 62 73 78 33 12 32 79 92 36 91 34 
65 80 72 23 52 51 85 75 75 0 34 71 44 75 82 45 28 17 64 84 64 82 57 63 87 44 66 45 62 50 41 66 81 
55 89 55 39 26 17 79 41 41 34 0 69 17 42 87 39 38 27 65 85 39 87 49 59 77 11 31 12 62 64 8 72 54 
18 28 31 49 53 77 15 91 82 71 69 0 57 74 21 30 43 81 8 16 49 22 21 10 22 76 82 76 9 33 76 15 57 
41 80 39 40 9 20 65 39 35 44 17 57 0 32 76 29 37 42 54 73 23 77 36 47 61 20 29 20 51 59 20 62 38 
56 101 45 72 27 30 76 21 10 75 42 74 32 0 95 55 68 69 74 89 25 96 55 66 69 36 19 35 71 86 39 84 24 
39 10 52 60 74 97 26 112 103 82 87 21 76 95 0 48 55 95 22 9 70 1 41 30 36 95 103 96 26 34 94 16 78 
20 51 29 26 29 49 42 67 60 45 39 30 29 55 48 0 20 53 25 45 32 48 12 20 42 47 57 48 22 32 47 33 47 
39 54 49 6 41 53 57 75 71 28 38 43 37 68 55 20 0 40 36 56 49 55 31 35 60 49 65 50 34 26 47 39 65 
72 94 76 36 51 41 94 65 67 17 27 81 42 69 95 53 40 0 75 95 64 95 64 72 94 34 56 35 73 65 31 79 80 
19 27 34 42 52 74 23 90 82 64 65 8 54 74 22 25 36 75 0 20 50 23 19 9 29 73 81 73 3 25 72 10 60 
33 19 45 61 69 93 17 106 97 84 85 16 73 89 9 45 56 95 20 0 64 10 37 26 28 92 98 92 23 38 91 18 71 
31 76 22 54 13 36 53 43 33 64 39 49 23 25 70 32 49 64 50 64 0 71 31 41 46 39 36 39 47 64 41 60 17 
40 9 52 60 74 97 27 112 104 82 87 22 77 96 1 48 55 95 23 10 71 0 42 31 37 96 103 96 26 34 95 16 79 
8 46 19 38 33 56 30 71 62 57 49 21 36 55 41 12 31 64 19 37 31 42 0 11 30 56 62 56 16 35 55 29 42 
11 35 25 41 44 67 22 82 73 63 59 10 47 66 30 20 35 72 9 26 41 31 11 0 26 66 73 66 6 30 66 19 51 
22 46 24 67 55 80 11 88 78 87 77 22 61 69 36 42 60 94 29 28 46 37 30 26 0 81 81 81 30 54 82 36 47 
61 98 58 50 27 7 85 31 33 44 11 76 20 36 95 47 49 34 73 92 39 96 56 66 81 0 22 1 70 74 3 80 52 
65 107 57 68 29 15 88 10 12 66 31 82 29 19 103 57 65 56 81 98 36 103 62 73 81 22 0 21 78 88 25 90 41 
61 98 58 50 27 6 85 30 32 45 12 76 20 35 96 48 50 35 73 92 39 96 56 66 81 1 21 0 70 74 4 81 51 
17 30 32 40 49 71 24 87 79 62 62 9 51 71 26 22 34 73 3 23 47 26 16 6 30 70 78 70 0 25 69 13 57 
40 30 54 28 60 77 47 98 92 50 64 33 59 86 34 32 26 65 25 38 64 34 35 30 54 74 88 74 25 0 72 21 77 
61 97 59 47 28 10 85 34 36 41 8 76 20 39 94 47 47 31 72 91 41 95 55 66 82 3 25 4 69 72 0 79 54 
30 17 44 44 61 82 28 99 91 66 72 15 62 84 16 33 39 79 10 18 60 16 29 19 36 80 90 81 13 21 79 0 70 
40 85 26 71 29 47 56 45 34 81 54 57 38 24 78 47 65 80 60 71 17 79 42 51 47 52 41 51 57 77 54 70 0 

0.0 6.322509597147988 2.4077794299933344 8.913480004820492 6.765596187253515 10.243091785525346 3.6230860906259696 11.538408766574692 6.721958208217998 7.500482386004146 7.408466392966301 2.3713564823524806 4.125036169492552 7.604923849588742 6.490998857324357 2.835104701907374 6.217371577841707 10.324230085516783 2.829559801577183 4.533284255584035 3.8562947645911163 4.902021479433347 1.4026975185953008 2.030025238409066 3.9729146195192273 7.966923428343531 12.261865036528402 10.548585915906472 2.589613677679341 6.6774026165491325 11.23266111250475 3.928193276522817 5.5497026029356515 
4.79691598614303 0.0 9.14643466344704 7.619748740472344 9.80287978857059 12.470808802589415 4.449475672370298 18.122263182231613 19.366540024491066 9.093809670738617 10.3041561668835 4.107943811008186 9.2420860501758 18.10239917749353 1.3036315864829104 7.384620428097487 10.379853030050704 18.582332019608018 3.394220497602224 3.497297573373392 8.699052951396034 0.9468897504950573 6.190541710984073 3.902046848657408 7.750894614240466 12.779369895158402 14.914739537662886 11.499316671214348 5.548132044841958 4.917771102260961 17.597081500760552 2.483167513567188 13.625750073938816 
1.642814943308105 8.577646598347956 0.0 5.88711421065769 5.610035053721818 8.445215271945152 3.7698994019281744 10.29400842072388 8.542408299909885 9.161586322378612 6.272545902512141 4.167622301231084 7.500150220708724 6.761432519439849 9.87293187982199 4.937537072978339 7.558443310122467 12.699799801437766 4.394908138581495 4.998341176578582 3.397926742432799 7.638896221274438 2.1963769545444993 4.428912805146174 2.931875376713668 8.615625651677966 5.845405324603368 6.460517090016138 3.9084295041882693 6.027383884687919 6.389102158841317 5.700252563427995 2.694710275554876 
6.3181191758544815 6.212667628178078 10.564041299974456 0.0 7.612349813723236 7.477471035413403 12.519696439022182 11.550142140422961 12.438918848580158 3.6394719279106003 6.558835773868636 8.673146251345832 6.944575027881568 9.423405868204167 8.37824064096058 4.904535560004575 0.624986693734091 3.651944871584038 6.361335279828243 9.5151905224671 8.271760733253824 7.321807516481751 6.2127808025885525 8.001622724760557 9.022613584592595 5.203663760533828 7.7477745324452885 7.946279583005861 7.742028268190428 4.3081949359904925 8.892141660906793 5.273761049618387 12.993319882540483 
4.412277743924494 12.825024812364113 4.9380241113824965 6.925953945419678 0.0 4.5677692245364145 10.605282569568175 7.520713199352217 4.422590893025891 7.853926446562866 4.194248173695726 7.143016263210893 1.0446075410421105 3.904092772054783 8.953005354358954 3.9782373093667647 4.7105522747742725 6.503815027289125 7.7612681294183465 9.78220823514383 2.115060454190384 8.712745686868884 3.9238141611578348 4.566093798365973 7.285202571656457 3.9501261207384117 3.8377757370355305 3.0921406399695077 6.441764187961627 11.259581079200807 3.5005237542946164 7.07678345036414 3.594865290616627 
10.130975934057352 11.396518006908531 6.4265590612521875 10.202545425803045 4.392971931887851 0.0 10.064391923798071 3.9520766008792836 4.8628774473843315 7.070674703811796 3.277657084507912 9.883965951261956 3.013208784188051 5.502933319972275 15.987572914396257 8.946545105123846 8.018759346422534 8.001124351249272 13.066702280548245 9.423419005072445 3.918555145548271 16.41419885879634 7.314613359959549 9.703434533489784 13.743202252157936 1.2566305772300594 2.2839772463572925 0.8714016358040348 14.10123374214849 10.6435546563235 1.3537342890192774 13.62402920839709 8.327440776053715 
3.5102870914985282 4.576977496688837 3.461455159821156 12.099500532932442 9.035816924501255 15.542368164626566 0.0 17.661937352575293 8.621229811254372 10.12453443622383 10.52100739815563 1.6319325291456384 6.947255788905927 11.389481889079983 4.343660868244144 6.182721884189587 6.609601281261674 13.244309001860453 4.311674685366327 1.7835265966050737 6.4307128497386685 4.877199736676639 3.060041990445038 2.4607185201410715 1.7919356417541707 14.87630120959095 10.12321654914043 16.795995002761508 3.123811139511976 7.913719668201434 11.759517697342739 3.381626819243508 5.989665997654531 
7.788617308777945 20.517781970684034 8.374089903664114 13.707303357871652 4.962622053603306 4.3651720399754765 11.79964913910671 0.0 1.2105061573104836 11.3358334741434 5.9272368216102596 12.089278223658383 4.286631495660558 3.2830434352564932 18.970591262934484 10.740525833597488 7.9703252858082365 8.805639407807703 10.671540677000825 17.801681893857907 6.748476846379338 16.870444089873658 8.491435563162648 11.59500289381166 14.662970153127382 5.0131872898688625 1.63746116906831 4.42107924705929 15.3887332390495 14.950448520856865 6.5491956806536535 11.38637516568728 6.944376480472782 
10.293146457157357 17.53201217526253 7.3298529066881715 10.841549295318876 3.74453494261577 3.4123843343278635 10.682503219121333 1.3693298692627498 0.0 12.922535303292662 6.160995095698189 10.917449364162717 5.765479058549705 1.439148312461872 19.88916916683256 7.579758284704894 9.126042862373165 11.88733939955321 13.304993598320763 16.711309242363733 4.300417589845382 18.54823905869266 10.329078564733749 12.895555327106491 9.152852066834814 3.5104303767533946 1.9394335943517325 5.937185628242648 12.395898352122073 10.671057573100278 5.760448594369966 18.093455240506053 4.503872590597063 
11.26727533304209 10.044224619580415 10.473188564205422 2.354867466928333 5.21113744863691 6.150724820424449 12.447312520805257 14.754340136229835 10.068289797112673 0.0 4.045300636905506 11.273543624455433 5.991576893999903 8.284420204087482 12.762400402654938 6.6452359923945 3.3439736013778028 3.163620658768874 9.345393424882207 8.883251770179594 8.010229496019491 8.52251337198441 11.141181511228414 10.110245100670774 10.152625456647133 6.344246816968422 8.910253538475416 7.833308238196549 7.527257731358381 6.480169460918499 4.515687382548166 11.64188188666192 8.511407642517295 
8.917059696994649 16.18055754183545 6.406639418994761 4.842902491559785 2.867689234538373 2.935047201235227 11.574826144200816 6.753733329086254 6.0752711101644445 4.891653682232533 0.0 9.871117406035575 3.0544265131973263 8.129197497846834 10.938125559379282 4.419767830531222 5.431505100384259 3.405032579782401 8.050060031731435 16.945809085845504 6.977241711922147 13.4254108647753 8.644568314968462 8.522430741499324 12.719318783798123 1.7619758245272221 5.102964790690833 1.8177144236033245 10.040466655809706 10.191876882342708 1.3354554773996812 12.10673603667739 10.259134143537363 
3.3089805888230517 3.6494435023270166 4.870557221968436 7.982742989864417 6.634781554665344 13.423291714237426 2.6897097780477095 11.372469147573028 12.462268931015245 11.456686164476352 7.611809955076683 0.0 8.724073015527326 9.351978169859745 2.1850604942259975 5.27931715496279 5.850679721491094 15.86366708862818 0.9287684028494497 2.371999635095424 7.37382294458107 3.133953649235134 4.190922754946602 1.1787884356250853 4.255238024001679 8.768341855855997 15.632911957877063 9.358338622939074 1.7962978209486549 5.218095145431332 8.201619481356484 1.6766294146472756 6.455904651592024 
7.215047239125107 15.996793960796426 6.740225901536672 7.561405731186057 1.2890493466518302 3.779621769854478 8.739881777630293 6.665304884352601 5.142471622961951 7.691067932706823 1.9253018362190208 8.812700007822286 0.0 5.859933597570903 8.452929685216986 4.260460519375527 3.8656622545098016 6.923472523620132 10.591997185530229 14.405716688068907 3.176615830476306 13.771472319150252 6.047902279412773 9.059774504332903 9.324829133969796 2.3999585528239233 3.180631759066353 3.4674178552628496 5.111358939862994 10.969338477707645 2.877215560942914 9.281422544152672 6.454198048215872 
6.251380859231857 17.100652301257213 7.862212236515308 9.578237876061948 3.759991253230093 3.8973303395527217 11.58423680384302 4.178894993516655 1.3175983436827476 13.310256297684564 6.090410239401511 11.351952892081536 5.890509394573556 0.0 16.54971050274166 7.483286286816989 9.042058383837796 10.722673653129618 14.758134157657732 16.059127758419372 2.940158576445038 12.293406550053122 10.732886894733639 11.988252019097818 13.595551375709132 6.332093024183093 2.7157079341877264 6.342070921433469 13.333298648754319 16.930650978228407 3.9047986530931458 13.224483472130377 3.481719730693255 
5.859760644465136 1.0586073712795576 9.778989793622937 10.464098120067 11.68564780487889 13.405248810368038 2.816763711147087 14.240693814572616 15.25652757045826 11.58047591414946 10.644740268133178 2.1602433616228756 10.616286149328651 18.997064811135203 0.0 7.404220643501876 8.44967514570342 14.499741407342793 4.0528497761395 1.4969108641901991 10.966984859497112 0.19463288644296436 6.054189793962179 4.814094417644069 6.709603128334864 13.972935114878776 19.90580264668447 14.991257487372314 4.712766940346592 4.533621879672459 17.19194169183877 1.7324464809014506 10.982559570168487 
2.6364308594089563 9.683986861110444 3.6698095777978694 4.424958360798948 4.364600216576415 9.712330338723199 7.345013968876258 8.202159702398394 11.954822783185149 5.942579346683416 5.5876764210542715 4.094270303304795 3.4703843154383334 10.953737862798306 8.75624190282694 0.0 3.383389666292167 7.804495392920854 4.808150011959722 8.229324384148546 4.660633047438165 6.081628889525784 1.9199232619823743 3.8689685411317933 7.663281587287473 5.843201933254517 8.467592007778997 6.619328393192583 3.068555661528391 5.877672069850212 7.066039927106534 5.844775557857787 7.767460268129423 
6.048516655635066 7.012843459918012 7.860189679548301 0.6476988421361122 5.134648514897245 10.553916998952513 7.6031391368671475 8.095308743869369 11.390762774537198 5.244726799711945 3.9419238090609596 4.910544168808541 5.938155084398373 12.898602424634174 5.706012850357053 2.555844294744591 0.0 4.2574235999447865 5.595453610747028 10.705284386877938 6.747042284200544 6.1094234806339855 4.326696721650906 3.8451688600866287 10.47297997685623 5.896293385761779 12.5858752328412 5.722178030295552 3.7457340966599073 4.484478413573425 5.405238816292566 5.646075793178987 10.27201927395731 
11.50190741505856 11.845482748985374 12.631653848731133 3.789747191694896 5.182273156081766 6.756775241127668 10.140488696833225 7.491676400236955 12.773491258620407 1.7413635679779504 3.9648953786803056 11.636721923526013 7.991678434142951 10.397596719647222 14.137883885620568 7.623597734104972 4.585238950421917 0.0 8.698261761704138 17.208621904388277 11.184795832587081 17.556920428367775 11.879220362748967 14.243945919674912 12.462136938397201 4.8214445620195665 9.486163827595664 5.960684702571365 11.977452346928896 10.637587205727435 3.795329081047483 14.107194861947807 15.754507385686644 
2.94542213788423 4.96046582384385 5.586107387443616 6.462686012947836 9.93819956674248 10.005873516041675 4.32779952069814 9.271021991929203 13.097968812604421 11.85739190875288 7.1461803586769586 1.5119013769707406 10.4819243472245 14.37519916150249 2.316978537532199 4.867708155616673 3.7519826301347474 9.36567335858605 0.0 3.248340212094303 7.963382551305437 2.7116376050409925 3.197805115408471 1.665047955494365 4.289312201932248 12.06163873839952 16.136063513653585 11.950398317960648 0.43290205920161806 4.410997779510001 12.589373107994172 1.1668028577350402 8.27104322376622 
3.710749561979069 2.171585643586784 5.155572509791046 8.689313806577765 13.145146838720574 12.43073404579071 1.9310705219560544 19.827245041737648 14.40116400775393 11.924998721493669 13.148845096028586 1.6574487652260315 14.081713404807312 11.338627419043908 1.78147239460083 7.672573238191268 8.170374480224494 17.142433870701 3.3110385324653695 0.0 9.479276156705254 1.7184539764682518 6.4339459672639165 4.68172776546449 4.816921073199548 14.15168634436537 14.227601998575235 16.00098638500742 3.420220374585231 6.879404542931475 9.367823208882953 1.8744498433968795 8.062903204934795 
4.777651425114408 13.053189621455408 4.278125423808412 7.159571590574892 2.250657694172852 4.372745081959261 6.526078683652089 7.685730345520914 4.978898920294592 7.60931622447743 5.68169138402124 9.330129598374548 4.064992851276831 4.393539108673176 9.579687151316477 5.073535417938647 6.883758251587328 7.0777917180190215 7.80457556188356 10.062121688625714 0.0 12.422155634761767 5.104331459541771 6.296684141319723 6.096032936338698 5.014652531919087 6.26199289765387 4.189912571324254 6.113307776581833 12.00065110319545 7.5663476280452135 11.891560752627875 3.3214998222485956 
4.406565969359435 1.6501374953406303 10.26334494065911 7.4283506255187 9.69338151512047 9.905807721687719 3.7444258882757895 12.146589963639384 20.723223916538792 8.618337505686858 10.826053872459653 3.0692731213759545 10.111501040039355 15.883311833405156 0.14700525062735756 9.268919605426888 7.626120079528356 10.52853339577843 4.532949926775188 1.0437457864116702 10.743131383763652 0.0 7.424590203428284 3.7126616495775044 4.302750625005041 9.975456249173705 13.877605452293174 9.737362735403874 2.968543946613542 6.718147969105882 18.347981178628793 1.8133907330623522 8.177253190837472 
1.1661036918557577 6.520956132414714 2.9037060050743264 6.5448589258114165 4.838156062553979 7.45645744047096 3.126896581189239 10.518721999160338 8.115958545365315 7.107957768105873 8.90262897057232 4.123110619553303 5.727775559177866 9.809971927670826 8.087608581781152 1.3243258988740358 4.3214709728265515 9.397011697287613 2.610040391532753 6.8939479179353205 6.081549686185665 6.138757905098623 0.0 1.694329809457642 3.6058005064412173 7.795985045109873 12.020814752471173 7.162024524590247 2.583333382630805 4.6054900038224895 6.750994312947576 3.8207029445452743 7.717623792116172 
1.2368540279047884 5.46699774370742 3.659006105907004 7.6146260278811795 6.873954752310722 8.551780823387952 2.775396357619751 8.830445504455959 10.08095762895428 8.458704480140211 7.822708871587048 1.8556947374455044 4.9746457075383885 9.816959295678085 4.067479898560595 3.674666626427741 6.796186594179749 12.200727149826637 1.2740418018413955 3.565199993821727 6.697665035515662 4.055278776302634 1.2858324071078484 0.0 5.033020542126083 8.133655818327107 13.793015080196323 8.633002999708195 1.0130821107661037 5.362946916243192 8.14301372067807 2.9394743424345027 7.1278175544673505 
3.5820825068244293 9.018905608918201 4.756089660749247 10.934001428641285 9.631888382732928 8.050325980931767 1.6697225667056101 15.733013318775582 8.076662569310738 13.800905671671476 9.768598555205209 4.334465642028112 11.806413403175249 8.849959916136397 7.035170671085381 5.955877060377032 11.566786759924867 13.130843581619516 3.0348725860471477 3.123573388792534 4.855498124222614 4.454268400416858 4.452983192797444 5.127806462826991 0.0 9.079629266560039 12.845390783905199 9.968550552199616 3.0847555028026377 6.627066398420279 15.27697905120119 5.63631424407852 7.683504907099698 
6.158668795693718 17.671887024809706 9.715953659016414 9.114301989600893 4.569306930030978 0.9273194510915592 8.78047369660936 3.297686480449446 3.3484892894547107 6.7580424509952195 2.057508442388841 12.635721585942406 3.7234347599607966 5.8750631062996295 13.175824186131747 8.707522591255781 8.44700401067859 4.243186166831799 12.043809491073418 14.255130940345813 6.1016527271730485 13.003525554904718 9.175086552081527 6.771717642844731 10.590447636952232 0.0 3.1010945814872595 0.13350709661802754 12.754889959630288 8.61626578279271 0.4261289338693766 13.18806151247992 10.29682372498249 
9.053389379428332 17.420040044725287 10.316664934575073 7.375474527160067 3.425054137263217 1.6595870328051 11.475346367786802 1.7320409424591636 1.4909774344690736 10.353220248809574 4.756194054693038 16.049192654323445 4.795348844237445 2.5926819404107615 18.241876633815583 7.595262503274873 9.115564392297838 6.9091384728452185 11.197555101287268 15.143077108464102 5.446781864584729 13.8029906506347 12.351614001015388 13.586176950152268 11.233065255747139 4.147248858006009 0.0 3.7731078293003906 12.336893615422385 16.77143842413272 4.212893614400089 11.424158703883117 4.548091893350462 
10.357135545240034 17.7898272099266 8.536638183062571 7.368313949341748 4.5188089627893415 0.7159349175050893 14.679079324928498 3.286348393671816 4.3664790279671495 8.187270581853916 1.9407257156584938 11.188219867172542 3.41428009466922 4.979209653817975 16.867492704057476 6.760279299447488 8.572874999046519 6.773571570644425 12.229823690968198 17.64686484949428 4.399050108810318 18.859939780680094 7.916477829022918 12.85312088389779 13.504834752617146 0.13508907310891086 3.372704007585627 0.0 7.393329360876447 12.94655792078964 0.4023579362253067 8.343565650728658 5.523171680748772 
3.054978694274334 4.95505633448396 4.013928933872581 6.307751914091599 8.97434639793542 7.9676902642468965 3.4013657193019835 11.572321391263955 10.460977329071701 10.056453386731949 7.6587487204818245 1.506787780074906 5.864164499647858 13.909798295155056 3.100051960687543 3.5947798524732932 5.351002795429195 13.357130138769326 0.3804230874133324 3.044087858002285 6.422025063345606 3.1409441277319923 1.8461141220456385 0.9140049362583265 5.304520906938526 7.3836545661201605 13.192879318564604 8.292677538541405 0.0 2.5104815893975108 11.259645121799494 2.52488554661203 10.772990139933583 
4.665337405186454 4.355402463805761 8.56498496262195 3.7368053850973952 10.148386794169532 14.543108343879247 8.65898286307884 17.402748357526058 11.788718645852814 5.2978612100606215 11.150307152946393 4.332709674749049 8.301049885922701 13.019199973032482 4.49838780762507 3.502977796314034 4.132002991188174 8.69395679477333 3.4877419010643913 7.244717657670016 11.136902312048669 5.007700558460762 5.723105675717049 4.307446329817015 6.588940320519222 12.935699670228997 11.632414344508812 14.178281018844032 4.921129487454707 0.0 11.627610677819437 4.151399029570001 13.765317153207096 
8.13431678801247 13.575227550922314 8.474456145064964 7.639782134928158 4.318695343055305 1.3647523184483314 12.378104553070406 5.042255348212699 5.597697167207065 4.7890033533728005 1.5640694077208508 10.672654726328393 2.0432565444721273 4.862550082606695 13.365951821949707 8.698394668965442 7.354266102731791 3.3599001460249034 9.410317427441809 15.016654094501913 5.38500495258866 14.310178149049293 10.8846317916928 10.722866411257577 13.923555927714073 0.5712669671344595 4.5827231941391435 0.7787144455459024 11.144409635508715 7.852275950831128 0.0 9.897418224664884 6.575286718057228 
5.685119309348134 2.2804362276445795 6.81753125183239 4.424452517006111 9.029130185642636 8.906452865341722 5.572156859102037 15.829992079982151 16.40116100977952 11.33425046999863 12.021291786191316 2.3383716475878886 9.91392907529438 13.046536996029175 2.7003242823705387 6.231589255762278 6.940657625892505 10.116968554489594 1.8644911741525152 2.5101197981070125 6.716278607595552 2.395606303539295 4.811222323574692 3.6504035783232487 6.165064330270491 9.904542736415998 9.317856706798938 12.734422253035333 2.2469851116516826 3.3190906064721886 9.86912002191661 0.0 11.417851968396453 
7.3107255142131775 15.204964582774512 5.183005500363442 8.326617174861886 5.679665755370753 9.34840231450233 7.625224020756393 5.188766355117606 3.4122348139982877 9.438347061684057 9.284280612587688 6.537482496527091 6.672713464598736 3.5053451770397457 14.308414747690072 5.391909673463551 11.430122160804387 15.896234067160265 8.180564888780925 9.535770233279832 3.0990935830769484 9.914871530466387 7.123636281644483 5.407709629121037 6.727534681069158 6.927840621387595 6.037032747665048 6.2596073363623175 7.090758663086477 12.70731980921817 8.32286560773424 11.18364579434626 0.0 

0 5 23 14 13 8 18 19 10 18 20 5 9 23 9 18 10 24 13 14 8 10 19 14 13 14 2 23 15 8 20 24 3 
