39
5
100

0 38 70 89 4 62 47 77 23 18 61 27 20 48 2 45 70 40 16 14 43 14 86 41 69 35 53 74 63 51 36 32 66 19 76 85 61 96 36 
38 0 39 51 34 25 59 40 34 23 26 34 18 70 39 12 33 30 23 42 8 50 50 10 48 44 49 73 81 13 66 6 30 24 63 58 68 76 10 
70 39 0 31 66 25 64 28 54 52 16 51 53 80 72 28 22 35 54 79 42 79 24 46 20 83 43 60 85 33 84 45 15 62 38 20 64 42 35 
89 51 31 0 85 27 94 12 78 72 29 76 69 109 90 44 19 62 73 93 48 100 8 52 51 90 73 91 115 38 110 57 24 75 68 42 95 66 53 
4 34 66 85 0 58 46 74 20 14 57 24 16 48 6 41 66 37 12 17 40 17 82 38 65 35 50 71 63 47 37 29 62 17 73 81 59 92 33 
62 25 25 27 58 0 73 15 54 46 10 52 42 87 64 18 8 41 47 67 22 74 26 26 43 65 56 79 96 12 86 31 10 48 61 44 78 67 27 
47 59 64 94 46 73 0 86 28 42 66 26 50 17 48 56 78 32 44 62 67 42 88 69 49 81 22 30 22 68 29 58 70 59 44 68 14 66 50 
77 40 28 12 74 15 86 0 68 61 20 67 58 101 79 33 8 54 62 82 36 89 14 40 48 78 67 87 108 27 101 46 16 63 66 44 89 68 42 
23 34 54 78 20 54 28 68 0 14 49 4 22 36 24 35 60 20 16 37 42 26 74 42 48 54 30 52 48 46 33 32 54 31 54 66 40 74 27 
18 23 52 72 14 46 42 61 14 0 44 16 8 49 20 28 53 24 3 29 30 29 69 30 52 42 40 64 62 36 43 19 48 18 61 67 54 80 19 
61 26 16 29 57 10 66 20 49 44 0 47 42 81 63 16 12 34 45 68 27 72 25 31 33 70 48 69 88 17 82 32 4 50 50 35 70 57 25 
27 34 51 76 24 52 26 67 4 16 47 0 24 36 29 34 58 16 19 41 42 30 72 43 44 57 26 48 47 45 34 33 52 34 49 62 37 70 26 
20 18 53 69 16 42 50 58 22 8 42 24 0 57 22 26 50 30 6 26 24 33 67 23 56 35 47 71 70 31 50 13 46 11 66 70 62 84 18 
48 70 80 109 48 87 17 101 36 49 81 36 57 0 49 69 92 47 51 62 78 39 103 78 66 83 39 43 15 81 17 68 85 64 61 85 26 83 62 
2 39 72 90 6 64 48 79 24 20 63 29 22 49 0 47 71 42 18 13 45 13 88 43 71 34 54 75 64 53 36 34 67 20 78 87 62 98 38 
45 12 28 44 41 18 56 33 35 28 16 34 26 69 47 0 25 25 29 52 16 56 41 20 37 55 42 66 79 12 68 17 20 35 53 47 63 65 9 
70 33 22 19 66 8 78 8 60 53 12 58 50 92 71 25 0 46 54 75 30 81 18 34 42 73 59 80 100 20 92 38 8 56 60 40 81 64 34 
40 30 35 62 37 41 32 54 20 24 34 16 30 47 42 25 46 0 27 53 38 46 57 40 29 65 18 43 55 37 49 32 38 41 37 46 38 55 20 
16 23 54 73 12 47 44 62 16 3 45 19 6 51 18 29 54 27 0 26 30 28 70 29 55 39 43 66 64 36 44 18 49 15 64 70 56 82 20 
14 42 79 93 17 67 62 82 37 29 68 41 26 62 13 52 75 53 26 0 46 24 92 42 81 22 67 88 77 55 48 36 72 18 89 96 75 108 44 
43 8 42 48 40 22 67 36 42 30 27 42 24 78 45 16 30 38 30 46 0 57 48 4 53 43 56 81 89 10 73 11 30 27 69 61 76 81 18 
14 50 79 100 17 74 42 89 26 29 72 30 33 39 13 56 81 46 28 24 57 0 97 55 74 46 54 71 54 64 24 46 77 33 78 92 57 99 48 
86 50 24 8 82 26 88 14 74 69 25 72 67 103 88 41 18 57 70 92 48 97 0 52 44 91 67 84 109 38 106 56 21 74 61 34 89 58 50 
41 10 46 52 38 26 69 40 42 30 31 43 23 78 43 20 34 40 29 42 4 55 52 0 57 39 59 84 90 15 73 11 34 24 72 66 78 85 20 
69 48 20 51 65 43 49 48 48 52 33 44 56 66 71 37 42 29 55 81 53 74 44 57 0 90 27 40 68 47 74 52 34 67 18 19 47 28 40 
35 44 83 90 35 65 81 78 54 42 70 57 35 83 34 55 73 65 39 22 43 46 91 39 90 0 82 105 98 53 70 38 73 24 102 102 94 118 50 
53 49 43 73 50 56 22 67 30 40 48 26 47 39 54 42 59 18 43 67 56 54 67 59 27 82 0 25 42 54 48 50 51 58 25 46 22 46 38 
74 73 60 91 71 79 30 87 52 64 69 48 71 43 75 66 80 43 66 88 81 71 84 84 40 105 25 0 36 78 58 75 72 81 25 55 16 44 63 
63 81 85 115 63 96 22 108 48 62 88 47 70 15 64 79 100 55 64 77 89 54 109 90 68 98 42 36 0 91 32 80 92 78 59 87 22 80 72 
51 13 33 38 47 12 68 27 46 36 17 45 31 81 53 12 20 37 36 55 10 64 38 15 47 53 54 78 91 0 78 19 20 36 63 52 75 73 19 
36 66 84 110 37 86 29 101 33 43 82 34 50 17 36 68 92 49 44 48 73 24 106 73 74 70 48 58 32 78 0 62 86 54 72 93 41 94 59 
32 6 45 57 29 31 58 46 32 19 32 33 13 68 34 17 38 32 18 36 11 46 56 11 52 38 50 75 80 19 62 0 36 18 66 64 68 81 13 
66 30 15 24 62 10 70 16 54 48 4 52 46 85 67 20 8 38 49 72 30 77 21 34 34 73 51 72 92 20 86 36 0 54 52 34 73 57 29 
19 24 62 75 17 48 59 63 31 18 50 34 11 64 20 35 56 41 15 18 27 33 74 24 67 24 58 81 78 36 54 18 54 0 78 80 71 95 28 
76 63 38 68 73 61 44 66 54 61 50 49 66 61 78 53 60 37 64 89 69 78 61 72 18 102 25 25 59 63 72 66 52 78 0 30 37 22 53 
85 58 20 42 81 44 68 44 66 67 35 62 70 85 87 47 40 46 70 96 61 92 34 66 19 102 46 55 87 52 93 64 34 80 30 0 64 24 52 
61 68 64 95 59 78 14 89 40 54 70 37 62 26 62 63 81 38 56 75 76 57 89 78 47 94 22 16 22 75 41 68 73 71 37 64 0 58 58 
96 76 42 66 92 67 66 68 74 80 57 70 84 83 98 65 64 55 82 108 81 99 58 85 28 118 46 44 80 73 94 81 57 95 22 24 58 0 68 
36 10 35 53 33 27 50 42 27 19 25 26 18 62 38 9 34 20 20 44 18 48 50 20 40 50 38 63 72 19 59 13 29 28 53 52 58 68 0 

0.0 6.019653295810231 10.084217428377904 16.189135907318857 0.49902151574639536 9.895744192819436 9.103158853205851 15.392547497842248 4.593338199717047 2.958892014414058 8.255668302771957 3.206182809072483 3.1416450391615247 6.724323122177425 0.32673766943320853 5.98662656362227 12.812186350974454 6.126521915821474 2.3789790186240576 1.7318320122147028 4.510227718548344 1.9115268204133002 12.73739051544054 4.751820475105806 12.638829242630461 6.0170512145811275 8.175281724361051 14.758485886721711 7.230588025151506 8.531715010785662 4.074451601825358 5.302834568375736 7.630936019577396 2.2875268911967117 12.444231737221637 13.964102250286562 10.939299656754347 16.52931546319706 3.85927389222793 
7.024003862754629 0.0 6.6607819331062 10.139657048803805 4.275976811743231 3.7324011513289777 10.993061421022903 6.555924974051796 4.051805542151896 3.4348086520872845 3.620841767877991 6.126920802760118 2.596592309029642 10.22746103801665 5.12483596473409 1.6281012689999352 5.792987031734791 5.362564299278199 4.533935039913687 6.972470881321293 1.4468590136186879 7.9898870028196844 6.24656845744925 1.0007564702374556 5.034321574218093 6.376849355502458 6.589988574991653 14.075102892490097 12.0407657973023 1.8444515086227924 8.762398094473424 0.630590108668553 5.478004871403874 2.9895458003325706 7.200589450955091 11.48129745825597 7.579846762143633 9.730049587146516 1.1538696539971827 
10.108538398466079 5.577635065559073 0.0 5.569122677966764 8.360854786626627 4.982906563578677 9.61951430613907 4.011287859519517 9.636215903182897 7.765547645562251 2.1416475989251005 5.217481095885517 8.08212364299527 10.768347663860261 8.90946152008554 5.086495817778865 3.13456653257714 3.706509117963292 5.8079805734206005 14.631105299297342 6.9028464436021135 14.876038698810838 2.8074132812654327 7.838662081732381 2.1509652931286127 11.976168459974609 4.635659384800569 9.419127692663483 16.930629298303955 3.6362804305031378 11.907043133273087 6.698110082116195 2.781067436045 8.679441708365228 5.565433827570034 2.426199578134576 7.885421325233634 4.296522046974971 4.236640012733493 
9.035418408604636 9.86325368213022 4.376686135587929 0.0 12.659249146686392 5.1475640111601155 12.195893511707252 1.4470103666847545 9.738861194494866 8.664612377543644 3.37469504368902 8.787701870517743 8.651852474429255 14.527077189052422 16.92370685737654 6.753126091264649 2.6660219611511464 9.882280135604258 11.126893788537188 9.988309475183872 9.225556118389548 15.93430230843575 1.36851432881401 10.026868306590266 5.323247011006024 17.902847822562354 11.661302064836583 9.116473818068847 16.613556677805995 6.286351429119432 11.966443354305802 8.6602801596495 4.577502988788674 14.05777443027308 11.296247893294598 7.693198306675189 16.413508564435553 12.519155763342795 8.953921291110488 
0.46824218877389906 4.933121443996656 7.493784564524031 9.008205695943234 0.0 9.411609151890767 7.359692446250429 10.490065154912557 2.8459878017543065 1.9324328121550804 9.516111416929363 3.278894448276271 2.107676294618355 8.967032143964754 0.6936396771160431 6.226944845608115 9.338500634961003 6.148384782330906 2.058950925748963 2.348163270322248 6.182624501542917 2.738741351861816 8.668255413945719 6.332119877998965 8.896174216395437 6.202043268184149 5.3374073370833734 12.676495122989598 7.913968522053373 6.516258423816394 7.158783968291469 5.649701949134883 9.248691151412903 2.02358773324428 11.49479354582343 12.229934632868725 6.660883932560405 15.499800830453127 3.931131908372544 
12.092681507565253 3.478334037134614 3.4641145578717025 4.315674859453397 6.632120428238992 0.0 10.842593635146441 1.5064916229604874 7.447343393741762 6.204871406586578 1.8035618930746873 6.898420357738806 8.15512154256777 15.632261318582495 8.864482512427799 3.13817581943786 1.528544676502145 4.316406892390069 7.552600867646022 7.44312479949547 2.759078980373487 13.009407455407523 3.125191745286134 2.809423894740456 5.215306854556961 10.639701209635708 6.572464720358723 9.760581467017781 13.793888269256453 1.2781447100443126 10.155422676915427 4.128762322517344 1.3277940949223361 5.387103113210106 9.795288285137564 7.822997645171683 12.216937973680569 13.088294351648935 3.190198169792709 
8.53066003425427 10.962738302648834 10.306586578240118 16.486841145768707 6.770010563073013 11.099496038832704 0.0 12.71121907108297 3.52062713012554 6.920541032298194 12.039773875315962 3.927595825578817 8.656236529744541 2.1164569276335983 6.527779969744595 5.864610576228186 12.011285661960123 6.077162578413951 8.124384483628772 8.536426952790253 8.367529040192004 5.329004069622736 14.842981212282245 10.18819573249458 6.432507706921908 15.530689793103285 2.53320386985051 4.666107808151682 4.014532161419158 12.156486516545245 3.9519528929629826 10.840056304872768 8.866590432695673 11.35109826823686 5.626447035312355 7.309554008433502 1.874769426191437 12.412005927149455 5.544740550323811 
10.58671996350953 4.384253036018087 4.564195098890085 2.095094008719615 12.57394364695461 1.540793130053759 14.412051989757245 0.0 8.358268313261696 8.776928123011563 3.024986417387596 7.025495180390607 9.420426508279965 14.821989203422323 12.115231661114272 4.436414864446563 1.1380129269812094 7.169708994641605 12.28676496682937 15.127828085781767 4.387249104893368 17.29262613948618 2.1853592751781403 7.278662175923217 6.654620650261658 15.12209019581944 12.631667405662533 14.54779596353133 14.151733647322708 2.930285616376309 10.362644226289376 5.383471271821573 2.1114355463501084 10.531418289417568 6.842725546066742 7.89348556604281 15.779400186609942 13.346850862933294 6.245196718159237 
3.118633366572892 3.524556558452838 9.978223536320616 13.35347386345812 2.0483809751022375 7.6542946594828 2.8612504094002307 11.584275366150623 0.0 2.050928279280109 7.64511447545974 0.5217286725082564 3.5787813218206352 5.188464054151641 3.701500628339611 5.762739172221555 9.357322972569884 2.344484536456044 2.3380347657269125 5.845761104788641 6.879608744266887 5.042946429085575 11.218540367104541 4.919302237809995 6.395332897307072 8.373970488642982 4.5695020292409705 6.367839798919441 5.808504797328173 5.6721943132733665 3.6645002100574127 3.754620943375038 9.978051169649568 4.769116840358908 5.703780278649808 10.714832248062976 7.288107032567867 7.5095268661869445 3.03938571303512 
2.322893561042908 4.118385846478953 5.2305776805667685 10.946428879148563 1.491525347279935 6.7017078902958716 6.599931651367598 6.7478701225452005 2.0570011355914177 0.0 5.225151732332775 3.062708501943583 1.450199932395578 5.3541756180201965 3.163856366132909 2.8475201786165125 10.395237909448372 2.5740250798116753 0.5359123617250625 5.1574860248314245 5.186315114795345 3.2021312383596037 8.61154650040822 4.933041156075838 8.147148504330614 6.94232088159027 6.523764008018061 7.020240669843161 8.699611555447845 5.125333404810457 7.568173724201053 2.1502934886669713 5.712272006335187 2.680868023442363 6.182591913489679 10.931991888271288 10.626915889134079 12.467350946073296 2.5688086814915883 
7.9923424177623374 2.667808967817249 2.19454321474495 3.1568624148666387 8.41725384763064 1.0446231638812264 11.957759125847645 2.900997562911152 8.498451905549743 8.542240468931258 0.0 9.21152486332766 7.837390271104314 12.264653884180278 8.232795476904087 2.672583306608269 1.9000142999245906 6.351959166271046 8.546402771336933 9.085601705875662 4.104858342786458 7.5685206243710335 4.146847753035825 5.151268470659261 6.063304561538519 8.936811577212103 8.098567516209325 12.990654953167969 9.399765557833705 2.743571310707439 11.439506897258859 3.3979816119526682 0.5559721963740857 5.212981319097493 9.914262836519848 5.774559613819033 9.28737177061076 7.585246558481103 3.67503729384959 
2.852462084644699 3.4193619424105246 6.509491928102851 10.368427582296773 2.892278548175027 7.681305782128851 3.8377715691463767 9.860827601169424 0.5212517524198171 2.0548807482072062 9.071010777101115 0.0 3.2382352970901 5.109041945359239 4.2772989936566255 4.656619256099066 7.088216122692579 1.6644594005705053 2.371740951690798 7.6726122819316185 6.489204094799105 5.523732944268463 8.13391554931158 8.165067574081046 8.393024340052756 10.027610987025714 3.5899648625491167 5.869873438505614 6.753913482281586 8.056971208666004 5.130992902788936 6.373408425330178 6.048143691187822 3.5369150208334244 8.431661408976662 9.312375289568925 4.039138306295501 12.443085294902515 3.097456016576296 
2.857432548935048 2.5499567790520246 6.2814723641178025 12.336887925134128 2.7554889704133245 7.715048451524062 8.513969055913865 10.45515994106992 4.018765240953232 1.2131990309168195 5.645499821806184 4.130234751136824 0.0 10.428162052999506 2.5003667052588248 2.711263199074507 9.738139233718222 4.99398200920673 1.1270763859066046 4.409367751634752 2.875788390807242 5.707107377461204 11.667044869112523 3.7697497339507264 10.018084950026392 6.964620707755909 8.695017375265255 13.052427591526666 8.97859362272434 3.4420468244116207 9.347466548742647 2.495007954974458 8.21369533424219 1.6665015420555964 11.86844085999006 10.106129150273008 9.000389710510067 12.471353262472142 2.9186489207073727 
9.344240094550086 9.754895727530686 12.177018478382834 13.23595247126568 7.5533851958007885 14.572977082155816 1.8234105190742789 19.198168853321018 5.0656766202615735 5.3535728949953105 12.716447346373752 4.941288379608541 7.661198326660981 0.0 8.297489423257725 8.625650774357723 15.543523640179387 5.430044235570293 8.499776152881605 8.866124241271708 11.482290425189126 5.821394546562121 14.507451980111354 11.727325581374343 12.226673902852603 14.783773984666635 5.275542387410573 8.398751132867375 2.845512496258532 11.708017690307578 3.051689732845757 10.478393703101386 12.048537175503892 9.226587280637817 10.353867469409403 10.90817864108524 4.011777875058725 9.42242172641818 12.26862185984215 
0.33579253644404317 4.599769738004043 11.057249464102227 13.161304976202013 0.8395954639752854 9.8504037139011 5.006093295397789 14.256686400382744 3.560737158707411 2.955762101633929 10.724555434218862 5.618768388702961 2.616510497574173 7.171170691347603 0.0 8.344078613283823 7.387605717176905 6.797097202290736 2.4978540910869773 1.5616218999105027 5.806553377722587 1.8560107329027535 11.274019487465116 7.032727026122074 13.964021392587707 4.713598010952289 8.184398498629625 13.58071053197446 12.20326269879623 5.6606133703694566 5.060300969559399 5.885192868985545 11.395870768368978 3.6900833030305824 10.589289531220249 10.223094366719288 7.857748786906902 17.248784614061165 6.321620117247059 
6.846945748129935 2.2257003666491584 5.202766776364669 8.584744779663982 4.572592549799384 2.9366361617543526 9.08710842539648 3.451817630380483 6.57063357167476 4.658107329697121 1.6468548532147531 5.655186783578671 3.5509188341729763 6.9260817308964 5.3025473292841605 0.0 2.5896432723279244 4.54688718739605 5.798600247532258 9.090874563195328 1.6323849692539325 11.02551119417495 5.677930332148998 2.5347901520547396 4.996588787637979 6.700920293312727 5.434674664033366 13.164537953704766 9.296647189516952 1.5654338600358926 9.576250329691433 2.1925779534728775 2.4153059455158274 4.974872255455849 6.145153264878754 8.517479372531037 8.097041202516218 8.353853477781238 1.753160540910753 
13.129503109390733 5.753509326986434 4.048075284053425 2.0600587171406497 8.940262976767169 1.561186366983613 14.309346416683002 1.3484827818971366 9.77752324230217 6.553804355140481 2.3464691163681484 11.259654214244039 7.627212324618479 11.059377189426934 13.760174544169887 4.678414219606696 0.0 6.015592824698945 5.896857593636614 14.601179291540259 5.900252590075416 11.854725672439693 3.5565025835523016 5.829652612160876 7.849558545885436 9.524459197682472 9.063311841913727 14.997966622482986 13.758087151879764 3.51900238577116 17.343774229727657 4.1628911859169975 1.1998576824646583 8.404453312522296 6.198257844966174 4.878043217021741 14.168751764834969 12.035825721256922 4.466693686703538 
5.65569916589707 3.868610065858357 6.95246545143289 12.079001620769324 4.616738243289664 5.745653893436524 4.896611503630938 6.333361563833635 3.284023098610646 3.777332123954602 4.701114367368218 2.605173729817648 3.392407717032731 8.718295470160498 7.140858551655623 3.129488159197666 8.725126124904037 0.0 4.739863318372176 9.252003773095666 6.076181556655197 8.976192172181616 10.151226834625731 7.210386722203404 3.1876803830906173 11.675073738676845 2.4471013217144044 7.154547869868387 9.953366871534529 6.580173885629026 5.677170056088686 4.018517623726105 5.838080450217751 4.524023485525591 4.034375213313376 5.089008539312496 5.206006154124194 6.949074820809705 2.6098988513726527 
2.3636627983612812 3.202814695522399 7.312652819379913 12.95595202331466 1.9992579205044139 8.01665821363563 6.726743620847653 9.994978872075027 1.9624104630067425 0.4699405697021867 8.585982794245972 3.185593163528767 1.1639902353761227 6.211028996107234 2.4442161150322868 4.284155123670555 9.319328290683277 3.618881668276031 0.0 4.80609012632646 3.970581985094322 5.372453236364516 9.586347821378906 4.034020905267411 8.258386854967231 6.697825243577864 7.282029982573897 7.96899100809049 11.20373075555691 5.355994935187351 7.688639842419254 1.8586046656058275 9.343045118792086 2.2419654564994596 6.65322424259152 10.24556520826354 10.718718176801296 15.905871833504337 3.247952398189169 
2.2772433733248203 8.340483605777553 10.954618027506251 14.143631192667536 2.1784226651536494 11.738782968024944 8.345474064003117 12.005490075204793 3.9422068543999247 4.614064708732775 12.017313073338103 5.730441388074778 3.381724214735141 7.656600882812555 1.6910365826325717 5.451298644109583 11.625371371820805 10.130299307611592 4.797635030503361 0.0 8.732912028426291 4.17198616879273 9.870973986374553 7.9895386093432705 14.207550876295985 4.011734962774796 8.983437170123853 9.787259520142369 14.0084663922662 8.455408795186719 7.8520114959806735 4.571293582034323 12.706436943852044 3.105995289656885 17.61098660002313 15.937626521761906 7.895980498880896 13.036602518259212 4.4699352481628445 
8.505953706422144 1.0442943333918215 7.4052027008329295 6.552910934240332 7.615094752961539 3.4940928274199448 13.162965350076885 5.9448555084838235 7.526759621485645 5.972963283214415 4.343040096879889 4.468322348207621 2.703473891712827 15.008048087669657 5.568953648090228 2.7245970304704246 3.31632622063577 6.172180758222995 3.6075784036016243 8.919110435643898 0.0 8.335966347723367 9.573151820427011 0.6029124376823672 5.654136156874714 7.666685701118859 6.269526118453572 8.747115538111967 11.874688937979098 1.1660631516961195 11.840549403573755 1.7773413522362773 4.463693669778585 3.2513210525459013 10.11566492864103 11.443104518740839 10.461480203215558 8.975559372046126 2.49253359041681 
1.5513048640755813 5.657924711780905 13.580330429937936 14.721071410686584 1.7941226396729362 11.47300300535853 7.52888982543842 15.587361875582243 2.9225179571973543 3.560498707912466 12.536865548337037 3.560919562400054 5.798442678724855 5.614536744666542 1.7875675368418638 6.294607621911698 14.611365357435407 6.045704746479734 4.379997461918991 4.651158700025463 11.115478331101787 0.0 11.26955026237061 9.651207708243906 7.9812711650896935 8.054320691084992 10.640392910695827 10.391403894075067 9.544549453704523 11.628382721224815 2.441355398814872 8.67085934134468 7.714428609601819 4.962897251916132 14.864948511241266 17.298765531325557 8.960508300422259 14.159929727552584 7.4763698184619045 
11.976133227105322 7.827056366887517 2.516394186756334 0.9800177420309004 15.530779986674315 4.727581213336308 13.986475417698372 1.7646291802272671 10.968781997803982 8.196191209293774 3.7193448653158985 12.675127573196264 12.833075182923112 10.604154528811351 15.581239334410718 7.661846698749862 2.1670827623532722 7.5248564058644245 8.641649069839618 11.206104257180696 9.552588818187633 14.10427955895651 0.0 8.933557214034794 8.071441343378675 16.906260641601307 12.428044621989645 13.908676643675856 18.56889364202905 4.631028579519888 13.543368860531238 10.449729465559688 2.9563591997413483 9.634262664403229 11.714614424234826 5.259613158388682 13.086074783556352 6.061852727431931 5.294078482359705 
4.7306908189598005 1.929270360241139 8.555520390702062 10.225961892168858 6.395837076922092 4.859153208339236 12.735958626828806 7.107819593349753 6.621483056675615 3.1738851558490992 5.976636465170492 8.194389464130737 3.2671404246689084 15.063521101434706 7.591103645411755 2.2382503556308264 5.4178209819464485 5.174193262874778 4.773965077155736 6.265831833834406 0.40934067154048775 8.512794804338963 7.721846999370928 0.0 7.159429981260272 7.613265322205487 8.661320974691634 14.152729539126923 9.97781935730253 2.097049763324933 13.538737921562525 1.8572806033461604 4.360643494062142 3.5190532194839115 13.93250462804288 6.675007425914812 11.276560453584318 9.064701917545525 2.3420682409564133 
10.858786718179505 7.001823521370082 3.5893036568115293 5.6063376299389525 8.26291746531513 6.943928207237928 6.1459335643840936 8.00056431368841 5.812448877063201 10.363013046682486 6.5210712992702184 5.646762373146725 6.640400158574148 8.440607732571165 8.856467968838686 3.8014064426758556 5.04448444082553 4.943737942578068 6.123954556890902 9.080622041943963 9.734106314867116 7.926933211034867 4.620047977924475 5.715886039823886 0.0 10.588292188598457 3.570671395100499 4.275309899180783 13.544450120578729 6.367962939076273 13.651363310368115 7.432114991927811 5.778466068103839 8.34437749091397 2.5750305537934914 3.476867238560998 7.838773583479849 3.7968104346986458 6.756773623470238 
4.30075065010821 4.941486931251971 12.175053792477955 13.148285968439984 4.839861748385341 9.90720005154714 11.547755965170948 12.54701025633542 6.489423504090471 5.172254351828247 9.982510949991738 6.765183422643387 5.441997651992806 16.09558380156262 4.876424548211656 8.22704779536467 12.260475663365288 10.00388718049679 4.010718021886973 2.8422863649610135 5.731786436604621 8.574175643870996 14.124698265442674 5.763476947858766 12.181473591198564 0.0 9.40044922940804 20.164897377148222 13.25528081655547 9.5507680973963 13.44404141463535 6.304506669429717 13.481675852138952 3.029410996623887 12.77948034476308 16.87136478218317 11.808111266111982 17.859299438105324 9.831758383134288 
7.433191410621208 9.04121897435179 4.969938176715479 14.006576972481355 5.995693356172936 10.433325807978695 2.8375108555804234 9.145534266555034 4.671874564544442 7.412895353661044 8.53829741236732 3.3910889659980663 6.206747630991287 5.23241895864474 10.247667041203684 8.003332429139068 7.638512772137711 3.407576743583289 4.359021171297298 6.858759993996155 10.117325718690413 9.856655803341756 10.319997050678484 10.391062127788548 3.944361295468716 14.029538409890005 0.0 2.5263561524787415 6.302029730708634 6.2862359654051 6.871961251587897 9.598535195652968 8.202129256092029 7.588832761326594 3.6739633728338656 5.813761479011095 3.7026467333368918 8.063112985532388 6.969507361292387 
13.153396355876303 8.13323177816311 11.193497658993182 16.915280880033784 11.386051210796754 10.609479347054098 4.881870148096757 14.395225275921888 5.985927689333911 6.706237120918177 9.459184315411132 8.288213122445192 12.88393702335129 4.80956873280027 9.525389370550052 12.86363475511396 9.68408712043348 7.2929014046323 10.068859331122605 14.47536175014013 14.636231207786292 13.817456743355063 15.265663171114515 16.21716249581287 4.348243327478604 20.016360356767603 4.345606126328646 0.0 6.023339377503531 13.273759754106976 9.326712486140684 9.987496021479016 8.362916104448159 13.443595701897486 3.1906535144225403 10.368014579992508 2.8321563718077405 6.025049656370294 7.97981044859047 
7.655876574071255 10.40589500212993 13.017473073237277 21.740362424144926 6.838923647638669 11.564348115746606 3.347819431747634 19.01985810045696 7.606322782671354 8.898910641541224 17.17010897265874 6.9529965950654695 13.733933645735933 2.0280860025172682 7.358190872131773 8.907964292750535 13.888883038299852 8.629431476059642 9.09748302497584 12.392327773349727 14.440970276072186 6.946845813919291 12.245971742663254 16.226643956685677 12.041619850742233 16.286306994183573 4.647544036541985 7.047516796468573 0.0 11.387092154180916 5.83173115636358 14.053418743583997 15.241010384615173 9.385039123983809 8.551125808319682 17.34210002252015 4.1337353778642205 12.399702924043858 12.369200900451254 
9.504080750586965 1.343657449016345 5.414046736222396 6.56908773736007 6.883801079923405 1.8550102813427944 10.091637588190649 5.250880027129644 5.5595840427833485 5.450780009337085 2.6042162596928495 7.722563522142083 4.67161963832339 9.954765135706815 6.464711188488716 1.37470200588258 2.5312669622380417 3.824533042610138 5.066486937422239 10.132130927998158 1.4395577176408207 11.882126871682576 6.497143618551228 1.6866680120939939 5.361018261899293 9.43462731868204 8.621940381021988 11.958966598192916 14.252935458429487 0.0 8.196074986113013 2.0785225434090853 2.643577547153305 6.128436350822263 9.6000808659145 8.463816243965212 11.605238633720372 12.709892637303703 3.618928408076764 
5.585178791042692 10.738862178389915 10.042506454008667 13.47071548233678 3.823428153424928 9.96429355730451 3.702791049730074 18.816381062163234 3.5282797268965354 5.553102052807334 14.8509944342855 3.7058119951060147 5.173637936637038 2.556804717806788 3.6317558913091386 12.803263659790666 14.112797763392091 6.781479820760432 4.789833179919502 5.22920579104226 13.949016870040563 4.796018760914322 16.592883978251496 8.568837547937758 11.997392151574562 13.985963129652157 8.916268090693784 11.47666511002685 5.677183496752664 13.156825653373865 0.0 7.220576194692561 13.230722895814496 10.28021489536334 11.567770783312067 11.578622425612917 7.339755535619845 16.13809929114243 9.38362596777535 
4.569486933212541 0.7940878698340438 7.228901990803677 10.077386840347089 5.202125409498519 3.6842024403650018 5.973273437663707 7.654134923755575 5.418362641071129 2.3425938244003497 3.201000276879112 3.346841694023577 2.121579219241102 11.724715828975516 5.400488685291915 3.320038237109417 5.036139143244034 3.21739902230836 1.9090386237756656 6.897575265591512 1.1546997314390632 6.909414321053028 9.548574858296051 1.8398955249404745 9.873261572346722 3.933179104011611 6.320659593709308 11.681826536622793 8.452837814150996 2.5092533302973177 8.003897706389587 0.0 6.2857732415518885 3.1324538790403893 11.094505811176692 12.531153468095432 7.307190272176888 15.791913949758719 1.4140012904621115 
8.914609348185534 4.828242991929246 2.4950099883756653 4.625895818259426 8.65378061119049 1.142526922121677 13.984567626559645 1.9232300572564498 8.272753040111324 8.514289927771447 0.43420545380689957 7.397903613949566 9.129242014874414 9.654417065866875 8.601998934246911 3.0146690991999114 1.3124166543028983 4.983734064730303 5.844912001161675 11.80633451948015 3.293401400738293 13.514473663436366 3.9250355311519005 5.880989125903327 3.5080072829608744 9.608220564915518 5.4987810200399885 9.31076820359036 13.697734074371606 2.576399724506029 9.993552267551344 4.623582357189945 0.0 6.781452139577755 5.794670274854185 5.621406025492766 8.80726116354867 7.971488052375137 5.0938302352638125 
2.2401064433073 3.146555211010322 11.303270874429412 11.125880396205083 2.4320608312643843 7.92298061421881 8.52409646224271 12.040694133093176 4.807823299653407 1.9359518817760355 9.56257005768955 6.452444347334957 2.1109432108075734 8.758683088239117 2.170315437312215 6.415722738169181 9.257911497235021 6.883473893310116 2.404059989768478 3.2352457083945882 3.6239275234833626 4.743194751556633 8.659703720086652 2.8146491113791057 9.096770159725697 4.193993053602046 7.385279551817672 12.629522224958277 12.418184628498414 5.512571079048842 6.362670135142524 2.5091732691844655 8.04814198531388 0.0 9.632986153947781 12.02813162009763 12.797353634521492 9.703879565569007 4.752132934228686 
14.633721809654798 9.862422508239016 3.9609974652079436 10.210385767502236 12.643892843914967 8.833948994307452 7.503700490319018 11.264334862401867 6.787102689210068 10.585012414657811 8.241194809196232 7.757213398238768 7.15164440156709 11.66316308332308 7.909725552694077 8.823891091116824 8.326575107536591 3.780063573969647 9.070623953598428 12.722654633258875 12.019784698485768 13.336304568359534 10.94634796398625 11.899173197358468 2.3234782935099263 11.687262154378878 2.7857572739903897 4.755448098656379 7.562081737256937 11.442718728125591 7.30730148865176 7.132421813631598 6.752673750576951 11.875837413568743 0.0 4.212078114016926 4.388013090396813 3.9210513547212296 10.551157255883986 
14.550858081612766 9.131597968872063 2.4711422449616998 7.0879922802619495 12.522429285540504 4.9406795347385755 10.775340911608945 8.707155723759543 6.62723001210412 7.219510660974613 3.711204885301331 10.420812069997314 13.853567564080947 12.87529985650322 12.186237674427517 5.815490429230756 4.106440156909002 7.739945945552876 12.95440222896009 17.20856099680647 10.803681540383163 10.903559496302298 5.946620739583645 12.533780105699817 2.762272087487182 13.908512130438389 8.534570169058858 10.676166146057296 17.02161932355871 5.823422950255279 15.682169528591707 8.04232299052762 4.730437963482722 12.81996679470574 5.346076594484134 0.0 7.288576635511907 3.9021013733646943 5.219293634611433 
7.965073651403198 7.050029761595004 9.170254368101247 15.897108462773463 11.19051765851124 9.93854172436531 1.9938607886429796 14.3571915026875 6.581984980230594 7.725987054321615 12.446818357976612 7.078985761391613 7.729038935393659 2.6384470678598815 9.061910921393551 9.856077552753408 8.767602795546832 6.841692653487881 11.173805548726865 14.463153295367547 8.185675202643194 7.078505911806055 13.138322074378333 10.80881560515574 7.222509671575641 11.75924421440127 3.9247209847330877 2.244532080131866 2.8201195877478984 12.494789786981393 6.569012527879872 11.478829882851592 8.013187833084666 12.833882833303376 6.920295346420428 6.84969703802831 0.0 9.423390491261763 8.982867031385787 
11.764331016295126 10.082117450691834 4.464464244231043 7.441891677030939 12.900744540607047 12.895455280970937 9.60791412862402 7.742941185228183 13.7058961367878 9.231276797431386 11.021319209850688 7.288144481262889 14.762489448090372 8.6773756328711 10.531328225734576 8.06764114785258 6.836574963341319 10.831623184206594 10.485283142575994 18.153391360942997 14.651312595949502 15.32387554783946 9.490437554639223 11.771758716522566 3.0660135364154613 20.673731273738746 6.37752625122117 6.988251801857254 10.521836155511618 13.441802314723875 13.242908859756772 12.842751894293155 9.529760939808071 12.708967141558178 3.4762520552198533 2.9775358282798026 9.011705281161726 0.0 8.42354253706395 
4.224367500334835 1.015632069322041 4.105177766841054 7.682804244045982 3.305240276588961 5.342973739962947 8.316921005765124 5.193399672007702 4.473401197227021 3.104316438426749 2.875053845020299 3.797753969176383 3.0917399209741587 11.938527113342161 6.930084802582797 1.4050392441626842 6.476747922771886 3.8678416159825995 2.7503903900543785 8.567904498045941 2.4695076617975547 6.825304017060679 6.734939618373863 2.8661068508889347 4.747967352272573 9.093890749637543 7.460459286165623 10.958810388310646 10.47438683864377 2.714053376475121 9.298096556470728 2.2798920837151435 5.37010295933837 4.790792139396141 6.409283669081735 10.048322023388899 11.37313859230831 7.274444902121101 0.0 

0 5 24 3 20 26 23 15 3 20 16 9 21 3 24 14 6 6 13 5 3 3 20 16 22 10 12 20 24 6 1 2 13 7 6 24 19 4 7 
