36
5
100

0 33 72 71 106 22 70 17 79 49 10 28 61 77 55 57 13 72 62 89 26 56 60 70 46 32 14 47 54 77 72 79 64 70 60 76 
33 0 89 70 101 37 71 49 101 54 42 18 58 46 64 83 24 46 38 78 48 32 33 78 24 26 43 29 58 53 47 69 37 48 70 94 
72 89 0 44 66 54 39 60 19 39 65 71 48 108 28 30 84 95 87 69 46 84 90 23 79 65 59 74 38 92 93 64 92 84 23 6 
71 70 44 0 35 50 4 69 63 23 69 53 12 71 22 64 77 56 51 26 50 51 56 21 50 45 62 44 17 52 55 20 57 44 24 49 
106 101 66 35 0 85 37 104 84 58 105 86 46 88 56 93 112 74 73 26 86 76 79 46 78 78 98 73 52 66 72 33 78 62 55 70 
22 37 54 50 85 0 48 22 65 27 21 21 40 70 34 47 31 62 51 69 11 46 51 49 37 19 15 35 33 64 61 59 55 56 39 59 
70 71 39 4 37 48 0 67 58 21 68 54 14 74 19 60 77 60 54 30 48 54 59 16 52 46 61 46 16 56 58 24 60 48 20 45 
17 49 60 69 104 22 67 0 64 46 7 39 61 89 50 41 31 83 72 90 18 67 71 63 57 40 8 56 52 86 82 81 75 78 53 63 
79 101 19 63 84 65 58 64 0 55 70 84 67 124 46 25 92 112 103 88 54 100 106 42 94 78 65 89 56 110 111 82 109 101 40 14 
49 54 39 23 58 27 21 46 55 0 47 36 16 69 11 48 56 57 48 46 28 46 51 24 40 28 40 35 6 56 56 36 54 47 17 44 
10 42 65 69 105 21 68 7 70 47 0 34 60 84 52 48 23 78 68 90 21 62 66 66 52 36 7 52 52 82 78 80 70 74 56 68 
28 18 71 53 86 21 54 39 84 36 34 0 41 50 46 68 27 44 34 65 33 28 32 60 18 8 32 19 40 49 44 55 36 42 52 77 
61 58 48 12 46 40 14 61 67 16 60 41 0 61 22 63 66 47 40 30 43 40 45 27 38 33 54 32 12 44 46 20 47 35 26 54 
77 46 108 71 88 70 74 89 124 69 84 50 61 0 79 114 70 15 21 62 80 24 19 88 33 51 82 36 70 22 16 57 16 27 85 113 
55 64 28 22 56 34 19 50 46 11 52 46 22 79 0 42 65 66 58 48 31 56 62 15 51 38 44 46 10 64 65 40 64 56 6 34 
57 83 30 64 93 47 60 41 25 48 48 68 63 114 42 0 70 103 93 90 36 89 95 47 81 64 43 78 51 103 102 82 98 94 40 30 
13 24 84 77 112 31 77 31 92 56 23 27 66 70 65 70 0 68 59 92 38 52 55 79 43 34 27 46 62 74 68 82 59 68 70 88 
72 46 95 56 74 62 60 83 112 57 78 44 47 15 66 103 68 0 10 48 71 16 13 74 26 43 75 27 57 9 2 43 9 13 72 100 
62 38 87 51 73 51 54 72 103 48 68 34 40 21 58 93 59 10 0 47 61 6 6 67 16 33 64 16 48 15 10 40 6 12 64 92 
89 78 69 26 26 69 30 90 88 46 90 65 30 62 48 90 92 48 47 0 73 51 53 46 55 58 83 49 41 40 46 10 53 36 50 74 
26 48 46 50 86 11 48 18 54 28 21 33 43 80 31 36 38 71 61 73 0 56 62 45 47 30 13 45 33 73 71 63 65 65 35 50 
56 32 84 51 76 46 54 67 100 46 62 28 40 24 56 89 52 16 6 51 56 0 6 66 10 27 59 12 47 22 16 43 9 17 62 90 
60 33 90 56 79 51 59 71 106 51 66 32 45 19 62 95 55 13 6 53 62 6 0 72 15 32 64 17 52 20 13 46 4 18 68 96 
70 78 23 21 46 49 16 63 42 24 66 60 27 88 15 47 79 74 67 46 45 66 72 0 63 52 58 57 20 71 73 40 73 62 10 29 
46 24 79 50 78 37 52 57 94 40 52 18 38 33 51 81 43 26 16 55 47 10 15 63 0 18 49 6 42 31 26 46 18 25 57 84 
32 26 65 45 78 19 46 40 78 28 36 8 33 51 38 64 34 43 33 58 30 27 32 52 18 0 32 16 32 46 42 48 36 38 45 70 
14 43 59 62 98 15 61 8 65 40 7 32 54 82 44 43 27 75 64 83 13 59 64 58 49 32 0 48 45 78 74 73 67 70 48 62 
47 29 74 44 73 35 46 56 89 35 52 19 32 36 46 78 46 27 16 49 45 12 17 57 6 16 48 0 37 30 26 40 21 23 52 79 
54 58 38 17 52 33 16 52 56 6 52 40 12 70 10 51 62 57 48 41 33 47 52 20 42 32 45 37 0 54 55 32 54 46 16 44 
77 53 92 52 66 64 56 86 110 56 82 49 44 22 64 103 74 9 15 40 73 22 20 71 31 46 78 30 54 0 7 36 17 9 70 98 
72 47 93 55 72 61 58 82 111 56 78 44 46 16 65 102 68 2 10 46 71 16 13 73 26 42 74 26 55 7 0 41 10 11 71 99 
79 69 64 20 33 59 24 81 82 36 80 55 20 57 40 82 82 43 40 10 63 43 46 40 46 48 73 40 32 36 41 0 46 30 43 69 
64 37 92 57 78 55 60 75 109 54 70 36 47 16 64 98 59 9 6 53 65 9 4 73 18 36 67 21 54 17 10 46 0 16 70 98 
70 48 84 44 62 56 48 78 101 47 74 42 35 27 56 94 68 13 12 36 65 17 18 62 25 38 70 23 46 9 11 30 16 0 61 89 
60 70 23 24 55 39 20 53 40 17 56 52 26 85 6 40 70 72 64 50 35 62 68 10 57 45 48 52 16 70 71 43 70 61 0 28 
76 94 6 49 70 59 45 63 14 44 68 77 54 113 34 30 88 100 92 74 50 90 96 29 84 70 62 79 44 98 99 69 98 89 28 0 

0.0 3.672684056399225 14.105868420333437 9.649706605568602 17.39656799748409 3.8566048215411657 10.05849725753162 3.131716320111377 8.064519008454216 5.214385887308215 1.7317812078015775 5.460716114995954 9.692975582250966 10.935657718980865 6.800113032049636 8.96438003133915 1.7870571974158964 9.727776292634317 7.456354425548808 17.79207279574611 4.344783316684529 6.463427718848567 8.00075733304961 12.143281440978093 6.426252524462124 5.858684631021998 1.9492528662120208 7.574403215977732 6.019381754471842 13.249000053593022 7.788946949403751 14.056100877129088 8.996352081183437 13.213844336084026 8.472363902547452 11.264174579796366 
5.084904192404689 0.0 13.628928754623981 13.16207162296768 19.167589240596087 5.106435981033409 10.809568430663973 7.629355498860795 13.891979849059895 8.116705543925956 8.329574595830834 3.185196151997867 6.596141029216997 6.327718296045685 8.337859765460156 16.160111168127084 3.292048904999391 8.634872841453504 5.40635835383714 11.044090245309857 6.732742568411323 4.366143384870128 5.042737972031425 14.380508569170749 3.370851764596082 4.063466727905816 6.67673064428385 4.144920940922537 6.8448565422299135 10.03849464543591 7.531105211058973 9.956280132338522 7.201408743540227 6.3575757784462965 9.804544658911578 12.384935984515824 
13.22827995494383 16.15597630144724 0.0 4.9726760094019165 12.438772339055474 10.669942113702902 6.71273677598597 11.852566199728878 2.968090124400318 6.168499686060567 10.251252804084775 10.153359691450236 7.641578293810963 12.96508848384634 4.6700904552410165 3.102968047681497 13.471820521867704 12.290702426183106 15.747139266895186 10.184807271185539 6.474937318699201 15.160720086004055 13.100197289465587 4.489392104118858 8.675040232795634 9.29048446709076 8.113913285238741 7.418635920784444 7.378674791819998 13.556495919471573 18.481390205528683 12.61106293211571 9.341121724271012 12.188683092521963 3.6851349469716794 0.6682978903349647 
13.223799791975047 9.381589997970393 7.335407430959822 0.0 3.5477511835032884 8.666547872317345 0.6744919020629498 9.207563888673386 6.772189350112185 4.468034435016794 12.925224494275643 6.969506301340228 1.4810359327793141 10.643764924189377 3.8405330780958 10.838344016211057 11.19125158329999 7.710884002604945 9.238838543692186 3.0255402080493585 6.614612498414676 8.714805422569363 6.813791828995724 3.881354118731898 7.682571676330187 7.7339503419643245 10.69564224301685 7.563162455071426 2.063782574983831 5.677214635370953 9.25208646226584 2.9999015957906168 10.518820714320018 4.5133991752496545 4.032058932235118 7.102001128781154 
15.478658645537479 17.80705634411866 9.787082136728536 5.6211297072705495 0.0 12.67464235813954 5.18542587792257 13.729483846223795 9.624482337212463 6.4699738115594885 17.944419568986767 9.829542610675642 8.923433553369136 13.728753586530615 10.540081112997413 13.403081303126275 18.654836619821303 14.277417286511708 10.357674056939228 3.7000628628879735 10.498213908830227 8.207627152016274 13.714902149760963 7.434697320627466 14.882401823822752 14.748656499687158 11.595204814168682 8.904488541946218 9.248455731903947 11.864931703372958 10.943286496555778 3.861645616255551 12.667933817168318 12.155387892788461 7.161222980127727 8.432203175552772 
2.947479545789091 6.557604546483891 8.073738101182478 8.422447277538495 8.673620848977455 0.0 6.204017536055019 3.190946177938212 6.997241426273866 4.098561156489647 3.2615913466907953 3.1900053384828495 7.436985158167416 11.080953954000378 5.081276363511182 4.721547768977873 5.4899307997947275 12.058433334483619 6.508250289189472 8.624232095014294 1.762075201664072 5.642299181089261 9.651738524692078 8.749437704919693 6.970946774687182 2.6863625234686985 2.034881639246503 4.904090684800719 4.555024435448891 9.029207808246067 9.155115720655772 7.7158838943426495 7.912660241769586 8.237810687620517 7.2064042422541865 6.494008660314464 
12.824048994568154 8.171485785856053 7.449486961194327 0.79492946534286 6.946853755347521 5.180964954917337 0.0 10.302020924734496 6.283617822235955 2.1420408490721314 12.529409426498438 5.583597748146837 1.828194334960722 10.45731483202297 2.7203154195246326 8.10941196498952 10.909409908632199 10.969240084085797 9.794282021214801 3.546547026007887 8.539534193266917 8.272460154163074 9.018083514479317 2.1306314916994062 7.313645934063484 7.741561940771971 7.61710749113161 8.12017291311715 2.4730104184141792 8.40199251530715 8.26703727292627 2.531034658889187 9.349267655286724 5.387454908960443 3.299163995720922 8.492500859448453 
2.388728869044005 8.673955186828781 8.474796074658114 9.252236170262435 18.079993851671407 2.778215202177468 11.142106856108647 0.0 10.188067729312912 8.699322900714492 0.74627184277961 6.464909176804277 11.757590626802 10.251461240889235 5.7221392116838325 4.134945438726335 5.716643174163082 15.493573492257497 11.16993168633184 16.62555589435108 1.9475845724880547 11.848817594032937 11.128272954038778 11.357993791627035 8.941792407320785 6.88534683063021 1.2298730506023172 10.140079156638585 5.9409921370367185 11.711186840882416 11.274770863663598 10.63059275491313 9.469264497983698 8.547988326758011 7.669419660782472 6.453928240167501 
11.61480394307736 10.799158143425238 2.1314653825210153 10.993669010523686 13.430902400970702 12.59045356984389 5.889398618621329 6.5254715404939905 0.0 5.535917820907419 10.52361204905873 15.702756877156723 12.334150840392585 19.806171649665337 6.335103318310229 3.0073058792681437 15.065481299897272 14.222600927602405 16.694904899348767 17.39440080828136 8.051764576122714 19.127348236668638 12.277192147415128 6.919523847410405 16.036450814943635 12.03050532746867 7.015463855777158 17.537698324924712 7.489017982566503 11.80950412137351 14.342205417179164 14.211176031038972 15.741225172604182 12.58411141598616 7.06457792434184 2.225687246432094 
6.399004489887461 7.317181689063599 5.987303733066783 4.057585714248384 7.970192093287554 3.8613231681953653 2.9576003627979794 4.67758669369448 9.79559309720959 0.0 8.943284070135068 7.003518750156453 2.4872110582704496 12.689168728179583 1.3812112716867746 6.609542566163065 7.287827221629083 11.347155945083683 7.193634023742364 6.17626231898137 2.8264881673977014 8.501352313846128 7.583844871623619 4.514612223278985 7.177224257958889 2.840096555198467 5.843357908410225 5.981097966187208 1.1218919900446478 6.788017759291707 6.6596593800270565 5.8209690422578735 9.485784656194504 7.241257924377013 3.3942419832694153 5.7370558640101885 
1.7596354049107796 7.624339563590466 6.52411273169361 8.570471696407061 10.957214023500958 3.1024687159135533 11.756488124266465 0.7605659794415898 8.5000885795513 8.768556901809024 0.0 3.6813182479506588 7.049042177675544 12.420656137396936 9.49964029096623 9.16127157278346 2.6797202102203665 9.551042812267388 12.964848112591799 12.529484060336802 2.76987655964889 9.642655918210394 10.846924314729876 10.487408587075082 9.23199715611658 6.526152566277041 1.361858876083736 9.219424554396095 7.0990392570935175 8.816225191781504 14.294750522242827 15.978632568892708 8.144810952461162 9.513724562326011 5.810696740451533 6.913870037997209 
4.882006311884218 2.649256799267995 8.296756677456958 8.08618378568903 15.461709578781342 2.9734462875645082 5.707288179352174 7.274527004140677 15.989551185314204 4.416133248910119 5.235056357692521 0.0 6.554116899713259 9.397603444070478 6.131682591731706 9.839251960063699 4.348581184188942 8.54474761111667 6.258826844045723 12.697410592816055 3.4054176866620405 3.8705536740099946 5.490175710223613 8.356017335418114 2.6494003696581636 1.25605695951884 5.550582405747507 2.3931544636856708 6.928412872877261 6.474728565424089 4.795726241677108 10.365669077708393 4.860892655894799 4.688772351831455 7.832675187756177 13.267019970622371 
8.754081064802323 8.240704199828977 8.104731150994358 1.3710790098035786 7.255236596444045 5.526813263741976 2.0780379636596806 6.330068739944059 8.447722803979868 1.6556124598548643 10.801223141033944 4.511477804140197 0.0 9.51988954520967 3.846071998602363 7.074966648258585 10.744667440613826 4.972147297677746 6.886648829842642 3.834866803300107 4.9394076683673145 7.049379203389245 4.940924698702891 5.190386846703989 5.078917658950658 5.397412141177226 5.667559525685591 3.531190528901865 1.8659308920374582 7.788988600204339 6.930600621200199 3.2437807430413947 7.5395513866915636 3.901075684528194 4.320243000953878 6.390361466702666 
11.658520304350272 7.391237941340647 16.513464541639127 13.61149777968333 9.593728644180956 13.483799990896205 14.681058261553542 11.442286722689204 13.256096233144255 11.869345458493768 11.669066728228225 6.035421353187559 7.281910565610886 0.0 10.99441317952321 11.726163280017431 8.785379588746162 2.788200763678275 3.6106982503244387 11.437177275407873 9.280853149956222 3.1201236010247513 3.499759034997476 13.51901327542307 4.585116673695528 9.946081050254598 9.619717677548325 6.559795801941049 12.467055069572012 3.7913860208305494 1.7363972408127977 8.8997670357288 2.3060064989720015 4.188148406351963 11.771753563088138 17.180584276007064 
9.481928374072021 6.755508880269069 2.9510069779002386 4.028200636552123 9.192305877619875 5.727948955326246 3.798676420527894 7.007617712630861 8.168410513655498 2.113046221449621 6.6319079519019075 7.44310468331874 3.83561006766607 8.934419254092761 0.0 7.446631062817038 9.976329117866548 7.400568134860905 8.160112950479547 8.606060325300062 4.941529704354765 8.33337449077974 10.892738613192513 1.5040785859465922 6.827572316977729 5.33314554999435 5.459740848837716 8.551374371637133 1.9255028945128163 10.046800255398477 10.900336389548723 7.254106589774981 9.348457144517525 9.467434931798262 1.0660127795959637 5.868829587277299 
8.711535841605567 16.23010192750219 3.480064949555694 9.833566376829 17.30750567067833 8.075849427048695 7.25178047140151 5.02591311769615 3.037915914144455 8.446361736182073 8.896258003915122 9.870455968074438 6.479853457150107 14.438320986306003 8.088154331327893 0.0 8.650868057747049 19.95938342485087 9.444657719617467 14.349983197173948 6.1093056343377246 12.727023741322522 17.78973314516884 7.62285563432223 8.537112337209045 10.836635256709265 5.441412081080524 12.941514903946466 7.506103638026065 16.653700409468364 19.052491662914434 13.438806782576794 16.120672317904305 16.950432975784658 4.729473141691164 5.622982322150497 
2.147228329793522 2.923769180596837 14.522490681540404 10.124996778359831 19.329393543527793 5.9829405291503885 13.315486282752165 6.146535234139117 16.392922800806694 6.381662364664405 2.9879661303982 4.191943417554622 10.406654770434399 8.628146000002504 11.193090474112289 11.921466427902885 0.0 11.120140643756944 10.191443489996761 14.37747431746871 5.186072539439029 9.605087212658088 9.993919812763165 10.286899586258837 5.433552337882959 3.8696012922048655 4.30649095310255 7.7364862937525265 7.002542641261936 7.774780016851683 11.837367234819462 9.49040163890663 9.377331523407069 6.965637940819372 12.179440134914032 17.25985569810202 
13.256737630591372 5.40857607977148 16.456878978946857 8.050846508449093 8.101906898747021 9.343396444308478 11.246541196869416 14.814343489332495 13.348440832845531 9.076319307882308 11.101090467757578 5.640854286874868 6.454655953734502 1.646136294589873 8.875107440327012 10.461050778462896 6.98802628607177 0.0 1.6264358773308645 5.302618537352297 9.864552438322914 2.1241201086994628 2.1186880904643504 10.574224885551125 4.122899363474017 4.747893124581206 13.176951638013565 5.145717617843909 6.437774799421824 1.506431251087136 0.2854247406183748 6.16231138916649 1.7484902569508982 2.566846335411447 13.370576586223756 17.161197610632673 
7.838475163619712 7.120829130264628 12.383650574954428 6.7979165157976995 9.761804305555076 8.571714264900683 7.824325839511493 11.197749267716208 16.56534530846107 5.176976458103949 7.459629584204087 5.575402689128598 5.098975665370706 3.1371996785455254 9.785701048340687 14.247403180733865 8.324716613638397 1.5287943000835158 0.0 5.55566732909182 9.618747117170159 0.7418817137495839 0.9200450885348133 13.169667350924174 2.824919188177324 5.613126325327832 9.103062526795895 1.630972541649195 8.560212967290305 2.387838306879738 1.9265236092477582 6.6291637439944395 1.0021292693643429 1.3320255375765482 8.765839401606023 13.024432000112244 
13.960450217326478 7.897541952073819 8.07732935600745 4.39430023622481 3.968932683144104 8.37323465471634 4.438182699431768 12.36713521068022 9.513803812025078 8.2429929093265 9.120548934522978 9.016796629749845 3.3328871447218664 6.86135625803315 5.740913755433569 13.38816062067653 12.585675397755953 5.369606510484243 5.34688878103982 0.0 9.520503943457115 9.948843623998659 6.46101767374495 5.10400229738096 7.111452678685168 6.825118468881174 8.620874165591978 6.859468012777046 4.563969624007529 5.3026389446484075 5.824417457824078 1.0987105730872417 8.527904794772626 5.798449279000519 7.55043077982965 12.729717924412054 
4.606586642609784 9.352037124353034 7.589476244571333 8.204442606842013 9.421209169442326 2.112358960091699 5.81176344488551 2.334879197637342 10.554156602564355 4.055548189833235 2.6573215933996512 6.280056379176786 8.255256375611385 12.819928660920313 3.210280353177999 3.8472230430916343 5.277162561550385 8.110618468838895 11.207582872862218 11.11430033767358 0.0 6.191319346380174 7.826661477496826 8.96667466624423 6.58402354544107 5.993015500922262 1.9797475307987613 5.335558435676997 4.842529555451546 13.970493942068346 12.058414159337026 10.825240128127524 7.675536109823652 7.986033806457202 4.267787818455285 9.000574852611045 
10.19710112375991 4.245865241091436 10.903715794978611 7.382244614086947 13.68832702546056 5.586741218435293 6.3354402920451545 6.792270216283698 11.314452293100354 8.061670446391672 12.248356095463453 5.216496802704103 5.096860301200908 4.037791227920144 9.73738977554449 9.660292696204372 7.8433080062614 2.5239333543423155 0.9503603418765365 6.397291957935992 6.637215124396368 0.0 0.8305095501848492 8.9768046650516 1.806500596649614 5.219109318507688 7.578627919295797 1.4627312638328744 7.910375867869574 3.163670115539778 2.0666420820381615 7.97033780612532 0.9408567629747548 3.2689048908396448 11.024750504758142 14.112971820505186 
11.200863697735993 6.071101867582193 10.35796139850446 9.516555605656004 10.536332092277425 5.755323178763463 6.619776414559236 9.348333408011555 19.626615275092178 8.816611540870674 13.147238810653608 4.682006385431236 7.696141237888919 2.7712879190765634 6.840540023332464 17.905998594126963 5.770954867118212 2.5438985311060924 0.6938988011397499 8.357832703085233 9.678233104212069 0.9957515162664042 0.0 13.619747061454554 2.174331737740537 5.077812027896261 11.222468131899863 2.378071178788068 7.91754504808946 2.106433754311341 2.547559925864544 5.374799285618397 0.7743608414465254 2.3113249509540488 8.154808705013997 15.844543676074146 
7.226449755792354 10.27548637174932 3.310454695023209 3.9309083317505955 8.841439080883138 7.3679772741079965 2.6992207950312403 7.793561478658044 8.126636247727465 3.3050469375227935 9.770560911664294 10.947775089063812 4.978871015622516 14.64544924915699 2.528706426127566 8.009143106298904 14.266717163899461 12.741970166957683 8.303113002963315 6.731904278422391 5.817639108028065 11.551661725401615 13.066000431542543 0.0 11.985750793624746 8.921176022411021 8.86140785737842 5.830291241085356 3.64574022070465 7.339658636248719 12.34605462173889 4.540687345163566 13.8781009370539 10.637416876221579 1.32564698442996 5.317837200722936 
7.919790130053814 4.458066158666081 12.645986824430352 6.172453181767121 14.293877457834178 3.9511538108112614 8.482629377146562 10.634531203885897 11.989259962116684 6.68196777634635 5.642885980749714 2.545204345018803 7.123316408180504 4.26587934840612 9.562749068331188 15.325382606559673 5.658822259255446 4.5685375633233445 2.8769654301789958 9.951660116646218 8.986472835453878 1.0306259158920235 2.0492275883091042 12.008027785837992 0.0 2.4339598316463515 5.999873070456058 0.6094597199099709 4.304761716988935 4.84170865277014 3.891083617758981 7.673223869028036 3.052239125413732 2.7054382664162153 6.338215800682185 9.302733553368668 
4.206241026046881 5.114516122867943 10.884949676402865 6.802896996961623 13.582400313306351 3.6571367577720935 7.876570678458662 5.301796948587205 13.469015916413927 3.4899455023169788 4.3581603513844644 1.4306267654700795 5.981105353838037 5.753981663298785 4.482294712625451 12.390881831450024 6.071438573903476 8.433692709280766 5.370771739201114 9.15388825161124 5.9430032706760505 4.808679741133641 5.5156074822995755 5.2795292172640735 2.5076940889837074 0.0 3.580847462712484 2.47880795200561 4.873018521703504 9.082433367148724 5.738121677749345 5.577889520585641 3.9910541393201835 4.017226235310794 5.075225636935449 7.619547699378705 
1.9854889547733645 7.520144499110109 8.242656838735558 8.648552825952333 15.35844860152449 2.3494766060581087 7.727388171524312 0.8715224877881056 9.197605597923074 5.059220554349109 1.3146574192539668 5.554287244056022 10.510932433664664 10.5205624070367 4.644078275461662 4.389391689074247 4.561573520586238 14.1815118635757 11.476110066113574 10.243419442857066 2.135391232814519 10.047397276503162 7.647886151763185 6.716027684761811 6.810334638348927 3.6787598367651535 0.0 6.899459558437496 7.04457972957235 15.297257012078873 10.015707340526415 8.05996646992445 10.70845772332372 11.989102297008372 9.211402802246168 9.661814348467034 
8.05178189675832 2.9051560142358883 12.47044505699201 8.719049491681554 10.917124178361625 6.604643392438419 8.261002717870724 10.341818123060214 17.23125158103705 6.310104451184365 8.089218158657113 3.6503468911082515 5.645638915490719 4.617675079016998 6.0703916332348955 14.95003639515376 4.83371423355921 3.9783312418691557 1.9125619991171465 8.472484643341888 6.822093455034899 1.9258830470813 2.143084577465071 5.898008880264701 1.028032813224863 2.0606950135259234 6.026254327335496 0.0 4.722422768480168 5.282390958924179 4.511201413564605 6.4906476170813265 3.5975124106183904 4.5435674122273255 7.732105900662804 8.476783630504185 
9.796023164402133 9.990787014512623 6.111491254271497 2.512772808591584 8.299448000690035 6.03876012874291 1.6268741472155774 7.326192582113508 10.35812142186402 1.1030471414118352 6.887728289469745 5.871082945557534 2.1349705699745902 10.200831472160601 1.9436654192565619 6.883531534712851 11.949322023753002 8.737736327152238 4.855476600969127 6.956354282173397 5.1629845118005555 5.7643145224743595 6.372150646660295 2.617108933058005 8.343905027500181 5.081051208131261 8.805551945029686 5.207285771332218 0.0 9.399188070100942 5.947981971179461 5.81286171898325 7.661131831030795 6.646251377420338 2.886305373872328 4.898262311248334 
11.535099029731594 10.040606308969853 12.71830136305981 5.408292407421678 10.835031648750768 7.821317175809616 5.972961955875785 14.787759748174455 15.026143413715065 7.475633294558266 14.349361629895867 7.383330661148371 6.516380737843582 3.047487686308354 11.565459181520193 16.85200779684625 12.361174421025755 1.2517180195692135 2.008302188590241 4.67556286672155 13.796296876495656 2.7827645009919384 3.156258095551944 8.067279807282093 3.3568205883894136 8.225430988856148 11.896865002621869 3.5478947550144313 9.690896688466262 0.0 1.382299978015463 5.271573782113653 2.762228642855166 1.546146077144659 13.8024579580958 10.127964404479227 
7.919208870170424 7.664703329735252 12.967262969867187 7.962358976020198 10.584018011823972 6.540256094380359 10.407299511578337 15.457842463854568 12.653966734914215 6.639518595525729 14.450938726065425 7.108100643976012 8.866945097210483 3.0636660549116375 11.710715178272567 13.073812607581853 7.548793784918663 0.22307048921110484 1.9529149351780015 4.962481436055912 9.00343332282498 2.4065243247629926 1.3399293661630312 11.550898708627162 3.2851076789783544 5.687289897925311 10.032955823049434 4.358334530956984 7.1537691192882935 1.0029043180958734 0.0 7.19780637086792 1.9094565337502414 1.9752237761182605 9.575799701274416 11.271525945100594 
14.718007455641983 11.744021408185944 11.272048493572095 2.8300149084042565 4.941100764921428 6.453791287908215 3.265911024817233 10.33340615342424 13.392960142596008 6.46818733488285 13.16889433923959 6.7241549090553505 2.6430525941702614 10.492778306068328 6.08948578059136 11.8246477395242 15.781491905750272 4.629399852033901 6.899853169239121 1.0398521248068673 10.289221376920324 6.724731786482385 7.432511944538336 7.123652219082086 6.312083853535658 5.0482495230784625 12.087422660357008 5.823553407294066 3.817438216177491 4.4381629789901265 4.163978531539426 0.0 7.6983804017424715 4.071445983897391 7.407622021973815 10.835769733810778 
9.92247850564302 4.510101975465102 13.487712109994915 9.778494505732052 13.970655015860995 8.2173867066819 10.064676742853424 8.71006266028402 17.28222573621836 10.245029197876216 12.548678141716891 5.44285663813314 6.008007709050787 2.6453703308907013 10.614621662629926 15.833795017122597 6.4721580833197105 1.1996672438562395 1.137920078087593 7.425281599808903 10.652844537720526 1.0693559226890306 0.6639742808937774 9.142721000740247 2.6501479939863506 6.279837582282685 10.910111367082212 2.6339989245015722 10.150279549419182 2.6383479425991205 1.2724017288341058 8.815957888822801 0.0 2.6923050365528365 9.731693317970738 12.938904141890536 
11.66688094962366 8.487670660514361 14.0276601632623 8.680707031335938 8.912937238434125 6.275470854150566 7.499805408597565 8.151134620802178 17.627355008898768 8.218628315348791 7.875332281216478 4.5330912295868115 4.840155248332966 5.106968477527291 6.1795426611534126 16.02126734278169 10.430890036337138 1.332973800910646 1.319115543406687 4.921050536608681 12.224732302462145 1.9880880807367944 3.456654059909533 9.937260281757931 2.630878533983703 6.516910775327121 13.366204986970427 4.3878560723198365 5.302344129315503 1.7398568277152806 2.043068797408516 5.524054571944337 2.5494043401853923 0.0 11.061552528500563 14.215700347191028 
7.344580173880871 11.223191795290697 3.2209711849415057 4.584429120817668 9.898368894246282 7.4126457712421745 3.731821281092443 9.709776921407453 4.613421304760445 2.203711650864627 8.094676015515473 8.362280963775433 2.7424274102724824 13.05889693178399 1.0450189334470417 6.441620934314784 11.372282003805337 9.972214199895562 11.055752210095896 5.221515343463374 4.7198354569164565 12.219671758735936 11.37070828014156 1.9356226730630088 6.777226254944162 5.886990313451302 8.44107016554425 8.96990089868119 1.6445340658744396 10.016002331496694 10.004543589420653 7.095497468852031 11.826013892492423 11.10066585637642 0.0 5.54405158262788 
8.2997926910734 14.840668170491986 0.8623477233795046 5.291667541925472 11.580725434166073 6.605524044918478 5.511838214458132 7.764985324105394 2.7212290004764106 8.596040243505191 12.979427399058633 8.610056219879464 9.155408046842963 17.594387930249678 6.258181661158926 5.597570062270341 15.438018911940505 11.73017776070958 9.400434833032786 12.035776397711903 5.970395988202187 16.63983971581082 10.24708374184183 4.905514771751095 15.58845326571981 13.749917844596643 11.262462412374035 10.135523174162639 7.975901574196149 9.825970535785457 10.107138682529822 8.780839013976664 17.810725015350677 11.932057125132154 4.5095251632642555 0.0 

0 1 14 15 11 18 2 22 7 18 23 12 21 2 14 9 10 4 19 2 20 15 11 6 13 19 13 8 15 18 11 21 12 2 23 11 
