38
5
100

0 72 16 70 75 44 44 38 38 16 30 59 60 27 8 43 74 33 31 33 28 24 48 54 6 61 52 54 35 42 38 43 22 42 41 56 32 49 
72 0 81 12 22 85 34 84 56 63 41 94 16 90 80 112 25 85 44 42 86 48 93 51 76 29 26 92 56 32 34 60 88 58 34 59 88 61 
16 81 0 77 88 58 57 52 36 18 41 73 67 11 11 31 87 18 45 46 40 33 61 52 10 74 58 68 51 54 47 59 32 38 54 51 16 65 
70 12 77 0 34 89 39 88 48 59 40 100 10 85 77 107 37 78 46 44 88 46 97 40 73 38 19 97 61 35 32 65 88 50 37 48 82 68 
75 22 88 34 0 76 32 77 70 71 47 82 34 98 84 117 4 95 44 43 83 56 84 68 81 16 42 82 50 34 42 50 87 73 34 77 98 50 
44 85 58 89 76 0 51 6 78 58 54 15 80 67 48 73 73 76 44 46 20 55 8 91 49 60 78 10 29 54 61 26 30 82 52 95 75 27 
44 34 57 39 32 51 0 50 48 42 18 61 31 68 52 86 30 67 13 11 53 27 59 53 50 17 31 59 22 6 18 27 56 52 4 60 69 30 
38 84 52 88 77 6 50 0 74 53 51 21 79 61 42 67 74 70 42 44 14 52 10 87 43 61 75 15 28 53 58 27 24 78 51 91 69 30 
38 56 36 48 70 78 48 74 0 22 31 92 40 41 42 64 71 31 42 41 66 24 83 16 38 63 30 88 57 42 30 65 61 4 44 17 35 71 
16 63 18 59 71 58 42 53 22 0 24 73 49 27 20 48 70 25 31 32 44 16 62 38 16 59 40 68 42 38 30 50 38 26 38 39 27 56 
30 41 41 40 47 54 18 51 31 24 0 67 30 51 38 71 46 49 12 11 49 9 61 39 35 35 25 63 28 13 8 36 48 35 15 45 51 41 
59 94 73 100 82 15 61 21 92 73 67 0 91 82 63 86 78 91 56 58 34 69 14 105 64 67 90 6 39 65 73 34 44 97 63 109 90 33 
60 16 67 10 34 80 31 79 40 49 30 91 0 75 67 98 36 69 37 35 78 35 88 35 63 34 10 89 52 26 22 57 78 42 29 43 72 60 
27 90 11 85 98 67 68 61 41 27 51 82 75 0 20 23 97 13 56 57 48 42 69 56 20 85 66 76 62 64 57 69 39 42 64 54 10 75 
8 80 11 77 84 48 52 42 42 20 38 63 67 20 0 34 82 29 40 41 30 32 50 58 4 69 59 57 43 50 46 50 21 45 50 58 27 56 
43 112 31 107 117 73 86 67 64 48 71 86 98 23 34 0 116 34 74 75 53 63 72 79 37 103 89 80 76 84 78 82 43 65 83 76 30 88 
74 25 87 37 4 73 30 74 71 70 46 78 36 97 82 116 0 95 43 41 80 55 81 70 79 13 44 78 47 33 42 47 84 74 33 78 97 46 
33 85 18 78 95 76 67 70 31 25 49 91 69 13 29 34 95 0 56 57 58 40 79 46 27 84 60 85 66 63 53 74 49 32 64 42 4 80 
31 44 45 46 44 44 13 42 42 31 12 56 37 56 40 74 43 56 0 2 42 18 51 50 37 30 34 53 17 12 17 24 44 46 11 56 58 30 
33 42 46 44 43 46 11 44 41 32 11 58 35 57 41 75 41 57 2 0 44 18 53 49 38 28 32 55 18 10 16 26 46 46 9 55 58 31 
28 86 40 88 83 20 53 14 66 44 49 34 78 48 30 53 80 58 42 44 0 47 21 81 32 66 73 28 33 54 57 36 10 70 52 83 56 40 
24 48 33 46 56 55 27 52 24 16 9 69 35 42 32 63 55 40 18 18 47 0 62 35 28 44 28 65 33 22 14 41 44 29 23 40 42 47 
48 93 61 97 84 8 59 10 83 62 61 14 88 69 50 72 81 79 51 53 21 62 0 97 52 68 85 8 36 62 68 34 31 88 60 100 77 35 
54 51 52 40 68 91 53 87 16 38 39 105 35 56 58 79 70 46 50 49 81 35 97 0 54 64 26 100 67 47 35 75 76 14 49 8 49 80 
6 76 10 73 81 49 50 43 38 16 35 64 63 20 4 37 79 27 37 38 32 28 52 54 0 67 55 58 42 47 42 49 24 41 47 55 26 55 
61 29 74 38 16 60 17 61 63 59 35 67 34 85 69 103 13 84 30 28 66 44 68 64 67 0 39 66 34 22 33 34 71 66 21 72 86 34 
52 26 58 19 42 78 31 75 30 40 25 90 10 66 59 89 44 60 34 32 73 28 85 26 55 39 0 87 50 25 17 57 72 32 28 34 63 61 
54 92 68 97 82 10 59 15 88 68 63 6 89 76 57 80 78 85 53 55 28 65 8 100 58 66 87 0 37 63 70 33 38 92 60 105 84 32 
35 56 51 61 50 29 22 28 57 42 28 39 52 62 43 76 47 66 17 18 33 33 36 67 42 34 50 37 0 26 34 8 38 62 23 73 66 14 
42 32 54 35 34 54 6 53 42 38 13 65 26 64 50 84 33 63 12 10 54 22 62 47 47 22 25 63 26 0 12 32 56 46 3 54 64 35 
38 34 47 32 42 61 18 58 30 30 8 73 22 57 46 78 42 53 17 16 57 14 68 35 42 33 17 70 34 12 0 41 56 34 15 42 56 46 
43 60 59 65 50 26 27 27 65 50 36 34 57 69 50 82 47 74 24 26 36 41 34 75 49 34 57 33 8 32 41 0 43 70 29 81 74 6 
22 88 32 88 87 30 56 24 61 38 48 44 78 39 21 43 84 49 44 46 10 44 31 76 24 71 72 38 38 56 56 43 0 64 54 78 47 47 
42 58 38 50 73 82 52 78 4 26 35 97 42 42 45 65 74 32 46 46 70 29 88 14 41 66 32 92 62 46 34 70 64 0 48 13 35 75 
41 34 54 37 34 52 4 51 44 38 15 63 29 64 50 83 33 64 11 9 52 23 60 49 47 21 28 60 23 3 15 29 54 48 0 56 65 33 
56 59 51 48 77 95 60 91 17 39 45 109 43 54 58 76 78 42 56 55 83 40 100 8 55 72 34 105 73 54 42 81 78 13 56 0 46 86 
32 88 16 82 98 75 69 69 35 27 51 90 72 10 27 30 97 4 58 58 56 42 77 49 26 86 63 84 66 64 56 74 47 35 65 46 0 80 
49 61 65 68 50 27 30 30 71 56 41 33 60 75 56 88 46 80 30 31 40 47 35 80 55 34 61 32 14 35 46 6 47 75 33 86 80 0 

0.0 9.654175434213808 1.6775752024649977 9.391606885394868 8.083415305141486 7.329691795924463 6.132726994113337 4.99261309426897 4.599877518140257 2.0217737138406306 3.4878796952317006 9.246657389177047 11.212040906127768 4.524895334543 1.2322444637908587 6.1692216078195985 10.334792267193341 5.787599111139054 3.1005282932620797 6.247394746843125 3.941672592250674 2.577274879574265 8.928715358869624 8.735064944523554 0.7709809525782461 9.295042307447128 5.564148655212158 9.315721851428691 6.398234239259343 7.360524699840708 5.375877945001658 4.82278621307606 3.309007729380225 8.396737532463208 4.321817188964973 6.026591477201489 3.221794475449826 8.178941777208873 
9.62675988615176 0.0 15.096493750047223 2.2893868984535426 2.473368221906164 11.19176666508826 5.586427923732169 11.255021576312938 8.033879482410812 10.3072234888957 7.81710201996753 10.20823676359871 1.7431242483928848 11.208813290780363 11.459748679076608 12.850695953006776 2.927090161454401 15.657468604069905 6.10034538954228 5.283139262669136 13.18500005075619 6.229628481255962 9.868999141359406 6.844855536423806 9.962365877923604 4.910184470472968 3.9547749677902155 16.47429783285859 7.566380258391023 6.2653412595780225 6.772666665687631 11.190721322160263 15.545381381262413 6.136302172387427 3.7986030531877466 9.91006575046811 11.880983696898317 10.310420144140691 
2.0238363408237774 11.108999697796348 0.0 7.7350695622708985 16.855325385737054 7.351445951689643 10.355724267513331 10.183783239536925 6.428004868888406 1.9506287716015123 4.110758949751373 11.151979724312632 11.736919837522601 1.5962378187082213 1.3399728359806065 3.55439032635332 15.861120366642893 2.4359863467802647 5.349857993481095 6.582416813635465 5.543453138137387 4.556263879986558 8.800127568891922 7.539728922599686 1.6911985430715422 7.8468954516944605 9.569454605599503 10.575880650456366 5.560152944289056 10.280797761175503 5.840377467774746 6.202729982670825 5.86886674879286 4.669649765950332 8.869642957481203 9.15296506328875 2.161733184499533 8.189253526413683 
12.518100271700174 1.3793824291672512 13.787275476962702 0.0 4.399607833800934 14.165516735351318 4.979472052595312 15.638754762860458 7.166468386467969 9.772515118581786 7.037284517323107 12.553973185458943 1.8265025633808256 15.745035628169223 12.027950136101014 16.883474902019906 5.625655954720414 12.704838247306387 7.987839025557094 7.828724122242416 11.105338396698997 6.782602235845848 10.724987397731761 6.178458768646793 11.924797253495823 6.657866873784993 2.754865807839764 13.622612662176417 8.495450328671279 6.746721128418647 5.212727892430362 6.833013088526072 11.399921178312125 7.202896087534789 5.7790713264389995 8.1858696270827 8.632455074858349 10.736591027681547 
14.200599118817504 2.670070541524429 10.408111664125451 4.669214100426338 0.0 10.31344964282046 6.321061581747452 13.123456830382427 9.548803506212936 11.80944852218435 7.147911496695055 12.540581835107815 4.862271784172021 18.364206261402572 14.880292820281287 16.12188344004453 0.5670620484732668 10.425096438470648 8.368586754012805 4.474761211171266 16.35550574056656 8.946273417300283 15.24391184598128 11.42108167048579 11.675462744482887 1.7763605788794206 6.2820912513333305 11.709591355112693 9.13129265193804 5.304872656413014 4.4847307857628955 9.566157305817653 12.3738056071737 7.732235284457542 6.1629197137513545 7.983711712578757 13.318575971836207 5.520816551945855 
4.994603229357142 15.1042886146566 10.859277496687804 17.527008594294607 10.869469763484835 0.0 8.623149699312748 0.8308638639003634 8.408674912414488 9.720808506554494 6.420442784859526 2.5954852941123367 10.740938012620076 8.16295178366693 4.900783762976437 8.305162801300455 12.965747410292401 12.31404983784966 7.9107307325580525 5.015294637705738 3.6867453562724455 7.711589416865724 1.5949654054765197 12.171484311880224 9.169044884344451 8.388318270475668 13.066663371122834 1.1995448042532728 3.193996528518655 10.054847219803715 11.208869701832846 4.232312815179348 4.735076188648575 16.12808247986395 5.708574124822555 16.23466810652929 13.805281734452606 3.358559737588445 
5.501731396561405 5.613229451972522 10.825150936215582 4.88663784421874 5.499636202160913 8.547576838507865 0.0 5.234722246554307 6.011667788626136 6.9592607866625364 1.8411771847417824 10.989285398969606 4.076781049339814 12.128805733516433 9.20356693406518 11.32669998223555 4.437389514500813 6.83455968238887 2.5351930970158483 2.1642992296669123 9.581408577293129 4.385815468324812 10.055403572557154 5.679380951336181 8.188920461409161 2.621313546391486 5.035945780586894 9.384225989506758 3.0751914468489354 0.6327801272509239 3.160763674581717 4.107264692194709 6.158230933089398 8.68644119409052 0.4427988689970319 8.058915487033104 13.244169923352928 5.618721537880013 
5.534933510382745 11.808880770095472 9.624052363825054 8.915533137412572 12.15871506961912 0.7173748707302542 8.784531600577054 0.0 11.950652752329056 5.35577903850379 6.494622441277391 3.7247963103871857 9.54763193206281 10.294136291724927 8.072223101074892 7.999304445592607 8.92780542869463 11.748586872707353 6.224750873992224 8.761884313005439 1.6303487881354075 10.130642453022162 1.1404731480394388 12.769815047203817 7.0809864636515965 11.505069735353448 8.887486649820524 2.5660411621587187 3.683154823566669 8.780502187327123 6.063915244502898 5.014278020922331 2.665773761222726 9.354129959539794 6.6073511768562 13.307940655913772 9.633498034795133 4.151568230520656 
6.9330970657430315 9.229079843415754 6.504316653484027 8.032430610161137 12.35467527399692 13.123050666367465 8.060848434630456 7.449055829971899 0.0 3.642178817881181 4.234017596578749 13.960251091531028 5.437588870569985 7.9924958662354175 6.028408462451486 7.275991749208811 11.501699337892752 3.960352788027537 7.377210723285625 4.449839648160751 8.93894717304428 2.804781425058136 14.24931299620057 2.809144697649229 6.34511413722149 11.994855691631619 4.155873349989269 13.319713842877759 7.801355706829758 4.545949558372833 3.7576056859388403 9.71719628950955 7.297594739209546 0.47385388217671204 5.688963194068903 2.6683928591591823 6.336843012145648 12.310701439081551 
2.3778099180261654 7.918488885043827 2.8784013132948694 11.27057799857803 11.405528200538665 8.86378645778727 6.968727628857484 9.359885214720425 2.296959108333015 0.0 2.931634650592617 11.022409458564635 8.119876913555512 3.0843586717192637 3.1078469626035337 8.070833406694465 8.182816031204792 4.200438388513845 5.925915404133329 4.541907974195339 6.27162936667898 1.6393466979834022 8.761398142929895 5.489983756196943 3.0444586995725578 8.222174149829911 7.272740308190134 12.402051838902093 5.1289079707790135 3.8219272833415316 3.1709912768039863 5.273345036119114 4.009900203527574 3.653422325295998 3.8767656573731237 5.965071026922882 4.756202661042974 7.207387836866266 
4.666067451051956 8.058467323080892 5.094807944696589 4.045133653230776 8.63153832617267 10.622116544769586 1.8984256083474191 7.404536607593224 3.9494078116904205 3.567417691099221 0.0 12.220166943933059 5.74270912321192 8.06686851509632 6.652682583527819 11.746734144820753 8.473055329760527 7.537467057882016 1.7726317814712274 1.2307316410993532 7.071904211560613 1.0021958721726545 11.405430735179195 6.048184061348716 5.29339255095368 4.884688551720816 3.9439108757418166 6.6388041644699545 3.0634123936724116 1.9780254673556041 0.8535588698330359 6.440123971794391 7.870550272330984 4.529856668220781 2.1780737482568715 7.637883513802418 7.7897768870990625 6.380397352650869 
10.885223877019511 10.571399980690323 9.093019096218455 10.31823679713773 10.29982293658885 1.5908472514710783 9.592038519563733 2.590338261448768 12.63866452898587 10.798730086560024 12.70934749318331 0.0 10.29322474995499 12.89614140287285 8.95921263931295 14.750233974533417 14.261003160341831 13.704082720707213 7.656658888488378 10.830367385725978 5.849776880487099 11.672674610520119 2.0190346456975483 14.156723907448093 8.98473777847352 9.917171427916509 16.254243395244696 0.6112974015477357 4.043833579997699 10.347215222677024 10.53338495882676 6.353946923034478 6.244241657962428 15.346431233218526 8.735974225340119 20.02183184902222 10.946572878160664 3.694747554483994 
9.060158661995 1.6360960403576996 7.825136149856449 1.8860661278268873 5.634626467703436 9.968532137553249 6.02779578545136 11.522038893047139 6.971131052444701 5.426736209677787 4.285844577420927 14.780130249842925 0.0 14.439348635934515 10.652598772354786 11.714827485838516 5.390772069919698 8.22183687342201 6.6315843639616405 5.3914919251020565 10.793604301947255 5.157796311221596 11.700999590491314 6.051753795950944 12.492739140003282 3.4330485035526883 1.219560202031417 12.471914454032817 10.390666718304193 4.1657786526294345 3.9638148109233815 6.9102491628873235 10.1963190539197 7.535056085406591 4.308349990843508 8.514506226864551 9.349415030412928 10.371950455490087 
2.891599495365645 13.224448493663742 1.4529234806900608 13.099702115925561 13.964330093452226 7.237347707584744 11.068543648015385 9.79261329202019 7.962112517175327 4.265689009292488 9.470237619661967 12.05548585422018 8.506704737862034 0.0 3.0438346051754888 4.275485157004475 18.481300019105838 1.3920276736246902 6.796810895677637 9.554305591466145 7.417209594288349 5.920036489484943 8.354453112738774 8.793967643709713 2.5026832992620207 16.21536532231777 13.057662644982155 9.362454453291157 6.36470615187777 7.949941923097134 9.128372998686348 8.7956773885001 4.437351027697412 7.252932944485775 9.85176293390513 6.708678264896829 1.9249659878539909 12.674630151638883 
0.9747922469205226 8.07366895122638 1.8095523147587462 15.397574610090093 15.827424270465599 7.70933432752334 6.274143098148295 6.706137629890714 7.654743008793071 2.576739216830627 4.200753298211394 6.7425305925467525 10.268629873146281 2.9740704763826216 0.0 3.498089925453086 13.781923190004765 3.2939409048484865 4.963938372936413 5.159721518866988 5.099033777052117 5.601179231310925 9.778933011454876 8.326955477125216 0.6842587155471169 10.701634785623398 11.179175075173728 8.374977663556646 4.467358335097297 9.336159652543316 7.223840692709981 6.902352537164549 4.140386355751433 4.677735101920313 6.958588074956783 11.59871030090897 4.217767922716524 5.8313512461392385 
8.1895398981538 18.579627116614375 3.797258583435658 11.634049307483485 21.212940813103923 10.84358292458764 13.618426772186744 10.463353703271444 11.753258525441417 8.981395463383802 10.908121992228219 14.669612631050114 16.859990840469752 2.707390066152862 6.072836488048901 0.0 14.754448142940761 5.997520930328969 8.460673882513051 10.71100585109772 5.904032315753538 12.538023386088742 12.656455976709061 9.526252381168353 7.280049376248934 19.66863504771068 9.429158217278061 11.08228554708547 12.62082810004173 8.53945665433271 12.441984173608581 12.335017833340956 7.459480228494523 9.98979960259711 9.454066793511572 10.18583656338026 4.4298940925415335 12.694709057905712 
10.52010141472225 3.3734219985840554 12.482838313231321 5.855563407537603 0.6297526683912692 13.213332421297675 3.000409501467031 7.857462696075594 13.629611495087634 10.064851400020668 6.5567032135372525 9.96490898710212 3.7737935274719034 16.044183739793354 14.259479654915875 21.190920594314594 0.0 10.795081089916458 5.883189016662252 7.525934790925323 8.116928820090008 9.66577417628816 15.620336251571878 7.903186981888786 13.918765225602487 1.9845860582228934 6.856872138500434 8.272567797268543 8.599008088130283 5.57348782768511 5.815663580408595 8.223616561822674 16.199753990518055 12.639958891890906 3.912136523441335 15.120967721705306 16.549386431620366 6.724154337522644 
3.591707147639892 14.215168013177252 2.927527371626425 12.57147166805585 11.27022905362272 11.637625760405223 11.487008796088295 12.434121046417754 3.9814560705864595 2.9968803887516504 5.316508310188923 16.642965154079473 11.039142817157806 2.2582123260810008 3.7735115042586553 4.6710298458294215 10.750782264136731 0.0 8.499727974837814 6.895129100011421 9.188794259399163 6.9464071125111335 8.291661569920787 6.3485308176716035 3.213566550874543 12.263983722343019 8.864017404804716 10.488063702297143 9.941550674486999 7.486483402416212 8.765217370469955 13.0801781775839 6.262300165013607 4.020016289239378 6.427210311462404 5.918758112420608 0.7052581283686579 11.932567849641368 
4.123005716953727 5.787056464766588 6.682935950251119 7.802721973018872 8.439891000732747 5.280353842513086 1.6210768882155933 7.066837612933875 4.771912018114331 5.254377363473553 1.654400427869792 7.975284777308163 6.836450235606017 6.950531752008442 6.448846567239951 13.175883504898241 8.274504366401025 8.7549618458508 0.0 0.33706948467016884 7.759892001558119 3.31159607724787 8.954247188994533 8.248003794869035 7.018537276826921 5.364106496927665 6.743453728438391 10.20014655498689 2.890727754340558 1.224663610022683 1.9895183300134731 4.064972649581161 8.759274706160271 5.458859866860181 1.3156381700670958 6.824673163105661 7.2532426120529205 4.850196657059897 
3.567788636133525 8.19122818713431 7.178401077681556 6.199747943819904 8.219635463551763 5.6834731484026975 1.5049048006446186 5.11157981526136 6.256615805109895 4.477193363442165 1.1934941841873163 10.666610903721178 6.385236744252863 9.460911514913674 5.700747152465217 11.88717974218715 7.333846706500575 8.854835192368386 0.37366458458806484 0.0 8.039852092051728 2.300331686843934 6.036778056840172 9.63294132738564 7.017529466376404 4.617451317761578 6.269553268245673 7.562281090410378 2.7741404243203696 1.1631621724125385 2.9745658225932545 4.81042759236837 8.013214957513643 9.190136546938259 1.58461878136247 9.171012070190601 7.644544843259687 5.120632690181959 
4.7039710210378045 16.181037338220154 4.146713343995231 11.638662576589844 8.737132599249838 2.1121249902263997 5.304729839542506 1.4743125909647499 9.527255122007652 7.717100175485037 8.635353165263668 3.8728791114029106 10.926239986490279 9.103191653578627 5.933347741666786 6.798490858923752 15.987929051601123 10.075091480092933 6.40008790472671 6.609763181741542 0.0 8.720809988359036 2.7578022090236773 15.089108528429275 4.187303332080946 8.449608857788803 12.175134358428327 4.709731438098478 5.4112221038392185 8.478838808679185 11.362424388360436 7.123175694653684 1.9712532490380776 10.12805055934463 8.713323934715843 13.169596156063992 10.482625482887318 5.438699050757099 
3.767002301325145 7.3630939852039 6.587424939890396 5.452702280572671 6.670628372841222 10.990529111969089 3.8424480123543945 5.81467177165115 4.165001248242339 2.2346932158356876 1.7453468009075468 11.654638810206848 4.70328512774876 8.140528772715292 3.217485852033321 11.137745651829833 8.926069440606854 5.102273171585697 3.134648152620181 2.4290876599089577 5.998186389315706 0.0 10.160670467167954 6.653244959855602 5.186890577976344 8.448083333596063 5.233826977637163 6.869396166467008 3.424845865558264 3.4433792881812844 2.7924653319397246 6.106925501806195 7.136141054571656 4.593348465700782 3.690078436099519 7.406690267576234 5.264554066734158 7.8509799693614255 
9.151044386973474 16.67136495620526 8.35542628302123 18.867931804586348 13.282562940511973 0.9453372268872005 7.2430876671883375 1.3399187141711884 10.545242727629834 11.400040395139186 10.97052013810626 2.6910749969980508 16.882538362275174 8.743635593823537 6.973608223363595 10.450757766274481 14.646182120944436 8.791070308991198 6.58584282649376 5.719293221762924 3.240794520026127 8.244894378731122 0.0 12.142152947197932 7.352285289076679 9.025169344539718 8.585345562717787 1.2482960480562606 5.600709323812868 10.463225205938492 9.155132299307798 5.056055242714412 3.287938120526492 12.364042829964928 7.238707694086887 17.46968899312065 13.331394361137292 6.898663851603368 
8.064545989211677 6.094947418763145 7.724615557871563 4.217174328017003 10.43736712639154 9.784189121784669 7.992623769682723 17.08232443030819 3.1065146453122616 6.549521515814771 4.401894695443617 16.415195366047158 4.898284273378027 9.572632133420374 6.131509762716176 14.37953615436121 12.86871175288861 8.245840794121287 5.238745992304587 8.303399771057421 13.13697705848082 3.536331712005689 12.461445578498918 0.0 10.21529377829106 10.667128734128699 4.628913468881635 18.066274350056055 13.160464501774133 9.355204146651166 6.513552707404359 13.885378874007603 13.105743946175302 2.4551583417489327 6.751974339942369 1.2668974608690216 6.3391307825383905 9.576167872457436 
0.9760209861869983 9.830377551767407 1.856274652004352 8.72583363051129 8.772963046752377 4.900615466696555 7.108204418663252 7.376895302611565 7.493337885848406 2.8557650291627485 5.15488612634296 8.116615243735733 8.649176920879253 2.802058718102226 0.7618904651337125 4.565806261286378 8.194944054899088 3.091842318237266 5.149996133554657 6.30638442604597 4.293199667031098 5.110298680407799 6.977152313507649 7.3409022178203385 0.0 10.361297652952791 10.380101282998329 11.223419976529783 6.907918033772322 9.170628096917294 8.198128175704936 7.980634475326112 3.909609646808066 6.1143845710189755 6.017478491337817 9.708431071723034 3.8406430786067234 7.127543642656695 
8.964200219843235 5.52293518111908 8.86604521467428 4.5594409743022135 2.3343542972444404 10.356666775523415 2.2245186550723113 9.404962743251126 10.333853170167691 6.476975707501582 6.253334164272781 9.454008711584407 5.899662417523057 14.808143412385178 9.300808608359615 11.585089241659709 2.410785214156796 11.836043799177464 5.648775417244239 5.183537231835414 11.220990644323802 6.535091728532174 13.334119137374643 9.343179157292761 11.402396720639196 0.0 4.4755809992318705 12.370655788590085 6.758549010412961 2.8578016935329025 4.986948851729013 4.876138780595958 10.536830537097249 9.808611803894205 2.3066713141840496 7.394407245756757 9.519696272895672 4.972984665582027 
7.021267696883008 2.718554056486039 11.41881023054978 2.086750821124219 5.869486960290708 12.039441934613212 5.4302412835005605 13.965639502646027 5.779834351998794 5.267937646793529 4.8038351668831965 10.727730359271014 1.838721783860049 6.755566169352884 7.380149372098474 12.318208500948723 5.448960949138837 11.182212429425912 4.080766558276451 3.3888458377716053 10.097350578366827 5.032021096693184 9.062452963279217 4.159835868728007 6.056064248083859 6.8026289381273655 0.0 15.876007528449136 9.201164277681148 4.326145936601272 2.548935698937256 8.865991255708211 14.066001356293691 4.712114582984304 4.6573287491431685 5.6966510611103995 6.561628848335197 9.007768485053166 
5.501604627503276 15.94301917537484 7.990209964035279 12.809321394047458 9.863718881207133 1.1341859923579307 9.477008747312084 2.138359027135548 16.413522124084672 10.216840197600233 7.150176467356898 0.774482177522675 17.51340008489113 13.896602758571248 9.375121743345368 14.84560583588857 14.404864585223457 13.838476705730102 7.684054098058942 7.628391254002448 5.1605844522194175 9.358721450336715 1.5985585933875468 10.43341195183632 8.610669411564158 10.860737361833472 10.162772180121472 0.0 6.122125274367682 11.190706623907282 13.036749054593024 4.395104645242058 7.284790140465633 10.844667053872291 11.141932476315588 20.70604197290465 9.962281297715924 3.7154291551927114 
6.625150968631994 7.926597634976089 6.246410283069034 9.209346779673607 9.063853902565807 4.106982797933629 2.2850838111038922 4.4141700970199205 6.494426890782213 5.633977694487331 3.0397622638811126 7.683464905905115 9.716547270125046 6.756384278811703 5.898312455154973 9.549372967252896 6.611540053672054 13.096527837489976 3.2636552885250776 3.5456006281011776 5.019203558356655 3.399869546076036 6.498354535327161 11.17608198865678 7.940889298946549 6.788425796190312 9.677908504663522 6.397128089622267 0.0 4.903617186766059 3.47741081314734 0.8586699000303021 4.505721083390471 9.232085509557287 3.9919592098207444 7.5235402369908355 12.852851293129577 2.6385512516703056 
7.810939449300389 3.56382305068147 5.466903962326655 6.808616358967264 4.7396583213454235 8.420197444724145 1.1088726369259247 5.999650076688635 8.01814010444079 4.208136350316748 1.6412216138647853 7.3075166060802825 3.0268477991282925 10.513431421400956 5.753650833248125 9.398229454042873 6.380323309816903 6.3126554142941265 1.4508214724892692 1.9538704372473377 6.631038011518477 3.2183568072491564 11.385252914668708 7.358669978414658 7.598020055922749 2.580621508568337 4.947898881742664 10.529381272890276 2.9795711659107535 0.0 2.3837700888218962 6.347638468159263 8.064601536464734 6.946932909757811 0.4912286959982153 9.2451282969552 12.28278360176037 5.757118502368157 
5.244475933956284 5.374197362510537 8.083953534050718 4.745848487986189 6.203637164644961 6.726257683462668 3.279791287874601 6.897263476338388 3.573800226662944 4.175454963521194 0.87117764685595 8.22483380323285 3.007468724328731 7.758246131005318 6.521925085182258 8.616824842271551 7.39124296994755 9.34357801169399 3.3305812381488185 1.8230528036327276 7.139462834275323 1.6213939720704627 9.619520591278537 5.542501938820386 6.965750941162572 5.167587345880231 2.9757777203953175 10.73764390951743 3.9318516567769644 1.4929144201399107 0.0 4.149493915398887 8.558858891521856 6.035833892583212 2.8796095929484995 6.439012455329024 7.164571922576406 6.415025234425447 
7.4662129063809335 7.957763291961702 8.292251829229789 8.345975282890238 5.38067809285757 4.293973000472488 2.825443382678436 3.7240246599229434 10.753571666030155 6.840345015639839 5.441879694192847 3.702252685972514 9.789083143281896 7.970330619379174 5.987810705695532 9.903178244299022 8.596477130155959 11.528896283141481 4.1561058333657375 3.179156557020709 4.94109986583671 5.4906997230652905 4.316887122776389 8.668082509392493 8.440685689754133 4.935417710550753 7.125416420953877 3.5095257384392617 0.9488675152759699 4.214576291360775 4.380195069612922 0.0 5.293637798873875 13.97042172837917 3.1002053837553887 15.379065654500675 9.093272853210246 0.7561514390834225 
4.347554741770957 15.418132953920363 6.138834247920311 13.646646722696444 12.021859745343246 5.6224916159934715 5.993800008935468 3.0767545233757767 7.294940836758486 4.872651034166253 6.59280870104105 8.77843723423108 7.977330193206857 6.655086856072493 2.9368269110933305 6.04151853776508 10.717121558184504 8.708800389993693 7.044653078738376 6.805823648654094 1.4671916590437442 7.860676113607457 5.335519906292021 9.921963489583177 3.6365915484176163 9.549715395872632 11.557942765800394 6.255384622611846 4.196316942526219 8.71025404348196 8.03501294844982 7.629838801426224 0.0 10.463502146711097 8.518316009797491 10.760339470600469 8.246433300347181 6.012330706901647 
7.543675884312037 6.304869291992208 3.97734226733463 7.1985878339274745 9.83558197265147 11.528268407637274 8.60861123180788 12.506043649042262 0.6321468169554191 4.481671165523559 4.767229227386968 10.758829271463421 4.2340159175518055 5.48933393208045 6.24459722291133 9.842574144108333 10.828236688873599 3.6193000898507495 8.815637866915326 7.0366721708615 13.129579845743379 5.118488903862601 12.882811739617365 2.223298690078758 5.782038504860722 9.680221585694635 6.328474212262092 15.402476908687419 7.390486969585267 5.082083376905635 5.285047214272115 11.583361307773615 10.296762275855068 0.0 6.9314829487080285 2.5676400961756696 4.315621785372605 10.875841330853103 
6.436900035235996 4.272798148564261 9.339065166673254 4.585925680461449 3.889292365089205 5.334447343185396 0.692274445409873 5.405215088369164 4.738057700565326 5.816796245599278 2.3236063910303266 10.011048949472764 5.2078469763801545 8.725266624876108 8.849930581150721 13.787364237721837 5.82426022622684 8.912109455665915 1.346338154767942 1.462265460114319 7.6861811729512155 3.0731457388018444 9.424581666946953 9.042227065466129 9.13067915684481 2.4193616522695374 4.887655882492178 6.191928297998988 3.921016455057198 0.39370378106011406 2.721604779650369 5.3467142638584 6.917131209061535 9.309538343427096 0.0 8.604364909334466 9.460576963965185 5.709781994875746 
7.9840841909967235 7.366077063639332 6.52025736330813 7.533907992173845 7.893954237945799 17.94529561287993 10.543840282034894 15.89450210501506 3.3493162959987415 5.837775789350392 5.2744086036955595 18.797082875457512 4.609039498497174 7.366943285975422 9.664421705374062 11.295257471806305 8.396451869470411 4.968940294834204 7.076396812209371 8.708418509032713 14.965635847363004 7.863511235131034 17.456909288054085 0.9166006608482347 8.49618298462191 10.914506267788349 6.415266670154787 13.410738671045033 11.806127242847875 9.600777488013668 5.835477000034376 11.805942105761142 8.195781121615694 1.933757211874254 8.323743173085262 0.0 8.327418541316819 9.933650121963623 
5.080056329461231 11.135896606574835 2.5688083809324858 12.87596313385298 15.014534883567583 9.356535808031975 8.980760745323245 11.679459573784534 6.937727800724577 3.28849493667078 6.025983059060749 9.069445436098942 8.93377076758283 1.5320522086744526 4.927202037373128 3.50385735640513 12.718955086797429 0.7326651630779453 6.757491601781308 5.89621153279442 7.439502526381871 8.067516675367152 10.546459851738742 9.280343373772588 4.125984721523276 12.293020112336945 9.730351198853604 12.309732330153974 8.351954086182237 6.771734198293987 10.679401705847953 8.713415163209751 7.558466736138025 5.974613183116946 12.971980506101106 8.49722484406067 0.0 10.645863880258936 
8.263899831020844 11.118101129917079 10.746516967501496 13.13923260128351 6.369202550159844 4.3511818030494664 4.269848330903747 5.13985249362917 11.630916225866443 10.47775942957513 5.949362479135424 3.3991509985717965 9.433081973256172 8.800517581091094 10.62822270474207 12.932389615953001 7.660948097158029 8.163658396356691 5.333652064131636 3.2804825709305074 7.030859968832658 5.473257784381591 6.380674954946152 10.724450221502144 10.251007288179029 4.804888645960636 7.800366923329032 5.846137843023039 2.3017995809290728 6.103851442329849 6.710438846116224 0.6579903107361209 9.167822603553436 13.015590294941285 4.486008992533145 14.330203980775831 13.696731833896411 0.0 

0 12 5 8 12 18 12 11 19 23 8 25 1 5 17 13 9 13 19 5 26 9 20 21 8 12 13 12 4 19 25 7 3 2 24 13 14 14 
