39
6
100

0 40 60 18 78 15 30 57 58 42 67 24 42 12 56 8 87 54 53 73 29 45 62 48 9 81 10 61 32 27 18 49 45 74 65 85 43 47 39 
40 0 71 55 76 48 10 58 62 80 54 24 80 40 78 43 74 15 27 78 34 11 33 9 48 98 39 42 71 66 40 78 33 81 39 108 8 80 75 
60 71 0 51 26 74 68 17 13 88 38 76 58 48 19 52 46 84 56 14 39 65 60 72 57 28 70 46 79 72 42 33 41 15 57 40 79 43 51 
18 55 51 0 73 27 46 53 52 38 68 43 25 16 42 13 86 70 62 65 32 58 70 63 10 66 27 65 29 22 19 32 50 65 72 69 59 28 21 
78 76 26 73 0 93 76 21 21 111 26 88 84 66 45 71 22 85 53 14 51 67 53 74 77 44 87 38 102 94 59 59 43 18 48 58 84 69 76 
15 48 74 27 93 0 38 72 73 32 82 26 45 27 69 22 102 61 66 87 44 55 74 57 18 93 9 75 24 22 34 59 60 89 78 96 48 55 44 
30 10 68 46 76 38 0 57 60 70 57 16 71 31 72 34 78 24 32 77 30 18 40 19 38 94 29 46 61 56 33 71 34 80 45 102 13 72 66 
57 58 17 53 21 72 57 0 4 91 22 68 67 45 34 50 34 70 40 20 30 51 43 58 56 45 66 29 82 74 39 46 26 23 40 57 66 54 59 
58 62 13 52 21 73 60 4 0 90 26 70 64 46 30 51 37 74 44 16 32 55 48 62 56 40 67 33 81 74 39 42 30 20 45 53 70 51 57 
42 80 88 38 111 32 70 91 90 0 106 58 36 50 75 44 125 93 95 102 68 87 104 89 37 98 41 102 10 17 55 61 86 102 107 96 81 52 40 
67 54 38 68 26 82 57 22 26 106 0 71 86 57 56 62 21 62 29 35 38 44 28 51 69 65 74 13 96 89 51 67 23 39 23 78 62 75 79 
24 24 76 43 88 26 16 68 70 58 71 0 66 32 77 31 92 35 48 87 38 34 56 33 33 100 18 61 50 47 36 72 48 89 60 107 23 71 63 
42 80 58 25 84 45 71 67 64 36 86 66 0 40 42 37 101 95 84 72 54 82 93 87 33 63 49 85 31 27 42 27 71 71 94 60 84 17 7 
12 40 48 16 66 27 31 45 46 50 57 32 40 0 46 6 76 55 46 61 18 42 55 47 13 70 22 52 40 33 6 41 36 62 57 75 45 40 35 
56 78 19 42 45 69 72 34 30 75 56 77 42 46 0 48 65 92 68 32 44 74 74 81 51 24 66 61 67 61 41 16 53 30 72 30 85 26 36 
8 43 52 13 71 22 34 50 51 44 62 31 37 6 48 0 82 58 51 65 24 46 60 50 7 72 18 57 34 28 12 42 42 66 63 77 47 40 33 
87 74 46 86 22 102 78 34 37 125 21 92 101 76 65 82 0 80 48 36 58 64 45 70 88 66 95 32 115 108 70 79 44 40 39 80 82 88 94 
54 15 84 70 85 61 24 70 74 93 62 35 95 55 92 58 80 0 33 90 48 19 36 12 63 112 52 49 84 80 55 93 44 93 42 122 12 95 90 
53 27 56 62 53 66 32 40 44 95 29 48 84 46 68 51 48 33 0 58 30 16 9 22 58 84 57 16 85 79 43 74 15 62 13 95 34 78 78 
73 78 14 65 14 87 77 20 16 102 35 87 72 61 32 65 36 90 58 0 48 71 61 78 70 31 82 45 93 86 54 47 46 4 57 44 86 57 65 
29 34 39 32 51 44 30 30 32 68 38 38 54 18 44 24 58 48 30 48 0 31 38 38 31 65 37 33 58 52 13 46 18 51 40 74 41 49 48 
45 11 65 58 67 55 18 51 55 87 44 34 82 42 74 46 64 19 16 71 31 0 22 7 52 93 47 32 77 72 41 77 25 74 28 103 18 80 77 
62 33 60 70 53 74 40 43 48 104 28 56 93 55 74 60 45 36 9 61 38 22 0 27 67 88 66 16 94 88 51 81 22 65 6 100 40 86 86 
48 9 72 63 74 57 19 58 62 89 51 33 87 47 81 50 70 12 22 78 38 7 27 0 56 100 48 38 80 75 46 83 32 82 33 110 13 85 82 
9 48 57 10 77 18 38 56 56 37 69 33 33 13 51 7 88 63 58 70 31 52 67 56 0 75 17 64 27 21 18 42 49 71 70 78 51 38 30 
81 98 28 66 44 93 94 45 40 98 65 100 63 70 24 72 66 112 84 31 65 93 88 100 75 0 91 73 91 84 65 36 69 26 85 14 106 46 57 
10 39 70 27 87 9 29 66 67 41 74 18 49 22 66 18 95 52 57 82 37 47 66 48 17 91 0 67 32 28 28 59 52 84 69 95 40 56 47 
61 42 46 65 38 75 46 29 33 102 13 61 85 52 61 57 32 49 16 45 33 32 16 38 64 73 67 0 92 85 47 70 16 50 12 86 50 76 79 
32 71 79 29 102 24 61 82 81 10 96 50 31 40 67 34 115 84 85 93 58 77 94 80 27 91 32 92 0 7 45 54 76 93 97 90 72 46 34 
27 66 72 22 94 22 56 74 74 17 89 47 27 33 61 28 108 80 79 86 52 72 88 75 21 84 28 85 7 0 38 48 69 86 90 84 68 40 29 
18 40 42 19 59 34 33 39 39 55 51 36 42 6 41 12 70 55 43 54 13 41 51 46 18 65 28 47 45 38 0 38 31 56 53 71 46 39 36 
49 78 33 32 59 59 71 46 42 61 67 72 27 41 16 42 79 93 74 47 46 77 81 83 42 36 59 70 54 48 38 0 59 45 80 37 84 10 21 
45 33 41 50 43 60 34 26 30 86 23 48 71 36 53 42 44 44 15 46 18 25 22 32 49 69 52 16 76 69 31 59 0 49 22 80 41 64 65 
74 81 15 65 18 89 80 23 20 102 39 89 71 62 30 66 40 93 62 4 51 74 65 82 71 26 84 50 93 86 56 45 49 0 61 40 90 55 64 
65 39 57 72 48 78 45 40 45 107 23 60 94 57 72 63 39 42 13 57 40 28 6 33 70 85 69 12 97 90 53 80 22 61 0 98 46 86 87 
85 108 40 69 58 96 102 57 53 96 78 107 60 75 30 77 80 122 95 44 74 103 100 110 78 14 95 86 90 84 71 37 80 40 98 0 115 44 56 
43 8 79 59 84 48 13 66 70 81 62 23 84 45 85 47 82 12 34 86 41 18 40 13 51 106 40 50 72 68 46 84 41 90 46 115 0 85 80 
47 80 43 28 69 55 72 54 51 52 75 71 17 40 26 40 88 95 78 57 49 80 86 85 38 46 56 76 46 40 39 10 64 55 86 44 85 0 12 
39 75 51 21 76 44 66 59 57 40 79 63 7 35 36 33 94 90 78 65 48 77 86 82 30 57 47 79 34 29 36 21 65 64 87 56 80 12 0 

0.0 6.731594911094533 10.179359976113385 3.120386114022789 12.076095952207048 1.7613146442434906 5.0273989638607315 9.264909689064277 5.8133399994700525 5.10468441265338 11.589136316749439 3.475256320883302 4.608832144564308 1.9797549332403233 9.510031031229223 1.2011886731482553 13.422915760475991 8.359931366845196 5.77900862282164 10.52568056510561 3.742506661505115 4.739626267793928 11.277984208749182 5.0502359097183716 1.6278381579869134 11.645475552791117 1.5353454045705612 6.914392135410201 4.503489642980951 4.773105445285371 3.2713608319247465 6.1687093655553555 7.523243130316988 12.645267257941187 11.927137112186479 10.939630169707385 4.61932421651796 6.717480947829321 3.944612201022799 
5.8962112822242165 0.0 8.989830249038777 8.999761429818161 13.228413141677038 6.990273825679489 1.7986481888414798 7.776590760369698 7.134746502281539 11.86317662705057 6.713591036332813 4.42771379011282 15.55604764953149 4.465231467707015 12.740328976380031 6.051268307343368 11.291814923804914 1.5785887487091534 2.897090472093928 15.329094883726123 5.632225213393155 1.1501453041060201 4.838701079969995 0.9352286421689011 8.291853187657129 19.228781998123683 5.910516526453838 4.591760882453631 9.884098648565619 10.691991568974242 5.813086910221531 9.328226244007316 3.397127105864952 15.948887787284082 7.519835264293606 16.20115091792785 1.181840880936464 11.881861198648302 12.746917840008432 
7.679920721611881 8.712152030168403 0.0 6.695848897145668 2.6009972046025394 13.333174548486515 11.051885945336885 2.9319185378156307 1.5227197872719744 11.922630879695296 6.2598089970301745 14.640284602142314 8.962885050014513 7.776058794466928 2.124127803669906 10.274911115325537 7.139065851061888 10.247750072298405 10.281526996805988 2.0823416772356897 6.756664109761603 12.985540824535494 7.988849565689652 11.173038542996842 7.617620294964534 4.12715569184718 12.601917920553344 5.8318323623854464 9.27006538230051 12.614454751004015 6.5762245951982825 5.093816878869202 5.225374070615208 1.792819943921164 7.069964984021121 6.403263731401877 15.095903557234735 8.520510105483087 7.1030306433081725 
2.982531258235781 5.736047137283267 6.143790338163381 0.0 11.628776231346109 3.5815932363137155 7.066588876561422 6.355695995360267 5.319507052941037 5.291123434116413 10.798655849694544 5.120225788781917 2.6854964953171505 1.9697516862758464 4.294863040392793 2.192048289273931 11.68394609188017 8.16232290448448 7.108339779711336 10.432305130786103 3.4284374925864527 6.252719588111861 8.35065467306378 8.37415209701491 1.887129397323152 8.289734662465587 4.722119858871219 8.360532476209682 3.8882298644235043 3.2828426729919684 3.4509196266189965 3.3681864680733726 8.393365469392798 11.794922296541593 13.01878281170244 13.086231122015603 10.289341014416003 4.353334998821024 2.894060320529893 
12.65124669510768 10.037035701209279 3.3438858294048104 9.884685881456058 0.0 13.977972409902769 11.675682531410477 2.535651516603651 3.1703797897541484 11.973766185524681 2.797808046099617 12.54847032680165 13.979342123756954 10.689458329159859 4.584052339420557 13.332717367644719 2.7185590131243114 16.642557466297568 10.197962946153575 2.4599639508895264 5.559029286472355 13.35686707506902 8.469689027861119 14.658766925620771 11.077493735955638 5.829400750575188 11.283616357208784 7.500951629952465 10.200725726161295 9.640896229963253 9.495351170660394 9.554781037188667 5.07839905226761 1.8000933224709323 6.564881012638037 10.338623814531848 8.933565878336626 12.006488476485721 11.892028505462264 
1.827116586698807 5.962713512975757 14.665099747848224 3.7751893235093266 17.34701006103157 0.0 6.50513081903321 8.973823919682397 10.942123929771437 4.490115990138711 9.92709354744029 4.136378128386263 6.570549457484832 4.178506554825875 9.203877125029033 3.621065559101732 17.54522921357165 12.05743556448872 6.8340091760509765 15.015008285767458 8.118731114280447 7.969177334169262 8.946969487025811 6.791908620747179 2.744454281279829 10.112128761021399 1.16160244980416 8.627570922569479 2.8829389358735353 3.7696881437820613 5.789378929048845 11.527265216507315 11.985060729425578 12.951715986387928 8.931309060720437 18.593111331548783 7.560427079171294 7.732033310244066 8.539210585886115 
5.31613001755758 1.7779392138240149 11.468337036590668 5.208439294215815 9.69489227846471 7.281021874445923 0.0 10.187546840976811 8.958911639440313 9.281596931909007 7.555318723706704 1.637416840519113 10.07941969489567 4.366153850198817 13.082219739730576 5.403926976591288 13.750196026817601 4.053974535255286 3.7506205597825173 11.17387272384438 5.237011987692497 2.830763054495743 7.316026114844089 3.270794133970419 4.036298306683524 12.865655174526811 4.692470087140333 6.654614919157087 10.68079570723975 10.40262897672574 3.395815327593118 8.635745073718917 6.561940232720211 9.050028295574656 4.5305621422438795 13.241767866510509 1.3645028532237489 12.218961420970961 7.754421791461276 
5.796900605383265 9.06401118239527 3.171072978625017 6.726238285092208 2.924810232034965 12.141746801440059 7.139254965698765 0.0 0.6541364925582278 11.225711026166342 4.023778885301494 9.117673439263275 13.064459377396878 6.000024255202428 4.471654420318151 9.034070343092996 4.255268226101388 8.549017794421875 7.547878494984373 2.2291299361373094 5.426272227016055 6.053606634457182 4.688521073683348 6.578084686961494 8.627950314791383 5.36068431649186 10.45993567611901 5.597457250889145 13.756600070015187 12.068101422638676 7.159089155720185 6.368679305534928 4.578431933266662 2.8050279424021736 4.630826070729622 10.589645534014181 9.946570105049176 10.697540877453998 9.304765344546247 
5.9896523113012226 11.708926320696532 2.4719202598122854 9.470503302196551 2.68312812430384 13.839594523267177 11.285001618305724 0.5497981815466749 0.0 16.516749945956768 3.213311346499261 13.5987999748887 9.660989323452762 7.777034181737175 3.481340158931622 9.485680063054257 5.246588273485837 7.640122515147332 5.39993432015682 3.1029303739213105 4.790649884756078 6.5408506786211476 5.897669601095041 6.329698607119192 7.270542192059012 7.674260605323722 9.354119967184841 3.308042909435297 14.581502437036784 11.893398792902417 5.120067447163655 6.096912391783858 5.920473684076554 2.225929478972827 7.379727231596175 10.567771109553176 9.7946982744409 8.766253212730899 6.3451464254797285 
6.487746268381535 11.611316325512277 11.557705506174415 4.313943317328983 12.361689115633189 3.40965852094788 12.824099967881434 15.364899944764968 12.112976523231227 0.0 12.72905438214633 7.094013114884271 4.26625016608474 6.506957521541766 11.30212426953044 7.210540162691505 13.060698027588243 18.34316432548136 17.93445965796687 14.980477089332254 11.263784894171797 9.608065282526015 17.4707486223343 16.93111175097224 4.8996163120487335 15.83048222433799 6.946972434702009 13.634168613043576 1.6659486691698988 1.8000251133618925 6.054302593024204 10.569379606087438 8.941941656220127 14.105004182218565 13.778905748832186 11.271028834634347 14.3190432264235 7.848516496624095 4.983904416037904 
11.201467664856462 10.553827472705388 6.6137808247583925 9.999184770928323 3.7470944027934014 9.57047149303223 10.37067856754717 2.454113552203773 4.12752984528384 15.886053012627983 0.0 8.179866812410655 11.894637531595682 8.90159760847019 11.031639169577318 9.768188402588587 2.2865594263783335 11.036961709722103 3.6676116586635166 4.51406703590883 6.01214101618236 8.524128711303316 2.8015815417466543 5.894315576806041 13.031544770378465 8.545651914259384 14.256421423898283 2.38233620504225 10.401158413395168 17.04789204980805 5.3480301723594375 9.797852979150852 4.433328942488789 4.688600084829394 4.594513280033431 15.252735001677806 6.414611509046633 11.252790751520024 15.713549833584121 
3.878863742481097 3.184798401273179 13.065174046006208 4.304740272104635 9.829422043919587 2.6805170463176147 2.116392629424639 13.119374189278954 9.63609928437193 8.62631693635283 11.011554109950891 0.0 11.395244207965206 5.145470191854752 13.313226095859548 3.2965491210931033 17.12173965615932 6.639604071572968 5.457556881904985 14.028759485677124 5.5350696058101425 5.3445186453636815 7.349290500995033 5.407271890383381 3.368758203351724 14.705430604148932 3.3303958298629865 10.468982768872594 7.420635679116038 5.220196157184328 6.244089021297492 7.480049041094015 6.155875358511855 13.168604395324175 11.907494250203719 15.777802895100029 2.7539325947521682 13.315880889103934 12.186328809469492 
5.205912833747837 8.125776199537471 8.096141902534399 4.432273805049511 13.100827894714499 5.1857482131541 10.475780974860658 7.1898573521630995 7.266033981773622 6.255963912733343 10.408974442507148 12.590701052271735 0.0 5.260141674068011 4.520567292879988 6.703138842040456 15.133267661141828 11.533297509557464 8.789770256073059 9.269770241056396 10.557610989655018 15.359607892158849 9.71254819420016 15.38990453991774 5.17210373904045 11.753655155159926 5.550846813496264 16.67415179148496 4.391468047038528 3.1164516906863824 7.6751499612285885 3.3989087097875204 10.817445534641426 8.121536145896524 13.658712417694524 8.977195439271405 15.41224751948021 2.438167956287402 1.059897900611896 
1.983475097238479 5.429442950580344 8.550525244565184 2.619540957851447 8.136768597976143 4.535974280515672 5.181391000769075 7.93301722209773 9.047218898558263 9.389235898368586 6.160316357097446 6.122533131866916 4.659222292201768 0.0 6.679466919375138 0.6250672721141683 11.53875542837382 10.29346851550859 7.592634883162075 7.221583934300856 2.5222373868652626 5.468921020588487 9.249167798093524 6.444481129782631 2.280082154121917 11.636697783826563 2.7467001397687647 8.032840468643327 5.773465727227421 4.8585733662637995 1.0847095896892383 4.141493978845073 5.733831485767482 9.782178415824516 9.361747432165426 13.5912560030953 7.851511459870389 7.905615798382101 5.63335937195558 
9.957653751415993 14.694653199926012 2.0410558607073552 6.926392102176509 8.434314798128817 8.823181688757364 11.56718414226492 6.2485903566022625 5.861061080776058 13.700564839607361 8.550350548084738 13.561340777625475 8.12489395317153 4.990326196106545 0.0 5.96951933384601 12.614288139682056 13.338811363234488 13.165188000014354 3.2693994860344575 8.631873830494765 7.535149491839932 8.009896570540725 14.396564659884149 5.837698456878401 3.5957161782498916 6.970101023779205 6.449294277077137 12.832996603959742 7.157336657774368 8.058721264441811 3.19254413960292 9.274655914377423 3.973619516429946 12.229630564861953 4.289389521850007 13.256621988590796 4.433337196681261 5.968406116609872 
1.5672075169596136 5.757436198546986 8.495487814618581 1.58023546863457 12.186581134026394 4.258590031439955 3.4712843392328545 6.188460695864781 5.921498019916739 6.799614865134458 7.299919546562951 4.388596246417441 7.319928807882831 1.0840875161986028 7.5110877195198995 0.0 10.368600926496597 6.8588062898270605 8.905565147010023 9.211769136403635 3.6687998783015527 7.554793217979288 10.00304107229801 5.972041011822542 1.1822206323778275 11.076076531143302 1.9041911077129856 6.796245080172815 3.94056159832629 5.484558276640569 1.4197834674559844 7.781643066694431 5.587458046808021 11.734583755843776 8.748349886579353 13.90789016245083 5.807023803042808 4.330024582710968 6.241195802859387 
10.901840615795644 14.419858715718496 7.572838420757932 8.987162122051856 3.530669361974133 13.509055756305756 12.883869648395763 6.37765851870845 7.330343498312052 12.599928990183699 4.012555799158875 9.427953160647025 18.74095454033472 9.549191779697674 9.253966512928852 11.193692757644378 0.0 8.04969565164221 5.936314271053782 5.268906485522332 9.245946486736141 11.46750255352225 5.4131387917578255 12.242416593884709 15.91289097485043 10.40882955324443 13.644496280585072 5.490512516825017 19.350245757184243 13.97602693246135 13.709570504444084 13.801075968123026 4.898757013168576 7.606748026535231 4.999158150166891 9.332686930927775 10.916785637421981 9.459209869666578 13.58353245529381 
10.538644294879258 2.742658180262294 10.191358691667999 9.286604012711345 9.549122391310894 9.69360462033952 3.1638592515307336 13.263605795209482 9.007703492602563 14.805471128584525 8.873866423294695 4.979376140573471 13.149525754398312 8.559395705829003 16.056583165224072 9.262446883838745 12.954688317337778 0.0 3.991244572567865 16.900631922852362 6.382652488722769 2.5137241844640745 5.145779525253885 1.7169797255704173 12.316928179417946 13.675840234411226 10.052908329231249 7.075596291221585 13.766752213515844 15.108347976193357 7.822087417997533 15.518751073396135 4.4401388541303675 12.660019463142376 6.0961828101398225 19.236609862565892 2.367531206166979 14.8544115655509 9.900743934289826 
8.562823283840366 2.8527563801151095 7.523057803877811 9.782579002529058 8.79252138556557 8.101903700420028 5.156035679952911 5.5665632762561925 8.368292496364322 12.596097966097732 3.025961584303542 7.90581976541276 9.481543186590951 5.520262221548945 7.677736688585809 6.6111196651312 7.174340377169089 4.6023472427170695 0.0 9.632971484126479 5.112405981441842 2.830725033275561 1.2846048539262862 2.97905138817252 10.124382252968783 14.619581578494161 7.4965932567015106 2.8946940607787743 9.732901823192035 15.29072502051628 6.048199565534217 14.629688227410735 1.5605486743113768 11.903442699512947 2.2368619229654896 13.313580250469272 4.2314895618324595 10.293739150689191 13.171064656780228 
13.150117966163812 14.561505592336275 1.5378801152411334 6.6605687580426896 2.0904657392204795 17.317371364741632 15.142789102417765 3.010275981561716 2.3565160561443816 13.954887389681403 6.661157140588818 15.070919832669869 12.553086121413132 6.643119465081526 4.968751534280571 10.38336835523301 5.4796808811933015 15.271212885685248 10.565306559166325 0.0 6.180835023074609 9.169121247727855 8.203583397712258 12.724288906686409 8.706686282253479 5.385332732783892 13.279068591809512 6.397093285717332 15.449373116171277 10.45385542253555 8.138029644239346 8.841631046642746 7.987881949385433 0.4046346499766331 8.544855970206298 4.468450009264742 9.111323089137315 9.140352824088277 10.428227202519185 
3.4428757641806587 5.153662560781809 7.164047689377794 6.313005425534605 6.197917725394065 6.461285288063856 3.6206631190670944 4.200786371503856 4.605211654683574 9.24482041257799 3.9851592859051963 6.351892875512808 8.471262283281995 2.614277184856009 7.657306246611914 3.110431244078505 6.329550682563856 6.219852119749384 5.574127619699314 7.505969703029131 0.0 5.059060402200796 6.065722013928342 3.8343669195808077 4.532457452946331 12.308308184962792 6.136305849038351 4.3088287803850935 9.498358574905179 5.928050052872292 1.639143633741244 6.157336694605559 3.279726351311167 6.459122663086203 7.396445120259777 12.55499461687096 6.458822214075282 7.783368006622625 7.791589305064253 
5.020304003410271 1.677298820487448 9.42210582708072 11.543836638244235 9.787020851123096 6.867732529511042 2.3981220913496184 8.256795201604632 9.2711724099449 14.650838544356194 4.6607606352534585 6.317953934568639 15.00188085872253 7.358556330566451 7.8872671804935015 8.739764030722942 9.733054548646889 2.1868320012749507 2.23531117861567 8.62517035524643 5.10263404515075 0.0 2.2792831991430815 1.029885601090518 9.410771944806678 16.707124696554768 6.6101964742871235 4.351159344365855 15.130066860223675 13.690316824556579 5.7735982601677085 11.450059587691518 2.808163079924682 9.994909346779787 3.2020123077804863 18.337397871869744 2.4661163827406916 9.647075340151968 12.084339846681424 
10.20641116411937 4.956644323703693 7.830769902054648 11.70567428579585 7.771119690445769 10.969407895857234 4.5987693694622545 6.039418385168938 9.024611004764012 16.281036896796664 4.566363362288324 8.637016310141881 15.857730607146344 7.5968113744410495 9.48930257870303 10.980992007207263 5.7282964111103745 5.359850407785901 1.1844892550574069 7.703433870576632 5.417570420973844 4.205636192779574 0.0 3.028424075738446 9.423114818315351 17.122901562053848 13.05589722162353 2.286825940061286 13.202739783794275 9.675861041638573 6.998665035965439 14.726316425566498 3.4552039501425122 8.87149507397561 0.6316078435899223 14.15170583257563 7.614099241239037 9.876483595316603 9.70010268804166 
5.956267372493976 1.3781564496417893 7.89839725960645 8.282092373492183 13.237528242208832 8.853797345511166 3.305860255381714 7.029515256211075 11.84737990041155 15.993701935936969 6.844376551939469 5.724821681271996 16.221669122089537 7.286401848416864 13.044574098640819 7.549832268106984 9.790891865296523 1.8900235646845442 4.249219493420077 15.020988092877797 3.9852720787338605 1.0380992799473554 4.393265666603737 0.0 7.809078187270776 18.58994865953091 6.314848760981596 6.388071182085308 15.13250253926077 10.1555210637861 8.44359261796679 15.928721703765294 3.2995758229165295 10.987729959472926 4.462968602610617 14.978425317142031 1.3044955363594455 13.725808395657065 9.854070139075432 
1.739402550171806 8.385050800379652 6.1615768213734 1.7459625711382967 8.728564066600953 2.2453919997247067 4.85718073170982 5.718240929449418 9.81982303656595 4.522256642710256 7.918304960939315 4.064980717087665 4.324501704024706 2.4268374576228124 7.27869578893272 0.8523339271576588 11.197477853401095 7.409062576428077 9.484923027246616 13.001529365964506 4.046193893559169 7.58496745729404 11.284472614698942 5.62577749652503 0.0 7.9236778781694595 3.0357482194300838 12.50915010799454 5.250152758404516 4.1021080367428775 2.626153774933754 6.850784098557739 8.65779500241734 13.572634202513445 7.924128006348081 12.89114816584813 5.863943394801975 3.838829509191027 3.1198808356369105 
9.605620308068476 18.190589656005564 5.529825453348236 12.316767282224223 4.5280672827037645 11.526068580526324 13.99597751665685 8.313066990713171 6.725028518021484 15.686536561282677 11.380158227025333 18.68660966924134 7.843281793839251 9.48267096000049 4.579314473398499 10.170035109821871 12.478537956873655 15.907465190333822 13.736933632701033 3.3856308301222056 8.219442563552949 16.41709067513761 9.235656125721817 19.012172133236152 12.460567594718633 0.0 12.354521486674603 9.057309396220909 9.144074495423068 8.871925796753063 7.28056436238188 4.48852020929605 11.561861316386452 4.165576052288216 15.098358482781157 2.7105380401846073 10.747603074915606 6.6763076331809525 6.439036155491659 
1.209600769777981 7.3423202385422135 13.459215550947576 4.90542390371354 15.76329872552568 0.9224765041885676 5.155164653643434 9.216510637236093 12.924796804589183 4.40562427495249 8.150204459511869 2.853002885556338 6.015740495789055 4.365402222056359 12.028430458038864 2.411059708308156 16.959615675884685 6.906682904047884 10.160181140334213 15.915453434848459 5.714438758427531 6.582079905355315 7.194040400802022 9.448200074197988 2.7802129026747773 11.70487425046885 0.0 7.164875985284705 3.6858941788930997 3.1155365342077848 3.3843990286665995 10.21037010233611 9.064913970037214 12.595803842596593 11.649562438502137 17.401016372758583 6.76049047411505 10.224178136105694 7.027462796994564 
9.919969429951385 8.2560346579003 5.997330208493868 11.428977900225902 7.347814460021132 8.676672303059531 4.641788479371661 4.139796447936311 5.7779731789240465 10.35508058014296 2.539521452355781 10.485285543100492 10.160796077853053 9.571921611792176 6.149734575342225 5.883195429570354 5.363883171345277 9.126668411679791 3.175803894082745 8.42350740849605 4.811332127380868 4.073876570379608 2.344340432611061 5.466579373380917 8.502840061430614 11.665307004809602 6.910623741995331 0.0 17.588677317213808 13.93406838874647 6.568114619495622 7.737246710908073 2.041885449664931 6.577338399144876 1.8769498282229196 15.41013356961585 9.411164071319579 10.192275381140103 12.08827566992168 
4.7079764091570055 11.249883002162475 14.521155664720931 3.709701586176039 11.471457924042635 3.25764694097208 10.070967721459223 14.204197331103149 8.392978847322832 1.6501980798495905 12.95976602673431 5.531085008957827 4.668890590888827 7.173138142772707 11.05949896020691 5.617535181072874 12.933889364347966 14.061429285054789 10.634330582968174 9.84649370762171 10.916408141927695 15.260851586623332 17.80850786832199 15.217659469326394 4.959833108464746 15.307384861791242 5.767380368406728 12.887629811621053 0.0 0.7115391432528755 6.7031339289316065 7.490587181227097 14.748995993013427 11.692297750888576 13.346297382155733 16.661000777284503 14.179673498050516 7.543220414363899 5.214367132443917 
4.394311867070293 11.269520048562558 9.993988240482203 3.0334675997764973 16.90888560860186 3.2453473435681226 8.461249538838945 8.159039327555963 8.679391831269246 3.3132013196027246 9.778815454157048 5.474155490165196 4.728428520567787 3.3382912075080533 7.164237710146884 3.44003955397838 15.702348564766634 14.03415098614448 13.96418777009214 12.908093581080887 7.747149658488921 12.788143442840829 15.564591042293346 11.704043897205992 3.508383328672489 14.157810095561612 3.6275906100026125 11.965407369120978 1.1570820487859013 0.0 6.676639185774976 7.9100863843484825 10.795908506135827 12.319164488882201 13.80869574434836 12.05217803143099 11.705274454311859 6.069447467902749 3.5319249154252454 
1.871782782526147 4.689700570514125 4.968548896439927 3.105684691854477 9.988870477550787 5.531861516265259 3.573301496802617 5.7679974160517915 6.39781409301664 10.496892659927479 6.173662550033148 4.408409365561153 5.0673282345341555 0.8754793162275039 5.815685967376006 1.3556874935592027 7.0837332018501105 8.661626189149981 6.168914916882318 8.524005176260422 1.8226580081381214 8.156254149580265 7.737938478772582 7.81383362620663 2.8210164200090047 7.441203403820048 5.480682879265261 5.573780977440422 8.11080697370867 7.558067648282627 0.0 5.811713870571549 5.712584061973288 7.949463148738558 9.69808692579539 9.805878183370435 5.701816250477938 6.088397882392078 5.884168896900487 
8.04354853924901 10.091481837976424 6.282940989193911 4.967601225134079 11.469022874794149 6.810351344963476 13.916153035418171 7.09057708603876 6.765749861618609 7.946424873729178 10.04927833174655 7.654314060893066 4.943408975949528 7.3765901640801825 2.5925772884464813 8.257056196397311 13.860841129601964 12.485464113158066 13.801619676602012 5.723397684111144 6.660732280687154 10.857768728406795 11.092501017410648 14.474859306917466 4.854298954421222 5.351350931862251 9.050965843506763 7.107974206335419 6.070175791014177 7.988169807538039 3.9693549307181595 0.0 7.753783416998809 7.673718607808178 9.200263702857237 3.9733983718138184 14.248987412506924 1.9894904962317037 4.175677709333872 
7.191021471324545 4.8042329601259475 6.737836927877896 7.02304537748704 4.765584146471546 8.19852011059831 5.246737743939761 2.97733706491643 5.071907140432048 15.383739138003632 4.176607402492651 7.359846919893125 10.062262665812181 4.461860973420691 10.201292372629862 7.264437827751916 8.604721791535216 5.453827777803621 2.125977280470284 6.736207957804786 2.9345457828234016 3.008933050646614 4.269762151726088 5.417416389485224 7.049622195678914 10.035024915628139 6.153051796970949 3.150159571155882 9.276989437613285 7.333323021203611 6.159324027932202 8.591179985366612 0.0 5.402197055585912 4.394352912133934 11.271400172222513 6.300428388733309 6.917969192388216 12.117380057917487 
12.102572344625873 12.185128875142297 2.6466807227179845 7.696684129053674 3.4796067919677407 12.0757473944645 10.788040849422178 2.52203730676896 3.463266903317054 12.909673096721956 7.57374813856393 14.93927876101877 8.62734494650918 7.571123259217965 4.895846295060627 7.022619455963618 4.021148475204782 17.594334173686214 12.239838364190652 0.6064886139077046 5.530769788807184 7.724726042433743 10.500333200688985 12.468846790294212 7.186346237171914 3.618227816803465 15.918103160089956 6.660246922396693 15.311978230128535 15.14103535346126 9.49491315932522 5.898877201223746 7.447202282505139 0.0 9.257943546205201 7.247393058620875 15.651524344699634 5.576986709809692 11.12786784956042 
8.79754545388264 6.938722383813183 10.688428745717477 9.219975377385232 6.1754190661954445 14.231210131447858 5.0958539939027485 5.8490593921925225 5.430626994158561 14.689485994507749 4.191640397499287 9.84008320894203 17.964028450559226 9.479744671543529 13.712441307866655 8.4921885771234 6.956906460616272 4.678709368920251 2.0259907011408957 5.960151687191232 4.476558187990557 3.8276162547679777 1.142711908626897 4.123999254338292 7.225372343765574 14.59424810403739 10.420571883737564 2.138877953222398 12.565808936549967 15.134200715205237 7.270013810799616 8.834420736954515 3.6218897245845865 7.404029452218417 0.0 11.910352037775278 8.539979886087833 13.691946789581825 16.511798392039548 
11.953629066129924 12.176447598669247 5.351528603216899 11.588536116521482 7.08679206858633 11.345406468207575 16.352761769150494 8.135577956284424 7.189471518181685 16.88215992779533 10.520798908626114 18.608956735577706 11.079830262952637 8.147476549198194 3.8675171223416154 10.179142438749496 14.756518575675008 15.983117170955262 9.688184786585419 4.757275033854623 10.837222286695338 18.294956007598906 19.620709518297552 16.472814290052114 13.071947060788146 2.160518503798549 16.73148122417306 10.968704409348035 17.876013606986312 12.421154761973424 11.048444706890502 6.96494976049555 13.622322043324658 7.307762231067692 10.8038467232881 0.0 21.766015547529037 5.227041545482129 6.022232573798762 
7.331259312801426 1.4161475883886911 11.338902132773118 5.929371127508376 13.210297589945595 5.434582083693272 1.5833156499083114 7.938609269502743 9.533419100226656 13.25143183871343 8.316905681235179 3.9772013031579743 11.293522754731413 5.248678741878352 12.783605260650724 9.014247607083192 15.357003564612494 1.5315182625085606 5.353288331046905 10.557664342603058 5.239315089905251 3.05947185685901 7.377075139114311 1.587566167706601 5.983808695476216 13.096302929913502 5.824541903512101 6.435664396869412 13.644364759880006 12.770024543879304 7.005822599088364 11.025592089269441 7.1839473669408935 17.386482045552178 5.900919972853658 21.770481559184965 0.0 16.918292952497602 8.04745396713044 
8.56175522397464 11.083855684637268 4.634158492454136 3.5570013537012093 10.610750787287275 7.715612828047248 14.121667980801185 8.912469334224056 9.881539229382902 10.252774419987155 12.194758955779218 12.973580886400455 2.458147506048209 5.895570731278362 3.0312255715573677 6.484990320702281 13.514950867931981 16.35956737375637 14.831546529629573 8.3960438459011 9.5059162594966 14.769069960592415 11.651909520031372 12.34948189492413 6.26970854105637 5.565400718965263 10.240273255609488 14.955225313269823 6.520073280744435 7.821387649360811 6.727492252113118 1.9509378405894005 12.068718819758708 5.678711107180217 12.165668901910676 6.469970820130468 14.140888864816473 0.0 1.701595909709066 
5.354496566884629 12.19088225454652 5.56035093050704 3.9878459304344354 13.605985525974832 6.477457027217534 8.48870742964042 11.712724213231393 6.159274024275895 4.478842172051057 13.714424505333659 7.743858572021796 0.734852955408989 6.2830131362994734 3.616305401717886 5.286641244923947 10.382012062393624 16.334917478555194 10.132991343046731 11.522827944857688 6.3584400427028775 14.607900601726099 10.2343103873263 8.753703242260992 3.9395640716657465 8.630170783849405 8.169088375685885 11.26365903317661 3.661772630661815 3.579077342698662 5.837280238892004 3.936766261223521 7.329243618507457 7.790080191801253 12.40327086223731 8.55880482653742 11.588204735074589 1.2377170464866292 0.0 

0 18 16 22 24 3 19 6 6 6 12 18 16 72 7 16 23 4 22 23 7 11 11 1 22 16 15 7 5 22 9 10 11 9 3 7 15 10 2 
