34
5
100

0 52 38 76 34 32 40 37 49 57 32 62 68 36 32 42 47 69 28 70 12 42 55 60 44 65 17 52 66 39 42 70 75 37 
52 0 75 104 82 35 20 23 12 89 39 17 98 40 22 18 86 40 68 38 64 60 91 8 22 45 62 4 50 14 23 49 73 85 
38 75 0 38 58 68 56 52 66 19 37 77 30 38 54 58 11 71 11 73 33 23 17 83 77 62 51 77 59 62 75 65 54 21 
76 104 38 0 94 104 84 81 93 19 65 100 8 64 85 86 32 85 49 88 70 44 24 110 111 75 89 107 70 92 109 76 50 52 
34 82 58 94 0 50 73 70 81 76 65 94 86 70 64 75 62 103 49 103 29 72 70 89 67 99 20 80 100 70 65 103 106 43 
32 35 68 104 50 0 37 36 39 86 45 51 97 48 28 38 78 69 58 68 43 64 85 42 16 70 32 33 73 29 15 74 90 68 
40 20 56 84 73 37 0 4 10 69 20 22 78 20 10 2 67 32 50 32 51 40 72 27 33 33 54 23 36 10 32 37 56 68 
37 23 52 81 70 36 4 0 14 66 16 26 74 17 8 6 63 34 46 34 47 37 68 30 34 34 51 26 36 12 33 38 55 64 
49 12 66 93 81 39 10 14 0 79 30 13 87 30 17 8 77 31 61 29 60 49 82 17 30 34 61 15 39 11 31 38 62 78 
57 89 19 19 76 86 69 66 79 0 49 87 11 49 68 71 15 76 30 78 51 30 8 96 93 66 70 91 62 76 92 68 48 35 
32 39 37 65 65 45 20 16 30 49 0 40 58 4 20 22 48 39 32 40 38 21 52 47 47 34 48 42 34 27 46 38 46 51 
62 17 77 100 94 51 22 26 13 87 40 0 95 39 30 20 87 25 72 22 73 58 91 16 39 32 74 21 38 24 40 35 63 90 
68 98 30 8 86 97 78 74 87 11 58 95 0 58 78 79 24 82 40 84 62 38 16 104 103 71 81 100 66 85 102 72 49 44 
36 40 38 64 70 48 20 17 30 49 4 39 58 0 22 22 49 36 35 37 43 20 52 47 49 30 53 43 30 28 48 34 42 53 
32 22 54 85 64 28 10 8 17 68 20 30 78 22 0 11 64 42 46 42 43 41 70 30 27 42 44 23 45 8 26 46 63 63 
42 18 58 86 75 38 2 6 8 71 22 20 79 22 11 0 69 31 52 31 52 42 74 25 32 32 56 21 36 10 32 36 57 70 
47 86 11 32 62 78 67 63 77 15 48 87 24 49 64 69 0 80 20 82 39 32 8 94 87 71 58 88 68 72 86 74 59 20 
69 40 71 85 103 69 32 34 31 76 39 25 82 36 42 31 80 0 70 3 78 48 82 41 61 11 85 44 16 40 61 11 41 89 
28 68 11 49 49 58 50 46 61 30 32 72 40 35 46 52 20 70 0 71 22 25 27 76 68 62 41 70 60 54 66 65 59 19 
70 38 73 88 103 68 32 34 29 78 40 22 84 37 42 31 82 3 71 0 78 50 84 38 59 13 85 42 19 39 60 14 44 90 
12 64 33 70 29 43 51 47 60 51 38 73 62 43 43 52 39 78 22 78 0 43 48 72 56 72 19 64 72 50 54 76 77 26 
42 60 23 44 72 64 40 37 49 30 21 58 38 20 41 42 32 48 25 50 43 0 34 67 68 39 59 62 36 48 67 42 34 43 
55 91 17 24 70 85 72 68 82 8 52 91 16 52 70 74 8 82 27 84 48 34 0 98 94 72 66 93 68 78 92 74 56 28 
60 8 83 110 89 42 27 30 17 96 47 16 104 47 30 25 94 41 76 38 72 67 98 0 27 48 70 9 53 22 28 51 77 93 
44 22 77 111 67 16 33 34 30 93 47 39 103 49 27 32 87 61 68 59 56 68 94 27 0 64 48 19 68 22 2 68 89 81 
65 45 62 75 99 70 33 34 34 66 34 32 71 30 42 32 71 11 62 13 72 39 72 48 64 0 82 49 6 42 64 4 31 81 
17 62 51 89 20 32 54 51 61 70 48 74 81 53 44 56 58 85 41 85 19 59 66 70 48 82 0 61 83 50 46 86 92 43 
52 4 77 107 80 33 23 26 15 91 42 21 100 43 23 21 88 44 70 42 64 62 93 9 19 49 61 0 54 15 20 53 77 86 
66 50 59 70 100 73 36 36 39 62 34 38 66 30 45 36 68 16 60 19 72 36 68 53 68 6 83 54 0 46 68 6 25 79 
39 14 62 92 70 29 10 12 11 76 27 24 85 28 8 10 72 40 54 39 50 48 78 22 22 42 50 15 46 0 22 46 66 71 
42 23 75 109 65 15 32 33 31 92 46 40 102 48 26 32 86 61 66 60 54 67 92 28 2 64 46 20 68 22 0 68 88 79 
70 49 65 76 103 74 37 38 38 68 38 35 72 34 46 36 74 11 65 14 76 42 74 51 68 4 86 53 6 46 68 0 30 84 
75 73 54 50 106 90 56 55 62 48 46 63 49 42 63 57 59 41 59 44 77 34 56 77 89 31 92 77 25 66 88 30 0 75 
37 85 21 52 43 68 68 64 78 35 51 90 44 53 63 70 20 89 19 90 26 43 28 93 81 81 43 86 79 71 79 84 75 0 

0.0 8.060453685336874 7.238243072800904 14.169328385310425 4.442607543649183 3.9112748053744943 4.783478930934505 4.962954167884626 8.020548702770743 6.600332920722579 4.34810167631879 9.294187308801185 9.837638399287366 7.176888830501034 6.105405115281412 4.438842446909198 8.771876245578113 12.39779005905956 3.0240249586301733 10.15982407683886 1.4686749578250415 7.486466106563689 8.388363667707317 9.967446809314797 7.6638229628640655 11.251348343791399 2.575120649700521 7.7610228453691645 12.79796402290232 7.020555079602854 8.178403429842946 11.121406607918022 9.040523495707792 5.823712086700992 
8.432642629900865 0.0 14.744746613227688 19.443822802707174 9.999356221213029 4.250765294222894 2.1862947460223645 2.3858667067885153 1.4210209503552185 15.954021931594628 6.77018050777846 2.093333368336339 11.986823372544965 5.44071745513453 3.3813497478269072 2.525416504101068 12.61019198274624 7.363630987317039 8.742231452740212 5.981557850055935 9.052584932619313 8.92366935584651 12.887675173276213 1.0282203505975558 3.703473902067549 7.340509457888468 8.692404735566454 0.7926980269390678 6.041408421485418 1.863455268492492 2.3413259120063334 7.343313352234688 7.383318539292036 16.26272239643972 
6.272060342803574 13.04150412897567 0.0 7.521580806109123 7.636055855518958 7.467548011016859 6.1980070799355955 5.458154115367076 12.020401019247295 2.251779668521913 7.073440382898221 12.708908097931808 4.597780561803519 7.25309050189901 7.343165976627729 7.634731494246091 1.735874730016314 7.5315712664608006 1.8074390669560896 12.21640726211242 6.2083097060132415 2.5512754489925227 2.302343735111279 12.462015701414067 10.366345730344754 6.411114799689138 10.047908732618625 10.97279840669847 9.857156118408298 10.471881616424753 9.417202331284209 10.929195657188583 9.308837720045261 2.8401290536732757 
13.6353784034461 12.762828170038246 4.406072844653394 0.0 10.345476289430966 13.554486933113086 16.38962320635913 14.651599764851333 16.78943281027454 2.772369581596199 11.927436549662888 16.13261191836094 0.9689576940529498 12.495116743248824 10.40783717553867 12.591004995790342 3.586046479154245 11.793741349577576 5.003814847686494 12.081640206528196 8.436492083295592 6.3069133580573435 4.532695801615811 19.990217413170246 14.96108601497545 11.015916058024793 17.59614531757739 20.525109842782506 9.282275376147021 9.616686381671132 19.551606722119164 10.378516832034832 9.621372030124505 5.865849754186534 
6.444882100362016 10.547858347183865 6.17547968770038 11.06651637207474 0.0 8.721121723967926 13.342563653127932 8.872360230754682 11.847365244829577 12.039097348925788 8.428688232861852 15.095819800190846 9.230173783785176 13.221978832763671 6.446363941814643 7.567916208096909 11.70457488292368 14.473430627626708 6.888492855261104 11.554548455141514 4.741323812576269 13.761223930501743 7.917066971177577 12.682203773114393 10.486433807012833 16.333292301979114 2.236682730257855 10.917293845003062 17.366926389921765 11.409843876996362 9.748562126586647 12.976376472215861 18.81740225538168 7.799851112516799 
3.2636275665472 6.986752614166062 8.909292392986444 20.24768469125618 6.113734873165896 0.0 4.028768353847432 3.830000886981524 7.711788648007131 13.666414322535239 8.314846119271872 7.710749861693369 9.738362227565698 5.203409581428575 3.868669799688676 6.321788148397172 15.125923710497641 12.843115222792964 10.975027005659877 9.29139652652498 4.8879965871745235 7.280059938773039 13.77441628804711 6.593787701932163 2.937547158742794 7.942064013479757 6.311894680539119 4.973457589142465 11.343711791128108 4.893665495327859 2.747296202306151 9.345989046631008 13.989630269805986 7.793202287560087 
6.075516059068269 3.1244566780039493 5.775756552994981 9.735646757420186 13.942858584452082 4.172991499333394 0.0 0.6367684507233207 1.5451687041717328 7.040540499295582 3.785198606603876 3.3629877007662117 9.221328433295648 3.9083113967869068 1.1731749468685913 0.20636571967230768 7.574964321100353 5.454370689990768 9.060034444290686 3.5142886170974594 9.58679434496533 5.478456084552617 11.691951354451945 2.7897613515262667 6.561472170711074 4.725070636630125 8.448907576750642 2.971371394457749 6.968463893259521 1.2741044817644434 4.866312176442532 6.232470275116896 9.267855423380404 7.149410517239756 
6.732679737553855 3.978862303671067 9.170320893812244 12.885743649845434 9.055853783239222 6.678660525300853 0.4345571020075223 0.0 1.8562032289782264 7.150170948572007 3.086101220692855 4.942019216029554 12.442038229429134 3.1174481203682793 1.3559736581931197 0.7020070290071379 6.842969469006767 4.975375206337899 8.617684555507825 6.0415193578042325 6.826158367972591 4.513417899755163 7.571977547280144 5.177516589553372 4.655671289477418 4.587534083547628 5.624124302840858 4.9000692874644045 7.133751692266955 1.4412463491832277 4.0294008485580655 5.955580413847711 9.1077071351217 8.379366974508432 
7.33206102624508 1.3976733025165684 12.562218078553949 14.818692789599845 9.843102912480422 5.360874473990125 1.867309478399848 1.4241474889687062 0.0 13.15597920232539 3.944013096646284 1.6557142041446 15.374813095336066 3.692496372591309 2.5051709123562076 1.0561814626368473 10.927611057995827 5.701722344533023 7.630126286068657 5.458972999779448 9.26237155130562 8.13921510417788 10.90764740026603 2.312023485698086 3.1421872081889464 4.669344751119717 8.579071629122065 2.891753904472456 6.361551561549819 1.7385186738900718 4.149987509226262 3.811295073451487 9.813291289216744 14.551221298729015 
7.545643875680188 14.84177994461449 3.1306702299611207 3.025991601459663 9.739059158487283 9.30429792185534 10.006872857925423 12.653067794795287 12.028053291303852 0.0 7.732046923362352 11.564912790754969 1.5688133154955919 5.898869605264911 9.282653511211603 10.334751077678476 1.9373665746522297 7.8709825623949445 4.846206351029187 13.831282013337795 8.92056891218437 3.383752460293692 1.591491831450083 13.00892162314887 10.39210467578524 7.257217231332737 10.835863754642839 15.97363257292044 11.617888951025975 14.946957165108874 18.334721059131944 11.360706045547538 9.459735066650856 5.278696305652817 
4.709979690724193 4.163616083748138 3.972959531686361 11.151251633420356 9.286271119672655 4.7378794781905755 3.8483640364518683 2.854991675615354 5.605551775293361 9.227688440702213 0.0 7.453911718917009 9.179893320690088 0.46344860998786014 3.647142642505292 3.4515080767500437 6.385163778683481 5.558822034291089 4.9046630130945985 4.357064175545484 6.495469281322246 2.3639889136095 10.328019678307037 7.351140306745487 6.906461052628956 3.657962625859555 5.771445874774416 5.449365764673378 4.455874643315829 3.850807877838371 5.2781990558269145 4.893530377797925 8.264954967911562 6.9640658218695215 
7.940641353385922 2.545500246157693 14.41014189794577 16.66132891378512 10.621230572217456 6.456502261331753 3.5260895647733665 3.995512307524313 1.8029061630244763 11.129362451141079 4.841288576339851 0.0 18.584696456453713 6.020462997483829 3.3887562009768186 3.242093818686055 9.633592779895373 4.729804736551507 13.35226185045217 2.7644600382365265 10.070767452162315 9.526775523297738 14.249687763287849 1.954720180707641 4.593799167798782 3.7605641999925936 8.151794677476841 2.1084785114739173 4.001452265833259 3.225646449190462 6.607957361360468 5.0525415098255415 9.512478391377263 16.660480339403424 
11.402426990846998 12.41946573527572 5.437333980339481 1.5420524275611454 16.590575098742473 16.116463186122196 12.940377631654105 14.272590761877126 9.969258926947616 1.7244929131941775 10.401977465362192 16.549923055167987 0.0 6.195859100624634 12.356268120513258 9.673007004266363 3.5859995807050637 11.80323538149351 5.425505852077245 10.416064970970448 10.954255712200958 4.537603885723545 2.870605823572181 13.04436481647458 15.78020448356036 12.134642657876663 8.437558746140219 18.52555564053197 7.50648299368681 15.629358796559545 12.544992702198487 14.399549823587492 5.08007968027184 5.513803536354768 
3.7012691447320396 5.342088306818462 5.291371159331912 7.08751798207788 10.356851546929649 6.25739855795829 3.5809876079324647 1.7816943731345947 5.450513129605707 7.173855717523692 0.5367228242489521 5.82080046514252 6.810624446805988 0.0 4.236320989148451 3.478289095878888 5.455797104106776 4.340099661185851 3.842496073168408 4.410291995374679 7.148732721561792 2.6105919341706167 6.428755468722008 9.102527005100637 5.543240227826798 5.24930483607729 9.65618379638578 4.756113618014597 3.931350433370905 3.2751162462412386 6.564479041128311 3.8305694809439874 7.510875367057078 5.4287926608025145 
4.467009286568713 2.6484394451318076 5.539818788028834 14.248313847186978 6.664519257935641 4.13853707846216 1.5200931405148366 1.2604357302282483 2.218983052396211 8.163678807426507 3.7071759682927725 3.4836702511031783 13.490132817349922 2.525639689694403 0.0 2.137170070339322 8.113401441708266 7.29857649004942 8.002321443135298 4.647513211875298 6.171184141183639 4.426606812541724 12.335120574839024 5.717022218449551 3.7629300125035803 6.330540559116785 7.9749088521995155 2.400291542090867 6.708827892952005 1.5733337095125712 4.889409876727141 5.666070164955324 12.051893199817522 6.365173560250702 
7.468635585682366 2.0093275785190134 8.902591660838723 8.966489577288831 9.693552998585595 6.8641283058805165 0.35065776335282384 1.1362034514327923 1.0224416727557157 9.286312816465633 2.3667060201446093 3.5228930957399633 14.800957196732622 2.7947496664838933 1.6555704911596374 0.0 9.004083234238983 4.915485979751792 6.781513646142638 5.225152219134603 9.390989085864812 6.496430647147468 11.53534084450935 4.872931588578485 3.289948841199862 4.691803344002647 5.956934449018304 2.410220231341828 6.9838618003523845 1.8844922851430714 4.637601129760492 6.54432324184285 9.245898149964535 12.300305613282237 
5.359417965940251 12.932589317693491 1.7079318219917927 4.153271115646198 10.487721862142187 13.504506449947936 13.054952702841184 9.308542161319341 9.849471497078774 1.5624927363330496 7.090327665579201 13.32472728612126 3.949025856471577 8.264871755482165 7.603838668209182 8.356616810223327 0.0 14.911061519734485 3.6487293540109893 15.81682490891972 4.645914383874894 3.751028120141502 1.4165629645213489 13.134759579092572 10.961302362551653 9.2986014546593 10.268924773830616 16.132418452960046 8.529829955199874 13.677070810538783 10.326069317061531 9.715683929366156 10.042453036414042 3.46591212855395 
7.81470157739315 5.604500302639012 10.380151838164677 13.978966431318494 16.745832901097877 12.065041266553521 5.135604719743106 5.790088336326688 5.284512001417941 14.863650030523461 5.7257290072896785 3.4662451115133917 10.222463553758052 5.882429772039963 6.244141357384551 6.024779709703799 12.623401577334304 0.0 12.123526935061797 0.3566491887690764 14.936305221087256 5.358509558573889 13.941136669836155 6.467406909574446 11.688996748150313 1.4719528983799894 15.164830957446982 6.652627256455475 2.4283965138466916 7.378329716629352 6.306391705998698 1.6423810175211249 7.835398183272433 15.346528462924182 
3.547527728851902 12.916329187344857 2.195497297789994 7.177245119948889 6.489359519184761 11.010486976224051 9.438015381215411 5.832209986032787 7.827640663218972 3.6882216231000613 3.4990944857645236 11.372778269826963 6.952130168490982 4.8283308939026774 8.21024514812096 9.74079790681994 3.676612412485624 13.804758981203411 0.0 11.901577928677945 3.592354721493159 2.576820255502369 4.003018893119243 13.711951912834254 9.60149383363147 7.102940153821654 7.337993137500622 12.438180087903692 6.96558483225902 7.94287305397006 11.205978929933055 9.301598587903225 11.468853242256436 3.630108423029533 
11.093695764322877 6.894279701942496 7.452153626497311 15.965467328707478 14.658876435064073 10.534781448702105 5.658654246009945 6.784548968421529 3.115731635284531 15.511610675954504 4.085222257245061 4.2039599412165 9.489699213113257 6.102938010954708 5.391751853446285 4.3216589195244834 9.86790312977036 0.48232312486123385 9.692052049362406 0.0 9.420638979373859 8.83284679849481 11.688376409995858 3.90064490693699 9.137328295587297 1.5143111986360476 15.41899122830198 6.548768425807479 2.597758867331074 6.972229572605297 11.936519720253123 1.8264008996393228 8.464197891018646 14.929648262621317 
1.3740811684969745 9.697443714813089 6.50367739849351 9.433778992658755 3.0613760914549535 7.714646160637198 7.627966067784018 6.625215028465581 9.346514714455225 10.033448240975453 5.785304945733197 12.33937193929158 6.863137760558822 6.081522360300232 7.584123563649209 9.740693452940251 7.5765032098558756 9.012020882753632 3.9245674623368068 8.781954721318357 0.0 8.026199649774576 9.573746359492077 8.714925231851222 6.5628991626699555 10.001525810089806 2.3594314804246377 12.556915366913852 13.205688832251223 6.167651948862251 10.604685540873513 12.256604715951262 14.021185584666073 2.700625933663023 
7.972452053549796 6.228105837050303 2.4582426729782916 8.537011931320002 7.9314871857828875 10.49350578655054 7.928981181133555 4.909007615218101 7.873658554486793 3.72340171842734 2.1238525042219107 8.806176433927737 5.2740634611173665 2.1420707278294193 4.434002457444852 6.2487331667651755 4.570795692503041 7.841724613975904 3.348943689175653 9.325282065200687 6.870132056158324 0.0 6.30751303525528 7.450648023077279 11.739260476039727 4.173239712725549 8.06346134989554 12.018855474039704 6.270449406719596 6.584821193714359 12.737800732949168 7.306851912415215 6.724434752659578 6.158988847734722 
6.103799967074919 9.828970975519018 3.0632793237710714 3.8793039768799384 10.23021503750735 8.690087848692073 10.941512623911503 12.672256695569729 8.319181771346848 1.1248452050624484 5.759193041236709 17.19514518002807 2.1560422909384527 5.2901086064528045 11.936312456205311 12.045053468208923 1.0971203658234912 16.066394184412733 5.269678418176461 13.993682248122472 5.609405184837209 4.869720388384428 0.0 14.452487702969968 16.05922256321857 11.25404578068091 8.542655893748453 12.024901331043122 8.656225414530125 14.708182027240653 12.262604707717154 12.138413505009398 9.4967790644528 4.3886557820909 
9.897251733721859 1.2478372593685698 8.814906093024067 16.499467024990125 16.901659407342294 7.8061801697292665 3.6386110995677647 5.791386809128085 2.559848502733396 17.38840749609307 7.464009409003947 2.229869994804639 16.600079764562796 4.781068573076345 4.665209110942226 3.314456674900681 17.631694642920706 5.5904575468389215 12.123401666024883 7.1780768175243255 7.978594033529988 8.933743786853462 12.12924641630688 0.0 4.923575229980884 5.869782575337412 9.8961056335954 1.3508410999055644 8.66106349852338 2.595445266333684 4.610114055853225 5.554061303937196 8.222869570697414 12.68043577676545 
6.02250758545324 2.2552561073784947 8.80673428577426 21.527437407654972 10.752054294517382 2.0573306385855394 3.3244293000630702 3.627275991613721 4.836262562771166 11.993813215599063 8.56462692714386 5.922278602874691 17.735063354028853 5.541829902472971 4.770551966653283 3.4471374425116244 13.385834992540733 8.469570739335605 9.722851434901983 8.23441670250497 10.439588497726639 8.75731450392432 10.450884727627106 4.258246942927412 0.0 9.355111623358777 7.419512192590668 2.5396419484000203 9.657263471260343 3.3910465076455223 0.26572754869807164 8.40758569431477 12.038788309947615 10.857845713299989 
12.489539877632442 5.193355923533744 7.083546944823943 10.84764927101328 14.04497658310803 12.87442745193046 3.6988645215114038 5.511504754890002 4.810591872295915 7.5243814907739965 5.4546855820897235 4.904057714764804 8.542045658210855 3.727150057065794 5.5304808675626544 6.356622547381594 8.719075049209867 1.1565092280802418 9.632654731930502 1.3111517943090902 8.545302028075396 6.511261460893832 14.013266923046166 8.835719214519472 9.098014425830687 0.0 13.952925293323524 5.664651571479003 0.7674278517286715 6.696755073624706 9.53170284771064 0.6291576827314684 5.976908868550559 8.574666072345675 
2.9395269838555915 11.49835060040072 8.759717443315653 15.287887111326928 3.7776637176876036 3.251665382967235 8.300501052571093 9.781495030024253 9.444475929058031 13.51007657808111 8.618478916280022 13.25218202351358 11.379830447764359 10.177411731664499 6.930771188516438 9.118828997192164 6.390976552636553 10.767835167934932 5.071127887072289 10.97467693696387 3.3146681466642187 8.861735552015928 8.261489898240715 9.807096778769267 5.94309593662624 15.382570368061511 0.0 7.332830928126164 9.35302726631678 6.9535972213922905 8.72134930050618 9.800969138116608 13.286768038158746 5.847437900314021 
5.687506870766307 0.5609344368467811 9.194640717429952 16.432029858843514 12.441032059978586 6.27419458285586 3.3917061593273954 3.8118885125293436 1.9364307358685227 12.899549185304766 8.100373228877128 3.971284764259625 16.785465142078582 8.343514057944827 2.6668406299473117 3.507772223416133 15.623860455399235 6.772391327882817 13.902387810877514 8.170163766512557 11.895937610570481 9.086024468544364 17.92334608298202 1.7830311861005346 3.1004008046260774 7.663199458709102 6.735856154365045 0.0 10.007529711497952 2.231165120700048 3.655873428679543 7.456742776352861 9.53647594155684 14.254353050256846 
9.894860032729191 8.212406037842038 8.019820597594915 9.712266395319219 10.91449413132865 12.975432772133288 6.9283826169882 3.949630346670478 5.488390626229056 9.89609776995244 4.2980720374596135 4.122181113604821 9.940428698420034 5.581252210598307 4.75500655637557 6.826994347720795 8.050230640459368 2.2419572762926916 8.06239936471581 3.671157879941425 8.301416404021376 7.074340451379859 11.254180591590796 8.301140977743714 11.01139866408815 1.1140270577806097 13.548172635818538 9.28051313457729 0.0 6.7814990590701525 12.817588785509336 0.9098296687893367 3.45436065320024 11.226317334554803 
7.548905027814213 1.9706680019415588 8.404809918033408 18.360021502306 7.155853581608863 5.3665604121614 1.746828603162554 1.8131588844015916 1.331449085299602 11.329167322784059 4.252364935274768 2.57970379221038 14.791326472873244 4.367948760368246 0.8201569712292324 1.1758248505654685 12.83666181543811 4.336715342921339 7.414879618689453 6.47537240736048 9.074105538920037 6.570242273631134 10.507622879892008 3.2207855049426657 3.5829713014594553 4.825952873470694 8.55863255959914 2.6437918376362495 7.350535299069463 0.0 3.7729422273018662 4.818589991995252 7.834048822059916 10.379154880525364 
4.976943040431873 4.595990353632789 13.9006269949973 19.201785523441647 9.641502029034623 2.8823999683471024 4.582622344227054 4.014409264596345 3.803882799023414 18.04966649303839 8.307923223916418 4.083188927413454 17.106427297067505 5.977047284101409 3.0512765889087756 4.431926387023118 16.822157737989798 9.849567669947358 9.900020867254025 9.277228327916022 9.76292110647221 10.983733166572444 16.648102082116157 3.4067460327395187 0.2880153398585061 7.2529858192480114 8.345433982682133 2.9928303866211863 7.470400600109952 3.320316977536164 0.0 10.231733386534561 12.497723689363799 15.08691739855336 
12.1326113231252 6.094354466124166 8.292898057620059 9.172009670452077 10.443015520726453 11.084736846615138 6.570747815944841 6.245116339649781 6.536676439861829 12.868205511138646 5.099847894856286 3.8514198207720263 11.741786878776985 5.402281372118509 5.831245622418729 6.181250074589496 9.548398385041333 1.6276290666346456 12.905782122686114 2.6137302802565947 14.99670907169937 4.849020322629286 9.934232268182607 6.615660551328965 7.700103583012312 0.5457686506968449 13.23809993212366 8.34501874420139 0.9530398805619458 5.429356387108447 7.048756741157749 0.0 4.1261071988575555 13.073167076126794 
12.373382465398514 10.004395367899843 8.61005188517115 7.729454426577707 13.372758713575116 9.257208416434466 10.353756929731311 10.945579163213758 6.5950229688364095 8.841513832818407 8.433637921461607 6.939119933811929 4.940197575684385 4.50830367441686 9.034175784562349 11.391598662771484 7.051318459386513 5.599453456096618 7.417548045702462 8.418451158935525 9.651699518198875 4.2589925191019296 10.376029776422914 11.458616297310053 12.296131703630016 3.1385906147625553 9.38564851271059 10.072013869809744 4.015264965752491 12.854746557700505 13.151409214286755 4.714610211334719 0.0 13.67575666859882 
3.700006872254697 13.550643445192 4.148564171853596 7.160871331675175 4.834383442637258 11.289683562473915 12.120741960705594 9.759111083516544 13.418444831223635 5.563567628523888 9.176455151034407 10.197297693285087 6.931018622894733 6.741080938926387 7.572343748790367 13.976917543682799 3.794582728280001 11.875879472731313 3.06809672526249 17.76786448131486 4.597175977745219 4.540057688786505 4.167023438147439 9.880840453520735 8.772350743537324 13.103325461879635 4.339844997581861 13.471943994959314 13.103905325964236 12.714884794727084 14.092834889757825 11.895627662600573 8.46126391099554 0.0 

0 23 3 24 15 15 24 7 25 13 5 7 5 14 13 5 24 15 9 16 13 16 13 24 20 23 20 3 15 12 19 4 15 1 
