37
5
100

0 21 58 17 33 49 70 21 55 55 48 70 36 34 42 3 12 37 53 60 56 6 26 44 47 42 35 62 34 29 29 37 30 46 14 47 17 
21 0 37 19 45 41 54 30 47 42 29 56 16 26 22 23 17 18 67 39 37 16 22 27 35 47 51 52 52 50 43 56 49 45 34 59 38 
58 37 0 53 75 47 35 61 57 46 20 48 22 42 24 60 51 27 99 9 20 53 46 29 44 75 86 58 88 87 77 92 86 61 71 91 75 
17 19 53 0 51 58 73 37 37 39 48 54 33 43 31 17 25 26 48 52 45 19 36 31 31 29 33 45 36 40 25 40 35 59 22 40 26 
33 45 75 51 0 41 70 15 88 86 57 101 55 34 67 34 28 63 78 80 81 32 29 72 79 74 59 95 53 38 57 56 48 27 39 74 38 
49 41 47 58 41 0 30 35 86 79 27 88 37 15 53 52 37 51 102 55 62 43 23 60 73 87 84 90 81 71 78 85 77 16 62 96 64 
70 54 35 73 70 30 0 62 89 79 25 83 41 38 54 73 59 55 120 44 55 64 47 61 76 100 104 91 103 97 96 107 100 46 84 113 87 
21 30 61 37 15 35 62 0 74 72 45 86 41 24 53 23 14 48 71 66 66 18 16 57 64 63 52 81 49 37 49 52 44 26 31 67 32 
55 47 57 37 88 86 89 74 0 13 66 25 50 72 35 54 61 35 58 51 38 56 69 29 14 31 55 8 63 73 47 65 64 92 57 50 60 
55 42 46 39 86 79 79 72 13 0 56 16 42 66 26 55 58 27 68 39 26 55 64 19 8 41 63 12 69 77 54 72 70 87 60 60 64 
48 29 20 48 57 27 25 45 66 56 0 63 16 23 30 50 38 30 96 28 35 41 29 37 52 75 80 68 81 76 72 84 77 41 62 88 65 
70 56 48 54 101 88 83 86 25 16 63 0 52 77 35 71 72 39 83 39 28 69 76 29 24 56 79 19 85 93 70 88 86 98 76 75 80 
36 16 22 33 55 37 41 41 50 42 16 52 0 26 16 38 30 15 81 26 27 31 27 23 37 59 66 54 67 65 57 71 65 47 49 73 53 
34 26 42 43 34 15 38 24 72 66 23 77 26 0 42 37 22 39 87 49 53 28 9 48 60 72 69 77 67 59 63 71 63 21 48 81 50 
42 22 24 31 67 53 54 53 35 26 30 35 16 42 0 43 40 5 76 21 15 38 41 7 22 51 64 38 67 70 55 71 66 63 52 68 56 
3 23 60 17 34 52 73 23 54 55 50 71 38 37 43 0 15 38 50 62 58 9 29 45 48 40 32 62 31 27 26 34 27 48 12 45 15 
12 17 51 25 28 37 59 14 61 58 38 72 30 22 40 15 0 35 65 55 54 6 14 44 51 53 47 67 45 38 41 49 41 34 26 59 29 
37 18 27 26 63 51 55 48 35 27 30 39 15 39 5 38 35 0 72 26 20 34 38 9 22 48 59 39 63 64 50 66 61 60 47 64 51 
53 67 99 48 78 102 120 71 58 68 96 83 81 87 76 50 65 72 0 97 87 59 79 73 63 27 19 65 25 42 24 23 30 98 40 8 40 
60 39 9 52 80 55 44 66 51 39 28 39 26 49 21 62 55 26 97 0 13 56 52 24 38 71 85 51 88 89 76 92 87 69 72 89 76 
56 37 20 45 81 62 55 66 38 26 35 28 27 53 15 58 54 20 87 13 0 53 54 14 26 61 77 38 81 84 68 84 80 73 66 79 71 
6 16 53 19 32 43 64 18 56 55 41 69 31 28 38 9 6 34 59 56 53 0 20 42 47 46 41 63 40 35 35 44 36 41 21 53 24 
26 22 46 36 29 23 47 16 69 64 29 76 27 9 41 29 14 38 79 52 54 20 0 47 57 65 61 74 59 50 55 62 55 23 40 73 42 
44 27 29 31 72 60 61 57 29 19 37 29 23 48 7 45 44 9 73 24 14 42 47 0 15 47 63 31 67 71 53 70 66 69 53 65 57 
47 35 44 31 79 73 76 64 14 8 52 24 37 60 22 48 51 22 63 38 26 47 57 15 0 36 56 17 62 70 48 65 63 80 52 55 56 
42 47 75 29 74 87 100 63 31 41 75 56 59 72 51 40 53 48 27 71 61 46 65 47 36 0 26 39 34 48 20 35 37 87 36 19 38 
35 51 86 33 59 84 104 52 55 63 80 79 66 69 64 32 47 59 19 85 77 41 61 63 56 26 0 63 9 25 9 9 13 79 21 16 21 
62 52 58 45 95 90 91 81 8 12 68 19 54 77 38 62 67 39 65 51 38 63 74 31 17 39 63 0 71 81 55 73 72 97 65 57 68 
34 52 88 36 53 81 103 49 63 69 81 85 67 67 67 31 45 63 25 88 81 40 59 67 62 34 9 71 0 17 15 4 5 75 19 24 17 
29 50 87 40 38 71 97 37 73 77 76 93 65 59 70 27 38 64 42 89 84 35 50 71 70 48 25 81 17 0 28 19 12 62 18 41 14 
29 43 77 25 57 78 96 49 47 54 72 70 57 63 55 26 41 50 24 76 68 35 55 53 48 20 9 55 15 28 0 17 17 74 18 18 19 
37 56 92 40 56 85 107 52 65 72 84 88 71 71 71 34 49 66 23 92 84 44 62 70 65 35 9 73 4 19 17 0 8 78 23 23 21 
30 49 86 35 48 77 100 44 64 70 77 86 65 63 66 27 41 61 30 87 80 36 55 66 63 37 13 72 5 12 17 8 0 70 16 29 13 
46 45 61 59 27 16 46 26 92 87 41 98 47 21 63 48 34 60 98 69 73 41 23 69 80 87 79 97 75 62 74 78 70 0 57 93 58 
14 34 71 22 39 62 84 31 57 60 62 76 49 48 52 12 26 47 40 72 66 21 40 53 52 36 21 65 19 18 18 23 16 57 0 36 4 
47 59 91 40 74 96 113 67 50 60 88 75 73 81 68 45 59 64 8 89 79 53 73 65 55 19 16 57 24 41 18 23 29 93 36 0 36 
17 38 75 26 38 64 87 32 60 64 65 80 53 50 56 15 29 51 40 76 71 24 42 57 56 38 21 68 17 14 19 21 13 58 4 36 0 

0.0 2.912993856750152 10.88960980493875 2.729028244167641 3.6919800686522053 7.296311391080543 10.827360599452682 2.804718404214087 10.074538785140312 9.026978114026644 5.3207932135438325 13.401007609902326 5.681482188879169 4.029797427664354 8.300728271734119 0.4168138773551383 1.8648752120211547 5.04260909797366 5.3248997749199845 9.387810695580304 10.90637955162499 1.082413588908521 4.288322405002692 5.692200046763424 8.90543128843485 7.42842977477773 5.5607443181031435 8.32629342631074 4.5335917675731885 3.5948500956269065 5.613011067670302 6.275977590829054 4.191915176469248 8.12818562501211 1.7681545792094877 7.593494035535807 2.302051668789103 
2.7368170272759533 0.0 4.636280911637114 3.288724441320906 5.104999537846548 7.338123349142806 6.013328140203072 3.5822303935521598 6.647944137706885 6.276844416317228 3.520915393263411 10.953647547166224 2.78099560289231 3.7793914068965675 2.970125602969351 4.517124582951951 2.808506049622544 2.199277013177838 9.960760863018061 7.390971064131469 7.380433705209722 2.400865115852339 4.2345777111449285 2.777076808621432 5.185723473520216 5.584024409315437 7.935520648874161 7.251047829225373 5.240716523177107 6.021586942883399 5.23863949562592 6.781552000775287 8.455644205830271 5.955462965353037 6.431499580595604 8.916302582274795 4.085305927434851 
6.704554949546291 4.551136293974677 0.0 8.441535130718629 8.318183212330071 8.078416837579722 6.6932945455383415 9.187816351324102 9.260893966150789 7.1992340346693435 2.8234268936610034 8.79667138379741 2.7390485589358167 5.3902986595698925 2.4450834839596567 11.662232089998465 5.549171847624828 4.9196071449502945 14.259248009944098 1.1995919964614674 2.258313281083818 10.543950932921003 7.734710178395073 4.719624994073512 5.624752891540081 14.157930420812121 10.475350488693696 9.999301837646627 14.263475911960825 9.032443969198324 10.962890196722249 11.90963356115338 11.555860857131623 11.5308856806979 13.02241168559923 16.466889617068027 13.584348809357953 
2.4615351426726475 2.9172530030604094 8.775681361701457 0.0 9.26839869077551 11.305531339984766 13.775217191928956 6.560845045356407 5.85566582819658 6.057722784711699 7.875138061038125 8.469999726489366 3.4666556939140034 6.980627433979315 3.9577701741843563 2.572784312163356 3.9224360680722863 4.976562207113618 8.886285282008089 9.648931146334267 5.949869897916827 2.474514341305346 5.8474418431945185 4.958032078410087 3.816140177022474 5.261025986780709 6.329148421458 6.5587315673865625 6.6502083975335236 4.488639617534946 4.484875796138494 4.735781877307556 4.9706498291189 9.21313125439805 3.731605195900844 5.412040074571585 4.248946595819669 
6.40952016183253 6.381867536025097 10.500247655880335 9.540798120368276 0.0 6.14422433415376 8.902682759818486 1.8438842099571857 15.556073692841764 12.220109253769163 7.684042813512874 19.784974078941012 8.129487216831773 6.123098589029743 9.314227306965345 4.75264137220911 4.115607310892003 6.805430050775645 8.963037213318549 15.958464077333929 10.811090199627738 3.568619135536929 5.574137108233196 10.777048934335802 15.532993126037397 10.706863355135823 10.53676439532945 18.298122860704293 8.617313781240323 7.488881249856572 8.28593323533638 8.6334108205318 6.094219003376812 3.201226314907342 6.649161235047957 11.708827957944791 4.516087787686721 
5.85336129139129 4.584715580998926 5.745949765017119 6.187326585277658 4.736187535468621 0.0 5.514551649456305 6.611374186952819 16.618246936700935 15.485801920689653 3.706514672467897 15.277100825898366 4.784768902924197 2.194224535591454 7.029616418010332 7.312220382800944 4.077407368898875 5.534551487854512 16.772356511496092 10.808304535948727 10.064568151445993 7.67675577344097 3.6253811523993784 10.719605116362146 8.909215208337224 12.558962764624601 11.705695122465176 12.408443112995592 11.745154600957255 13.839664586293814 13.338443446966425 11.123797114543155 13.826150931054094 2.1534371169972517 6.393404676123033 17.62208211761352 6.770377543728975 
13.742998920866125 5.795781652881873 5.043888781609316 12.590853951269503 7.4027606843011755 4.0237851339973485 0.0 9.187212861206364 16.528525991036453 11.294411900353237 4.82454267752486 11.543167328120465 4.38618224038268 5.781752082575523 8.058696468367845 8.501460188057758 10.877475385339055 8.793357999245615 15.590408629446609 6.147649470602213 10.426949074875697 12.482944119327364 7.479147863032928 9.564286146598949 7.772867391672431 16.656851663143065 13.547334649307468 10.325868070635144 15.330476016622168 18.762493395223828 18.040352736953125 11.27476389470764 18.502557494032036 5.249120157193462 9.301836939321582 18.292772074623155 14.16195272270776 
4.069154463684835 3.0253387035502377 9.770991021266237 6.822471689654055 2.55227048163444 4.371778598505962 8.007381727681189 0.0 7.7900942207145 8.559480870265244 5.3122547768101045 10.74578565609803 5.688759337818061 3.9387595436902765 9.155685333779767 4.487743436562626 2.392792365934519 7.964017611080373 13.039578826280103 10.82201968055083 9.172931476372412 2.112845791668449 2.2989167495655103 9.132700132950603 12.036434083917868 6.995352729698341 9.46792656208833 13.511677079757316 8.828622098684768 6.246972529067394 5.905352867240512 7.0753736279893005 5.679494672719642 5.1210371522532725 4.078399091284861 9.724782009378306 6.293107051792251 
7.489559148988171 7.816514808227929 9.905736959137204 5.075462894905601 15.015884733141911 13.6022210733191 11.590865161948754 9.61674861485307 0.0 1.3335169564463967 11.438794590455597 4.953368093864883 7.848641060827797 11.43761504369743 6.248495385960702 9.24822013446122 7.806008590058841 4.181790698449434 10.117518207901009 5.766956123727141 5.3890312067413815 8.106890606530275 9.099480404308673 2.962166208800556 1.6968454872468357 5.155107374156611 6.762751901987605 0.9821469280821975 9.769558270520436 8.848913460151401 8.440633037523522 12.759585506044171 8.84288227798997 17.607880285504645 9.788015647150669 7.941934902776525 10.204385715102877 
10.238833665660652 8.174218746514866 7.835688123478986 6.741854969124104 10.818772169972927 8.001370361840477 9.662244422021397 11.532468865151573 1.9975961369194168 0.0 10.998281584791165 3.0697070001599562 5.440616376814501 11.21964363584236 2.984538728207745 9.822488626568727 7.777471955474267 4.750516408908243 7.787964699526908 6.173275339814126 3.765322664297698 7.0518594286164555 11.059058777394256 2.897764549185495 1.0213249880536646 7.799537602596053 6.7887231093576785 1.5011307145094526 8.645788228690284 12.049825078800822 9.747019424684385 7.739076786503215 7.903917479858221 14.387624591410166 7.659666972901158 7.5492365052219075 8.67193964427631 
5.395837383732905 4.679389789656964 3.261839551579123 6.567630847036844 7.895411219957978 4.951595413848242 2.9164640030887616 6.278432358074045 12.932520274325238 9.744427171901144 0.0 8.70782597950658 1.618365626187426 3.0365828258500347 4.444672836442883 6.162355827267643 6.38354196047494 4.883687863096746 14.494645268809185 4.508375562072695 6.217078072727931 5.45775259291322 4.934121890748923 4.407069355981482 9.459275551052645 10.373651844872743 11.775887163695922 9.454959764563563 12.633143332715829 11.808044130080788 14.283328480682421 10.718725370689175 8.691282697575403 7.726742682845999 10.451238895399879 13.99705818923247 10.925121315667667 
10.381087419585235 11.001317512206384 7.424320244318599 10.512152916921034 14.660740019097101 13.77231808779789 11.082960231511265 12.203775201895468 2.9197767076406707 2.42259632386635 6.874306986784845 0.0 8.186671074015692 12.674965333470727 4.89780502139752 12.247298230941542 11.621245187669116 5.721265145604048 10.718786304737943 4.5179737992479545 4.088518401048242 7.0293718662588915 8.218535416490125 5.34974549918438 4.137585285011376 9.007237656508222 10.446237145958397 2.3391991719232625 11.893385665752476 16.300406130043232 11.374527884411055 16.106624528796186 16.36263072387433 14.256718873725319 8.164348367095375 11.219820097845638 9.63552209522684 
7.121044001099273 2.4058508295638226 2.5476196898237213 5.634210900644452 8.863640370276451 7.1856189341560555 7.040785270056894 5.039295760206797 7.649882342523965 4.773404613577685 3.0854279885393883 6.091021187285264 0.0 3.04406568720282 1.6078274406680224 6.520188994541494 3.9553988795952604 2.7746084130391004 11.094132038171459 4.366805465290907 3.9243473359657015 5.2710414933704435 3.898169310233439 3.4070510066513595 6.781187482386524 6.795037230641295 10.676088319028139 8.236973751397198 10.507178069778124 11.049151688283963 9.005239710976843 8.450843855455831 9.36430751100577 7.695940944570902 9.774008454271454 11.154064283734996 8.899733910640098 
4.194982254540008 2.8871362512944545 7.235505510261451 5.990625484976992 3.7021324808579767 1.8912959612377804 5.0852121137173905 4.583472468766132 12.604197459616266 9.081600248715956 3.194357329556643 13.045579568103602 4.127141787907719 0.0 5.51405641058534 4.562017148170451 2.938105624872362 5.857192732868301 17.351150447991536 6.105803633642765 9.036422691800439 2.870478893619149 0.9768121894114705 8.934087163771546 11.516658730935358 9.263837051357376 6.980037944060597 14.861947807599062 7.308122858142173 7.638562512155174 7.638018495057354 10.621669260816358 11.871846753373259 2.490318923181769 6.5228631317717864 12.422012064631932 5.092521246198978 
5.7211811274221835 3.355693948892622 3.531390346448989 5.448747858878342 13.317061516092636 8.180823256769063 9.083310137233958 9.076066505188596 5.366109631114105 2.7687361885091217 3.234789633593101 6.774290765856259 1.645782149449909 4.9169652020509504 0.0 6.52460224004773 5.721822815617397 0.8643037204024491 12.179398883890723 3.4200624945749114 1.571776542543648 4.0800212501992785 6.055858776561824 0.8602911600875954 2.819390418265162 5.147416373833462 11.930661531794708 5.58469897044152 6.872599645258226 10.97893042734481 10.978066731773104 8.180205762218092 12.929098361564815 9.161106407068168 6.712107741831368 10.032680898745708 8.995745213198825 
0.4759408149701182 4.0807206288683116 10.210948827293304 2.5435430178550344 5.857400402075397 9.423403518924522 9.51821505039665 4.485644256590427 9.128742468486692 8.449145056671764 8.072717376252811 7.469520872906541 5.219034846552395 4.10712974213107 8.594400398921124 0.0 1.8390117204924996 3.9271131249349582 5.429362082003058 9.583546358836678 10.18634841783678 0.9075280133244497 4.818670837002138 5.924622712499782 5.343205318111002 6.011246296175182 4.4824501495970175 8.90226728588665 5.091329725591541 2.807881229380779 4.536010244196959 5.617608301017195 2.7889163004329096 6.777985630085633 2.247612598790022 6.1444440980717605 2.201530738085466 
1.7683780475290571 3.23567759723434 5.921454646331633 2.527553360913892 5.328048340634913 4.292854297776378 9.71152378508615 1.848981298112346 8.160798095927 9.296203013191771 4.906890180397365 11.907945269878567 4.773048932884853 2.7958622951973857 7.2131659002004955 1.578927681981178 0.0 6.709928159121651 7.404039407413246 8.472485269938424 8.826574912699517 1.0976359762304315 2.319696870785881 5.012352396938926 9.763108719175387 6.437465386692999 4.939700328089888 10.208570736054822 5.533009668399749 5.383127906477528 6.795283642194165 5.746779089356675 4.476921680051861 5.676178508551386 3.7394994543393394 11.478983415611815 5.637353466160322 
3.8876423354184526 2.614019440272875 3.008500548041453 4.454220254508652 11.287286563182402 9.693980697266856 5.61048984114168 7.436024750894814 3.941769240416915 5.142588305406324 5.0468462583901825 6.953422003724502 2.124413590150347 3.9325393775495785 0.9434798517027696 4.790599842221288 4.818779446353154 0.0 10.876589720711198 4.146078614665514 3.6881729406697303 4.545416944121768 4.147340672320834 1.391554268049749 3.6926295807638727 7.781441281023085 11.511292398885512 6.673610802407107 6.766170222056973 10.28649614775918 7.463870548252711 12.624807517516127 10.733935354244355 8.343532622775866 7.760882518144491 7.828615894870088 6.730057447014813 
5.428850504852805 12.438301631604523 13.199647450400038 5.445180209178203 8.529180651524443 13.12377295197226 12.842089070517126 8.881179622001483 6.750126891664842 11.103692265669526 11.714041551551379 15.149300309271123 15.085819410477413 9.353103333073031 11.086991746582404 8.26065204994842 6.532877714894801 12.077857999788137 0.0 16.411302849106335 14.11209577637926 11.522755821790895 13.151812286517394 10.500277971487499 12.326469759503512 5.1717096153224125 2.7869718156124836 9.313420146899455 3.768355700615667 6.478418180207688 4.205132370057349 2.807823410383097 5.9185077304418545 11.81379307383542 5.051528674272149 1.2601452571137108 6.061515371986889 
7.724398170651096 7.7845929083935275 1.6766089019208814 5.76865412068334 15.248659557097366 6.887919720591078 4.4885110250504985 12.29890806868267 7.08061207833336 4.07117766151612 4.813823006867484 4.345190241099187 4.93592000167687 5.350323398487537 4.115746634707628 11.009694783972762 7.780758962679759 2.859468068425423 14.523848108624627 0.0 1.3908774966841506 9.644825525763913 6.410616857461778 4.011319835009244 6.546481414920287 11.841854410099323 16.445859661742944 5.180632570674719 13.304805615532416 14.860198429083717 10.88963538686269 18.18596571888956 9.216793952090235 11.31060293302684 12.477766190692329 12.489141218551815 14.714056672447892 
6.592215560602132 4.957550636657105 2.0688308000171953 8.906934312550067 14.239496983497567 8.916769758963941 6.263539756111879 7.013178163165388 5.041009831327353 3.867192684957669 6.4106421820008075 5.475305091484951 4.728612354877654 6.423732194407447 2.859313765689648 11.512772563824434 8.427447348074676 3.8674362252568213 13.228577383810512 1.7046346751130692 0.0 8.919393799597069 7.337141175795566 2.4700545557921414 3.2913475863718333 9.476458690175644 15.041984823286256 5.143355589888907 9.293751768284357 11.080032985672924 11.548851525379309 14.768797564653084 10.610696676674396 10.333513035737521 11.256566889106612 10.547047678915124 13.078653672860682 
0.6091094905566115 1.7156755228707805 7.614777007884387 3.4349094118009584 3.4031479489227734 5.619219837876209 7.205898941771633 3.5406612309826064 10.270357411530444 8.99037075207702 6.933295575506957 8.168860877741048 5.474453753352005 4.6418373902466445 6.54307823028198 1.639982094483754 0.6563363660466157 4.660270635577788 11.132077771621649 9.869055059572476 5.5772991393367555 0.0 3.938931548152421 7.924024661047508 5.84875114306701 4.7468913360242375 4.787799885804949 7.708977998490296 4.402242721824244 6.524750845241089 3.9772410094094792 6.96122615340384 4.39438323292351 7.293412832916923 3.7015391990798667 7.582879088179344 4.304769956441591 
4.861872069220263 2.652436161471674 9.114484032090736 4.38570819777636 4.000854718419543 2.9884450174869843 9.025694699914975 2.4174580425958427 7.574358619781139 6.550542821206937 5.794462325055783 8.208963195930991 2.866899521292555 1.2423904774844279 7.1197742739108065 5.714809223008664 2.110657897891845 6.379044778121903 14.544800832700975 9.030549613835774 7.375716547842293 3.8481292850571718 0.0 7.945135637639105 9.83936004348025 11.32892436922563 10.801522196906259 10.28870934029273 9.419517670559888 5.1182017604314805 10.916755739299951 11.668202544841023 10.862524728675684 2.8776490101224104 5.761240358182304 10.124649180524445 7.228156676114525 
5.8553936024683555 3.4568042567611816 5.352573124745524 6.084218841987866 11.164318438421384 8.155077676335036 11.97718834792212 10.322795821333944 3.5235858905670083 3.326877757457236 4.378083260797549 5.694878324809613 3.2135873653705183 6.057537344441604 0.9210912548900168 6.195004082470509 5.300011080037692 1.0377514339559215 10.166070030523663 3.736703278510509 2.7003449371753483 5.961354431156357 7.878568708190285 0.0 2.192020324685703 6.568880585157713 10.479001271105268 5.409356197023929 9.337470088563993 8.344735990675227 7.1165641647696285 10.09360420903321 8.548963421585908 8.704866642879939 10.271065311057079 9.288222281336168 10.05038430056531 
5.857523931716511 6.479551895879382 5.910590810841469 6.108940062060843 13.598156523852207 11.357196418407996 11.09963776537882 10.293998267307266 2.194174916724317 1.3865401144721214 7.776304722232229 3.1412757326433596 6.733308246137148 6.275886817396049 3.8344037783268696 8.965651884868773 8.77180955225219 3.404869020773494 10.396477179902188 7.000210038091465 3.1911189751954834 8.862871193634167 6.302236592753309 2.080471407231714 0.0 4.076711480628991 9.486709280164167 2.585424208699522 11.813104416316442 9.032301543314215 9.23244087337738 8.824708479003272 7.90979139399783 10.09957220811976 10.178940477285149 6.760234808915766 8.591850307149826 
5.676821610176153 8.005880235880468 7.770482871372598 4.324010125126263 8.578990519179865 10.422685561620579 16.13002429357705 10.176792822592645 3.3814769206569 4.562271854525663 10.26603724467886 7.039308980981684 9.097426420207954 13.343256998997681 10.06689339705462 5.625695224682815 6.584572976866016 5.614162023239549 3.7946041009945874 7.988268747002611 7.077278524186598 6.496878439258652 8.010966942190159 5.177901646559492 6.607970185518639 0.0 4.229120053869213 6.143496402192758 3.4108765635103913 4.8172011989943595 2.4318619604498433 6.706578578013954 6.990791245397469 11.921860902733597 5.6408618609181005 2.8175059070162916 6.167329256052809 
5.407141362923883 9.044225292012253 17.066867130464153 5.901464164261085 8.9014531343044 11.431648124312954 15.2825497508442 6.581776729587116 5.809325097344774 9.276147748323805 9.875991027548864 9.11710271155629 12.340570450833583 7.531373538993871 8.969286446775623 5.604373035279827 9.30789143198729 11.100545674574205 3.1260617861678623 10.887482544949222 14.50315591666276 4.385264672088088 9.595157053590675 8.14760690151467 9.018592739359839 4.39780777492375 0.0 9.135618462452168 1.6832601738233608 3.5593671343472186 1.2216426899394226 1.5293926528351278 2.5628148458766082 9.329413716517845 3.9863816788884776 2.704884386312407 3.376620202875867 
10.10053249712776 7.08560580932631 9.545804895540714 7.890691256428768 16.89221746357787 14.594839221315876 16.391788915643886 14.930949094953245 1.4831833173902036 1.6510015763586041 13.366152511731844 2.1759315948593203 9.311980279794863 11.866841858622074 6.471301180397347 10.67119156146481 8.39735545118619 6.3657256774761555 7.421552694675707 8.483033976647445 4.152833437674274 9.121712290300826 10.613768944184157 4.191484273761347 2.6999308554793697 4.654132042876004 9.125475352107616 0.0 11.8233920651641 10.40433699104061 7.479793425138915 14.552916040678674 12.956285758234063 14.258890393754838 9.296139821562694 10.134938360603815 9.67469437912713 
5.377181884446529 7.313994431635024 13.775846888119897 5.095980354682279 6.226007604371255 13.450929340714016 12.179405406081242 8.09722251253987 9.828872524404503 9.608657727884157 11.935610505128611 16.337864660731107 8.305050241608589 13.220518978376756 6.909833677916116 5.968982873985928 7.023609626126092 11.147220675226484 4.908074957221959 12.967083986465322 12.016339475311302 6.4161569230483995 6.893661996215966 9.706139165398376 10.592774597792442 4.553355019953108 1.328642389096279 11.179056437058586 0.0 3.295987418501719 2.4816891190099186 0.6183068607252276 0.9872599021670136 13.248382546750967 3.292905903523553 3.865874402264937 1.7115256025075303 
5.235806608131949 6.556777171525245 11.050786940380094 4.179055132207127 7.4068744945085 10.746584331070787 13.172460405267149 4.8889940343198 10.974987664488225 8.045974468588438 10.675023555560289 15.392976838405506 10.184764538945254 8.016018990685259 12.932984569723262 4.140698596267187 3.843544672177384 8.279484642395277 5.671357758050856 11.604714303858367 11.515783138870331 5.8289805665470755 6.092595979985477 11.53336779655826 7.454252299529003 5.765459603192235 4.152764319893143 12.157611661930638 1.757998183803891 0.0 4.015028709379495 3.205923859479114 1.2529522928445185 8.430605460481882 2.2046522472292236 8.055613179652747 2.276272420181332 
5.488070567159665 8.562716996454647 14.097249724056566 4.663978170049691 6.974987041275678 10.506421806965694 13.697091046688936 5.044563622671794 6.859772651166823 5.429661901372495 8.006784164474285 9.21631788163212 8.766996068310835 7.813848853970992 10.741726056869037 4.855037154524272 7.340480780510985 6.464793621747893 3.689069255003667 11.594704454390858 9.40461712883489 5.857999408013855 10.692880552061135 9.281675240182789 6.503400674201572 2.6736889172857143 1.2714480866814042 8.299524885055389 2.5189381785821148 4.9987562841661894 0.0 3.2709652730936507 2.1853399424350584 9.331799736339999 2.852751764707327 3.5751696463851985 2.3817997262577757 
4.855870115551035 10.471389066161237 14.798254393668024 5.848308950320128 6.679235376925094 11.468981534283326 20.375435563287468 9.418715225534086 11.334158964177163 12.368388582143293 13.69226781196006 15.59115141680541 11.656783614865567 7.590896305870925 9.679093344589901 4.807969676811822 5.616226309664451 10.98104070356668 2.600096844736565 11.64802305486642 14.924482906181339 7.852993937378399 11.682681824915997 9.171384624504109 10.864143673539179 4.236193230714851 1.2942696499371062 8.679055271701076 0.6900041562199537 2.5669836107541975 2.0587657985796097 0.0 1.5962874238671798 14.783211362795406 3.2450450885589506 2.5215560100892507 2.683276084503315 
5.661403779020323 5.323472418447603 11.936828522876706 4.182019560705289 7.297644465580639 14.012336805112318 15.427198519211107 7.158219874803406 10.074088593543845 11.872532214582758 8.546229443549077 15.611358515966472 8.702560469425165 10.00102468002451 6.960892015290049 2.7379653377404773 4.449208558190658 10.489399590865453 4.189640734891122 9.856836148334521 12.901476325234526 7.019645950542008 7.511916004045219 9.374193504290046 7.461977265380738 4.370166775559897 1.3762120471279304 13.4397571871284 0.5992419730544383 2.2279285526769366 1.9293553636930882 1.3400110178638265 0.0 10.787281036910827 2.316650365348757 5.339605448374881 1.395524179804057 
5.410229704585734 7.29196461546478 9.84047952349216 11.535925817025856 4.642301848267216 2.3840688119725226 6.249864381222089 5.09839983950988 14.013824775497653 8.991511264441193 4.757834744904618 17.639056817693714 9.367904700579512 3.88751339315475 8.056157127086472 7.033745307358037 6.031825488708964 9.255242095799495 14.443118045245834 7.000674100801036 14.298805845880375 5.478351756435462 2.449199223675814 9.507612422327538 12.68642000519541 10.021231699540127 11.990034258506805 15.864450777387617 7.502144418008483 11.567800377421097 9.603084266418001 8.280879900520363 10.410443644623456 0.0 9.714895412008296 12.811858382012762 11.347095028163963 
2.283147828435821 4.798798768405104 7.648860841975662 2.9840390211019994 5.030871941193162 9.153896561836914 11.70662539592061 5.969778762451158 7.243826549004805 9.934223003223266 9.048337390617093 10.277010751797345 6.639727080171037 9.418220021373653 7.708476610427086 1.6840429339686336 3.054444426327315 7.229547514017128 5.212239234781553 11.635435087810727 10.10720935927754 2.2695499791719955 6.126042479019314 6.302332814922382 6.507754672322843 4.502075477967398 3.2999974061838966 8.51104568641528 3.536689602765721 3.110208568935011 2.2135813747714415 4.046529618435798 2.8283135449684975 10.44587864595669 0.0 6.498837455284128 0.7279153872370131 
9.02111931890257 7.871765588480182 9.49733968794248 4.404306254921638 7.977221597262307 14.37215117380487 12.407190303833278 10.352049397146024 5.1122369840898765 6.162339664375743 15.819674617227886 11.29550898021045 10.481688083434996 14.034282560759639 11.896574527432321 7.770112716408963 8.574996576954955 7.346413235043962 0.8109979695858218 11.036823610083886 11.152262401408088 9.392703496468853 14.140852987718379 10.528520125222364 8.087953707852384 2.5378957786368037 1.6966499122482492 9.392797808371185 2.9327954670880514 8.076457813191277 2.5562696393116195 4.39487774213001 5.629859588198787 12.71205708898225 5.373329567260872 0.0 6.1422740860814615 
2.545956109923828 5.667637421937609 10.549021827291332 3.152554841657093 4.647202412512736 11.030720631485924 13.427618234965177 5.599074587571728 7.096293010937044 7.873662742712342 11.496583789871542 11.698857258096542 8.8760924375903 5.000506263341646 5.778092733548409 2.583776637002728 5.355970405091975 8.274687283246067 7.070459082186569 8.843951282543403 10.060505354706994 3.2941877799204113 4.757589405128004 9.613315841648426 7.323602893349319 5.189729450973932 3.7312876551237113 10.450294205379489 1.7662838987912237 2.241211812922499 3.3444438434887167 2.8901062091111562 1.888560054589726 8.260838185269616 0.5926859711192812 4.036209522510321 0.0 

0 16 18 1 13 8 23 7 27 1 3 6 24 19 2 5 16 7 4 22 7 23 16 2 2 9 2 12 1 9 23 6 19 7 7 20 20 
