37
6
100

0 57 87 62 24 75 25 16 55 71 70 79 94 42 11 68 16 36 23 43 39 72 91 104 10 50 58 57 92 18 67 42 69 71 38 52 20 
57 0 41 6 43 19 33 59 15 30 60 70 77 52 47 75 62 33 41 28 18 38 67 71 66 76 44 93 49 68 71 28 82 23 30 79 57 
87 41 0 43 64 44 68 81 56 16 46 51 49 59 76 67 84 51 64 43 54 17 36 32 93 81 38 100 8 102 62 45 75 18 49 83 93 
62 6 43 0 48 13 37 64 13 33 65 75 81 58 51 80 67 39 46 33 22 41 70 73 71 82 49 99 50 71 76 33 87 25 36 84 60 
24 43 64 48 0 62 23 17 47 49 46 56 71 20 15 48 20 13 3 21 28 49 66 80 28 38 34 52 69 42 46 20 52 51 16 40 39 
75 19 44 13 62 0 50 77 21 38 75 83 88 71 64 92 80 52 59 46 35 48 76 76 84 95 59 112 51 83 87 46 99 29 49 97 71 
25 33 68 37 23 50 0 32 30 52 64 74 87 42 16 70 34 25 19 29 15 57 80 91 35 60 49 73 74 35 67 27 74 51 25 63 26 
16 59 81 64 17 77 32 0 61 65 57 65 81 28 17 52 3 30 18 38 43 65 79 94 14 34 48 42 85 33 52 37 53 68 33 36 36 
55 15 56 13 47 21 30 61 0 45 73 83 91 61 46 86 64 41 45 38 19 53 81 86 65 84 56 99 63 62 82 37 92 38 39 86 50 
71 30 16 33 49 38 52 65 45 0 39 46 49 46 60 58 68 36 48 28 40 9 38 41 77 69 26 87 22 86 53 29 66 9 33 70 78 
70 60 46 65 46 75 64 57 73 39 0 10 25 28 62 21 59 39 48 37 59 30 24 41 71 40 17 58 45 88 16 38 29 48 39 41 85 
79 70 51 75 56 83 74 65 83 46 10 0 17 37 71 21 67 49 58 47 69 37 21 39 79 44 27 61 49 97 17 49 28 55 49 45 95 
94 77 49 81 71 88 87 81 91 49 25 17 0 53 86 37 84 62 73 59 80 40 13 27 95 61 38 77 44 112 34 60 43 59 62 61 109 
42 52 59 58 20 71 42 28 61 46 28 37 53 0 35 28 31 20 23 25 43 42 51 67 42 24 22 42 62 60 26 25 32 51 22 26 59 
11 47 76 51 15 64 16 17 46 60 62 71 86 35 0 63 18 26 13 33 29 62 81 94 19 49 49 59 81 27 61 31 65 60 28 51 24 
68 75 67 80 48 92 70 52 86 58 21 21 37 28 63 0 54 47 51 48 69 51 42 60 66 25 33 40 66 85 5 49 8 67 48 25 86 
16 62 84 67 20 80 34 3 64 68 59 67 84 31 18 54 0 33 21 41 45 68 82 97 12 34 51 41 88 32 53 40 54 71 36 36 36 
36 33 51 39 13 52 25 30 41 36 39 49 62 20 26 47 33 0 13 8 23 36 56 68 41 43 24 60 56 53 43 7 52 38 3 45 48 
23 41 64 46 3 59 19 18 45 48 48 58 73 23 13 51 21 13 0 21 25 49 68 81 29 41 35 55 69 40 49 19 55 50 16 43 37 
43 28 43 33 21 46 29 38 38 28 37 47 59 25 33 48 41 8 21 0 22 29 52 62 49 49 21 66 48 59 44 1 55 30 5 51 53 
39 18 54 22 28 35 15 43 19 40 59 69 80 43 29 69 45 23 25 22 0 45 72 80 48 65 42 80 61 50 66 21 75 36 21 67 40 
72 38 17 41 49 48 57 65 53 9 30 37 40 42 62 51 68 36 49 29 45 0 29 34 77 64 21 82 20 89 46 31 59 19 34 65 82 
91 67 36 70 66 76 80 79 81 38 24 21 13 51 81 42 82 56 68 52 72 29 0 18 93 64 33 81 32 108 38 53 49 47 55 65 104 
104 71 32 73 80 76 91 94 86 41 41 39 27 67 94 60 97 68 81 62 80 34 18 0 108 82 46 99 25 121 56 64 67 48 67 82 115 
10 66 93 71 28 84 35 14 65 77 71 79 95 42 19 66 12 41 29 49 48 77 93 108 0 46 61 49 97 21 65 48 66 78 44 47 28 
50 76 81 82 38 95 60 34 84 69 40 44 61 24 49 25 34 43 41 49 65 64 64 82 46 0 43 19 82 66 27 49 22 75 46 2 70 
58 44 38 49 34 59 49 48 56 26 17 27 38 22 49 33 51 24 35 21 42 21 33 46 61 43 0 62 40 76 28 22 40 34 23 45 71 
57 93 100 99 52 112 73 42 99 87 58 61 77 42 59 40 41 60 55 66 80 82 81 99 49 19 62 0 101 70 43 66 34 93 63 17 77 
92 49 8 50 69 51 74 85 63 22 45 49 44 62 81 66 88 56 69 48 61 20 32 25 97 82 40 101 0 107 61 50 74 26 53 84 100 
18 68 102 71 42 83 35 33 62 86 88 97 112 60 27 85 32 53 40 59 50 89 108 121 21 66 76 70 107 0 85 58 87 85 55 68 13 
67 71 62 76 46 87 67 52 82 53 16 17 34 26 61 5 53 43 49 44 66 46 38 56 65 27 28 43 61 85 0 45 13 62 44 27 84 
42 28 45 33 20 46 27 37 37 29 38 49 60 25 31 49 40 7 19 1 21 31 53 64 48 49 22 66 50 58 45 0 55 31 4 51 52 
69 82 75 87 52 99 74 53 92 66 29 28 43 32 65 8 54 52 55 55 75 59 49 67 66 22 40 34 74 87 13 55 0 74 54 21 88 
71 23 18 25 51 29 51 68 38 9 48 55 59 51 60 67 71 38 50 30 36 19 47 48 78 75 34 93 26 85 62 31 74 0 35 77 76 
38 30 49 36 16 49 25 33 39 33 39 49 62 22 28 48 36 3 16 5 21 34 55 67 44 46 23 63 53 55 44 4 54 35 0 48 49 
52 79 83 84 40 97 63 36 86 70 41 45 61 26 51 25 36 45 43 51 67 65 65 82 47 2 45 17 84 68 27 51 21 77 48 0 72 
20 57 93 60 39 71 26 36 50 78 85 95 109 59 24 86 36 48 37 53 40 82 104 115 28 70 71 77 100 13 84 52 88 76 49 72 0 

0.0 8.60388490305939 10.492039362821345 6.478843136252801 3.963562033227264 7.687034595520473 4.611275570929019 3.1361745189015737 10.902719909763094 8.392719882838854 12.658383271317792 9.262835748782857 9.824464648861136 4.454900649507929 1.3405281056989002 12.268907099633653 1.6652885307275644 3.7823277950127654 4.271251027167702 6.449223202921642 5.666626335747717 10.37663302641966 14.020609845695795 15.331036728311798 1.693021887502341 8.550380380606185 6.836457104618084 9.874978336911548 16.504734905761083 2.713733749076242 8.231638892359134 5.516465415853402 13.792873578524922 11.457220054169973 5.345609303233995 10.164820055217827 2.2253024790785694 
6.886926782613776 0.0 5.778307447993233 0.6247147430391473 7.0589900395052485 3.196266686870681 5.778140102647249 6.088257755066731 2.2745221280810743 3.6364586282548483 8.397429026828549 12.200125372455563 10.003154892308569 6.004983859314029 5.966087204656494 10.662491637793558 11.599807189467644 3.881499547788085 5.726618100511481 3.229134352875804 2.5063324785947163 4.893451110225069 10.992468247963743 9.578134904374107 10.641099924581283 7.727495866074873 6.886133859974843 12.944146295685247 6.271803326435421 8.306566311115143 10.006455314841354 4.555012868578882 13.411611099101046 2.3319876501462424 3.403527430228374 13.372331248147022 5.964971065218 
14.783781729621271 7.747208296898162 0.0 7.459746875747642 7.177493190360425 8.307557998937195 8.434791481730915 9.700734098386869 7.325102302776633 2.567352540576378 6.7730845964239785 6.937147004594082 9.077055586365883 8.297623140084148 13.215873538218592 11.542732368683993 8.738815135927506 6.226351457226253 11.413445984954226 7.572213439951318 7.180580459183195 2.7295914885298798 6.857461673045142 5.196766900537586 13.290509066348376 13.251841034910058 6.755278263939703 17.368180680036723 1.50520466641803 13.80899209879918 8.223886521776391 5.661122545024222 13.204246627662847 2.0373275552767782 8.864968974759396 12.20545976855434 16.83306000413835 
7.439925676450107 0.8279082494414813 4.687278422597359 0.0 8.40704826750352 1.3636856104681863 4.308041899371005 7.760562227848844 1.9529295616561169 3.775167358745736 11.088530381910331 9.489385658717262 10.624876404314971 6.270676212066369 7.408106690388744 15.871858562572527 9.978706590015616 5.870748374269534 5.432393585136919 5.308690046477462 3.7626305114418632 6.671515239070226 12.69519583522835 10.064508519380652 7.391513202878905 15.531551551471708 5.6497288324419905 17.4967820578343 7.190623950006678 13.964174071476462 11.045608448959516 5.81607779517648 10.63551424079034 3.3585220458958034 4.3102241743807355 12.424117970790928 8.742267249881799 
4.489302368589899 5.9485903603942125 9.161495293003222 8.916358159024943 0.0 8.373977605675854 4.283183419834207 3.149833869576615 5.224619082780687 8.162343337209993 7.492502032578865 9.390881043654154 13.95584668997187 3.7660112679777886 1.9230375569110714 9.23523746375494 3.744607337328697 1.36240353379293 0.3408252969066389 3.8324194312047757 5.174287333835558 8.151654367326906 8.746075945930913 12.929477611362792 4.513912372373974 5.547856615903274 3.638872706761948 9.16034861006952 7.9355865193853905 7.2224058224536645 7.5348967144935495 2.92514895896345 6.311763514959033 5.5904315368944575 2.8218575766775538 7.375910512681633 3.908136728274838 
13.762271869260914 3.0991947274913834 6.337759669897887 1.9157556118264985 6.544104104661717 0.0 5.613749614740756 11.465993210272998 2.702292574917478 4.957583482412529 10.527062459783428 10.395785916436768 15.500411672752211 14.069034127594573 7.2874584234053374 12.23031844952168 8.539695103246244 8.828980546944488 5.911579799915717 8.527508861299246 5.722507474540297 8.001396774610736 13.332356990219692 10.69021239611699 9.991357142782501 16.32191274451028 7.355402409508063 16.18747079207367 8.893593247147788 11.131204142167379 11.361705406340477 5.048186742457303 19.019647028179204 3.9176953825265715 5.550530864888405 15.428779252547365 9.93316107306628 
3.908636911011027 5.318429599601052 10.785458677291707 3.888979878384162 3.467355106057499 9.891023066044607 0.0 6.154496111717107 5.589466024625982 8.419330050691197 10.28634410446924 11.305188772274299 8.803069606341603 5.838832072292162 2.4257091909426336 7.4375740516083155 6.16590774827929 4.3250418979570195 2.486005685199706 3.113770396534559 2.2227100350969025 5.805507114081052 14.429286323921023 16.05099290221653 4.274003149985562 6.511254503012479 5.751321124856995 11.831826988174807 8.205209320627548 5.271678331221404 7.068031877537156 3.4895879758733193 11.53677174140185 6.864182108119415 2.999831819153208 10.48400428257489 4.1312059497585745 
2.076446056221219 10.512392846540656 15.470459427353724 6.540399184497028 2.985910710724208 13.601519766283653 6.025882505851101 0.0 7.412107189225049 10.454420981054136 9.046657967980444 11.918533579847965 12.337121687893944 5.293906994973268 2.7650202391611742 7.0112807044152285 0.5882762545971317 4.295142138654428 2.6524771292463107 6.4001905591509525 7.7192937703584334 11.76638408877927 8.766482460077295 17.666378046548797 2.7447200081738377 4.158358533440686 5.264525093966466 5.994886693659806 15.14865047222911 3.57334206695517 7.391321063550228 4.645766271974191 6.367116081887387 12.152252783451885 4.994038518455085 5.093294944004407 6.456200030717518 
9.05485298820305 2.531712658448175 7.032517799414775 2.57531127527493 4.91242355293573 3.9593982945053794 3.2975176023751085 7.529071731866566 0.0 8.961602626462714 12.118497886108317 14.306079683170292 15.095326228771393 7.346372297143553 8.197132300650685 15.870132567997405 7.382637617568219 7.761389241815481 6.09193276471925 4.844069685676979 2.0138986780736268 6.0124169046039775 13.25973201786805 14.777819457961657 9.24257461250838 13.885484883789879 9.042634789164989 13.217507291399142 7.588572999663496 7.439581407491475 11.37639969091001 6.93687799103914 9.4696500549325 5.7067413729712975 4.242043256014609 16.7103548122805 8.078735730737993 
12.688803137243973 3.7964995763371485 2.3084087987858863 5.581710065734512 7.617411858636228 4.557407615842073 6.065064679810337 9.965023274041338 7.581732309977663 0.0 6.691393655537107 5.664209249231741 5.979980162922043 4.685216494205689 8.476969183269599 7.157049579080113 7.720288305958377 6.845174778896736 7.826072415644971 4.802764649928582 4.8053366543092775 1.6338691160596779 3.8783540060868704 7.561351277781713 12.468950540224359 11.017852952011502 3.762254577718132 9.38855364880399 3.147163099122761 15.67657798710658 5.500697467041788 3.490691888000711 12.187344498624995 1.581099579326939 5.504859226698921 13.562287258722318 12.062218715284391 
13.683623673079431 8.11231964141602 7.376122806223259 10.889461431870856 9.10625882444928 11.109189066606081 9.70061140158783 9.979791216449149 10.840412043443804 6.158834548263783 0.0 1.9333862949968927 4.473444094307668 3.5267637501158413 11.765981548578925 2.4116127456374636 11.446789517754105 5.354626237879972 6.010326217938653 5.044022249375257 6.989463479958208 5.72130186356323 2.4709289438689623 7.852783184690739 12.15123096925307 4.25657267241268 2.1366627109155085 6.749433706613928 6.756139946205972 9.524283237569309 1.8736178167063244 7.200871087566911 3.3011082481563685 8.59195587342809 7.613998902272125 7.5894709826769695 12.481404120763115 
12.529786649381197 12.156386530223722 7.485831298435084 8.011642208647583 8.537189142624081 9.145418023351533 10.453224129975144 10.303528705378143 12.025432157958742 7.898494850232526 1.7935597887396497 0.0 2.837228248286384 6.909003907997118 14.01629459208727 2.519574949326175 10.066749122047167 5.500978588332841 10.284002374758401 6.30126105308714 7.682507581273945 5.575979183487753 3.0568454858988936 7.476912409918762 11.623532882644634 5.017407062547634 3.585252030084157 8.852891715631692 9.451962336132215 14.327848850442074 3.2920494635625213 5.954603117674469 5.230931333812247 10.699864790042824 9.03705670323013 7.2727104136126 10.46226766728717 
9.415534402107589 13.116682158680206 6.855468069681383 9.965604940351172 9.654555442751326 16.55322087588104 9.214764849108478 15.917883415087537 13.003396471304683 5.899852232090833 3.1779230214834526 2.5165888169364075 0.0 7.879263764046966 13.665655246645322 4.627321160912363 16.292294271522756 8.54274670068224 8.372652907621829 8.539774454037937 9.513742402835685 6.9008598622334345 2.0818869200958683 5.131294150214046 13.519598943615676 6.640316638475262 4.159276963587733 14.120105352537358 8.044754466484967 14.087715489061104 5.401637733966399 6.417826017334263 6.836594673641093 9.612487761752849 9.47197317755979 7.087143413803981 14.46731825539533 
4.525137064630214 7.334821286577068 11.600906621679616 9.476355766194535 3.0469805386757542 10.867858427217868 6.244897958217657 3.1588896738526886 10.641624699582085 8.418622353155989 4.045694276237016 3.7489277564592984 5.805975738623516 0.0 6.68775494507592 3.52256339036819 5.338031815662577 2.1387088192401302 3.477236241777163 2.913641553569071 6.582871143075989 5.413614320321573 6.0257591864930475 8.508712023052208 6.953212779184311 3.328519198311945 2.536173530753637 5.134800095793479 8.693618969388597 6.38652210092533 4.976253923314861 3.904037661103325 5.4372021849512535 9.859913226352852 2.5146548229793173 2.7131294705867646 11.092493590133394 
1.9646803555293002 5.719285847006532 11.499529324260541 6.278860559273975 2.08060898719643 11.200417739309545 1.8077688092682056 1.877646727504733 6.468302982459539 10.569618840298684 7.035152996047175 11.079104964937603 9.675287894058929 5.212894755151358 0.0 9.055440193516626 2.8566632274464467 4.100460084905755 1.5166002450910565 4.848092607881856 5.6022737377887335 8.326163575332444 14.39617852372595 14.757709827638255 3.3428879265565596 5.42382714114197 8.92616611367175 9.97157793550842 12.162981928965355 2.9717146078438286 7.572203993882132 5.293059767241221 12.63426350763189 7.878125397762658 4.515378646278932 8.500820202197339 2.967313032446844 
11.801157685384814 10.155816355209605 8.731599670863469 15.710046349152316 8.937076243307061 17.99054215051919 8.351197806834161 5.691838353915784 16.956297506730834 9.46635492495551 2.2386017820906123 4.05554069561085 6.207117886332753 4.171983650667249 11.214040921973936 0.0 7.866010306289721 7.041511679130622 6.180141707055319 5.425825530068303 9.642753609591429 6.675947710077364 7.766759733430547 9.135781429646475 7.898534347552413 3.0998932854384127 3.90692608335323 6.726319034990119 10.001626981601069 13.073271253700174 0.5489039014944288 9.6146603549673 0.9332092270051128 9.267305776717652 6.304452023610399 4.030980591110912 10.72802522003962 
3.129981581935049 10.134278204948576 15.764856442112343 8.391652027869712 2.591947172453721 9.141588082065727 4.133039051971001 0.4217745433579314 10.243361013406489 11.793164374353069 10.455612381701656 13.003864999272352 9.159989287314481 4.292928148469624 3.280854243834749 9.806440355719275 0.0 4.316198070713037 3.3145231458668043 5.779748752152289 5.122573622885555 11.841685707179927 11.249580906046608 10.290075517132415 1.5477368623586345 4.883435909259392 9.9972999942166 7.935156500415456 15.545493813898297 3.36542690173685 7.417660055475919 6.358976739649988 7.955165996066475 11.11093749890921 6.154617507228538 6.387195496833369 7.018613819677066 
5.382226487052234 4.401772727788756 7.523360772884405 7.062450623574058 1.5701474290433397 6.357729552335524 4.820645588717927 3.195809618917071 7.463579572738272 4.391334439246874 5.277047145452753 7.307621915807742 7.797818871573768 2.6340179389438427 3.7872722353425816 4.836999734309765 6.019857814468401 0.0 1.7320409424042638 1.156886791469914 2.876247649125615 6.8119076174363205 6.953951306115574 9.3542727433124 6.357904680965835 7.5669169998391315 4.578881974332143 7.163826464496341 6.616819217215698 6.291233088291918 5.8948250678765115 0.7705801845214851 10.068083887240185 5.6129256875890325 0.3489365551208448 5.397613290467556 8.261644058269674 
3.7682130035359505 6.326485691294334 8.539571149655362 8.603544814070297 0.3910827919723706 10.600623083819837 3.680123689892032 3.4697440667715354 7.176636570080441 5.576437138068712 5.548002825139324 11.006094020961976 13.563890426676497 4.044618788612912 1.431885880019302 9.204450473884602 2.917869650379748 1.3303779528793416 0.0 2.164105426150007 3.7495087785388725 7.4989900688417475 11.278898353204701 10.547102676968066 4.4235604303770995 7.22150169453238 4.657118582707129 7.690991788760447 11.602749093664237 5.346360517576626 8.2019783577245 3.049189020352002 10.878136319531542 7.283243196595738 1.6874447495046154 7.324094173182313 6.5294932465677515 
7.82203789238689 3.1158971105539743 7.791313111628318 6.162576691263761 2.2561684990465016 6.0718279610900625 4.950025049142905 6.368807483840192 7.459505365902577 2.953798316590619 4.992856935708034 4.735231637629316 9.65640628146111 4.838032913235061 4.025609577837042 4.964482915852806 5.36025317259589 0.8085308331765937 3.605235512182994 0.0 2.8433310730966976 5.293591962243125 6.848594322868767 10.085541578447778 8.456701453177061 6.293375555544361 2.969571307353764 9.53343484853542 8.12797678904114 10.168235484262443 7.703901639572777 0.1362945603686882 7.224263410298943 4.72178682262303 0.573755650614875 9.341955014302346 7.086746261517253 
5.9997522670995584 3.214942800147952 5.865963313684376 2.56053789425154 3.4967038438188647 5.813184694732957 2.1447471648674794 7.686871003914964 3.735655642923075 7.70986489753765 11.037330840097862 7.397802888653502 15.981871243675418 7.701405097790928 3.2256217666794362 13.331748533970886 5.216594654758127 2.9082080979555296 4.207196563505958 3.1879978301919327 0.0 7.173460743047709 13.071181800275191 13.486856948175216 7.308244760729744 9.127255168808464 6.45756232419141 15.850884235803314 8.074280307212664 8.20746864325229 8.694093975849185 3.7887578444765477 14.62901419762558 4.379708603052428 3.204265849115906 12.213944554192544 5.828223964582996 
13.189789800410296 7.304311227892612 2.910894983769058 4.399765717446352 9.129781989921264 6.456969083734362 7.7139291067566536 7.949170320796233 6.985579472562416 1.6248313097928118 4.538433543407132 4.906945185254287 7.333765221128983 5.078902112741612 11.077849708118045 7.440352801848505 9.486170241934456 3.6756562332935623 7.747796773562291 5.548986793789128 8.81941712341865 0.0 3.3900665204380753 4.045894599467932 11.155470855356208 9.138692277752666 2.9595525483563656 16.19932701686303 3.27232681078184 17.02611721001353 7.109099350823312 3.793355978495903 7.736642956200696 1.9694867404679568 5.465176520835265 9.967632128353937 14.018918919843339 
14.627557719462903 8.955822194177589 5.924458525276033 11.348889804244239 10.108577753953089 9.304357892968504 8.178948865850874 13.993628859371796 8.923579850198859 4.58283909609155 2.7794984804116813 2.1775955815124926 2.565546438582603 9.16008378890061 12.002383730881114 7.629405228512335 9.694164886514024 10.945749340456612 9.869459748230554 7.27737964822714 13.920946447080816 5.174067174266762 0.0 2.695713774254877 12.281853817829813 7.866418049464436 3.469196379894658 9.67264003601118 5.009232680760862 14.160888519809925 3.8567155755732587 7.647806673500973 9.095673308125576 5.062465032818908 7.329196655509248 12.395577696707461 14.234838239870333 
14.112184679374973 8.365296954428173 4.363717132873114 11.61030643139947 13.081344897975665 12.469896554926912 10.237431633307272 15.476110593886016 15.67681706223671 4.2319479704296805 7.876036944832823 7.493474395926558 4.010017893633327 11.476718515158026 13.881065597960863 11.467539944840938 10.925327830482054 11.103337778845948 12.778677360218996 11.770658701953643 11.711045938613374 6.254559724256044 3.1713733339250374 0.0 13.32666962574038 14.720721384189787 8.76169926017811 18.067772851572833 4.901193121733607 17.64833588538474 10.454608346284964 11.946182231832207 8.6774362553819 8.355690624699077 7.1549409875613526 10.563912904867788 22.862679521289706 
1.1226301277806392 8.674502982457103 13.052634209765644 9.12361996192888 5.412380495758931 12.302535949042795 6.110164925036264 2.1888670525832374 6.708889194926981 11.88719007289258 11.628128179615501 10.40858713223921 13.464404491561371 7.288926819775831 1.988497535944697 7.795262224271556 1.8885807174749378 5.215882017198429 4.966128423349609 7.539737736248596 5.913167795913672 12.494450369219962 14.106747953694356 15.28780892264033 0.0 7.040052157405158 6.488458046752465 8.624549476868212 16.547084626420837 2.9344712226329843 9.672419116420055 9.304662770393605 7.213819117733667 9.55646207640761 6.943358088615567 5.841076688524776 4.790680817723717 
9.147360790639075 10.618740099242931 12.026697486963222 10.618581431486504 5.023770493765031 16.436798297905796 7.75128333258712 4.0233986583479915 16.14391123871637 12.68018064115834 6.212325484097702 5.558322691140342 12.194504371062315 2.8905227300022958 7.702632017848008 3.7053321500983376 6.399887388643638 5.117128575037949 7.691208397761625 5.01922540081369 8.889593593552988 11.22431489334247 8.340856797456686 11.483521186538473 4.852720331903471 0.0 8.361607600899841 2.6186168131340386 13.185504835597154 8.591004165652766 4.722224753120074 9.290265800648292 3.92670347941911 9.069215767513732 5.1701831816358315 0.3683594259486141 11.327591376129158 
8.920782490123871 7.277027583060838 7.057848069130346 7.045645976722211 5.747512338828937 6.740409081839367 5.535278606010821 7.311080730970959 8.491145786468973 4.014971069549008 2.5028192770142783 2.830176931797146 6.054749466388995 4.382222410873926 9.133569468201046 5.416555332929946 5.11336884026016 2.5182905725721287 3.5508440457405435 2.765419275432352 6.313656259838909 3.198846084739782 4.801799493022907 8.088091599467946 9.660526745982942 7.114510351258069 0.0 11.986903514120531 5.869119093240156 9.669535779921745 3.761846609023851 3.964591083194389 7.139460708113829 5.258724178524159 4.2289993750400265 6.495370813674285 9.17278483240772 
7.418772171221242 9.72529602507694 12.712034019763188 16.86969446959521 7.595972295235019 12.517190035684623 8.286336493437261 6.09628499385894 10.816522845000216 14.740657350291846 5.858838946930846 11.677304189270505 13.008208193484819 5.8118896249811005 9.832672000545632 5.944687460246075 7.276278343714088 6.086344561270426 6.500080342992977 10.824672723106941 13.314026070250435 11.814873885541182 11.398828465042726 10.088949386536147 6.000081444386657 3.661940094533845 9.510198643617429 0.0 17.880005973881104 13.35081852417047 7.379922552049792 11.687210903084676 6.194390313613689 11.38027136991261 8.232028116269236 1.765385168364349 10.027597224910231 
16.488978494792 7.9838691053328805 0.9602687557103983 9.487222240378347 13.773286541064365 7.040141476260881 12.196116448954223 14.656913841043917 6.435526137382462 3.6923835232521895 7.433011034961787 5.667462065302972 7.807061918263971 9.359895535252727 11.928743409331506 10.83973534247858 17.413065355235403 10.16269268498368 7.831629890718494 7.754353633780823 9.472434853164216 3.4840514524294073 6.266886723784761 2.8741380112323465 13.38987005501255 13.618510889481438 4.479491910514146 18.518728456439348 0.0 14.653112784112073 10.428630889325209 7.277707096454508 7.760951718198072 4.056369316305708 10.453313377687817 12.419936800941018 16.142957279552505 
1.816727933564421 11.457987694767514 19.969523243573533 9.946824433114198 4.835705332656811 15.867949669186531 5.28076681684851 5.0953444319219745 10.311017212545744 14.603942394407369 10.281452314593187 16.6773830286196 16.087181874052323 9.710664311974304 4.069948382871458 13.923237890943138 5.9213251325417104 7.823720926342366 4.611323177326151 8.969698120017847 7.833827821206729 16.63605580874107 21.109317634503427 21.68391399826102 2.4486014189614536 11.752228666509453 10.594585820794435 11.114407348465171 19.482412012220614 0.0 12.515211476411295 8.75114193672086 16.155732654868654 11.425429444708367 6.816233077408529 10.115265871334476 1.9411250795067947 
12.698367741777545 9.424523434368417 9.529685894719822 9.641984808892941 7.484861996357153 11.678663352843182 10.914638577510875 8.689389503979658 9.56178727761132 9.150091365688365 3.0961884293282527 2.1354986585484697 5.6036728054536304 4.573904761320124 7.265864152663546 0.5590477688892079 5.3469210399639415 7.268780101335285 4.901907595765669 8.401275261615476 9.187436745813963 7.399677379873513 5.6157709029598255 9.744283195689619 8.193165896158874 4.162421218520238 4.916082147957361 5.114274303502782 9.453532488988577 12.38962409662417 0.0 6.091764551829756 2.5953565772290084 7.994875844586751 8.512806898917088 3.573449280988314 13.385566520777896 
7.732970226495832 5.588780641173488 7.796876334261116 6.528416688061657 2.8997431346958122 7.620817260595897 2.8541844366434566 5.333441414495872 5.837025446375531 5.122446583162974 4.376314211823798 5.69204947612055 6.500013317827589 3.083415998927756 3.43877295996045 5.956882009616872 7.153194625483949 1.1376059594322618 3.616479261803138 0.18925645260502555 2.2833684107912418 5.574302830554064 7.581862682599162 11.823308593070628 8.561544041034384 5.134607626235529 3.319894437362636 11.03841425661469 5.137003359512961 9.858996015194903 4.994632890354399 0.0 6.729971787039078 3.175689891789225 0.6384423387794336 8.260001047180893 5.423007973355443 
12.77619027693132 8.43964055202655 9.726646718911708 10.565491021431349 6.6867915198334895 16.494276706027314 7.445564229497117 8.542586849524392 13.593704802807132 10.639652854657387 3.361114073534647 3.502029528132805 6.421009036669645 3.9179087561474155 9.75191753355775 0.9684269443146863 10.514755051026201 6.5797655849141625 9.18929900788382 6.401573495774322 9.024760609088181 11.7707634890271 9.75867989142695 7.725805171393175 10.823321594535082 2.9937163584562763 7.254850799796863 5.053716123493951 12.42866864031868 10.385884398753735 1.4674732895652243 6.300257366889207 0.0 13.721967645395939 8.209350741162652 3.9731658096385294 16.398250114810274 
7.671813017048782 4.483884690306892 2.411905593126245 3.599791282555774 9.643181508493186 3.8250722522604272 8.277177645358183 7.294778724571742 4.809420594347269 1.1063153269893975 9.23735654001878 6.230856959030256 11.752128570088558 9.477542525660192 6.380853290448843 8.3322945740883 10.588444987636233 5.435925381993871 7.663484927574526 5.162385350187412 6.027872846935658 2.493894904081339 8.787084814817376 8.555091215438763 14.5212195035005 10.346745444992091 3.4323054511262514 9.710396633207559 4.153456662027445 16.355487172497266 8.161955842212649 4.16475688787093 12.901847688342887 0.0 4.609204836191451 15.29273484138054 12.048777696116284 
4.5082008045388315 5.316537923257684 5.395239659051588 6.518318353103931 1.7338158544837003 7.919364639665294 4.763361749755888 3.709615864352056 5.537158821198086 4.8152552718678425 5.181009885771988 9.579348603125416 11.92086445315816 3.9836943907304487 4.564422944668404 5.6623245443324 6.28956403240961 0.5737578347235485 2.166444543507225 0.5179319750575699 3.5501284331706424 3.6901717943759795 6.625217774360312 9.612153317659217 7.566341036741971 8.26212389269776 2.7800940999078088 10.65680424339195 6.31279093595963 6.744877563216036 8.047521207823362 0.5169305109207865 5.938238803370528 6.951633207572196 0.0 8.086097533937025 8.1425658728708 
9.145700721951796 13.316007579171107 10.328256106586323 13.042867615056625 4.331209036919468 15.06358228526491 9.477021340547346 4.161784608918704 10.1896278900301 11.135929587982243 5.948737610400957 5.639134667042954 10.731533055259394 3.149041558448155 6.1127009142496895 4.214754280026374 6.6926718020314 7.497355571178195 7.009589474501123 8.453289878249175 10.784178504746997 11.292700382575582 10.77849614995661 12.31609605165788 6.042936796928126 0.2934681965931617 7.2231895022412225 3.313902965844586 11.795366485152082 8.541356077808604 4.929971113592446 5.820248035368946 3.9333648359631495 9.751981396567428 5.307955615265838 0.0 13.782894476145284 
2.4599032758327444 8.85019648273689 10.421808726983237 8.578552713232812 5.555524289438556 11.879696601980939 3.1570884211481007 6.171704593302236 9.050354885340097 8.382258196175076 11.947830561884409 18.42278508773741 11.428573043976506 10.408691741736224 3.4087104989557804 13.965284210475655 5.075953523356863 6.39700947838017 3.8209182100700034 7.398186106475043 5.496196717184686 11.514163576366702 11.771504845423225 19.521757185692657 2.993583209212117 11.252009556633247 10.752549530091853 13.393677100977815 15.639347263379499 2.580690339803991 9.346240955998793 10.009081387287624 12.516506593988284 9.061574966013625 9.342811321642603 8.439304110942148 0.0 

0 1 23 23 5 7 18 12 20 19 19 16 2 26 13 19 17 14 8 10 5 19 12 9 18 4 20 8 3 18 26 21 21 8 19 66 21 
