33
6
100

0 26 61 61 59 35 31 37 57 72 13 43 35 28 14 65 40 25 30 41 62 23 49 55 42 21 58 36 6 68 38 31 9 
26 0 35 39 40 14 5 10 36 46 25 38 45 5 14 39 64 20 4 16 36 39 37 60 46 45 46 63 32 53 63 50 27 
61 35 0 15 24 27 32 26 19 11 60 63 78 33 49 4 99 52 33 27 6 74 36 72 60 81 40 97 67 62 98 77 62 
61 39 15 0 10 27 37 32 6 21 64 72 84 35 52 17 101 58 38 36 21 78 24 60 50 82 27 96 67 75 99 72 65 
59 40 24 10 0 27 40 35 6 31 64 76 86 36 52 27 99 60 40 41 30 78 16 51 42 81 17 93 64 82 96 66 64 
35 14 27 27 27 0 15 13 23 38 37 51 59 9 26 31 74 34 15 21 30 52 24 52 38 56 33 70 40 63 72 51 38 
31 5 32 37 40 15 0 6 35 42 28 36 47 8 18 35 67 21 1 11 32 42 39 64 50 49 47 67 37 49 67 55 31 
37 10 26 32 35 13 6 0 30 36 35 41 53 10 24 29 74 27 7 9 26 49 36 64 51 55 44 73 42 51 73 59 37 
57 36 19 6 6 23 35 30 0 26 60 71 81 32 49 22 96 56 35 36 24 75 18 54 44 78 21 91 62 77 94 66 61 
72 46 11 21 31 38 42 36 26 0 71 70 87 44 60 7 110 62 43 36 11 84 44 81 70 91 47 108 78 65 109 88 73 
13 25 60 64 64 37 28 35 60 71 0 31 24 29 11 64 39 14 28 37 60 15 56 67 54 21 65 41 15 57 39 44 4 
43 38 63 72 76 51 36 41 71 70 31 0 23 43 33 65 58 20 37 36 60 31 75 94 80 45 84 66 46 29 60 74 34 
35 45 78 84 86 59 47 53 81 87 24 23 0 50 34 81 35 26 46 52 76 13 80 91 78 27 89 46 35 52 38 63 26 
28 5 33 35 36 9 8 10 32 44 29 43 50 0 17 37 67 25 7 18 34 43 32 56 42 48 41 64 34 57 65 49 30 
14 14 49 52 52 26 18 24 49 60 11 33 34 17 0 53 50 13 17 28 50 26 46 61 47 31 55 49 19 56 49 43 13 
65 39 4 17 27 31 35 29 22 7 64 65 81 37 53 0 103 55 36 29 5 77 39 75 64 84 43 101 70 62 102 81 66 
40 64 99 101 99 74 67 74 96 110 39 58 35 67 50 103 0 51 67 76 99 28 88 84 75 18 96 17 34 86 6 50 37 
25 20 52 58 60 34 21 27 56 62 14 20 26 25 13 55 51 0 21 26 51 24 57 74 60 34 66 55 29 44 52 55 18 
30 4 33 38 40 15 1 7 35 43 28 37 46 7 17 36 67 21 0 12 33 42 38 63 49 48 47 66 36 50 66 54 30 
41 16 27 36 41 21 11 9 36 36 37 36 52 18 28 29 76 26 12 0 25 50 44 73 59 58 52 77 47 42 76 66 40 
62 36 6 21 30 30 32 26 24 11 60 60 76 34 50 5 99 51 33 25 0 74 41 76 65 81 46 98 68 57 98 80 62 
23 39 74 78 78 52 42 49 75 84 15 31 13 43 26 77 28 24 42 50 74 0 71 78 66 15 80 35 22 60 29 50 15 
49 37 36 24 16 24 39 36 18 44 56 75 80 32 46 39 88 57 38 44 41 71 0 36 27 71 9 80 54 86 85 51 56 
55 60 72 60 51 52 64 64 54 81 67 94 91 56 61 75 84 74 63 73 76 78 36 0 14 71 35 71 56 113 79 34 64 
42 46 60 50 42 38 50 51 44 70 54 80 78 42 47 64 75 60 49 59 65 66 27 14 0 60 29 63 44 99 70 28 52 
21 45 81 82 81 56 49 55 78 91 21 45 27 48 31 84 18 34 48 58 81 15 71 71 60 0 79 21 17 74 17 39 19 
58 46 40 27 17 33 47 44 21 47 65 84 89 41 55 43 96 66 47 52 46 80 9 35 29 79 0 87 62 94 93 56 65 
36 63 97 96 93 70 67 73 91 108 41 66 46 64 49 101 17 55 66 77 98 35 80 71 63 21 87 0 31 95 11 36 38 
6 32 67 67 64 40 37 42 62 78 15 46 35 34 19 70 34 29 36 47 68 22 54 56 44 17 62 31 0 72 32 29 11 
68 53 62 75 82 63 49 51 77 65 57 29 52 57 56 62 86 44 50 42 57 60 86 113 99 74 94 95 72 0 89 99 61 
38 63 98 99 96 72 67 73 94 109 39 60 38 65 49 102 6 52 66 76 98 29 85 79 70 17 93 11 32 89 0 45 36 
31 50 77 72 66 51 55 59 66 88 44 74 63 49 43 81 50 55 54 66 80 50 51 34 28 39 56 36 29 99 45 0 40 
9 27 62 65 64 38 31 37 61 73 4 34 26 30 13 66 37 18 30 40 62 15 56 64 52 19 65 38 11 61 36 40 0 

0.0 2.736445886839591 8.297096512817253 8.067159994042095 11.137190635723528 5.527684630622575 5.267042121743557 5.164892780984456 6.704957825382958 11.897164958352128 1.7237270729327596 4.360641646702114 4.119269657158016 5.1888580738358145 1.4026779674743761 8.888111809614362 7.764017113376741 4.159764553892556 4.7687452946431215 4.225323461325426 11.211889889313966 3.676058678454413 6.039485491363331 6.560286498544059 4.796851112474065 3.6725242896287913 10.704042516617616 3.914240697123652 0.6002972076587761 12.090509463316655 4.624767341754794 5.848308057259553 1.231826754906964 
4.038467645940914 0.0 3.560345608222096 5.314889194649008 4.318074778658515 2.0346973253302054 0.6596271378958993 1.6400759496934751 4.029606950524164 7.288255677194039 4.3093845548592995 4.187846628074872 8.577264216285531 0.7179267875594556 1.6206345858380815 7.255849633973159 10.587533609860515 3.4435421639814177 0.47795819812115314 2.162304359911458 4.141987590998184 4.577790853209805 5.813619078468471 8.577381475792833 7.2095485901012175 8.41539039339284 4.839658357857569 7.880590084184908 5.713876744532537 8.45395607635995 8.214963944437514 8.813547035080335 5.221521730119452 
9.15916550462125 4.744888956033281 0.0 2.332597200838138 4.264341215684315 5.2829794375457535 5.5195366626583215 4.676538459760809 3.7587238276958708 1.8039089580165075 9.714888396603525 8.206561976484021 9.311827722624855 5.214490808017308 6.036547776907446 0.7903008902052262 11.98258742027378 7.28164262925395 6.521775064072434 4.64945108294092 0.8561667766035395 14.24604324772841 5.485733462637668 9.055919087380675 8.021988723315637 12.196807253900936 6.977626020939752 15.175895693144657 6.8476314954565085 12.072617930004196 18.25137760545855 9.186961096824112 7.7417634321730535 
7.675410201484195 4.416091138876397 2.3830336074514467 0.0 1.414279459261906 4.479801311972018 6.814856081084397 3.25087072360513 0.6435822590541114 2.8133382734702224 11.43940361213173 9.354751724345439 14.402361709886133 4.50096264927039 6.085745718875421 2.6200294956750327 20.193470622674347 8.743077266013385 6.374868955790058 4.75774861945621 2.545556208405708 8.365861077554772 4.7872600936116285 6.004052427289507 7.81316288978706 11.8999540669825 4.556476358484078 16.545911782645604 11.714434339267413 9.339666579679363 16.170555748586946 13.619942644023464 10.639060076615795 
6.232961966856081 7.70941297825604 4.665725253970684 1.136402149543669 0.0 4.533263717171467 7.0107854848253535 4.6665648735228995 0.87830041267615 5.818205972840801 12.353777991110327 13.272021556415545 14.09379430147391 5.577263979946597 9.736688928578765 3.028091362607637 14.103885241403383 10.66442006044111 5.650138690283753 6.270765500551699 3.738180924834583 13.476298236217573 2.485985617539252 8.441564815253221 6.10702530028026 14.269248674985018 3.1647156609955553 10.02812428312973 6.650810018321247 15.20409271446995 16.79416380334824 6.785754261636077 10.637627545636317 
3.523388758678318 1.497344918332246 4.24032715600197 2.744124567498291 2.9010443440304146 0.0 2.146417579428248 1.8079919141758323 3.3262785329832396 5.873053642309848 6.269176496594959 6.037854983210257 7.734453650312277 1.7476554306293992 3.7234045699254588 3.21122134960213 13.513694130274235 3.9719249484988497 2.855347390478462 2.5018942251871095 4.087260930317367 5.703098328660378 3.253403890913974 8.754743965676337 4.330445474981314 9.999350242464594 5.27497167197359 13.570636405491365 7.979792543311512 9.561674216030752 10.64300993442404 7.340936866962992 6.556442690354234 
5.283917865960243 0.54111433600436 3.7095576098751843 5.300712100003256 6.39746052294554 1.5277660022874417 0.0 0.9399181425385602 4.411206057505633 5.83268287363085 3.4539655435396455 6.873422295952999 5.752419356498417 0.9127043665166896 3.42022688117374 5.50439228685708 12.79186585655346 2.794162353236828 0.1736341741327343 1.309921505618323 5.945327943303472 6.075963442916942 7.424944494162396 12.046786706160372 7.666157664463458 6.6845879586339585 6.916958798154289 8.231356480373595 5.741172152200457 8.209801380703224 11.285575557491825 8.083014643556558 5.892023930329717 
4.146036448965803 1.0000213850418835 3.5189677623352806 6.105898832606738 5.5620809698745175 2.1538201909881685 0.9548916166411394 0.0 5.093968860038544 6.8781622747004665 5.85134948779634 5.482614152215339 6.683862071223622 1.500211911712647 4.461959178963552 5.790778335676871 7.88840024759748 3.6280297987773333 1.1005841429550234 1.0465522817749422 3.232925901557808 9.541959068905335 7.093870583059488 10.12158872352744 6.0016555107599165 8.33952150410348 6.618598688458096 10.202518276802365 5.606986073892973 6.616647804562103 10.129192769005604 7.01132869914513 6.040946917308412 
7.152555254284832 5.17748264135393 2.381023319875188 1.1535472765660062 1.0694528591100438 3.4369497536401097 6.084844403106423 3.0205227691198906 0.0 4.336212749237639 10.209227731831806 7.938356948609914 9.442023345724836 3.26610077834553 6.229348680807416 2.5631063054524383 12.626732087026177 10.437526993953298 5.789781548979565 4.19152581321706 2.881720774763795 13.2504194326451 3.3258244997417092 6.405586725960052 4.694880067861288 12.018044505333565 3.30861400634302 16.672014973003105 11.34848108807535 14.734445254826364 10.716376078608901 11.412773654672865 11.740289508802094 
9.684374113420825 7.343370457350186 1.9593295898850678 2.634720502601321 4.50983760739133 7.217009900525058 8.163314060344433 6.443542442120123 4.748513609920343 0.0 7.8671359232330165 8.719536335370256 13.350705807947822 7.658461183093603 7.634672895385205 0.8721746711092331 17.613863774334035 10.922085581671018 6.675259871949363 4.823641940979364 1.8998279240980787 16.298662650239756 7.671900814700765 10.139071095410182 7.488548063982176 14.662553096586969 5.104821381164504 19.281328867509544 12.033867918085377 7.693927505526219 17.42962558480569 16.494013268124114 7.992445343319242 
1.6444722978472466 4.641490938655647 8.237355693107409 10.8544202638817 9.318462196865207 5.024448063444148 3.68029820798673 4.566889291437999 9.371528128540279 12.119544313128795 0.0 5.951760140157377 3.6445505393869855 4.821485348562852 1.9006808642424409 12.348076614488667 5.542526791451983 2.4454043927806275 3.683442317797229 5.0449666315361075 9.96109048042356 2.2557459074836883 8.94917634278926 8.902907152336581 7.121020594383905 3.5581744326785394 7.54999805601483 7.607877306108862 2.499473448731698 9.544987285081644 6.481005134801304 7.157468279299874 0.7185484727008691 
8.4523053052705 5.881704014213916 9.899986644649209 8.616948606893121 11.765308261827258 8.384743127898542 3.984236685614585 5.407147204425849 12.2783203568233 13.513180649711494 5.849353694433593 0.0 3.5179110371501627 5.609503829922163 4.23376449592776 6.794004779983491 8.141088808899116 3.1764614679066163 5.384283758498074 6.304530955548476 10.667863049185353 4.805180232650203 13.532805796994406 12.520942190591851 10.525542117380908 5.642849527157781 15.050754073742768 7.705447535187493 4.814095875573134 4.689624350089253 9.62169765411221 7.643362920691981 5.089618230575254 
5.815163964490671 8.557803445261658 8.36089569607073 14.6036615020301 13.570856691405464 11.50516680513214 8.990295313052885 9.735568918017693 11.23478609074224 15.104378393766813 3.282517456301533 3.512268869939745 0.0 6.586175097326622 5.923695920814221 8.650997717122282 5.649395756750868 3.9285946963029286 8.747905928773907 5.906958032281579 9.38430948902567 1.5930088597909993 15.103004006756112 11.870367600570205 13.265975472325207 3.172966327195832 9.45850024630115 5.194734912675948 4.100397196713376 7.634936761195756 5.572630790139463 6.97407888791294 4.36218546504862 
4.372888693606934 0.660049771636738 5.965493289480971 4.638855220520302 4.986913272489865 1.2405220945995452 1.0380014132966606 1.0571983109536116 3.22646942892059 5.030604010128855 4.520442528570716 4.932501467878184 5.443309631964063 0.0 3.3908335514608363 5.845907549055669 9.922509165732613 4.98724220555777 0.8812939348432238 2.6620422387577025 6.140785455238301 7.988156280753147 5.101305123043055 9.975038977820489 6.249843669462144 6.418131698061618 6.46005432215105 9.19484400319989 5.9450168575345455 10.450778806724145 10.832625884389788 7.363474267652455 3.9520140217701067 
2.5823362347268723 1.7715238491796539 8.070575505908332 6.05122794469978 9.070906726276304 5.18405089732686 3.115315482639095 3.3198041268911114 6.1912641827846056 10.907858070664318 1.4778471659809398 4.9022763951094115 4.547022065484688 2.0727145160404157 0.0 9.108072724841751 8.051341973689436 1.3548517806143823 1.8281294491105193 4.870291167941248 5.149542072151963 4.76172863999215 9.033289820615266 11.562219615385532 7.748070035536301 4.469983649035136 5.684855806582891 7.905154566606619 3.722575211808994 8.158704097384453 5.3656322490113055 8.22313222633633 2.3903428723103692 
9.620607584160762 4.863816369272598 0.7422247080386684 2.4510613651738544 4.542403507141068 4.662389284280952 6.4042695179325975 3.479101383579983 2.371315352923154 0.8076612892279099 12.215544265588338 9.164365613476466 15.229700048651601 7.010518808845076 6.318369380721928 0.0 20.05485614575687 7.149347739145643 6.98333315209082 4.761939443824099 0.879823076509731 13.116498140302213 5.926392491539911 12.310352777588243 10.260533597389946 9.843674101171702 7.215362023752486 18.71562467195886 11.313079533022037 11.321597142212259 14.336417467952483 13.466974241560914 7.635726328213725 
5.658430630777472 10.995993909807241 19.40826178206744 15.168681450767352 16.8588122628405 7.435382452210011 9.44762459033445 9.113255017499958 18.620534119510786 13.222859684255937 4.265889365293174 10.379064533510368 4.8620550746919555 13.048479625299235 9.810264248795745 16.522153809498327 0.0 5.288146259489903 7.7929573851421505 14.081052402773258 14.752756403492738 5.5002299154542245 13.287635198832573 11.912043825956271 14.840064989264949 1.9085871334912041 10.104611336839765 3.1203282772219447 3.7078965162298925 15.113562376073467 1.181004970291817 5.324461308960825 7.085310196531538 
4.534758197262489 3.5129232419493115 9.008318463053188 6.123437798193017 11.41621428563721 3.4965416955576907 2.272007088978342 5.369162846335961 10.268021786064866 6.345821437650201 1.7557155416942634 2.670634113876303 4.730224200783905 3.367266648489482 2.16476196356576 10.99838021157985 8.252795787048832 0.0 2.5182475977932084 2.980622545058118 5.5575519021405375 4.348607814590502 9.37042863162357 7.977127277544282 10.115621264462092 4.144112594267098 8.616333412655994 6.417313118584325 4.834812313015725 4.736659521070186 5.275436487455272 6.224342106215005 2.4818811702020196 
4.228710542082105 0.7216107924210745 3.6830758937941708 6.6691435199135585 7.208484682383309 2.072951985187809 0.12182306674073692 0.9278621429523591 3.8422976665636615 4.933177327938758 3.791291255966732 5.1543151363632 5.992827735718608 1.3344643562782958 2.7030082646597156 6.20113882938493 9.437309330875213 3.434266578509215 0.0 1.2432275932381103 5.054865916514983 6.727410848100164 5.394489143466378 11.617505384320904 9.706478107622173 9.179927083630329 6.236665318580056 10.954385485027286 5.766917706054683 5.426704016037804 9.623315968739911 7.778024963816847 3.0905012257864573 
6.378528197626741 3.0967511816461513 3.1851591022037864 4.612108508940716 4.610984241183627 2.3737234081063003 2.128966007300602 1.30459751479891 4.427458779728021 5.252343488168224 4.503476553877489 4.156285758952049 8.21685712313844 3.2787603358446535 4.43277641818649 5.127281085130747 8.586958144702898 4.047805853425389 1.7982643718191844 0.0 3.978514741276261 6.791227636155609 8.76981830172216 7.522326438645668 9.939583262777536 6.945758314876256 7.397180658396504 10.238255662016988 5.186674490046621 8.14206915301941 12.811963374199792 12.649723916509586 6.976099397428242 
12.316048188988301 5.689393862192093 0.7536847572720451 2.2740019342387483 3.0447377328432044 4.7599497507507 5.329620377115274 4.476154227684421 3.700942466178275 1.391231213690055 7.073621956413126 6.109273593497308 14.311994268020872 5.510586763015029 8.105763282837671 0.708452176019507 17.813799439425576 6.3844930493817955 4.713585142726898 3.8911954565716944 0.0 13.442920814517917 6.0132496872287025 11.31324895247967 8.902989999591096 11.278252972375384 6.168578768177839 13.420187694837578 7.892141954787701 9.006990319082252 14.33254052525611 14.41441845779532 8.27932014955879 
4.1310566448124995 5.643698533835982 11.837679075828923 10.95331601526575 8.182607891722894 6.530907860369207 4.713945357363581 5.432652935122246 12.342485811359904 15.588963984630027 2.2257203662339786 5.568136762338107 2.1930018492921306 4.632895144313875 4.888713688290263 9.499135444963098 5.387766267542184 4.271193936635035 8.397657228005595 8.47437745077794 11.310456206009803 0.0 14.024449890487329 9.82407946826326 10.510582768504383 2.084260759675334 13.078889978708746 4.88602009035005 3.8163951061723616 7.882682070182801 5.356798726874646 5.325853893280935 1.5007489752635081 
7.064702854401672 6.02456772688085 6.397928107940356 3.2871631393007634 2.1990922852433137 3.0803458606218914 4.926786063082238 5.645757431701975 2.4641167984260552 5.607562086892289 9.413109522837058 11.67769005531261 11.368720418872108 5.398679982166351 7.188228280829976 3.9856002227098934 15.61983033653173 6.535845656543827 3.9480144253180387 6.286960304992537 7.179962050749975 12.614148708976412 0.0 6.190037821029288 4.122630853122921 9.450503540569263 1.7934533279081322 12.198771522850501 9.590778359669784 16.702992330427904 16.560493357253698 9.4414336666596 10.551311895549475 
5.620341502391931 9.078205456592677 11.183731779385052 10.725305631871919 8.817782152160055 10.110889547864407 9.92916211510399 8.68476305163038 5.801268557314778 10.314059349935395 11.212585270332777 15.44836078619233 10.661337990292967 10.410506914389787 7.3444259249527875 9.264271631243583 11.45198727273807 13.175244801263432 10.772950283066155 10.495000136120083 14.832989641331508 14.769791985860977 5.327690935879671 0.0 1.4642345359697424 7.2164640898275225 6.8541718591731025 10.45019027401174 8.96979323381144 15.475634385514699 14.927816526965618 6.504154223383467 6.873782845953262 
4.602127353847143 6.869310000072629 6.567681229520745 6.134696507811406 5.923302846769783 7.168463431263186 9.572697232254185 7.9400070873770385 7.4433045103217115 7.9736090758874925 6.614884153697595 11.751025063176145 12.58049062279331 7.586109963917918 4.883632016558473 11.639930813368013 9.264766155740267 9.069386723102355 7.969405754731699 9.929243781228038 11.94785156133771 7.7728917040336984 3.434483341794086 1.7521076489366219 0.0 10.76124102229009 3.6183948096748573 9.778746100315457 6.594896676426272 11.777104815324867 12.951204810578847 3.663578415881587 8.15391621211134 
2.4197170464283606 5.388295260417093 13.0470671308032 16.18848111051165 10.925914885676487 10.321141169667168 6.0631294356895475 7.991010721142639 15.286353524631142 10.625694871215389 2.9375444152910077 4.633941443912699 4.362640499144121 9.294302514986192 4.343348022214676 15.53208589177913 2.207740262236479 4.674004646550863 5.867662636529883 7.955744526466921 12.560594469015864 2.4119330649871245 9.10161265230556 12.745943550643386 11.445178568932135 0.0 13.747875208673578 3.599934025029673 2.13810098531775 8.430982168941943 2.5823664302966325 4.818691979164142 3.7855009716620316 
5.9152793917134945 8.511798603658399 7.958421062695622 3.1335637624383645 1.9582115714868435 5.198946899695234 8.175994612908568 6.768248219887308 2.6819700778652176 7.518843927121287 10.25956459546441 15.923982769879613 14.341977262436686 7.718699419734223 5.642305269907388 4.543892662976387 14.070249711153464 7.183267360043308 7.945443529691753 9.659717516634169 6.859007558746253 12.483728829728156 1.3899923150348203 6.699882160198156 5.045503295211404 12.57501833162403 0.0 10.283775282028643 9.511991807809267 9.965613821845361 15.073261610722746 9.276401277300625 9.606539456321812 
4.945462900308311 6.839903869302841 11.654664446833257 17.368226753113312 12.346122030718316 13.41317596180599 9.492296092724326 12.373091753529913 17.40141457032405 19.316596188706487 6.802480630187228 13.181143278320263 6.139433212564233 7.729099941600687 8.911018667405683 15.178852492376798 2.569010610059628 6.754302014089094 8.020255034821881 12.34891896138652 10.558510795716312 6.097172293172351 8.261606619600894 13.736648806508121 9.579600104157803 2.60980477380452 8.977589968116774 0.0 4.2980035878121585 15.83939212492794 2.0884520082147082 6.1167154024984365 6.2238230786334565 
0.9916170232676089 4.709465044879046 11.677715452010862 7.702162262855353 8.293496604849016 5.08223613972151 6.218954654661699 4.254420058196804 8.053950086237709 9.312018086021725 2.7564348304201998 8.246309017770125 4.211305862764489 6.795721087298562 2.3848738511607097 7.908999750604317 4.301462544733297 3.4357795342065103 6.956396130545302 5.251783378531926 9.629676918326346 2.651174487909559 9.350192971351829 9.447840601000392 7.294173609871391 2.5621482191635314 6.744042647434068 5.712993404941588 0.0 12.70376647542713 4.775197898740528 5.655687901141046 1.734891668025536 
12.26157600591634 5.787139584654318 8.986300024392525 8.677904277046174 9.437198823276024 10.361921046577923 6.362191592047701 5.891726958573075 14.141938338900662 9.764626218983395 6.6761809859917225 5.125123015961506 5.510772942091972 7.133702932233634 10.854255970541834 11.100555381398241 13.840905541967757 5.030171696486279 6.185660355477594 5.930634927777084 8.350295154845774 8.733670940556408 8.663523054515672 22.129752334281598 18.192050744545988 11.107448352444216 16.026616253833165 15.185740529344784 7.359843714256562 0.0 13.707640153605876 12.151669909604793 11.112984971931692 
6.485209844482705 9.383042024674694 9.898069817828913 19.583853763048907 13.722665650717497 7.334954439446272 9.09418844084265 14.582874225399749 9.860101098542719 15.578337021128092 5.5755425642349845 11.974486672265577 6.176565865587723 9.629137071748563 7.892340638551104 17.34855663483671 0.7252965690786276 7.762402453950388 11.775110005021709 11.82156638259879 13.229275536038635 4.093804251294065 14.072767258376901 15.266102435538734 11.59256598692269 2.4965048994701196 16.856555934263998 2.0276759702358707 3.2172283047681773 16.73211330667683 0.0 5.216793134991884 6.8413676312763965 
5.390492283050607 5.567099174437121 9.896393408012942 13.26490780399674 10.966242546168644 8.455400675320242 7.89260584156726 9.072341480400754 13.097953850110548 13.853063731313176 5.007291660370454 8.952918779270906 8.201017508743174 8.385097752535062 5.917810880499152 10.396665249551152 9.587723710580583 7.903827428685856 9.70601725516486 8.131485875509192 10.826154597345422 6.278109679993905 9.076287309315113 4.877797357962446 3.8920772189799697 5.868722094455977 9.704936715080969 5.3191476206670725 3.6435041305989206 12.36793968393836 8.617701120612399 0.0 5.907416069472966 
1.1169381131214255 3.2682621460877668 8.91541230948401 10.30661969658623 10.303377355686806 6.7602882102877055 4.941279287040473 5.104361763930578 10.786363002438968 8.8388278778042 0.752806572475643 5.560609327955213 4.852256502098355 5.535627615299051 2.3786070254304086 8.24526146444768 3.765812569834007 2.1734448749577293 4.204361423311953 6.269731565515836 8.881789639804543 1.6433105165975628 7.892588011134043 8.168916076497856 7.985571802758488 3.2507216880883485 11.150902295644276 6.047967546351467 1.2476833639224811 8.345502324714024 6.651398344334094 6.577608599145742 0.0 

0 26 17 6 15 7 5 15 16 17 1 21 66 25 16 11 7 17 17 22 10 25 16 7 21 11 21 11 21 22 25 2 22 
