44
6
100

0 89 21 33 21 53 32 30 15 40 58 64 34 67 42 23 88 29 99 29 80 69 30 57 42 39 50 34 27 51 61 9 78 45 30 89 36 74 44 37 56 32 84 59 
89 0 75 55 72 97 57 111 91 62 65 61 55 72 76 90 43 61 14 81 27 90 63 34 84 49 58 91 95 41 32 87 93 77 67 1 64 78 65 57 33 75 79 40 
21 75 0 24 26 68 21 51 34 19 62 67 29 47 22 40 84 27 87 42 73 80 12 47 54 27 51 50 45 35 52 28 89 55 34 76 16 81 23 36 42 12 90 41 
33 55 24 0 19 58 4 57 37 26 42 45 6 55 38 38 60 9 66 33 49 64 16 24 43 7 30 44 44 21 29 33 71 40 19 56 23 61 32 14 24 31 69 32 
21 72 26 19 0 42 21 38 19 39 38 44 17 69 47 19 68 11 82 16 61 54 27 39 28 26 29 26 25 40 42 16 62 28 9 73 35 55 45 17 42 37 66 51 
53 97 68 58 42 0 61 40 39 81 34 40 52 112 90 31 72 49 101 26 75 22 69 66 15 64 39 19 28 78 66 44 30 20 39 98 78 35 87 46 76 80 45 89 
32 57 21 4 21 61 0 58 38 21 46 50 11 51 34 40 64 13 68 36 52 68 11 27 47 7 34 47 46 20 32 33 76 44 22 57 19 65 28 19 24 26 74 30 
30 111 51 57 38 40 58 0 20 70 62 69 55 97 72 21 99 50 119 32 96 61 59 77 38 64 60 26 17 78 80 25 70 45 44 112 66 72 74 54 81 62 83 87 
15 91 34 37 19 39 38 20 0 51 49 56 36 80 56 9 84 30 100 18 79 57 40 58 29 44 44 20 12 58 61 6 66 34 25 92 48 63 56 35 61 45 74 68 
40 62 19 26 39 81 21 70 51 0 67 70 32 31 15 56 81 33 75 55 66 89 12 41 67 23 55 65 62 22 46 45 97 65 43 62 4 87 6 40 31 13 95 23 
58 65 62 42 38 34 46 62 49 67 0 7 36 96 80 43 38 36 68 32 41 26 57 38 25 45 12 37 45 56 36 50 31 18 29 66 65 19 74 28 50 72 28 67 
64 61 67 45 44 40 50 69 56 70 7 0 39 98 84 50 31 40 63 39 36 29 61 37 33 48 16 44 52 57 34 57 33 25 35 62 68 18 77 32 50 76 24 67 
34 55 29 6 17 52 11 55 36 32 36 39 0 62 45 35 56 6 65 29 46 57 22 23 38 12 24 40 41 25 26 32 65 34 14 56 30 55 38 8 26 37 63 37 
67 72 47 55 69 112 51 97 80 31 96 98 62 0 26 86 103 64 86 85 86 119 43 64 97 51 84 95 91 43 69 74 127 95 73 72 34 115 25 69 51 36 123 34 
42 76 22 38 47 90 34 72 56 15 80 84 45 26 0 62 96 45 89 63 81 100 23 56 76 37 68 72 67 36 61 49 108 75 53 76 16 99 11 52 46 10 108 36 
23 90 40 38 19 31 40 21 9 56 43 50 35 86 62 0 78 30 98 11 75 48 44 56 21 45 39 12 6 59 59 13 57 26 23 91 52 55 61 33 61 51 66 70 
88 43 84 60 68 72 64 99 84 81 38 31 56 103 96 78 0 60 38 67 18 57 75 39 64 59 40 74 82 61 35 83 57 56 59 44 80 42 86 51 51 90 39 68 
29 61 27 9 11 49 13 50 30 33 36 40 6 64 45 30 60 0 71 24 51 56 22 28 34 16 25 35 36 30 32 26 64 31 10 62 30 55 40 9 31 36 64 41 
99 14 87 66 82 101 68 119 100 75 68 63 65 86 89 98 38 71 0 88 26 91 75 42 90 61 63 98 103 54 39 97 93 82 75 14 77 78 78 65 45 88 77 54 
29 81 42 33 16 26 36 32 18 55 32 39 29 85 63 11 67 24 88 0 65 40 43 48 13 40 28 11 15 54 50 20 49 16 15 82 51 45 61 25 54 53 56 65 
80 27 73 49 61 75 52 96 79 66 41 36 46 86 81 75 18 51 26 65 0 65 62 25 64 46 38 73 80 45 21 76 67 57 53 28 66 52 71 44 35 77 52 51 
69 90 80 64 54 22 68 61 57 89 26 29 57 119 100 48 57 56 91 40 65 0 78 64 27 69 37 37 47 80 62 60 9 25 47 91 86 15 95 50 76 91 24 92 
30 63 12 16 27 69 11 59 40 12 57 61 22 43 23 44 75 22 75 43 62 78 0 37 55 16 46 53 50 23 42 34 86 53 31 64 9 76 18 30 31 15 85 30 
57 34 47 24 39 66 27 77 58 41 38 37 23 64 56 56 39 28 42 48 25 64 37 0 52 21 27 58 62 22 5 55 69 46 34 34 41 55 47 23 13 51 60 31 
42 84 54 43 28 15 47 38 29 67 25 33 38 97 76 21 64 34 90 13 64 27 55 52 0 49 27 12 21 63 53 33 36 8 24 85 63 34 73 31 61 66 46 74 
39 49 27 7 26 64 7 64 44 23 45 48 12 51 37 45 59 16 61 40 46 69 16 21 49 0 33 51 51 14 25 39 76 46 25 50 22 65 29 19 17 31 72 25 
50 58 51 30 29 39 34 60 44 55 12 16 24 84 68 39 40 25 63 28 38 37 46 27 27 33 0 36 42 44 27 43 43 20 20 59 53 31 62 16 39 60 39 55 
34 91 50 44 26 19 47 26 20 65 37 44 40 95 72 12 74 35 98 11 73 37 53 58 12 51 36 0 10 65 60 25 46 19 26 92 61 46 71 36 65 62 57 76 
27 95 45 44 25 28 46 17 12 62 45 52 41 91 67 6 82 36 103 15 80 47 50 62 21 51 42 10 0 65 64 18 56 28 28 96 58 56 67 38 67 57 67 76 
51 41 35 21 40 78 20 78 58 22 56 57 25 43 36 59 61 30 54 54 45 80 23 22 63 14 44 65 65 0 27 52 87 59 39 41 23 74 26 32 10 34 81 12 
61 32 52 29 42 66 32 80 61 46 36 34 26 69 61 59 35 32 39 50 21 62 42 5 53 25 27 60 64 27 0 58 67 46 36 33 46 53 52 26 17 56 57 35 
9 87 28 33 16 44 33 25 6 45 50 57 32 74 49 13 83 26 97 20 76 60 34 55 33 39 43 25 18 52 58 0 69 36 24 88 41 65 50 33 56 39 76 62 
78 93 89 71 62 30 76 70 66 97 31 33 65 127 108 57 57 64 93 49 67 9 86 69 36 76 43 46 56 87 67 69 0 34 55 94 94 15 103 57 81 99 20 98 
45 77 55 40 28 20 44 45 34 65 18 25 34 95 75 26 56 31 82 16 57 25 53 46 8 46 20 19 28 59 46 36 34 0 22 78 62 29 71 27 56 65 40 70 
30 67 34 19 9 39 22 44 25 43 29 35 14 73 53 23 59 10 75 15 53 47 31 34 24 25 20 26 28 39 36 24 55 22 0 68 40 47 49 10 39 44 57 51 
89 1 76 56 73 98 57 112 92 62 66 62 56 72 76 91 44 62 14 82 28 91 64 34 85 50 59 92 96 41 33 88 94 78 68 0 64 79 65 58 33 75 80 41 
36 64 16 23 35 78 19 66 48 4 65 68 30 34 16 52 80 30 77 51 66 86 9 41 63 22 53 61 58 23 46 41 94 62 40 64 0 84 9 37 32 11 93 26 
74 78 81 61 55 35 65 72 63 87 19 18 55 115 99 55 42 55 78 45 52 15 76 55 34 65 31 46 56 74 53 65 15 29 47 79 84 0 93 47 68 90 11 85 
44 65 23 32 45 87 28 74 56 6 74 77 38 25 11 61 86 40 78 61 71 95 18 47 73 29 62 71 67 26 52 50 103 71 49 65 9 93 0 46 36 14 101 25 
37 57 36 14 17 46 19 54 35 40 28 32 8 69 52 33 51 9 65 25 44 50 30 23 31 19 16 36 38 32 26 33 57 27 10 58 37 47 46 0 30 44 55 43 
56 33 42 24 42 76 24 81 61 31 50 50 26 51 46 61 51 31 45 54 35 76 31 13 61 17 39 65 67 10 17 56 81 56 39 33 32 68 36 30 0 43 74 18 
32 75 12 31 37 80 26 62 45 13 72 76 37 36 10 51 90 36 88 53 77 91 15 51 66 31 60 62 57 34 56 39 99 65 44 75 11 90 14 44 43 0 99 37 
84 79 90 69 66 45 74 83 74 95 28 24 63 123 108 66 39 64 77 56 52 24 85 60 46 72 39 57 67 81 57 76 20 40 57 80 93 11 101 55 74 99 0 91 
59 40 41 32 51 89 30 87 68 23 67 67 37 34 36 70 68 41 54 65 51 92 30 31 74 25 55 76 76 12 35 62 98 70 51 41 26 85 25 43 18 37 91 0 

0.0 17.551097612797165 3.6576384440864884 4.355312772334869 2.6179462096401416 9.170990119656887 5.701559237456279 5.402665224422721 2.0978521421588834 7.616254352546211 8.512565036398403 6.5619754457463015 4.529040225882445 10.55449865706544 4.778127558152104 2.6892066516907014 14.423616151142012 3.2291798684984516 17.88995342930402 4.348239268758038 11.341736429299422 12.207431747535875 5.759673186091087 11.036558502534549 8.24776325723634 4.8082807169541315 6.22271291605731 4.777492800412951 3.4072781774069334 8.303491604698706 7.409505958639955 1.5188037726778143 10.214051695246521 7.426083148260467 3.141271533712804 12.166889323801835 5.758640792982724 9.896533219459034 7.843472245701226 5.108739731498783 9.373474683806833 4.050695985591902 16.718756872959453 9.63092509242321 
13.4462957929866 0.0 9.388954452620842 6.0586802461773654 11.967482810740275 13.427736190433583 9.685218465348393 21.00079194725565 13.354272159851778 11.174877179883518 11.818340943184914 10.375168422515344 7.62464362441823 12.11993940292065 11.02306052393375 11.386894823074288 6.312515479847801 9.704693591045077 1.9944803177365906 11.667012611669488 3.3752075349877932 13.055583178538829 9.670666843992212 5.786947271236835 16.12634910623751 5.534072522479347 9.530197314931067 9.348833895484313 13.362799981229365 6.274437123486717 4.8886593656491035 11.3679774733958 10.975991474790542 12.709788932094632 11.600690617817527 0.16657936973995224 12.306165033926467 13.02997591044431 6.898441336414164 7.618310546618334 6.322635201979939 9.677488038519177 12.538690369888657 4.01644651278653 
4.066109621484288 9.094903778509728 0.0 4.513682062713823 4.39640784179668 12.778911986711183 3.3016897996190266 5.648464932914674 4.552554437803995 2.499224685234042 11.07524296575388 9.8564893866719 4.184491913683133 5.679203190721406 3.1460564579924095 7.338161064031903 14.906730770295447 3.1130287856367476 11.110706376758893 4.751330596572942 12.841795953857918 10.669357799215184 2.1217999945363184 5.855763107895557 10.705222437030159 4.807617430092869 5.37281484003112 8.077997639702916 4.998487221129488 6.0805783578778625 9.51250390239299 5.3916981443080445 15.796735039904792 8.841193149832693 5.662814871666981 14.01362644531864 2.3308145805601574 11.426193182102686 3.5026546225423667 4.831815225508918 4.967844345633728 2.0033931599733545 17.46786983120039 7.316302096830882 
6.194013386778602 6.470819271696205 4.656182934008523 0.0 2.9523767952784628 6.626011481173681 0.411318710897685 7.352810144536329 4.235983412027466 4.723177230584801 7.665620035655026 6.375000805626832 0.9837398233889189 9.83145877277751 6.563984569858281 6.231673909154782 8.398541872004673 1.6384247937850394 11.387902299718139 5.225600970384637 9.58161109793161 8.132794066989456 3.123090897013027 4.304707297755191 5.714918207488726 1.2758170521131333 5.378329638700264 4.727767738638637 8.580567161742444 3.2480014593732474 4.132966711507587 5.305201499796549 10.794228018641254 4.17573111563488 2.772078901185877 6.4180702033501955 4.066901480680077 10.669970612674652 6.251837224120877 2.1299483135118837 4.544587108724611 4.043318958769513 10.06137606715825 5.372420172848247 
3.4480703016092367 9.214343944637054 4.884559642626536 2.7839008883633953 0.0 5.972476257809271 4.028494094103779 5.443432614973679 2.274515621131076 4.037013302433064 5.894482695186158 8.77518592360996 2.0644940792952022 7.3642366062145825 7.026971018008754 2.607231983669989 8.216665652523709 2.161855788946654 15.82479285445411 3.0450788735044707 9.942287437278114 7.481873303997455 4.779399388163361 5.64206024317077 4.447994165508861 3.65045854866711 4.780046279454624 4.740124007152826 4.128001015366427 7.8295472226271245 5.825234845656575 2.311631975857963 10.219995412590748 5.214136130004334 1.0348903877145559 11.378835562096386 4.762172188560834 10.512806608080641 7.409913311786161 3.079486008924482 8.021575933110412 4.5384062051848355 11.468916772848452 5.943090115607035 
10.166383168037761 12.185700661165422 10.447658227621238 8.99540564849596 4.24467000216404 0.0 9.987631994679166 4.088793081383309 4.0534325477549 14.161896227498822 4.805597559981914 6.384304569165771 7.708802872457534 21.3525114447716 12.777454539150584 4.357958873005304 13.204466922226782 9.123975258500144 18.346418860870493 3.3106197617105577 10.805419491083164 4.195681749541852 9.540209446411502 8.684970095821782 1.7502942237585986 10.73697884424778 4.4017575180016 3.308991364887094 4.112514523094573 15.427136552233403 11.466800020135848 6.8620035179259435 5.8504402586607664 3.5104257636825844 4.145390888568231 15.036652399813654 9.616900138795963 5.005728133479607 14.782705603508411 6.191675260280183 7.807009880563032 10.471382177520756 5.372543769030902 14.09569217540613 
5.162910550689847 10.620652309317903 3.839444529147859 0.7588693926783407 3.274018887044798 7.62279393461284 0.0 7.862561087077669 5.265517586219319 3.266153906290914 5.6138001890019655 9.134084830392666 1.179542598562464 9.748279078829821 4.066495947954851 7.895807292193404 11.123804004096996 2.32929368257927 9.469228357903356 4.655078564944236 8.216680910602882 10.395036797123808 1.2723724528121259 3.954889768017261 5.455496773987615 0.9244507061933321 6.676842854423919 5.53530016307013 6.60180293408227 3.560375268574594 6.2105045682799105 4.940168570374589 11.32648375249593 6.05818088685544 3.249666672255679 10.238863389828097 3.4682301350823863 12.782595341482473 3.0839893145872592 2.375434822741721 2.752174753705741 5.113824229821923 14.51042169903413 5.678837658553039 
3.2175948315107727 18.175233669595087 6.005930827746812 7.339288437437411 7.015513867997246 5.419887980662783 6.246295823928992 0.0 2.287431424638849 12.143443170455946 11.048843356637747 10.787285684833114 7.293522286244546 18.846425559347587 14.067894213584628 3.9559867278831162 10.256103514710833 7.845158290266918 18.041304251731894 6.219308507458496 17.922670149127537 12.101516014122303 6.206727180796166 9.066952189991362 7.3877044353395664 7.64050387532418 7.107250087097283 4.858204561682231 2.798571717203354 14.21342076484132 13.269127267867981 3.234237553371619 9.604962744271187 8.984010601187958 4.546632851328482 11.616864518912234 7.983226109924157 11.528807224607984 13.771303179251223 6.919775905518387 12.94283958884386 9.733480262335913 16.44919193120444 10.793006364130056 
2.3916940507844826 14.82127645282971 3.7196737597665503 4.757200177959697 2.188467774882128 4.615093510288478 4.079000196555425 3.4489421563080134 0.0 9.402021200768896 7.896548193433274 9.21036519607023 4.3901379062599375 11.33544350410468 9.051472442446038 1.539087713449892 10.726893575263027 3.2197619525762957 14.776619844547067 2.3454166466318105 8.910859366800063 10.133479466260106 6.950931980353912 11.31647186756826 5.241752799256419 4.509659463949476 8.476946356365772 3.089918940842275 1.5920103182125267 7.908553453267567 8.07374398184583 0.8738351143002179 9.91104866662559 4.08069787792379 2.970469251104524 11.974436377504876 7.307930502102516 11.902848297983835 8.774524694748425 6.150282640916756 9.179097608001713 5.293346077912808 8.341719179792424 10.439519367511178 
7.517055578592974 10.201894226525516 3.034801830190573 3.504723654109199 5.321893123923535 15.74670753682093 2.7169803516794175 10.191833169474206 7.355192055151673 0.0 12.8241167165237 8.252930708651181 5.46010755652452 3.858239917311163 1.848397863902576 8.81078645250054 9.694689234783917 6.34544710620524 11.969498890703512 7.319324487672366 12.149430222395079 9.7559960292403 1.376732902513742 7.534081874055895 9.536822405214973 3.7229177653548593 8.303461365258245 8.113817780749368 6.771918258714966 4.294759194454755 5.858140781870098 6.183516915847008 12.179501123297625 12.23895487801704 8.560267505960578 7.217432861926122 0.7515577092537701 10.2833565695824 0.9284289394110168 6.261710679228472 4.977350188581983 2.5349081791442307 16.319220383391638 3.6565945974902827 
10.635893129671098 11.806305623677003 8.855106199173509 6.232420412355269 7.081886181286169 3.833700676548657 8.072804052447353 6.224916987246147 7.346000485133208 11.711124772511699 0.0 1.3508737971055518 3.7220981512636357 10.80689557354831 15.865679253988809 4.799125660578508 5.246977491081016 6.585196051603155 9.979524759578997 5.050185264917757 4.984232624705282 4.8005179595225815 7.948692073784095 5.071699660199503 3.490658018687546 7.01459998902613 1.6148739728890966 7.3576035867237675 7.157770317432833 8.127358172705975 7.094573438604905 6.598609185806123 3.111626061741754 2.335314347069872 2.9620643043556654 9.777680332522054 8.620588364960426 3.3716027664714527 8.290291569220427 4.891598534813902 7.7256352904385786 8.677823228207943 5.470557463402878 7.609436265135917 
6.754438793073945 8.508733094531468 12.699184809459865 7.487317614026868 6.993391077315943 5.368512111429956 5.798576278863185 9.729604325802839 10.316139988891454 13.553225871581231 1.0232166844249613 0.0 5.1141874297725884 15.889422533292318 15.25185962523948 5.717214163988772 5.5631740412013535 5.642802136235778 9.729531449899875 6.1220843094967865 4.285187650691125 4.522431426215084 10.921214033250493 7.168856988772962 5.720881718771448 8.028482163340794 2.9145645289475577 5.815211655240805 8.138165356554376 5.770854740395889 4.098778299499196 6.701954621340768 5.21191680743198 3.2441657040691423 5.214720476701615 9.315410427974099 12.433368794440678 2.413036998425924 10.5734551029989 3.7838400778242693 6.820941640863796 11.064303347909236 3.5340444076604776 7.215463070138919 
4.4164182192636225 9.31061528776367 4.9480398814194135 0.7654834970347363 1.755796905647147 8.282573700711149 2.193525682818948 9.096240740508481 3.78860371278878 4.327378235935744 5.221874823963033 6.705507800487668 0.0 12.321082152617645 6.726055900479316 5.5692038396782255 7.00112249581994 0.8005181778096935 8.683841628126688 5.292509404998244 5.5467371962964105 8.550225790036153 2.4304715041637595 3.963770352973805 6.64584883750764 2.0133249964258937 3.586207552562141 6.84781602837904 5.484826518399357 2.7038472050044646 3.003100899400996 4.288867767771956 6.669613028302503 3.8200311821609763 1.7371788415864367 8.262548836446879 5.345749727983275 10.197571820508635 5.48260953706372 1.037279238407633 4.44074341518617 4.13364911626884 9.885196841860132 6.54563701245389 
8.783905013537172 13.215051836081159 5.771125971804958 7.593594989094546 8.513031824445237 14.915274710067951 7.414413528640846 10.230128832031625 11.289400874355726 5.020676357979715 11.338218799704944 12.948472305233711 8.940299716077208 0.0 3.412033355843343 8.801649117518947 11.088552588472263 10.124987141542665 15.109360557286193 9.026704709372424 9.57867668807719 21.32443881923042 5.247111441925206 12.434992647173024 16.225880763401133 7.267933259896697 14.402183085571258 11.220392101607393 16.00442557535812 4.516691597728214 11.937625285857628 14.302812008489955 16.238301193869226 10.735546505993838 12.836547701734055 11.426545896623374 4.003975256094118 20.568684618154528 3.474664667767717 9.824100099691766 5.949729068312036 5.877738945361972 18.71963251486278 6.348209099383169 
6.671160094357598 12.765325480207956 2.8817160318515813 4.955368891420749 6.2629441918434825 16.09429767500314 4.645809568540325 13.820943482910565 7.554663299551973 2.7836731580728467 10.998864400166482 12.652698841924535 5.5522158747791766 3.7503684065581826 0.0 10.830444853108176 15.017011719150066 6.374597767901255 17.35053232531351 6.550014146223525 9.292967969960925 16.750141266295532 4.412642077508428 8.622499903130944 8.431121816612412 7.350948953617074 7.988057758219458 12.390131562611728 12.101153044015556 5.515062219903262 10.987008203542263 7.011562126661797 20.06351727052558 13.234479503722167 6.373542871425672 8.414915798412578 1.9626200638237976 17.949963014978557 1.6322590990775248 8.044365996987878 5.274790355203336 1.752750386589891 21.246398975790314 4.994132527297236 
4.333683383324798 15.58215765343946 4.332292258786062 4.702834678329548 3.3566469279807123 3.448390942378719 5.360682850140475 2.585175602209736 1.4846244018239996 8.454345335149798 5.727067302208899 8.054895797029218 3.5317235396747115 15.75979240671122 10.95020995232673 0.0 8.929421698608127 3.699542651825432 12.95644283477835 1.9300863103287251 11.685763685050784 5.547741730176003 7.608575291005396 10.118872727487958 3.001738014205143 6.84557486412271 7.187118978129572 1.5237545745080767 0.7568296992411501 8.56532608754147 9.70461331370702 1.5838760336281963 6.708377696056201 4.777810335388095 2.3890606277174897 18.19215906799591 5.536722852543625 8.139185970409235 6.264364778253085 5.080230024312249 10.68569328186572 7.6695590911342855 8.97444635129619 7.532433549566558 
14.488201734497586 5.30027413638413 8.625213570217605 11.995615319184667 12.55825477120216 12.47573493566907 6.568838715011449 16.581300796231407 12.896481409071018 14.58903512709516 6.429426943470891 4.035308171445615 8.913336446769474 12.86048515784568 14.222379205036804 8.506634484915477 0.0 11.722409364339903 5.860838992072061 8.771612940321788 2.3254599967323046 7.466931147723049 11.645813209835698 4.006280969387239 7.92756269203157 8.082428551069098 5.246652524061389 12.712730369529464 9.91708919612973 7.333020155146576 4.54123042191017 10.157067179984836 9.503971807112896 9.63194487868924 11.514362788425055 8.707467650068761 8.34982503936462 6.362102825166003 15.073916396020362 9.15954043914473 6.743883806878013 9.296084702887137 4.8598419043513825 13.387367487004292 
2.9731872206497836 10.811154752446189 2.872304745758859 1.7319509660740429 1.298968926651351 5.1092905702830365 2.1245018279962258 5.815545751336676 5.338306828384381 4.066653068656073 6.165717925928795 7.061882374524088 0.8545254320009787 9.317253787844045 4.896953433104676 3.9566887594376667 8.239036371252544 0.0 12.926312045895703 4.119836713977146 9.849902906431506 7.447523950234289 2.5196271786146545 5.3662468734430915 4.0890508785474715 1.9335271420385836 4.3648007767399495 4.944480519858214 5.5398063791857695 3.018811980535763 4.609191021831644 4.856701963312592 10.454532838058777 4.744323306548431 1.4509588210699091 6.720321012286628 3.3034078818533334 7.07696709055487 5.349994450586157 1.1194451680476427 4.814233614805443 3.6209937570192507 8.703962946474848 4.72721096859085 
16.20805398375061 2.5154167458352132 13.115790567262149 6.754168217402678 10.204187477958254 10.944596793799922 11.432071735145584 14.29630518927579 10.97951363724749 12.944563507377136 10.540725348588769 7.064903432746833 8.088394729650059 12.857876203385366 12.594480794701498 16.494498192710978 5.8537710156655605 9.852676518822353 0.0 10.526990340716514 2.8397530651792593 9.932627892117083 11.418844646931209 4.263098084603687 15.688391726988145 7.8617281193337405 8.593084245224086 19.521969564303856 11.66569001133552 7.459164257767334 7.698521488500123 18.64775276697091 14.395568001550352 13.538644255262804 14.196057764086863 1.7080225362408008 13.71240030197063 14.304574806865828 12.902355630116867 7.600552816572136 6.587556709752544 13.867583072740352 10.958624159101674 6.653754744767155 
5.5432168664952 10.250803463433876 5.641135899810346 3.469743733083583 2.1093114618284132 3.362995660820272 5.042492177434515 6.372506485169915 2.3039148144174075 10.309393921542965 3.9929326561796983 4.999664036672301 5.768749708697111 10.098020116164392 11.484914161292336 1.2011870924358643 7.624520251207008 4.179396084577709 15.889166580510018 0.0 9.786604226438584 6.16012156853907 8.188078783570699 8.804820266759535 1.8878128980366464 7.448206542467784 4.853871003191204 1.1732182162251146 1.5750184217644234 6.359516312377945 7.820947307155702 3.2158804750463466 6.794007018419185 1.64354852799437 2.3175063491454613 15.7517314584298 8.406571910142159 6.651437681324129 6.65525163686071 2.715841760159647 10.578547113743184 5.926376077541299 5.639891324920418 11.718301398990029 
12.663217714599279 3.8077980410649506 11.48936264377409 9.741668988157093 6.293502446409801 12.245571947481828 6.557958737025 10.008390914654285 14.321705281802185 10.303575916125931 8.012256955659256 5.067617901508801 4.810860712808407 12.975304706376424 12.787975406670864 12.408413461827134 3.4885259710140777 6.811731439881595 4.66111111080094 12.805346075221575 0.0 10.149982185429277 12.256256774405163 3.9418908371334416 9.54092686287756 8.155424684027418 4.1802977078565045 9.585704913421157 13.646790298386996 4.956555991586552 2.4425945190361116 10.144387546220035 10.659245969131803 9.516808260259836 9.691041914020364 4.624322748729808 7.341491439252982 8.050739464981785 10.906840203213278 4.429178241494584 4.374645594572772 15.027653486772284 9.737097158677738 7.274371920259044 
11.886230656984843 9.973378285571712 9.688009231151748 10.367442955788782 10.031865657246867 3.269388569733675 11.397147213266985 7.891472908745752 6.555756156422863 16.295765150854827 3.3656226752766885 3.9403108119448786 9.345094980548811 21.11608160420104 17.936845031549616 9.394014840243258 6.224341495136176 9.029779858191782 17.126802805026983 4.838368883031042 7.2485148208236305 0.0 7.829573184072648 10.220068463828536 4.745482033989019 13.518764788216 5.54692618340687 7.123707295619688 8.690796577393257 15.21579107281456 11.290879427682173 11.404657472444677 1.1901389674392098 3.956172902276556 9.209042625604294 13.065564514938057 8.80249037437336 1.6103765056656794 14.311324518583532 9.747105455498076 8.112157850960722 10.341397168537746 4.469996699738186 9.975383289766636 
4.864528567824777 11.232710927223058 2.3054685830178063 2.3376090322017 3.0090861640091324 11.513507319358341 1.3255082944079397 7.780848457380998 5.017716154757327 1.6207112085493371 10.398708486592136 7.0067362639376265 4.218477753699984 6.871066887120598 4.1984014703831845 7.5527310985229885 14.395868884024043 3.56244592710366 10.94457189231744 5.1365782104443705 11.901092684249729 10.036776115247635 0.0 5.443294036422435 6.719085496688378 1.8828765504827114 7.032966780391227 5.802833166846807 5.182169903516433 3.5058069070229188 4.2539371518684685 5.852295710515595 15.878516102646401 10.551651617493373 5.9075601027956886 8.826194799057848 1.6889741594488128 11.296063072158434 2.46463399921373 4.047402962555209 4.081253214516165 1.7228712810387763 14.236304406310769 5.873756750976311 
10.588351307949441 6.763681441830245 6.489105312927558 2.7089928271126165 5.151322484749013 10.830138284760906 3.6684103334116918 8.497398588264486 9.447862498817218 4.525035218237544 4.13701984033358 5.001686545087912 2.637895566079081 8.860798296421098 7.943828351230708 7.371148675139578 5.703251759283772 4.042530130744463 6.525298850952756 6.2918431931186465 2.5135398438705097 12.296170847625683 5.119326905128079 0.0 7.897416489566489 3.571283706294569 3.724659984374742 7.3540689917491004 7.936573033211287 3.274063389784711 0.6013974140215975 9.729373185415204 7.9497510280457035 5.674797722417458 6.307469556796441 6.08238036467945 8.153336142826745 7.688234387176278 7.841200541797952 2.725635720966542 2.159894502845227 9.119222256087067 10.106606159369026 4.868349581193648 
8.356781825016256 16.140979669926157 5.444369826855113 6.53637008613239 3.218039625018956 2.481264070602652 7.181743695443512 4.33255232552339 4.992397077604022 7.479869201834541 4.988242064807187 5.632121964263442 5.314747831887779 17.798897073070968 13.902536084688055 2.222699973578947 9.641505358484658 4.378330522199878 10.537283853392559 1.8666248444555795 12.333533364770847 2.8040643146268662 9.059161929326162 7.801852451836689 0.0 5.038131359937563 2.780379225834306 1.6041731227876177 3.4221646220547832 9.840210660647001 7.782943839337545 4.445408765192099 4.582431347494007 0.8198781671207538 3.0385144030397235 9.133989534596424 10.51134477276036 4.69892315509125 8.927280455968184 3.613143308577743 8.833833611731762 7.102187429298657 6.553691310239124 13.830701298886076 
5.93736564947658 5.002328994933365 5.324661722418111 1.193542803313975 4.424575543405898 6.459139784631374 1.0915436731278283 7.609643709304613 5.955620902131425 2.30283069780618 8.985719122628758 8.594046065453641 1.3654300926505991 7.347188743654142 6.4450939450416165 7.317718733753915 6.509124086331481 3.134238791957341 7.650787043961141 6.958044167069341 8.91801837606266 10.828553227402278 2.4367118706398347 2.5231321209559843 9.684576841497218 0.0 4.711649540565641 8.593595008164401 8.25726979875214 2.024800683191471 4.223919942106674 6.276146237709515 9.310902623903655 9.052256842007981 2.607005137293285 7.144585879775699 2.482805109823668 9.161954577506744 5.565601008805608 2.188426344379565 2.364036896581612 3.5364982814450103 9.86534886257647 4.271422895338539 
5.432894270082935 9.44213018956879 5.998895194107741 4.107427572234628 4.104207662572019 7.484487166538031 3.7087176192019715 6.020696498472252 7.416781370419237 10.692155936612902 2.3401863597194494 2.588065721936678 3.0798779652615846 11.137131068842887 13.215361771762305 4.919294419811352 4.190014808741122 3.643739388008777 10.5924890405276 3.0817875688808245 4.185282573128073 4.376906715677992 8.41277143081306 3.1671845319803267 2.8835409524281572 5.085954976883212 0.0 3.986051947411392 7.470850187600696 7.393899210253517 2.950113429150128 8.05848901925965 4.450439494333799 2.461036425234374 2.883609056353359 8.611578911527035 9.100882804743732 3.5149835057470247 12.147840410204164 1.9248868481458714 6.066120769897789 7.066882609178498 5.01852241955758 7.843596084400062 
3.9803158592663292 11.340291049932173 6.704410590876218 8.337241695123913 4.096915915404233 3.065209091089466 9.190236090572082 4.166211583814546 2.3721726900147244 9.362618078859821 5.5191157421336285 5.886090913454719 6.126365671369861 9.53371933783517 10.602302596523671 1.817364562687826 9.494207071427079 3.7785064441742087 12.082322076374565 1.951304073603573 13.95399743323877 4.993874264008856 6.890980884744452 11.29971159839166 1.5417868553903658 8.366275964435268 6.18929939225362 0.0 1.7698890579032502 8.551555067010474 10.90449983484352 3.14699639378298 9.01669099006783 2.1986599989505327 5.1220644631268755 13.304081002609077 12.044178571633985 7.491901315991173 12.572753282312863 4.190330593230959 9.002452004720983 9.309936373019534 9.3351009529385 13.42215289524103 
3.3027851481550456 13.714151119490303 5.814193368733076 7.811987915681503 2.964732993827237 3.6854273239217674 7.989069106301903 2.228121885320709 1.3397208891794583 9.990505324957702 5.9878914206088885 9.73322060470064 4.403951592688964 15.16729908740491 8.740708466546245 0.6719249415264988 14.906979331050144 3.759522612698114 16.474769691490174 2.5005763474871987 10.649397555597854 8.131362114949404 6.092498353840197 8.11620982779137 2.293549839520354 8.255796905135256 5.799138393976053 1.5791707594352058 0.0 7.050312057843371 10.497058229712927 3.5622436277007488 9.80599753948362 3.6596692004983105 5.011497647218844 16.81452119451125 5.9789855791125746 7.947137953475249 12.133002199916127 6.081048593942289 12.03549668273221 8.432683742446475 9.012127183642255 10.123579172285023 
7.785717115333352 7.07661666427422 4.095802703503653 2.1009777128643043 7.169358800514948 12.235458605736849 3.8820163994116412 13.757175199604411 6.898395825983538 2.8527039896560042 5.714550504637901 7.60227160411 3.136537356125482 6.609701649062134 5.659907040428402 9.381679956563733 8.766510385812232 3.2525642679673163 6.532703320924963 8.969320815738687 4.901861517805187 14.713478841646289 3.2344990988037208 3.3659369896995335 10.1762654846753 1.7500355458984598 6.84922019765194 6.629953775199767 8.895259961344799 0.0 2.843542636095296 9.490388141920105 14.138404887090012 11.573551894408315 7.75419206252593 4.568120476571125 4.5466731230176105 12.856012260989587 2.932739474562001 3.5672939270754593 1.784689099157474 5.9727413760226575 13.08427383202055 2.398832316766161 
11.676602048792216 5.965558710203165 7.571993216605014 3.8902641033358 7.696441649659802 6.870555694678181 3.8924929440674516 11.160439800446868 7.870682412258827 6.145846592697075 5.4629023955424385 4.898497316049325 3.207543018765391 10.59730614793358 11.307945405002407 8.886339569640118 4.533507974900511 5.474873627097549 7.711185545228172 9.100834118635305 2.5188518326648115 10.799015030873974 6.695560317366791 0.7361720421042334 8.91885231508272 3.5469971568346796 3.7853460999065724 11.284312860531081 6.908803869539251 4.684074658651506 0.0 10.646928119952076 10.38081428737352 7.111585767543097 5.427460146507163 3.5788305064883703 4.773034145952185 9.867728687702215 9.15372528534379 4.285838865037707 2.4587097230664448 9.213222524077349 8.763162514608258 4.630143415398148 
1.053760123839631 10.013272595580812 4.183941944136076 3.636901656837294 1.773764343514584 6.658493402267873 5.337563891110483 3.972620651126346 0.8892912104327334 6.769017936478505 5.91638410086258 10.298775265077499 4.2766282142957674 8.343731987904382 5.819777568076169 1.5708553399866632 11.34476131177658 5.16930189821586 19.118256415892176 2.1981050240507947 13.787098345759716 7.0934700123481935 6.309349547138414 6.221311508990748 5.025376487464904 6.977639712015655 6.421691263640256 2.519011649274088 3.422843488918328 9.967630114073188 7.370491730090103 0.0 9.971055822832858 5.937786703296054 3.7588389963740267 15.452141830678176 6.905560878692549 7.650098964695957 9.334001054068175 4.240318114686915 10.718456855917317 7.21888761709398 13.352010324823627 11.96741633939023 
14.160838858136907 17.66724172160782 13.977500585242314 13.293380518887702 7.058851197463804 3.1899369589291298 8.103041739685885 11.844123472762561 12.785408094923131 14.21231915769864 5.652870146466276 3.492049339665888 9.511964143576286 20.583120465267744 12.856973503957377 9.484950763981546 9.770543420804783 10.270013587870613 14.09388636235872 6.141505880569136 12.068599017878837 0.9423570731725476 9.351299481252783 9.442426133153338 6.359463827976047 13.739136608426302 7.2074393418917815 5.849765950017183 6.71898307597805 16.470179661811386 12.183988658920857 9.290813577243433 0.0 4.825696311298677 5.63142401751172 10.966663491089019 11.311376828011403 1.805284390114865 19.476843385161338 7.625371223847631 11.111522992076262 18.492088762119334 3.4367465560030577 11.380879286100875 
8.640042787920763 9.082236378829727 8.637658629096174 4.596573399107387 3.829534773343072 3.4340104568544034 8.426271756700167 6.413533281293752 6.6441093594292635 12.051120016494487 3.4006408797839276 2.7276200722144806 5.923683949789112 14.065871037710243 14.769338115032543 4.427324274213652 9.038469549274538 5.720667618950257 10.828106035565149 1.777636688271043 10.204547146064975 3.4854321632660543 7.351801077432091 4.814129448008827 0.844146540834081 6.928173739666048 2.6860936145264063 1.905249820299125 4.745406241716745 9.338181074819278 8.610114953887892 4.17304894296062 4.317115143281818 0.0 3.00962585443931 10.295279018718402 10.748559124233566 3.8210048341913314 7.535683983854499 2.966767582778256 6.055457112748926 8.818054212280483 7.00270207863054 13.113592060333527 
4.996927386942898 8.727194269429322 6.146481438132504 2.5662895983008216 1.4007031395846146 7.296832793144464 4.091926664971384 8.540989341149448 4.579344080296377 5.08170870909099 3.1689344646326987 5.319042581604791 2.087751849880058 9.706235329236492 7.569957057298277 3.6096514438323366 10.36140537557886 1.7099590275295125 14.470234471077852 1.721377273484911 9.998280286993353 6.882871477259844 5.128540496068705 5.419928602410934 3.0789657440000338 3.1917964647313295 3.693964878454495 3.6612047861091033 4.386481429892701 4.484296601968796 6.414018321790273 3.0272731861469135 8.428150257965264 3.7983923273243394 0.0 11.461611643897214 5.430037312498097 5.528877706039509 5.513637804463282 1.5763998542649813 4.734207380245194 7.327980508001223 9.370973608652701 6.569885548359517 
13.173648849712993 0.19509465204980822 13.447077879553017 9.850948162825713 7.872998574135956 16.621104367329018 7.929339219265813 20.199524435184504 9.85915657349359 10.47544439178914 9.29912991938987 8.901123499098535 8.6681168219841 9.159456542834358 8.115626850648315 16.800008328143253 8.769250945937952 11.899909550567473 1.4801119460055139 11.849290014909675 5.0518676697061835 10.144097472029486 11.506977474187124 4.095788995621583 11.3465202501934 6.779132251945539 9.393421911283813 12.7787577753582 18.011787706511143 5.658491542361869 4.430854369416176 14.430906355336035 12.034288525603127 11.486991847937652 9.278548641079995 0.0 9.640144009790983 8.075505324692974 9.108028325016644 10.668092590995226 4.075336877722727 9.970668594693489 10.724531174865877 4.469392671795047 
6.603628168098919 6.656427107871274 2.041192142903172 2.9464543411130624 4.851236664469107 11.496730218188295 2.8520456290642637 10.271715359231969 5.680028353203683 0.6208363748726461 11.362420671980768 6.87751958192219 3.294357168265911 6.753616347926049 2.352260407642135 6.469058089126394 11.850256141168984 5.665380303402344 9.750081820786212 8.109168171518133 11.9292629666702 17.030835903746492 1.436748503389528 5.635986079808228 6.964046686553695 2.51462325097161 9.477946886520957 10.410899002234482 7.684610923852729 2.595270365172846 9.009716467948241 6.435982126857882 11.12360283253733 11.631786052912329 7.523498458985234 7.828236429361445 0.0 8.632001094038582 0.9175760265686155 4.502660652195438 5.237385583647113 2.1007553425735526 17.861788758237694 4.275433542351446 
8.175767960886422 11.483809660935773 15.382210059072873 9.820983663014562 8.258919713573304 4.923760412550227 9.72196098430739 9.16599905050472 7.899123034226645 16.96018308949948 2.8327140694710145 2.2380738904211546 7.219166884077209 19.258230440214025 13.416576461209676 8.529993700597302 6.340728863345838 10.584026357694809 14.777553183170383 8.501523699315982 8.23273881392872 2.0793661660075555 11.433206983063025 7.377216410455751 5.424185615355762 11.25704256590534 5.844157513089646 6.146647859103663 9.354849101758436 8.574168765933301 6.85099201096675 7.517582914694076 2.1994179620908314 3.306081006898246 6.555149264402141 15.159552694207399 13.07647010228709 0.0 14.814358746318279 7.444651315360558 13.296911309112097 17.126656332520078 1.34847240531675 10.341479797582211 
5.872597327864405 11.917600317578087 3.2644459094248655 4.527350036417222 4.984011582819022 16.25604603230174 4.124332701909445 11.47518584439187 8.015353916621917 0.8927425106448226 11.698251431294572 9.467886068211335 5.180518018806863 3.6445361472122197 1.5079730583677897 7.0700800436867555 15.950584389719783 7.731317552751075 9.510513503166884 8.809582192488888 7.121288168317807 15.036937277881783 2.782443584236496 5.5316693590874095 14.599194255142251 3.227239075501777 8.23635118358341 7.597376521797261 10.121173687623047 3.427736507408705 9.8277400939326 9.015421744566433 18.52182082890309 7.984883232221035 7.8518490688621245 11.004184697597708 1.5909343404607506 17.622170865041547 0.0 5.88470683565026 4.485895523878095 2.325140540032155 12.230452485820276 3.559743426869532 
4.579319369049301 10.423048520176497 5.879590997437337 2.1889100946409545 2.7154000145235524 6.177643849786002 2.563077434182648 9.861359489251655 5.426728738647293 5.02198175748055 5.487572768307464 5.838462802655303 1.404137024239122 7.833492940968781 8.625052496791074 3.539079445775729 5.855876269877642 1.606423709626272 9.69329979512941 2.8433674064675647 7.25466035335832 6.401572476797531 5.612280831041076 4.222275851770129 5.89268615079519 2.7362207787047814 2.39965155743089 3.630154090518076 6.189872364946751 4.633738500377116 3.285973859833902 5.50608508728841 10.565689628041902 4.053990174434911 1.8465948254275146 9.332282400799144 4.324210542895891 4.887673669723833 8.226484885310759 0.0 4.544664671302746 5.803904781261337 8.027820046605473 7.941285309149826 
7.863933266324782 6.0691159297633135 8.205339409618322 2.682605302470646 5.651478063736716 10.72296796798901 2.919335689649038 13.38888339880559 7.932032700114977 4.489950633769562 9.125724317170626 6.517905814053819 3.535937009891944 7.2082556321865 7.844161202834931 6.801582297505968 7.52791146690401 3.7415824341133512 7.784263934665421 7.736788149657634 6.992495728057714 12.920501721872032 4.919328987286191 1.7341247584018462 12.05561732094348 2.597911204283027 5.917772408406926 9.657615025675241 11.246550416547848 1.7356172500900917 2.599858042705357 6.350741562978335 12.340147831537575 10.352261637756833 5.750844763179431 5.146757228895591 5.430148805799384 10.070105538658341 6.980226419247531 3.0153576279219756 0.0 7.012207024466969 9.182885369720923 3.1873042923594097 
4.386664937053235 10.618994197496217 2.3519497051634595 5.906188710638932 5.3300549933556916 8.881792070440142 3.4394477313704295 10.400473406125439 7.207031723385826 2.5955913725777306 10.54964687636837 13.707149942067886 4.028806942215659 6.22537626624808 1.0543023549435662 6.25071119454255 11.303604653105312 5.806529307776126 8.897422712262559 5.787194715942637 9.783147548682898 13.172703193002128 1.6518856175279557 7.498952334769729 6.806548811728487 4.224867459493287 11.871312984312556 7.71065817685037 9.411449906651546 4.664659061557561 10.405242875735734 6.160726959776758 16.956416834013208 7.868958859321141 6.045943333527761 10.120268593507857 1.808533170034244 12.57065621475654 1.8662331781531643 8.236403107980546 8.53008271820866 0.0 10.017451467556041 5.2093324194028385 
8.490254384822599 14.1829230767873 12.337146463972337 13.057915549856517 7.913131265959743 8.096531735726327 7.777115879261735 12.465084775557713 9.040047096979784 18.574413057194143 3.667202159298822 4.278276594796438 11.219627916886738 20.485684389785764 11.982559188713102 8.156064644042846 5.324858953453823 10.86452438904736 10.943202995672848 8.092705417368968 5.976427853077901 3.461336703249901 12.144516355965333 6.405083463679643 7.539810038787244 13.483103356281536 6.743615092459354 7.181561705016534 9.006831368170078 11.007125693835457 10.316256389005012 10.713140999296279 3.413085841695728 4.689768494619964 6.024432599275773 10.833814907745662 16.301492374542164 1.900740914665028 13.084562997865781 8.97204190369516 10.790830971565892 13.388023513556794 0.0 15.295014961161105 
9.435007698613331 6.5817820789485 7.460335510659878 4.284605287141972 9.992529243688203 11.594185559497038 5.908694589970128 12.25053848910429 7.540187634381401 3.695207399444873 8.692866429735835 10.483892507543688 5.995153197951778 5.651888303964918 5.440541473841572 9.638258462644178 10.24933091231922 7.594041796926433 10.146488052070453 11.321185917592647 9.564552687912654 17.61199361291091 5.208572049362809 5.040782886953942 9.337433548765443 3.7809911835416736 7.358171463104459 12.116829832552444 14.470560575244441 1.3885489569231615 6.902854778854896 7.705154147600034 12.043567017045067 13.051208579055308 9.27664210130683 5.427463884205087 3.0692910007953125 16.9190141710125 3.442986785808653 4.472323676044262 2.907530557538288 4.70156938979632 12.895418411141367 0.0 

0 8 24 9 19 9 18 9 14 3 14 8 8 13 18 4 24 14 8 18 13 2 9 18 3 24 8 24 14 13 24 23 9 13 14 14 18 24 4 8 13 4 14 18 
