45
6
100

0 21 31 67 67 79 30 29 82 19 70 60 50 44 20 36 67 56 50 65 54 88 46 9 42 36 24 43 25 30 70 40 35 93 54 25 67 48 21 67 66 86 59 42 29 
21 0 50 80 86 86 12 41 94 38 83 51 70 54 14 57 86 56 49 54 65 98 64 29 25 56 24 34 38 29 59 34 47 105 42 15 88 33 34 88 56 99 79 42 9 
31 50 0 73 56 93 61 46 88 28 75 90 22 59 42 21 60 81 76 95 67 97 42 27 73 8 53 73 43 58 100 51 50 99 85 47 45 79 20 43 95 91 47 68 59 
67 80 73 0 37 26 80 39 16 50 4 71 69 26 86 53 30 47 49 77 17 25 33 59 81 69 58 66 42 55 81 107 33 27 75 90 61 79 81 66 74 20 40 48 81 
67 86 56 37 0 63 91 50 45 48 35 98 43 48 86 36 7 76 76 103 46 58 22 58 98 50 71 87 52 72 108 103 47 54 98 92 26 99 72 32 102 46 9 71 91 
79 86 93 26 63 0 83 51 23 67 28 61 93 35 96 75 56 37 43 65 26 16 56 74 80 91 62 63 54 57 68 118 45 27 68 99 87 75 97 92 62 27 66 46 85 
30 12 61 80 91 83 0 42 94 45 83 40 80 53 26 65 90 49 42 43 64 96 69 38 13 67 22 25 40 26 47 44 48 104 31 25 96 21 46 97 45 98 85 37 3 
29 41 46 39 50 51 42 0 54 18 43 50 55 15 47 35 48 35 31 56 26 60 29 23 47 47 21 37 4 21 61 69 6 65 49 51 61 48 47 64 55 59 46 24 43 
82 94 88 16 45 23 94 54 0 66 13 80 83 40 101 68 38 55 59 85 30 13 47 75 94 84 72 78 58 68 88 122 48 11 85 106 71 91 97 77 82 5 51 60 95 
19 38 28 50 48 67 45 18 66 0 53 64 39 32 38 21 49 53 48 70 41 74 27 10 54 29 29 49 15 33 75 58 22 77 61 44 51 57 31 53 70 70 41 40 44 
70 83 75 4 35 28 83 43 13 53 0 75 70 30 89 54 28 50 53 81 21 24 34 62 85 71 61 70 46 59 84 110 36 25 79 94 60 83 84 66 78 17 39 52 85 
60 51 90 71 98 61 40 50 80 64 75 0 103 50 65 84 94 25 22 6 55 77 78 63 30 93 37 17 51 32 11 85 52 87 10 65 111 21 81 115 5 85 95 27 43 
50 70 22 69 43 93 80 55 83 39 70 103 0 64 63 20 48 89 86 109 69 94 37 43 91 14 68 88 53 72 114 73 56 93 100 69 24 96 42 21 109 85 34 79 78 
44 54 59 26 48 35 53 15 40 32 30 50 64 0 62 44 44 28 28 55 11 45 31 38 55 58 31 41 19 29 60 84 9 51 51 66 65 54 62 69 54 45 46 24 55 
20 14 42 86 86 96 26 47 101 38 89 65 63 62 0 53 87 68 61 68 72 106 65 28 39 49 35 48 43 41 73 22 53 112 56 6 83 47 23 83 70 105 78 54 23 
36 57 21 53 36 75 65 35 68 21 54 84 20 44 53 0 39 70 66 90 50 78 21 27 74 16 50 69 34 53 95 68 36 79 81 59 31 78 37 32 89 71 27 59 64 
67 86 60 30 7 56 90 48 38 49 28 94 48 44 87 39 0 71 72 99 41 51 22 59 96 54 69 84 50 69 104 105 44 47 95 93 33 96 75 39 97 39 14 67 90 
56 56 81 47 76 37 49 35 55 53 50 25 89 28 68 70 71 0 7 30 31 52 59 55 44 82 33 26 37 27 34 90 34 63 31 70 93 38 77 97 28 60 74 14 52 
50 49 76 49 76 43 42 31 59 48 53 22 86 28 61 66 72 7 0 28 33 58 57 50 37 77 26 20 33 20 32 83 31 68 26 63 91 32 71 95 26 64 73 8 44 
65 54 95 77 103 65 43 56 85 70 81 6 109 55 68 90 99 30 28 0 60 81 84 68 31 98 42 22 57 37 5 87 57 92 12 68 117 22 85 120 4 90 100 32 46 
54 65 67 17 46 26 64 26 30 41 21 55 69 11 72 50 41 31 33 60 0 34 33 48 65 65 42 49 29 38 65 94 19 40 58 76 66 62 72 71 58 35 46 31 65 
88 98 97 25 58 16 96 60 13 74 24 77 94 45 106 78 51 52 58 81 34 0 57 82 94 94 74 77 63 70 84 128 53 11 83 110 83 90 105 89 78 14 63 60 97 
46 64 42 33 22 56 69 29 47 27 34 78 37 31 65 21 22 59 57 84 33 57 0 37 76 37 49 66 30 50 89 84 27 58 78 71 34 77 54 39 83 50 17 52 69 
9 29 27 59 58 74 38 23 75 10 62 63 43 38 28 27 59 55 50 68 48 82 37 0 48 30 26 46 20 31 73 48 29 86 58 34 58 53 23 59 68 79 50 42 36 
42 25 73 81 98 80 13 47 94 54 85 30 91 55 39 74 96 44 37 31 65 94 76 48 0 78 26 18 46 27 35 56 52 103 20 37 105 9 59 106 34 99 92 35 16 
36 56 8 69 50 91 67 47 84 29 71 93 14 58 49 16 54 82 77 98 65 94 37 30 78 0 57 77 44 61 103 59 49 95 88 55 37 83 28 35 98 87 40 69 65 
24 24 53 58 71 62 22 21 72 29 61 37 68 31 35 50 69 33 26 42 42 74 49 26 26 57 0 20 19 6 47 57 26 82 32 38 79 29 45 82 42 76 66 19 23 
43 34 73 66 87 63 25 37 78 49 70 17 88 41 48 69 84 26 20 22 49 77 66 46 18 77 20 0 37 16 27 68 40 87 12 49 98 13 63 101 23 83 83 18 28 
25 38 43 42 52 54 40 4 58 15 46 51 53 19 43 34 50 37 33 57 29 63 30 20 46 44 19 37 0 21 62 65 10 69 49 48 61 48 43 64 56 62 46 26 40 
30 29 58 55 72 57 26 21 68 33 59 32 72 29 41 53 69 27 20 37 38 70 50 31 27 61 6 16 21 0 42 63 25 78 28 43 82 27 51 84 37 73 67 13 27 
70 59 100 81 108 68 47 61 88 75 84 11 114 60 73 95 104 34 32 5 65 84 89 73 35 103 47 27 62 42 0 91 62 95 16 72 122 26 90 125 6 93 105 37 50 
40 34 51 107 103 118 44 69 122 58 110 85 73 84 22 68 105 90 83 87 94 128 84 48 56 59 57 68 65 63 91 0 75 134 75 20 96 65 32 94 89 127 95 76 41 
35 47 50 33 47 45 48 6 48 22 36 52 56 9 53 36 44 34 31 57 19 53 27 29 52 49 26 40 10 25 62 75 0 59 51 58 60 52 52 64 56 52 43 25 49 
93 105 99 27 54 27 104 65 11 77 25 87 93 51 112 79 47 63 68 92 40 11 58 86 103 95 82 87 69 78 95 134 59 0 94 117 80 100 108 86 89 8 61 69 105 
54 42 85 75 98 68 31 49 85 61 79 10 100 51 56 81 95 31 26 12 58 83 78 58 20 88 32 12 49 28 16 75 51 94 0 56 110 11 74 113 14 90 94 28 34 
25 15 47 90 92 99 25 51 106 44 94 65 69 66 6 59 93 70 63 68 76 110 71 34 37 55 38 49 48 43 72 20 58 117 56 0 89 46 28 89 70 110 84 56 22 
67 88 45 61 26 87 96 61 71 51 60 111 24 65 83 31 33 93 91 117 66 83 34 58 105 37 79 98 61 82 122 96 60 80 110 89 0 108 64 6 116 72 21 85 95 
48 33 79 79 99 75 21 48 91 57 83 21 96 54 47 78 96 38 32 22 62 90 77 53 9 83 29 13 48 27 26 65 52 100 11 46 108 0 66 110 25 96 94 31 24 
21 34 20 81 72 97 46 47 97 31 84 81 42 62 23 37 75 77 71 85 72 105 54 23 59 28 45 63 43 51 90 32 52 108 74 28 64 66 0 63 86 101 64 63 44 
67 88 43 66 32 92 97 64 77 53 66 115 21 69 83 32 39 97 95 120 71 89 39 59 106 35 82 101 64 84 125 94 64 86 113 89 6 110 63 0 120 78 26 88 96 
66 56 95 74 102 62 45 55 82 70 78 5 109 54 70 89 97 28 26 4 58 78 83 68 34 98 42 23 56 37 6 89 56 89 14 70 116 25 86 120 0 87 99 31 48 
86 99 91 20 46 27 98 59 5 70 17 85 85 45 105 71 39 60 64 90 35 14 50 79 99 87 76 83 62 73 93 127 52 8 90 110 72 96 101 78 87 0 52 65 100 
59 79 47 40 9 66 85 46 51 41 39 95 34 46 78 27 14 74 73 100 46 63 17 50 92 40 66 83 46 67 105 95 43 61 94 84 21 94 64 26 99 52 0 68 84 
42 42 68 48 71 46 37 24 60 40 52 27 79 24 54 59 67 14 8 32 31 60 52 42 35 69 19 18 26 13 37 76 25 69 28 56 85 31 63 88 31 65 68 0 39 
29 9 59 81 91 85 3 43 95 44 85 43 78 55 23 64 90 52 44 46 65 97 69 36 16 65 23 28 40 27 50 41 49 105 34 22 95 24 44 96 48 100 84 39 0 

0.0 2.5394929877751378 4.071158138607229 12.168532246141933 12.82279149706989 12.742777464112457 3.928094160775411 3.0611680787026727 12.098607526616853 2.366801967653572 12.114330594318428 7.195691573117435 6.123282461718237 5.678340528415966 2.8282271161029566 7.0623521482728115 12.80957837175545 8.686854164016026 8.285898590412176 8.655326266546075 8.751676949321935 9.650843279244675 8.274246539355143 1.392154686325048 5.843311287113654 4.89756716226456 2.742842538188207 8.157166846628737 3.6718572465474155 4.626409554387892 9.166432626104134 6.0172034536234005 5.442559390897757 14.203388803475756 6.779023283475996 3.114582263719594 12.500589368983814 6.911932902562715 2.4053925474569744 6.825226811857698 9.887869172126397 11.830076759911828 11.656852880377873 6.806359516560564 4.6412732627235 
3.821291984245464 0.0 8.10808297644402 8.805539615928904 15.098625640199348 9.380006787442829 2.0842705666663295 5.332385220908068 13.967255201363757 5.472198531110878 11.400354839015895 7.488613703768508 12.230081691790716 7.722534341368108 1.7129686356087004 9.554035731642696 15.386043561069132 9.254694235823406 4.900917570849878 8.197388092928449 11.056874052031132 10.256903665431762 10.720080726869675 2.9528874616262057 3.55941912785352 8.50962480100182 4.470168040740704 6.775790230724684 5.932344009890668 3.438390982512969 7.79389111577275 4.638157735363692 6.209564660337081 18.43061141763485 7.935490713380475 2.1635096850708373 14.58003664417446 3.77150658719123 5.326455569097065 17.500927926522515 10.934610957182297 16.55852485868937 14.622411617820266 8.199503836052614 1.2677515203237972 
4.207757936396627 9.535152903122512 0.0 11.751860627635907 8.970346147648627 14.908473657960315 10.12725350108122 7.533327144728096 11.769991608871823 5.518174637366389 8.424588690424624 13.312623096271494 2.2792845978876626 6.9653469744879555 5.632709623376244 2.983781023557628 7.608437707411463 13.73134098401409 9.974471718642105 14.965362265980065 9.874276783068359 18.124692246092675 6.7140232328423295 4.542726530124556 10.18522777904124 1.5108212077513754 7.776909921105185 13.516031192571354 5.089038005808731 9.45771997824184 14.466544547788244 10.019995084090015 7.689288518941259 16.648346431512053 13.165384966589812 4.947703281625043 6.125573793866815 12.035821315975184 2.6353927325407147 4.588828656850314 12.563087139814751 14.783748798087597 4.807108936194719 7.666785247763935 8.287309266834379 
13.237447843144004 14.248390711600772 10.93619931101313 0.0 5.2929247752825965 2.9096589028713162 10.1260686407626 4.975849152046983 1.6969826854963856 7.539799166659986 0.7711021948374119 13.264537933347317 11.191339421644948 4.416884931288751 16.155081397374595 6.233956438911655 3.4248685774559426 5.958604601627123 5.319998526448318 14.397798027142034 2.6903169098121684 4.09581410475179 3.582353354028611 5.92875541983002 12.30647776923295 13.735693615108314 10.40318720015427 10.509387820613489 7.429523857696806 10.404608065878858 12.38102295109916 14.172643816894478 6.463688566021848 3.1910475894103056 8.060312210766169 17.005960318222975 6.62391574189787 12.963573115196024 12.75396714347977 11.924477550359601 9.07151017013436 2.4455131457340196 6.124070447232889 9.594678619994012 13.601328888661602 
7.999456884467334 10.560724837012039 7.723399611040202 3.7484287020272236 0.0 9.013964238978742 14.345699287387575 8.249315113312537 6.93604267653771 6.315398260325646 5.418411699032463 18.430932652438774 5.612571494058594 5.742256472537805 10.639448483786913 5.198153253663219 1.2119565344887175 13.399562617637093 12.298039966560282 11.283111676304367 4.913955240537025 7.158816078838276 3.1843228081691963 11.142847579546071 14.439175288473969 5.133580042862085 12.65419086517349 12.993120134499996 10.378480823790095 9.359749375204249 20.176664089954063 13.98004049451163 7.6618303281460385 5.400801444244655 12.785401248871654 16.075405929457812 3.548332145675616 18.180521916087248 10.769919294148032 6.0253784492262605 15.392738989225112 9.013854924086523 1.1420205298750035 11.827193052375112 11.150491339575108 
15.64450425167458 10.306067673114864 10.359487723645833 2.891884391234365 8.599909002772204 0.0 11.663769951457375 9.663154131900557 2.704304258942813 10.01981331592242 5.533333914106353 10.71166864057109 14.739862111799807 5.023625070344585 16.529125776509463 12.132826526586829 8.890264141627277 6.211628512137608 8.512148738882075 11.177483933722263 4.831028652501089 2.811907129970512 9.198317273601269 8.737567781537631 14.03925277340489 14.752343244670048 8.954619660824283 11.551562974856225 5.736210951845486 7.290663244011537 8.064271722639296 17.872183160160773 5.300502645919324 5.053454663058355 9.751773747198243 11.559412836873976 9.601315044795612 13.384374703956667 9.782951243447338 14.445427388240056 11.01737490458942 5.089797893042501 9.238371185051324 5.650579986448536 16.952148750000198 
3.635883897338314 1.33068242123042 6.119468462678851 11.3436031787415 13.49040329477226 14.833912116117634 0.0 8.12748975334303 14.982307086039132 8.846024222343893 12.057477077544661 7.7714430803799 15.125151382501954 5.903384166214889 2.6736303772741548 12.789858973175672 12.109829429209647 8.53065176405729 6.083166122641419 6.016529561306766 12.538965730018504 12.16339639548071 12.67073467412622 3.858670790601469 2.1087254168727445 9.54497607337147 2.7104915231584625 3.519915402073991 5.6057702884543055 2.67500500312257 7.217531570714694 6.060401585738571 8.245674546114925 10.949729062069242 3.188547661438571 4.656440681433043 11.11245740311124 2.269899595685144 8.460634264046258 19.32197166276258 7.7865080131766025 13.481336992076589 13.183713192514492 5.178712742747753 0.3683115682794626 
5.7794935187842595 5.161813232488661 4.773996465465834 7.650776189828216 8.023373707117027 9.055468755241343 5.600079142679302 0.0 10.526603571638844 2.4412105749337107 7.254527514334622 8.901536875165249 6.158025586744957 1.9065681034345683 9.374185751102036 6.749916987496936 5.844966789933232 6.244576040811935 3.342234413007935 10.721041946325638 3.2812854052590814 9.710204982566589 4.831449870757752 3.7643792603840716 7.578209065089818 8.37014922112415 3.8303335945635784 5.188414983769477 0.6381099659283024 3.5809029430262425 9.490998911922789 12.632741090537003 0.8750574056395011 6.656397893624474 7.9517173782226624 8.510914833206371 7.686934272894037 9.266972024955805 7.047280702118705 10.142155617236366 9.946257493597493 5.942160421829245 8.220646041196385 3.4902913919260032 5.609009390213743 
13.1638466115288 12.517686377996005 16.40673815307197 3.067019445766598 6.062559292507907 4.042366310602915 14.71518857430357 6.023661008527557 0.0 7.405419637147668 1.7995013766959516 9.808813916028695 13.984043032828328 7.673539040747391 16.89585665977087 9.078917462020828 5.3321017102752535 9.415747509450796 10.110978906715097 11.61850258850999 3.2566816342674647 1.6645253205954085 7.646464995666688 14.137902301987234 14.055702980056 10.477830342298818 8.8793093248385 15.04346652720233 6.404197100522646 12.567636124648836 8.93215640174561 24.18397842831456 5.78434625982249 1.8119317477200396 15.180496563378654 10.625743380910198 13.637124725781977 15.813955536054948 18.748186036588237 9.80476798024902 13.959103186034648 0.599764388777167 5.731468671348667 10.504707916414763 11.488783539101679 
2.586906903239581 4.528885974558446 4.104475372281445 5.204407163591683 8.286508905951477 10.018604037992585 6.788591079834304 2.9693294779192487 8.223030911112586 0.0 5.761159713116164 12.228534248841301 3.9351498778872687 6.311411872269704 4.4400612291596 2.605620734162708 6.367848557587595 10.033810837630423 5.985387268295442 13.066931793575158 5.801842522030544 10.094318093193843 5.008230122193304 1.8287267623859544 8.624659289059181 4.997516171881107 4.457571990219341 7.689124365718206 2.8777930817984334 5.992462321949759 8.557891341870764 8.737212292959356 4.3913096804787894 9.272407426156608 8.791454008536093 8.0144943527971 9.967086442777848 8.206833114399911 4.066103247120074 9.52533714694163 8.062552217650046 8.467900062774131 7.744812197772166 5.756940117414449 7.915948073647982 
11.028603858130776 11.840462717085583 13.364700918464756 0.6996503049921147 5.995188550077581 5.124904209935025 10.27126106654123 6.101283504929884 1.9874932607302467 6.299199192838961 0.0 7.610386469559184 8.992306546481801 5.879933714320343 14.861131912716168 10.671239489480262 5.278801617827396 9.345065754683914 9.751396451192463 14.807916832685944 3.7994170535963345 4.729780751972781 6.476632825821339 8.904783769230686 14.84671394168759 12.752913504724148 7.105490438860344 13.981965184190866 8.7005827039983 11.591005650295843 11.5614758272451 21.627066563425302 5.35780322479469 2.897132556655584 12.698972757219579 14.24737711840779 10.054021423049237 15.773149962107707 9.155213749169743 7.031822200856417 14.69690682075908 1.9214993655980728 6.512540896574115 9.698450498874692 8.9404830961823 
7.244021117081375 6.2410610424524515 14.603447122974833 12.060736462134411 15.345509939871551 8.867279543590415 6.7390460115147395 7.345212774618622 15.54226091159568 11.566061695448148 10.021036899381189 0.0 18.316881889181744 9.375178404759389 8.897392357381678 15.379136127355657 10.560426317417104 3.7816522149933496 2.625514551734867 0.8582826588334905 6.296307960723736 8.507664320830308 11.007035285330463 7.521871618735161 3.3270930354205097 17.167471173860473 7.207725137309866 2.3347663815128477 7.900069583845923 5.258908167304835 1.719446337390928 10.56967363896221 6.068166704549701 11.053200737466785 1.7871247378042296 8.399781098293992 21.239984856972256 3.548622543862948 9.079199840018854 20.325373062341285 0.7986396652595762 8.925144674339828 15.485893980063032 3.813463105635684 5.694953087391173 
8.586274318969606 13.35883834769517 3.5256455553731314 7.22161035941565 7.936304066731315 16.276613305634875 9.991298477946401 8.272380361189871 11.72695842248139 6.914189394398276 12.425663132643454 19.466542498341596 0.0 10.625241690590496 7.520159221049245 3.2690805226511834 6.688963150615862 14.762510865117664 15.549457829798996 19.72262634433715 10.39235933380184 13.667483646215882 4.991848934872834 7.680375657818318 12.347504827816664 2.207401455344219 9.647246280945538 17.147820130711033 5.617731876779038 7.522715816241943 22.311273002943317 10.62116579929021 8.83896663135055 9.622169814270784 10.779482438738373 8.775401908592759 3.700226299106647 19.125826982776495 4.283658101956212 4.122873771141798 20.865895553747944 14.83848737308469 3.927350781682956 7.950999155753397 14.833334210647816 
8.179390584342148 10.592531327703236 10.187336105764395 4.473339470578442 8.070605176206495 5.670637290378981 6.881781288105217 2.0556208759020453 5.153884677755678 4.566271123011794 4.925458792782009 6.739070509429261 11.423295753157088 0.0 9.042552175435342 5.799103746037234 5.482750861929485 4.385137211185899 3.076912673363089 6.179071773877519 2.103037711940926 7.858840319676726 4.429356923552348 4.363200363088646 6.123488329774668 8.130679210251962 4.254456698516803 8.115378549924035 3.4473130624219968 4.878948572990311 8.095854514405797 12.711026135266243 1.4205615056540428 5.752007624057453 7.111575322383574 7.503096291811619 8.028354754300024 10.40500218671925 8.378000656493146 9.546319622919759 8.169296905399909 6.459318425594881 5.355106266849484 3.6200990579860166 7.8525821363869035 
2.185049828081134 2.742173436214936 7.38732658965605 10.983610525625982 10.457508876909323 12.45713432807965 4.488478705117577 7.848530864008701 12.995632664989127 6.554745857316985 9.388971155044313 7.44770461914213 7.796915965728981 9.123452260726719 0.0 8.40387240817017 16.979058916361197 13.4954258340876 8.850179380058057 12.193484897713242 11.825876950176962 18.709985328269866 12.498552757891758 3.760779533512445 4.071057452253558 9.060220311237531 6.065889667756425 4.954975050728092 5.864215906870027 4.730660674725565 12.812477066560009 2.29791847272879 9.408986832697888 20.43005180054172 7.955781079698461 0.7484300900106747 15.013861926421814 7.797582169966246 3.7957084543099753 15.553570327482198 9.717275890683865 17.641484308267376 9.410859903061366 6.542909591876188 3.23667644530369 
6.866424785005149 8.134604805921 3.8230755881610636 8.943294661206474 5.226036944197354 7.50648977014341 8.006994839211583 6.544362169407005 7.502469896628766 3.008246557635456 5.629164234316909 10.936802286480706 3.3938836620396144 4.889067931163201 9.598192297627856 0.0 6.513793019296062 10.105936305284331 7.844484693744588 17.090880356658474 6.977092671933949 10.482954527288259 2.668127620644296 3.273999015957055 7.8575478951426225 2.36611378324701 6.220329786666278 12.57284734901193 3.7828354034726273 5.639541816492056 9.724573204451229 13.127175046381696 5.3993300608696 13.237209471753882 13.903847547254127 11.081612744424625 4.063449610279642 11.665774873282185 5.330059591329636 5.611269463569968 14.597457692814771 11.707182740033527 3.317500009107208 7.335884708200802 12.383284352841082 
12.065862708433333 12.88253788572822 8.703807379119546 4.268978123662084 1.390827041536449 10.273881448813828 15.410585022092848 7.929671140953821 6.541458092394048 8.101610093009624 4.341206697329971 15.127457564137174 8.621365524446613 7.1508647094298805 15.338899279615084 5.358349131096198 0.0 11.616644436233837 9.497784381307612 17.41173261858307 5.967856340685776 7.3435800673547025 2.5522812066153766 11.45283179636661 15.244177812140911 5.920266853499842 8.498425606511368 13.879661619462816 9.950346650465413 12.081493380172386 11.103740303607962 11.524978072777644 4.460171893127823 6.125037855369537 9.818535710407156 13.148158362312255 5.6854727160455765 9.945743686837913 14.22792894084651 4.425944654112378 12.582879847957306 5.203186567313475 2.438009422900956 12.285927300039866 10.061100029328012 
6.75719697109348 7.6158916217708 14.860392031182034 8.674822860617791 10.990940104539018 4.365528764556445 8.087212644049105 6.900564174875116 10.49337655713881 7.687602044710666 7.943551586390063 4.4389834237041805 13.979195421858794 5.324785463762735 12.179974078504058 9.551962337965843 12.469210278916133 0.0 1.2775983190310143 4.428080817993104 3.4827763976012434 8.269168654535845 10.783225005783471 5.683239402584747 8.060217548861628 10.882975944389003 3.693733678723702 2.64229643923587 5.812502608515661 3.483870744351367 3.910986382165076 9.647955006958465 6.772501503930503 9.812731442986365 5.0197962541816326 10.023873253142053 13.432279567195682 4.052915465596006 12.4294417723925 10.907898093049354 5.098246633543646 10.991432835875798 12.313323810730596 1.6459425477905705 9.06359635912904 
9.678183912560973 8.142658834275613 11.226363955893337 6.29372306697177 14.284546951762884 7.409250178869797 5.318867817600417 5.947181516372675 6.909268248894099 5.639295914367539 9.071510478946998 3.0895675178328745 9.265615839584573 2.906424925839263 11.735840018674182 12.409997565397966 9.55833133991948 1.0929051375552108 0.0 4.251586747651508 3.8534323579432073 9.234406024550863 9.817690219085609 8.57896751402222 5.856653857627155 14.083542520136088 2.6124393790240457 3.888877697706145 5.563476735368932 2.579734078123887 4.956809556222609 8.83145833424394 3.8591907298240713 11.23429729565843 3.5996118615932065 7.011617024571651 9.747049043789456 4.713679202577888 13.505343073615535 12.697413149231542 3.955159039129377 10.76646422617737 11.541020905438272 1.1887153690444405 7.400693436599596 
7.498948017009122 7.101563354826165 11.643344755631073 14.624876990470547 16.58487067781951 11.589785603724096 7.857090171273404 6.667122265788445 13.534028285801828 13.576593512994517 9.649527863258905 1.040927317639313 18.858655571559687 8.99497765651635 11.166957911215697 9.690789257901285 10.88666964883092 4.723699201314412 5.234399836384097 0.0 6.072782203168037 10.535475787159958 15.55205769410702 8.13363543647243 3.697893589434981 16.429851364062927 6.682634343120531 3.4280874809687614 11.030135241477359 5.04169825440939 0.508215963478919 14.29948633281432 8.447645801908783 10.432323364772321 1.7467565279272004 10.252574789386044 18.55247573010058 3.2609632892262086 14.303345765145659 16.631543606015725 0.7675600710104613 16.595028708110988 16.48117072866507 4.907135256327044 8.168134441511928 
10.613453278326027 10.772739658757423 9.281297737406417 2.1840451438735746 6.32001843838359 5.052231143257586 11.34747254862607 3.075478499972426 4.959460744028162 5.274620622005914 2.491895015136698 5.7594763299241345 8.593212019251357 1.7446774352074204 7.916596307988397 8.842729653429135 7.355395392267395 3.256890149395068 3.9342435677308023 11.787627863970497 0.0 6.7759287375345565 6.272089941886039 9.484292491700582 11.762564922466261 6.776095773914425 4.5976968429120255 5.22843103662386 4.193562724995602 7.451876794747568 12.005711552586519 13.753987091539463 2.1141991948829633 4.580863132930608 6.91691173798922 14.382581347852135 8.48490892769295 8.252396272607383 10.783615483649239 9.766349045968914 8.051172088982536 6.917566479277018 7.175687226565087 3.4333463145882686 9.518444795698194 
11.371715475097357 18.03222022075291 13.669391547587866 4.992130223917581 11.107123336204262 2.069659320087631 18.158930442149142 7.337968357457111 2.3040664773287296 8.22753407357823 2.813753002984832 10.884467154164769 16.701338034261276 5.8938116918833785 18.152118037788718 15.353368089875824 8.176666341655194 7.820032004256127 9.258613476297187 15.045033628525347 6.648580987225743 0.0 7.831887783945472 15.494123826780505 13.198588954505226 14.940602890789139 10.364491115591186 11.753101005174074 6.90510427580109 11.305246035558227 12.288177496963426 18.88782011580155 7.277458520227638 1.7375400650721087 15.49517104356439 12.049886543535282 13.408091401028596 17.174102636138525 16.53330129255407 15.322874874888159 11.150876801723463 2.4514546312484295 8.973380854669365 8.331638244570517 15.89240533997538 
9.189007638940783 12.463050004876344 4.4394473242143375 4.612012507264806 3.6184677229727207 10.087559397472216 9.556036498465916 3.37641074921911 7.907237976679022 3.7323522692334388 4.356995413596034 9.143416898603494 6.966075146155974 5.415479637741671 12.797449520872213 3.2155171736086547 4.133363331137625 9.321337727710684 5.95491370432101 8.911192502500919 5.611991586304652 8.983472573826417 0.0 5.527834365053469 11.403168061022761 4.698314097658438 8.103481121211813 11.481038497530601 4.631864455973716 5.212886919391791 10.733772649749667 12.453566874134836 4.507990978078304 10.239754750273853 9.701478431942764 10.771492235312103 4.507079543832688 9.962801651185341 6.9079803511510764 7.240776094687806 16.45782194545771 9.099558286165717 2.71556504421696 9.607026550101939 8.22433100574292 
1.7197623288163681 4.501750591274564 3.3039461210224204 10.633597416528179 11.09713759426102 8.493161595044631 4.872965177983799 4.3597599024834555 9.656233425976087 1.9484146187854177 7.046559911274498 11.318277032639717 5.8071327694637045 7.410615952742196 3.6535933444025757 3.030148423029331 10.936876902925391 10.42035692502508 8.681934657350252 8.181690399548085 8.628560376016209 13.596538943197363 6.424806866843062 0.0 9.097496892944575 5.298005418081041 3.011820982593406 7.063940963407024 2.2730895376129805 5.542509649034569 12.10144619885558 5.885511822477282 5.728318624062629 11.654502063672766 10.242201084136259 5.804157983614864 10.244405535908893 9.582091203887659 2.3808054285922022 6.752412099650779 8.22773574962091 8.11588756428073 7.648368449172079 7.535748617910132 6.228053422373643 
7.716685427660888 3.73589905194825 7.765417098296147 15.424328732688888 14.417275193857737 8.949562666496636 2.487015112814632 6.095469112859552 18.696223756808784 10.43554426507011 12.503996204183858 3.8987495375236216 10.971175649176248 8.353312368986076 7.528044122885591 13.892417277399659 15.769746736772202 8.40365803296511 6.490856162402876 4.460402314866182 8.143802438536678 11.708315430218706 15.059707505651662 6.723633993410722 0.0 7.903924617689919 5.050740424158908 2.523028606649454 7.531933747580192 3.9639413668172514 3.573279062086787 8.594133812129163 10.330726535686436 16.805485704062683 2.3644559902961673 5.234214625061826 17.02330427358244 1.4488067262569053 11.049409151989394 14.566323613115465 5.768732033268641 18.173040749431102 14.218058920698903 5.563828844869066 2.938508966557865 
4.472566465976711 8.452527188309013 1.1844326707465485 7.347488691554875 6.518779482014808 9.283041600241672 8.675887991564855 8.102064834239266 11.260022579883445 4.428336448934174 9.924409444850752 17.6823017799236 2.077157540985583 10.311108591123645 6.918946764910093 3.1005092662317475 6.544407652602626 8.551642181755064 7.904233618359434 18.75894667702624 9.316281475683232 10.035986484395089 7.339032483041071 4.889984443262119 13.034764981549403 0.0 8.454923080052279 11.357528368078977 4.534475183539123 8.140018378510351 10.343400533490636 10.433798977437512 6.2300755827673235 9.523226474123947 11.662295735025484 8.774911572113792 5.531738120809499 11.680612196373009 3.810147175378821 6.667154370543788 16.299494311248946 12.652221405443408 5.071837935041585 11.384226986500195 9.175057621567868 
4.459516598354075 2.8154304862529997 5.561809516984938 8.083085973266346 8.688640801472715 11.012975157325105 3.584999591202388 3.565201604363325 13.508470057326479 3.020656386268466 9.531022301053723 6.345791716785548 8.884001494040461 3.5854927858892216 6.870080069338508 6.0360228221572285 8.674574253251507 6.448723162926637 3.185439343561809 5.116176927762379 5.920176114122042 7.618095621040609 5.819979984911243 4.9641939097321774 3.521577636931295 10.583072860150594 0.0 2.711722063037457 1.956502266607182 0.7869562658201178 4.748402128608166 10.469793078849632 2.8327381063940975 9.35865836871172 4.552054530368576 4.467160179014544 13.694725761607966 3.1497884738590916 6.910972569140974 10.195660496465754 5.754495616804957 11.825222798568388 11.184081268339359 3.4668278988686776 2.558383122071154 
8.557412009202578 5.801933249033876 12.131680522460304 9.986769690997399 11.216978332270022 6.5404608502173724 4.116853438081591 4.2004917214577855 15.582757006301335 6.035895412098402 12.635278714971157 2.5842423517938338 10.868016146523967 5.417646477954113 9.286813294005473 12.914898239131372 14.525771841516942 4.019905030986417 2.9997722626033547 2.866777541934722 8.276041785572792 11.206541990351226 10.93638955345215 8.313065919691821 2.992640047729255 12.154582559237122 2.1945796720153776 0.0 7.340781285921029 1.9097432877664806 4.652574675989017 8.325427824475936 7.515697446779102 11.927142607494446 1.2577576735556208 7.029401515910838 17.786490335124913 1.806355656462165 10.117081900702349 13.860121828975446 2.8044653604208714 15.17887679531959 13.17548987995938 2.1563324792927 3.5259867555105195 
2.8102008446990605 5.2637154755591204 6.006204664191579 8.324558454192836 5.9264340409846845 9.275723224353433 6.931284539336229 0.6984149496017242 7.900960830465256 2.2972956471687964 5.766916428924899 7.850489577342872 8.721272746608761 3.6737907694869643 6.384946342251482 5.024078728892765 5.24476888455688 7.378162640009808 3.559316421979176 8.565407884766778 3.4874004025889582 8.680056338940258 3.2672106457022885 2.1168913153418965 8.303263666554294 6.207415236273154 3.2971988932725798 4.867653780356631 0.0 2.880376986905804 12.2856488417161 8.666820311318643 1.6327880510446757 10.39251045620157 7.428425377748638 6.729115850288894 9.63251834138244 7.246814845942739 7.495338051987371 10.825311337716796 7.231756920567202 12.362960366893926 5.586755086824929 3.2501657164059647 4.8641046651966935 
5.285639426727174 4.41301638167041 7.7575051683766345 6.890381180594501 11.164685341114424 5.971625362913195 2.7582068219054725 3.6548970593308168 8.648758861585984 3.736088052389279 7.586510450019527 4.472597416092504 12.063010888016699 3.320592799878632 7.536730914351523 5.502000840084516 12.394943675677379 4.535079708557899 2.160929102696727 6.889014180376412 5.719321703495337 11.068605272944612 5.260230721944138 4.324505641070806 5.329412432801194 11.017837415897022 0.8969883625513237 2.7096112479759906 3.9860771153863093 0.0 5.256081535742286 7.939087481166657 4.664704913325839 14.868231784192648 4.806780070857247 5.291917926346003 11.115965940496764 4.081844099501758 6.41549014813768 14.93953355252506 5.40806518674941 13.941130198185299 11.848886840662843 1.768513273929868 4.306084921680592 
13.72972335612884 10.720411517866491 13.78127580078193 8.808177997897582 15.996281774008748 7.9718762225654505 5.0209874790341065 11.239374913613968 13.916475413991487 13.779518613669417 16.359922432188235 2.103605151231151 19.720370114775385 6.652131478873592 14.160069721740026 11.051891253114517 12.597696855741487 5.425774097040992 4.442983760871356 0.9958766294458081 11.584161125588789 13.23257255339541 13.547926085359368 10.154261596693338 4.130817570716111 15.852372660927152 7.414305023378224 4.156633746719131 11.226772293186038 5.458262726004205 0.0 13.443878618197246 8.48106952647362 14.797411216157194 1.6402604699739847 9.871311629120067 16.71432070687338 3.661570517789042 14.01335001170234 16.58628987945023 0.9533409281264471 17.337963993914656 18.517607267642283 6.319740685485618 5.673947275474998 
4.4343543223032595 4.0454739476896675 7.304867457737388 16.292736011626076 19.09731263015653 14.761956439905317 7.861218761044649 9.5916928684874 22.987410614784295 9.92878364075215 20.656208566683866 14.131043223708957 11.498829913853964 11.14480098686137 4.312032780635089 12.713611357398964 20.58881810721452 11.499804209348333 12.671586672604922 8.745593778909214 15.88098384355003 19.22816971104634 10.393444755181687 8.594741445688726 5.848514501936867 10.248322745520117 8.317825937010145 9.898618530308621 6.838972044140843 7.074486265284712 13.195082791739559 0.0 11.896707308960703 20.23954308774289 14.835092741499537 2.333547374649539 12.371572115553132 7.71728435695115 4.758853958096667 17.45403996504877 9.606182104654927 20.438465593763432 16.58572142112047 9.80084919085969 8.193690082342018 
6.496637046499914 6.067271433564438 8.09427403348505 3.7588391743790868 9.200744766621217 8.434653980010115 8.903742962036477 0.8781582298244812 9.311193864153545 3.418699536391869 5.6241520554684605 7.136519392206963 7.988712461552911 0.9251783155525962 9.326435458690241 7.172953811166744 8.342222808148799 4.453305827265583 4.809910756225191 7.354662235250503 2.361672483748258 9.863059419206477 2.9164832099352345 3.70121597063745 5.85073566950068 9.103132535619826 3.2128122985607863 7.062883584076797 1.6805042024231618 3.383130510230353 7.349966147261869 10.407303725164574 0.0 10.112550654726034 6.076403458810107 10.397510936293713 7.165522171415338 9.681215580139074 7.141398168586238 8.323378624667622 6.163752624975083 7.953278038168714 4.493009857549831 3.8727948241083294 6.905144311519212 
18.167019206132302 10.512364459923855 10.493647315455274 4.401374093884022 6.303203068166069 4.502812938469275 10.589350049681997 10.544539642496286 1.4701418455967565 10.278568004015854 4.951631894501105 15.055517438229192 12.82926309717407 9.16312462335533 18.72145761725848 13.65105556069143 6.844783257729901 10.005721443467337 10.222973577556154 16.55553836218098 7.104659201476714 1.8409949494273548 11.41734744647312 14.86836345233668 16.19658408797557 17.81513127769486 13.022355062385179 14.387757888014129 7.085032605565488 12.11762453027866 15.914820976728098 16.60676904371319 8.158896906747861 0.0 16.662255435580676 22.078537119277904 11.892692660335936 11.787135214681557 13.58360488438819 14.139595654532634 13.456705228971469 1.3176160431541342 7.781354203331248 12.466277844531177 17.724809069692135 
8.458173656629565 7.780019305275424 15.484902449735365 10.720139550416814 13.928379633441008 12.060502960104138 6.148304079805868 6.812920696579105 14.511672017748882 9.566072437567522 12.575126288836024 1.6144624929229079 11.678916945675194 8.819398250947746 9.514505808214032 9.126896200113269 9.725170795632078 3.4863469304959684 3.373931335986147 1.2419284838702689 10.650081540906905 11.636855124881691 14.268602998392877 8.365119733975783 3.3667413479341026 9.491738692663718 3.789192752059531 1.504870208230641 5.564961769484258 5.370057389216196 3.1100985346537553 9.470310676005969 5.700664173026285 10.764255736673608 0.0 9.711238401983127 12.263242436579622 1.1317524960332632 12.290824270909727 12.279433520645592 1.87934637917164 12.284411114930535 12.648420117417334 3.2263895279105212 4.877109859346714 
3.600399355537154 2.3123959694824565 9.125090175749325 17.336186107805723 10.334522040412145 10.86266119608215 4.486517899946371 6.670885146113724 19.441027044748928 4.652697018116655 12.173461439261715 11.106406306878572 8.791013755799309 9.010598069363372 0.8074745355084239 7.857558266323021 18.318652733016936 9.927137113359654 8.59562033156582 10.953980664527814 14.22904683445909 12.090401931905191 11.64349525510432 5.7023062911938975 5.504454882378991 7.115762180701631 5.749525917289852 5.585261584109673 6.095716825248119 6.786678364812763 8.563368641587816 2.73615959404754 7.5260278041724105 20.081248932139687 9.396693403576148 0.0 14.050164966745298 8.458475270150206 4.361723681912288 14.384962819705681 11.751661674640502 18.664805242643077 8.550900317412097 10.849432412570106 3.8555098453394043 
7.881470643976214 16.667033930552797 6.464954315930841 8.980109783730448 3.488484412848833 10.652418719056941 10.389022198966728 10.954157308732725 11.613372355279212 6.084101553563399 6.094159778810098 22.110390291710928 3.6129584188007797 7.712082751298479 12.646967381299886 5.732458723411225 5.433853032871382 10.23156507447569 14.156188088940462 17.985406435341904 8.330544784516075 16.197151287166285 6.219350642326302 6.719029960454496 12.774198943556323 4.906106739218695 12.37768073600082 15.985505521463782 10.58076784786635 9.612485614347134 20.56433244928175 11.31928166330313 8.041237609931022 15.89083331612387 20.141218083945354 12.169781379292582 0.0 16.015328745965387 12.704094598698896 0.7928734957156788 17.815040285123892 10.34148460431861 3.1679806589836392 12.682868898295128 14.661148040789916 
7.171089027422164 4.56706109768925 8.610237885793056 13.18515279108429 13.983666929621586 8.33531790669068 2.312590288360711 5.9837583331214566 12.275919535317268 6.747550996165794 13.445557320672016 3.095385232080054 14.891994321958308 7.102498967489721 5.081413614409854 12.530663421284178 9.920376250428058 6.19474748499579 5.975434808528702 3.1498568645181764 9.912509276243831 16.503354324020364 12.874674608140015 9.587754208581448 1.6894795076858338 16.42945076203344 5.66339097614728 2.4912608373301763 9.022054072403106 4.929439728476206 4.635205227616327 12.940049584174849 10.10601220821884 19.28815718971618 1.5589889918476616 8.136729050386009 19.867917449805173 0.0 12.779458458393142 16.939460196038432 3.107228789342555 12.08683242081284 13.057001792518628 5.298483020980933 4.15371563469299 
2.758861891157738 6.712257854208351 2.0680533179193046 15.932339109053345 12.862657432786943 18.630322726862563 5.732372789458321 8.237029013157088 16.591315753676778 5.8892227385214175 13.436398371609389 9.56134148818392 8.284200351924204 12.372496727413672 4.590208195496709 4.508977877637706 7.5021578646805605 11.45659380419107 12.276266777863345 14.150627362400066 12.869945231207 20.589573972327262 8.465469072884156 3.5939831583565063 11.65107937357962 4.315561257326383 8.279595528618517 11.681185252380889 7.2175302193989985 7.085682559935691 12.87740091357863 4.004382525841105 7.835148027697393 20.752805927249327 8.221726465325062 2.95343865252786 11.108273213320693 10.718946250688578 0.0 12.105652455898056 16.620864041442296 17.51496415463326 8.843824763857981 8.75609992003951 6.194062943610647 
10.12350490502549 15.614035624339195 5.612748574296016 11.548996342132032 4.147402646344368 10.570520054416843 11.258468635486656 8.720749923961002 8.251384208095326 10.219848669015768 11.6321374819399 15.552985184621974 3.70702422899277 13.427026381448137 12.998014146910924 4.292008592267209 4.373036453587616 13.227615189262657 14.105641465766595 21.332835207881793 11.080644438244642 14.603663354671854 7.686266576046565 6.504374001689264 11.509228058276204 4.4965862726481385 13.853260178568544 17.031130401790186 12.490771718889055 12.07244921915197 14.5692920506976 16.977295855293384 9.73270339151746 16.900571265823753 15.447915872361168 9.324690218685754 0.8676619453165344 17.743214273250096 8.238778483944454 0.0 13.05378251074782 15.19335734276692 3.646157219171815 11.0525727770836 17.81033960760046 
8.472245476955617 8.329496515578203 10.327594568595735 14.734960541327524 15.343914917361085 7.017961004267374 7.4035024992600125 6.409760494980117 14.129587065469947 7.74980752316955 10.003210808104443 0.5643241308602808 11.054204025241335 8.94782111229584 11.412761754453122 14.190372213844743 9.982219810765592 4.252222682347633 4.043368361088119 0.584278283186728 6.813776850874678 11.520249132940306 16.13725062824531 9.942781717265168 3.9685710647008285 15.753258749087907 4.221710449011383 3.1102946389335173 6.727240461075677 4.662045188328507 1.016316761841536 15.611650585038742 9.404003038983488 11.270759551973889 2.2562372690494596 13.233291289436524 16.550302299617346 4.544248595749192 10.39904553862372 18.079327239782515 0.0 16.962982826748405 14.057639555108555 4.439114667748651 9.423627980011235 
13.7543469685948 18.872607527542627 12.676099713530043 2.605110302412548 8.050026275554153 5.263700555084322 18.473131598647093 7.868510628713323 0.6365322439220205 11.466724476309558 1.936718138446724 12.77607373697661 14.340871531025593 6.380608692909469 15.52684139638794 8.76250489255673 4.717719885561066 7.528672351282853 10.549909153571566 12.455716704751266 4.037706994449451 2.2833608271514594 5.122763882760112 14.521419065240572 19.164842376011606 11.721757146774637 14.913092122179162 14.082357345275007 10.570982810921894 11.937195742440347 17.88372907382076 16.524134422367382 9.739700089062868 1.1168965983646673 12.953779758687956 15.76891757651055 11.797604940090512 14.216541822887585 14.344729357404663 10.740295901252047 16.777181653072404 0.0 9.24782888527318 7.6009848119207355 10.509011508733892 
9.987617510519055 14.759865699869136 6.1381476528802175 7.018083549825388 1.3422632329832338 11.657238902945998 11.460640472032544 6.053521912550865 6.6162440488730105 8.167876028617947 5.399360769195589 16.564058696225707 3.9484987709845787 8.63827391111747 8.198730164729845 3.172625778675267 2.103052130150507 10.496671904661568 13.69502268899139 10.73357434284813 5.664919815760825 6.990440743974298 1.74822332641319 9.399251677945493 12.677439921876825 7.878287392077002 7.757046433564571 11.376143285554909 5.206291640450793 11.204544267496233 10.860050049524013 10.26547426691734 4.892546072342557 9.005877309950964 13.004178433391345 15.194254178909034 3.2638096276167277 13.395674757565763 11.179024613180845 3.6395735583675233 18.448549225644207 5.794553270840176 0.0 11.60337252504615 14.054517048584684 
4.943380975664141 7.594268268141011 12.812419853586047 8.524196371538073 10.766375205402483 6.135244147356417 7.184106674550556 3.726289956945428 7.4224536044108635 7.092565455761025 9.227460713584685 3.7708963829516273 9.216528855545677 4.116720599975907 9.458910080590925 7.151860187706499 12.330408243241251 2.795946021158473 1.0294604710870427 3.8382885355673686 5.669487383869218 8.300097192664984 8.997254815304204 4.515770740305507 4.65364805593194 12.087752523103562 2.5548440746562067 2.8769502309996238 2.635168075741253 2.2663838792771354 4.042714408715378 13.462574124675514 3.0532999961335694 7.609253977137402 4.073032685384634 7.6724323822364795 14.768462672445008 4.605359727979925 9.591041137697616 13.348123058692124 4.758234820617664 8.665494846897296 7.933671191360167 0.0 4.211843680761651 
4.437680044733677 1.0507764615624382 9.106835372076914 8.21484649377298 17.747208368124625 15.385188832497017 0.4696859999791423 5.543324327904361 15.827785800795608 7.048349340305593 11.064956595971498 4.8146545646909775 12.160036877570624 7.955449581452717 4.4883002354585635 9.233382286868355 11.63490862493723 9.45572376588385 6.192819461120413 8.83760796256811 7.3958848726311555 11.957221796196613 10.935021677817698 6.900408432614522 3.082676348784106 10.208121042678876 3.582261543588178 3.5533093793329984 6.009190268036371 4.4082072843698334 9.738271727956693 4.7838385433723385 6.7657998540513775 17.094799538642505 6.410558040583778 4.120497398179223 18.915882675524557 2.8109993537154145 6.678460626987535 15.114733826464947 8.536925068935027 17.647664511730788 12.43589131356249 4.555392509149367 0.0 

0 19 2 12 20 6 17 8 14 2 8 5 7 22 14 17 23 15 21 2 24 10 20 6 21 10 6 13 21 24 11 16 8 11 11 22 17 22 17 8 23 5 3 18 12 
