46
7
100

0 71 54 38 31 24 21 47 40 8 57 38 54 31 17 53 66 26 90 35 53 47 40 6 68 74 26 64 20 64 33 66 29 48 75 70 21 55 16 38 80 53 59 21 74 23 
71 0 102 67 89 64 91 65 36 71 69 38 48 98 86 19 24 66 74 37 23 48 65 77 24 71 93 12 54 30 92 23 68 30 16 48 62 95 79 61 15 29 32 91 74 91 
54 102 0 35 24 40 47 39 67 62 42 64 58 35 43 84 84 80 74 70 93 98 37 52 86 56 37 100 70 108 23 108 35 72 113 71 44 10 38 41 115 97 74 42 54 63 
38 67 35 0 30 14 47 9 32 46 18 30 25 44 40 49 49 60 54 37 60 70 2 41 51 36 41 66 45 76 32 74 10 37 78 40 18 29 30 6 80 65 39 43 36 58 
31 89 24 30 0 25 23 38 54 38 46 51 54 15 19 70 77 57 82 54 76 76 32 28 78 63 14 85 48 90 3 91 23 61 98 70 27 28 15 34 101 78 67 19 62 39 
24 64 40 14 25 0 35 23 29 32 33 26 33 36 29 46 52 46 67 30 53 59 16 27 54 50 32 61 32 68 28 68 6 36 74 49 4 37 18 14 76 56 43 32 50 45 
21 91 47 47 23 35 0 55 59 24 64 56 67 14 6 73 84 41 100 54 73 65 48 14 86 82 10 84 40 84 24 87 37 66 96 84 34 51 17 49 100 73 76 4 82 16 
47 65 39 9 38 23 55 0 33 54 10 31 19 53 49 48 45 67 45 40 62 74 7 50 47 27 50 65 51 78 40 75 19 36 78 33 26 31 38 9 79 67 35 52 27 67 
40 36 67 32 54 29 59 33 0 43 40 3 23 64 53 17 26 47 61 10 29 45 31 46 28 50 59 33 31 45 57 42 33 8 46 35 27 61 44 27 48 34 20 57 51 63 
8 71 62 46 38 32 24 54 43 0 64 42 59 37 22 54 69 18 97 36 51 41 47 11 71 81 31 63 17 60 40 64 37 51 74 75 28 63 24 45 78 50 63 26 81 20 
57 69 42 18 46 33 64 10 40 64 0 38 21 61 58 54 47 77 36 48 68 83 17 59 48 18 58 71 61 85 47 82 28 41 83 30 36 32 48 19 83 74 38 61 17 77 
38 38 64 30 51 26 56 31 3 42 38 0 22 61 51 20 28 47 60 11 31 46 29 44 30 49 56 36 30 47 54 45 30 10 49 35 24 58 42 24 51 36 21 55 50 61 
54 48 58 25 54 33 67 19 23 59 21 22 0 68 61 34 27 68 38 33 50 68 23 58 28 27 64 51 51 66 57 62 32 22 63 16 34 50 51 20 63 56 17 65 28 76 
31 98 35 44 15 36 14 53 64 37 61 61 68 0 14 80 88 55 97 62 83 78 46 26 90 78 6 93 51 95 14 97 36 71 105 84 37 41 20 48 109 84 79 11 77 30 
17 86 43 40 19 29 6 49 53 22 58 51 61 14 0 68 78 40 94 49 69 63 42 12 80 76 9 80 37 81 20 83 30 61 92 78 28 47 11 42 96 70 70 4 75 21 
53 19 84 49 70 46 73 48 17 54 54 20 34 80 68 0 20 52 67 18 17 41 48 59 21 60 74 17 38 32 73 28 50 13 30 40 43 78 60 43 31 24 21 72 62 74 
66 24 84 49 77 52 84 45 26 69 47 28 27 88 78 20 0 71 50 34 36 61 48 72 2 48 84 31 55 49 79 44 54 18 40 24 51 77 69 44 38 43 10 83 50 89 
26 66 80 60 57 46 41 67 47 18 77 47 68 55 40 52 71 0 106 38 44 26 61 29 72 92 49 56 17 49 59 53 52 54 65 82 42 80 42 58 70 40 67 44 93 31 
90 74 74 54 82 67 100 45 61 97 36 60 38 97 94 67 50 106 0 71 84 106 52 94 50 18 94 81 89 99 83 94 64 57 90 27 69 64 83 52 88 91 46 97 20 112 
35 37 70 37 54 30 54 40 10 36 48 11 33 62 49 18 34 38 71 0 23 35 37 41 35 59 56 31 22 39 57 38 35 16 44 45 27 65 42 33 47 27 29 54 61 56 
53 23 93 60 76 53 73 62 29 51 68 31 50 83 69 17 36 44 84 23 0 26 59 59 37 76 77 12 34 16 79 14 58 28 22 57 50 89 64 55 27 7 38 74 78 71 
47 48 98 70 76 59 65 74 45 41 83 46 68 78 63 41 61 26 106 35 26 0 70 52 62 95 72 37 28 24 79 30 64 48 42 79 55 95 62 66 48 20 60 67 96 57 
40 65 37 2 32 16 48 7 31 47 17 29 23 46 42 48 48 61 52 37 59 70 0 43 49 34 43 64 46 75 34 74 12 36 77 38 19 30 31 4 79 64 38 45 34 60 
6 77 52 41 28 27 14 50 46 11 59 44 58 26 12 59 72 29 94 41 59 52 43 0 74 77 21 70 26 70 30 72 31 54 81 75 25 54 15 42 86 59 64 16 77 18 
68 24 86 51 78 54 86 47 28 71 48 30 28 90 80 21 2 72 50 35 37 62 49 74 0 48 86 32 57 50 81 44 56 20 40 24 53 78 71 46 38 44 12 85 51 91 
74 71 56 36 63 50 82 27 50 81 18 49 27 78 76 60 48 92 18 59 76 95 34 77 48 0 76 76 75 92 65 88 46 48 87 24 52 46 66 35 86 83 40 79 3 94 
26 93 37 41 14 32 10 50 59 31 58 56 64 6 9 74 84 49 94 56 77 72 43 21 86 76 0 87 45 89 14 91 32 66 99 80 33 42 15 44 103 78 75 6 75 27 
64 12 100 66 85 61 84 65 33 63 71 36 51 93 80 17 31 56 81 31 12 37 64 70 32 76 87 0 46 19 88 13 65 30 13 54 58 94 73 60 16 17 36 84 78 82 
20 54 70 45 48 32 40 51 31 17 61 30 51 51 37 38 55 17 89 22 34 28 46 26 57 75 45 46 0 44 51 47 38 38 56 65 28 68 34 42 61 33 50 41 76 37 
64 30 108 76 90 68 84 78 45 60 85 47 66 95 81 32 49 49 99 39 16 24 75 70 50 92 89 19 44 0 93 7 73 44 19 72 64 104 77 71 25 12 53 85 94 79 
33 92 23 32 3 28 24 40 57 40 47 54 57 14 20 73 79 59 83 57 79 79 34 30 81 65 14 88 51 93 0 94 25 64 100 72 30 27 17 36 104 81 70 20 63 40 
66 23 108 74 91 68 87 75 42 64 82 45 62 97 83 28 44 53 94 38 14 30 74 72 44 88 91 13 47 7 94 0 73 40 12 67 64 103 78 69 18 13 48 87 90 82 
29 68 35 10 23 6 37 19 33 37 28 30 32 36 30 50 54 52 64 35 58 64 12 31 56 46 32 65 38 73 25 73 0 39 78 48 10 31 20 12 81 62 44 34 46 48 
48 30 72 37 61 36 66 36 8 51 41 10 22 71 61 13 18 54 57 16 28 48 36 54 20 48 66 30 38 44 64 40 39 0 42 31 34 66 52 31 43 35 13 65 50 70 
75 16 113 78 98 74 96 78 46 74 83 49 63 105 92 30 40 65 90 44 22 42 77 81 40 87 99 13 56 19 100 12 78 42 0 64 71 107 86 73 6 24 47 96 89 93 
70 48 71 40 70 49 84 33 35 75 30 35 16 84 78 40 24 82 27 45 57 79 38 75 24 24 80 54 65 72 72 67 48 31 64 0 50 62 67 36 63 64 19 81 27 92 
21 62 44 18 27 4 34 26 27 28 36 24 34 37 28 43 51 42 69 27 50 55 19 25 53 52 33 58 28 64 30 64 10 34 71 50 0 41 18 17 74 53 42 32 52 43 
55 95 10 29 28 37 51 31 61 63 32 58 50 41 47 78 77 80 64 65 89 95 30 54 78 46 42 94 68 104 27 103 31 66 107 62 41 0 39 34 109 92 67 47 44 67 
16 79 38 30 15 18 17 38 44 24 48 42 51 20 11 60 69 42 83 42 64 62 31 15 71 66 15 73 34 77 17 78 20 52 86 67 18 39 0 32 89 65 60 14 65 30 
38 61 41 6 34 14 49 9 27 45 19 24 20 48 42 43 44 58 52 33 55 66 4 42 46 35 44 60 42 71 36 69 12 31 73 36 17 34 32 0 74 60 34 46 35 59 
80 15 115 80 101 76 100 79 48 78 83 51 63 109 96 31 38 70 88 47 27 48 79 86 38 86 103 16 61 25 104 18 81 43 6 63 74 109 89 74 0 30 46 100 88 98 
53 29 97 65 78 56 73 67 34 50 74 36 56 84 70 24 43 40 91 27 7 20 64 59 44 83 78 17 33 12 81 13 62 35 24 64 53 92 65 60 30 0 45 74 85 69 
59 32 74 39 67 43 76 35 20 63 38 21 17 79 70 21 10 67 46 29 38 60 38 64 12 40 75 36 50 53 70 48 44 13 47 19 42 67 60 34 46 45 0 74 42 82 
21 91 42 43 19 32 4 52 57 26 61 55 65 11 4 72 83 44 97 54 74 67 45 16 85 79 6 84 41 85 20 87 34 65 96 81 32 47 14 46 100 74 74 0 78 21 
74 74 54 36 62 50 82 27 51 81 17 50 28 77 75 62 50 93 20 61 78 96 34 77 51 3 75 78 76 94 63 90 46 50 89 27 52 44 65 35 88 85 42 78 0 94 
23 91 63 58 39 45 16 67 63 20 77 61 76 30 21 74 89 31 112 56 71 57 60 18 91 94 27 82 37 79 40 82 48 70 93 92 43 67 30 59 98 69 82 21 94 0 

0.0 11.429877053711675 9.714719582639844 7.482044303756455 4.725241268634175 3.8368894305642716 2.910497685511947 6.406452664451175 6.540546399426706 1.5657973260102407 10.444869940734371 4.3295576236918745 7.2118245876372375 3.2321869473267246 2.965303616230694 5.588984525594866 10.93316352574655 3.688216835618595 14.116820582178388 5.649634277134883 6.873660635199108 9.348725406891825 7.41937929801616 1.042960309809027 8.545520535148755 10.854445269851453 3.864599950142245 9.274145968037956 3.192338756000173 10.62045138137876 3.701825671371743 9.51891580155385 3.591221959309226 8.13205555047001 8.535513603825368 13.478076327095275 2.722946068452237 10.797830113878781 2.710132541047641 4.427749924228653 14.033342323908279 6.734651344371352 6.733585247359555 3.7159656020368654 10.709580080308891 3.192413508917209 
13.551750913797576 0.0 12.367757617669533 13.298605234272516 10.204674166030332 11.95691427437434 15.889497641775119 10.994162981180672 6.7883420107938175 7.908620059914885 8.226336395072622 7.104894361403595 5.709497783729867 15.173193605894486 14.883764577319639 2.896814309555685 4.324914244737716 12.530136845838458 10.831074613230715 6.172101195409297 2.5010741779345835 8.323368145270955 11.159993763740172 10.517289176290207 3.9324944456049966 10.849079820849209 13.61690501501728 1.9700971113944794 9.677306241325276 4.656280505574573 18.034391511248035 3.2035330643966007 9.712252700792899 5.460696659393808 2.9204269002418917 7.088745046693264 11.512376991510227 11.377122691256094 13.910745045954389 7.156396882630923 1.942819078226498 3.5367531960237057 5.757261559841216 11.752070938893379 10.579157550380636 10.277063552157625 
8.024484280883971 13.278460102979912 0.0 3.971728223005964 4.038218614343782 7.9905548251109515 6.728423857572721 7.4492939101065225 11.606321707596942 8.456273305286128 6.282060118371785 12.30947873507902 9.195821895940572 5.328968682418205 7.874845565870604 10.567907253338374 9.239088798844321 14.821076233806437 10.190514621974877 8.50172918523089 10.618931626870989 16.095491842955617 4.348668021327839 5.859718371623965 11.199019062112326 10.753671297952335 4.048791381158642 15.120947216118143 7.075608863648467 15.477678036633561 4.102850234019556 20.29319872731908 5.540289227697736 7.863326199548181 21.24870545049039 9.005969544531624 5.569159764769209 1.5918848500807046 4.840976128080242 7.669947018030715 19.131034478217728 12.816691208273772 9.84066430441242 7.859616465830557 5.498380274451045 7.137950466542165 
5.008781915931197 6.791428857818812 5.928531936947717 0.0 5.8332650280632805 1.7285136364390943 8.81556754685545 1.0911603852027083 5.759462719577536 5.198031013087549 3.4704113837320243 5.716541728998925 4.3769274583443805 8.512572074189222 4.316573652436727 5.313607626981753 8.701540614773663 7.006678637099236 5.934560381898071 7.065678350268398 9.13491342813652 7.58258262422688 0.28400762337830726 5.924270252533479 9.715446156766282 5.7318445274168095 7.027603078094256 8.788260750810544 6.270327949924327 10.481044880756553 4.103671663661557 12.31948075135955 1.2545148000068858 5.623520134536619 13.600275612574016 4.246654097641784 3.4138638190791974 2.9844055324922047 4.227534670033239 1.0002384175547996 13.144722328075204 9.180155791300932 5.564002795756166 7.03599000413346 6.1715117887825075 8.586457520546496 
3.843277021481683 12.928158914689998 4.6354989875361206 4.184289240900425 0.0 3.229067749375949 3.850630848492957 4.389646199524194 10.34919669403546 5.803971319753298 8.834053565270075 7.736453755748192 9.332566714144352 2.085787490301872 3.3756769606741197 11.403622425721931 10.07126855569236 9.892752640260241 14.486483997993489 8.221494025295728 9.466619411671466 14.064074296732922 4.1246500436454845 5.447328805453138 12.84114491098349 7.891668386507322 1.5062164786319738 16.513929150021518 8.164836162336325 13.073322922163893 0.35715444791797735 9.153029618244755 3.7419916521466225 10.624526190813603 10.628942430525374 11.07602914944352 5.158336351967389 3.2450198736985985 2.258198395861146 4.177369251787069 10.783084799006538 15.03650262453547 10.64923882233695 3.2509776595074715 7.444523082238619 7.095348339354761 
3.1363292683643236 12.27330881877311 5.899144572448278 1.5302324554990037 3.8375986895180167 0.0 4.418897941520876 4.356996782517163 4.140550107710263 3.3004489653462805 3.679336748010602 3.2448793213760627 4.686605276646596 6.250682103132597 5.515835943348832 4.9443922801495175 6.060509409280042 5.953447974934992 9.639342272165765 5.944950643790198 10.242976547160549 7.202077615825878 2.6587555901221505 5.201154282164401 8.164210043087733 9.211372845149523 6.2556872892382005 7.591026746804792 4.712516201537975 8.644061948717312 4.29757085928539 13.172428926113382 1.0184433845514944 6.637061123390618 14.080482626734131 7.688004523306826 0.5901690276798253 6.628742838802739 2.2405200508299288 2.239092378983416 8.224420308550572 9.998832258770182 5.674386961381898 4.740261863752856 8.462249978753807 6.235782051590825 
3.80652174712937 12.756133717840248 7.896846885872982 6.435690232554041 3.1091425588288644 3.875156363085346 0.0 7.49658361385571 8.178652048604594 4.471074458853428 11.850070381423889 6.74791961009651 12.773117842030196 1.7177453353002354 0.7743255645604139 14.46923119536546 13.03326298543824 8.13458499226769 19.479129998322293 9.430420686051118 14.540274081887617 8.342834896263788 8.012891971740444 2.100357259016761 13.771627598552026 14.350141600114615 1.9459559121283063 9.731179954050122 5.375703903540475 9.210545796893866 3.8319593240573644 16.046000709129807 5.481760494628528 10.283341297052214 13.006696221751413 8.891472201295205 4.035137479508206 6.564680741266981 3.2387679815245787 9.651796998150914 13.899272927664903 12.427663740527848 14.683801187815995 0.5287660550052797 10.040604823662136 2.668491667870347 
4.894615507988471 7.953610352455231 4.868353614628176 1.1645899155916486 7.573426556983341 3.2079293600132917 6.66559136669299 0.0 5.098132088351364 6.908612034239825 1.5217245246816415 3.8575411867766762 2.5643771902010566 9.560794531140099 8.345193027555158 7.535478034215968 7.9537164672187135 9.768828200952358 4.98164890755839 4.770122785630186 7.213661031789194 13.369034875373844 1.2761936636121374 7.518319804837504 5.8440342825787805 4.059644264880355 6.316898245405414 9.772465071949053 6.361440999901679 10.68928752283969 4.651535634694606 11.579337701256506 2.602319936928917 4.06125620319846 14.098901409719513 5.667709918233534 4.165273475571109 5.968558486704037 4.344119820622052 1.1919661247322213 10.327308967045848 12.688460164246369 3.6631743400626244 5.612571504023743 3.3004673097044757 10.582225927048114 
5.786316109117108 7.116961979298535 8.46599564042994 3.991435649619161 6.3213767704752835 2.9744318999971195 8.603052370349788 5.739256039293616 0.0 5.937646997283655 6.261942616795469 0.5322082947630596 2.4792165768541183 11.264518026206567 7.762256814618193 2.254291990364302 3.002465396318911 6.619011793577808 7.221528418270223 1.9875142975692746 5.38203355725554 5.825541047550761 4.738012402041457 4.742465766356684 4.944406028844353 8.345173667482838 9.555062303100657 4.030763822693122 4.3075923005504535 7.13760321118701 7.431094007693014 5.4496036172642945 4.98469642467369 1.2069322496631278 6.028651182608479 5.039429380141873 4.916751121203836 10.05096317373566 5.471060395600106 5.334904792575424 7.448947150161158 4.29875026659762 3.943440854973333 5.88414051784944 9.343342120343673 11.100640792138218 
1.4089586945108141 13.053564238358511 7.998227433804632 4.745752158805919 5.795200361039955 6.11394462577343 4.734126179226196 6.358935572154612 8.20868929390404 0.0 6.402396631623696 6.077292497660015 9.045742217214858 5.449901478715095 3.317654179611961 10.344034144863887 11.07841689970758 3.107888100473994 12.807106108268007 4.458117294552955 6.601227668907653 5.1348626008916485 7.0866899061402915 1.72298952113167 12.076247149824027 9.673512902020295 4.441225911988404 9.766117108898888 1.717052736162476 7.895634489864232 4.5903927092486665 7.711906335415174 5.223401201631564 6.924325737892123 7.716226107209912 9.705491268404362 4.717389733383307 10.900977459712097 3.476232588575998 8.118395244699283 14.926479777827822 7.00379352807551 9.433635703656748 2.680681766623965 13.518733700954122 3.322829760542559 
10.97190117318532 12.23648563619783 4.722031588421817 3.3155565036392805 7.558777774141591 3.7559083339090553 6.426839971716184 1.9233184110421355 7.46110537169956 9.630230020942848 0.0 5.4831579976573375 2.670406102818098 7.710149475358064 11.493113062773624 5.635114122529015 5.716294449814864 8.093947615042639 5.848993889420274 7.245976682291593 8.492021630818606 11.00853158214021 2.674636207573865 6.84907869456719 6.214508729131346 2.3754245044596285 9.537936847476141 7.299515363605515 10.235058464420497 13.233337422750829 7.7429335847114 10.841596618135991 5.038865670761831 5.763602267265969 14.95997167326399 3.9803918867554797 6.0866857911915515 4.305880651613037 5.404310250015998 3.7896431517982494 15.323483390212509 14.423461481618766 4.331022114272241 7.351963237966088 2.920562053967699 14.552456475483313 
5.686310698904936 7.06618084547205 12.771382842361092 4.91827253365377 8.311252324268635 4.4777516507082975 7.468266301219008 5.895748891136353 0.4013413378081899 5.061100276417166 5.706240665883238 0.0 2.827679511562578 6.611197089672628 5.217523817669455 3.754160608674897 4.954720962252415 6.967058213543226 7.4967121191127415 2.017825578583752 5.395802390622515 6.086090493544871 4.266927666654224 7.3931707814712215 5.954999255234523 9.03550957926414 6.191550499446464 7.008883552440665 4.766102526572858 8.049392363656645 6.588028422319538 6.525400934080259 3.8374000095989773 1.7288280781193395 8.111293686154179 3.6601403485906827 2.433314234880789 6.3902387022022955 7.515103407521814 2.5874686526045205 6.2752750370925305 6.520869518344805 3.2497929208548135 7.852997553841163 7.505778339013389 9.87638649809238 
8.718224550204805 8.473670914816582 11.295307542428853 4.7022302808064 10.373251896670837 4.428868351178728 11.119008776372725 2.72190165428469 3.2036449972198526 8.321543329995308 3.2338009866503294 3.228802411762188 0.0 7.849991820763323 8.807001629249442 5.127916182302322 4.5632817563644466 12.46639865433889 4.653604651452178 4.229480365007051 6.370996255489047 11.516355458090663 3.011847366430132 9.038960928323979 5.327107672954645 2.9383164379285867 11.050538325025858 9.085126101500734 5.902041539331088 7.639010138156349 6.199112957044189 10.057973016882226 6.157365777395514 3.0150747829635756 11.876584718999297 2.3007842415498523 6.157843494963432 6.039995007294207 8.221359942665336 3.935884904037941 7.025500869136267 7.109585687076259 2.76260524817106 9.827364387710634 4.604067213892055 8.623602145156415 
4.301058248111535 12.349382194933717 4.969400964222014 6.047170982921873 2.555467636679781 5.069530318593372 2.499482004468777 6.434905340480458 11.713917577383194 4.3751451474829715 10.564696837998998 9.044919077322877 12.873663214961322 0.0 1.8358288642224998 13.167587010220885 16.456496423432945 10.764766591927085 17.988764147199955 11.90760445948365 12.525570667465438 15.404763244040321 6.157818656800329 4.401859283670336 17.501505451879808 11.337389420505623 0.9914808558472681 16.02400686256732 7.365026260252959 14.779641887029982 2.37877349649602 18.482678404645938 6.0322241158875745 12.958771590009448 13.071721129086093 14.138462641821175 4.138369692970286 4.523726320554868 2.3465370996979327 7.472568969185136 19.169469469072936 15.708755131427855 10.551059393410434 1.6730915513245925 7.749132262828355 4.4315920218315865 
2.5574333314705315 14.378888673667339 7.9702371590317345 6.207901759775847 1.953863865101406 4.8634911857704175 0.9893109782264491 5.801483355766915 8.826229837501977 2.8052440791966204 8.756223049324827 7.019584742225538 10.529554201342673 2.0783537863042856 0.0 11.172257853750743 8.589051108787135 6.947287956936617 13.273436778379404 7.654410166680982 13.52658609340142 10.859347504242805 7.176387088240022 1.8737103112249 15.359038299673106 10.255559924386311 1.33424424691629 9.59608555124657 4.6201961061579135 14.683479165893669 2.8405011622685263 14.409591512153636 3.7627771733412336 9.206131427038619 14.919960931016252 14.328535965350582 3.721339864500013 5.3525605739918385 2.1645844830202305 7.76036050411386 12.165621440405214 7.942539826561256 7.8917461587651445 0.4749584868409397 10.25353185028191 2.694254033426139 
8.763978612696208 2.0223994257952924 12.798869925972463 5.876854626953352 7.509622349000212 8.71838968371922 14.493614235680148 5.487926387511486 2.73125277945436 8.213007374705365 9.184401834130028 3.017510435695766 4.0191255711294325 12.455241413241769 8.235269194478535 0.0 3.3693590274525236 10.34512736263151 12.466203546514492 1.9789118803045396 3.3771428021442986 5.878561031034718 8.114470224057307 8.82861061901984 2.4020285626547335 7.854760690441095 12.99565036547127 3.212658707261632 4.930322424639677 4.96655465018892 12.909600712614058 5.260666699418325 6.178939913158031 1.8072385974867637 5.684796575868271 5.846871228509483 5.50619584769303 8.798698001115874 7.671855509055084 7.962068962366398 3.5442759793386145 4.462165232797861 2.796633452175228 7.925314996414633 10.336186206698848 11.191595067573898 
7.55429273108971 4.676517422533034 16.074086753542034 8.14480814518236 10.886200862914109 7.67068745717742 15.855462556753025 4.920264237476366 2.9567840337973563 9.216945656520153 6.109543386282393 3.335403662640163 5.266957158626413 13.920338373547882 9.057097461507405 3.703065424558762 0.0 9.44842279686976 8.359236387100054 5.956361102984165 5.515179392092025 11.215523365115818 8.779017801843871 10.84418924862161 0.3005867114815097 8.879070144459158 11.793053512143743 4.455776992069074 10.805234694801253 7.109190409976424 11.56158342189352 6.362146993255738 7.456571335723172 1.8704742337126914 5.612260926783851 4.141636193240329 5.37290554968851 11.031834421848815 10.635185130861515 8.292918637586672 4.082264726946219 6.849811431578573 1.684834610046837 11.34339580105867 5.988851162118792 17.00430411345926 
4.4545275071868495 12.762318833541485 10.399259565635443 9.074553860666533 6.60573015687951 6.32412456639635 6.250492398644754 10.64380084107207 9.199914453091036 2.7564461424826825 11.092611871847645 6.154622131108416 7.028096750099806 6.570315815371962 6.135794503292297 7.823421193913676 8.16684770651807 0.0 12.069504193531973 7.257043302554775 6.59822070473883 3.522412232919637 9.01440625922478 4.219406285613649 13.25472616187864 15.026335079464971 8.954454385290743 9.843151461932631 2.726580852098655 5.770539580577275 11.467513942163087 9.114015795742484 6.5723545418195535 6.01540667330233 11.69705457113572 15.406447760177866 6.1835651340408555 10.882212072791718 5.747722672142529 11.380135810384338 13.125666036018153 6.099574162199147 11.111050772057785 8.369083616308322 12.022559129172764 4.629573389549974 
13.079313252539798 10.63632846558087 14.404710897054727 7.143196058645509 10.262224557127105 8.687921988854626 17.181605649241632 8.258372381781331 10.379656212936101 18.27653441887219 3.6190292482274744 9.656137165379812 5.446002609534935 12.878662805457328 15.03426923175539 12.766965772300562 7.777375325706346 18.356430701104372 0.0 10.127670579909218 10.52962548275903 15.720742403546394 6.2850553669022595 16.14660995801247 9.250846611193115 2.698049483773119 14.433455627554942 11.67080070106175 12.65960794218558 13.638678793967165 11.3159185921291 16.111370520499758 9.991254139114083 8.639121166209947 13.937416119717028 3.265616067023107 7.9022505503195974 8.873585696601062 9.216598917131146 8.947602508533514 9.378720030919874 12.238234217843186 6.801526294726353 14.226621943463286 3.3572574476001282 16.942843867653924 
6.5854598867258 5.514821498489086 9.747128953120242 5.67677939453346 9.17771185015498 3.3741856358681086 6.499041234410026 4.971768971520737 1.2792643063656817 5.92923452651463 5.6623011980651174 1.7340901092276013 5.480703053223671 11.964016305570667 9.131074988200545 2.5096171509479275 6.4738589169696334 4.176290743537971 9.355398562947414 0.0 2.7976483776965266 6.870287493580134 3.9426510163859505 4.949979478135813 6.59028393895043 7.317700502348898 8.376089789148159 4.39160929606034 2.375470923859236 5.580193054226827 7.93335753314018 4.517620760423771 3.531503453640447 2.4023541094287753 4.959289856618564 8.164893504456952 3.8851217325967813 9.31479721863538 7.217999003755848 4.809453555530657 7.7689210896888845 2.8906672339328177 3.9869857627930894 6.519499101981447 6.200894283481131 9.249849073709472 
7.376437436040071 3.672634551062078 17.26180001222394 11.091185539400898 9.505157792174739 8.155755212508424 8.108521439349328 7.144764419203105 4.510953173439077 6.480280907967515 8.603443049291272 6.062020524227398 5.051437176480664 12.924252157461536 9.672448703930337 2.9542248325282867 7.133418676277001 4.849783640326494 15.283397252760233 3.118113244583795 0.0 4.796125395287803 9.199879248838002 9.127938829316335 7.391027313684494 11.957605929640902 10.391061832768157 1.699067881512533 6.443402180190699 1.7396771780090101 15.291367785528859 2.577060136972733 7.900435032036056 5.449884390395322 3.297534353627621 8.347349214315646 8.260313458061674 15.240945322467132 12.034384747637073 6.395370239532972 3.1939551217009132 1.0240295678378326 6.186290433536425 12.339717138283808 11.547245888279889 9.050701204938662 
6.8679740489465 6.347149168348888 12.027812702973641 9.264517176493761 12.239294367665327 10.552257190560372 7.9575586437416685 9.013502282422522 7.31867859645007 7.7291066689441665 10.141571421250662 5.529931060817413 11.441581464672687 12.848559217948779 9.60922125666993 7.7619653409550695 6.667364675764068 2.9046446723862713 21.083674287541587 4.54727666896428 4.564758849642492 0.0 10.668164131123786 10.190811245661433 9.29055004228305 14.92360370560497 10.931729789282722 4.39190715668845 5.183564648792139 3.7789930679257555 12.940699762822282 4.654657959212975 10.224931509233787 8.431345807511443 5.543211784841329 15.41907394791187 8.634511877244918 14.94418673755678 11.719210654093803 12.101381506213974 7.404955927254866 3.177761094872971 9.94666823390121 9.287429782287944 16.830416386720646 8.826079345951326 
6.036552329585452 11.898351309445678 5.6613120245571915 0.3103572766453893 4.836926703732958 1.9772803254481726 8.396698142306418 1.142081734946613 5.503710603861206 7.780059661576409 2.294809512209617 5.136374400389573 3.1323985348408234 8.068345160568775 8.159265062346027 8.059161473949239 6.407665961234077 9.248554254259904 8.43839243989438 5.32157129217284 6.787463902853938 7.48115391744987 0.0 6.407241398545812 7.121680010644596 3.846941204072639 7.56628743346193 8.15668749423678 4.6418051120355415 8.366350829574081 4.054469320390731 9.284859110281907 2.3201553819729055 5.153981543289488 14.85337905201831 7.520795919090894 3.0561489202204193 3.4199998381354675 4.984151506875747 0.5196173969617125 13.176430262181352 10.729345869120936 5.95805414146184 8.332723221606784 4.153720379852712 6.147670901650155 
1.1432597452334137 11.12273674345936 5.466568075822532 5.602764708036933 3.41669141130959 2.7800144264960656 2.5922023611191456 9.713610688407716 7.04919077706735 1.7021733109871282 10.16300261117646 6.9462919076618315 10.086707127369916 2.6872745204635575 1.2235875546210015 6.45747124794102 8.318228729362716 3.001819297682329 12.799845699277562 6.574143123589708 6.7094051025458725 8.117613902741095 4.57287725432349 0.0 11.247801090745812 11.588782897187773 3.176242482950962 7.09478920082935 4.215200312240622 12.04270934791824 3.1216641499121143 9.36680909423579 5.755442200198363 9.198960589144969 13.402581542931394 11.571442593112906 3.9871878210719522 6.185676684836083 2.380077083077661 6.228078681640593 14.960677531904562 8.555885367659187 12.783236974546519 2.2467488461950804 12.82636767313048 3.0314914594916575 
9.016220562735002 4.2199453770108635 13.442201527636108 6.755735078239871 13.39823589302826 10.39568361890177 16.698227804518503 7.520340318346392 4.7033123797527985 11.56078455969764 4.997949855520458 3.5467507940471554 4.5236691502548965 14.673442824422452 9.206813544745213 3.1093676460283426 0.23481586217749692 10.569472923859646 6.976167575815442 6.349759218190371 5.212414338111298 7.132571025672051 6.723004022385523 9.560068793505302 0.0 9.327442718896224 9.760081959971577 4.223655071745413 6.498393410019244 7.921375986499358 11.41082886567781 5.595411345620484 8.732733149101145 3.0793269515859727 6.38782196893732 2.4157879871240717 7.524704683982633 9.330273176299126 7.7638823557111145 7.3731093479911785 5.493033717356383 5.319266664846854 1.9789854646560383 16.01182346438482 7.524550076222358 14.328551525580345 
7.8217223522950095 7.509051181326037 9.060503159117463 4.986849596547911 7.689657728483918 5.339661452722139 10.104345696628581 4.407439842165098 8.735734010155085 8.542205511163898 2.6244281761148693 9.196077543185742 4.234752983024366 12.985294078075633 14.412863185655521 6.467102918463893 8.321185143958017 16.74325431777732 3.058874890665747 8.17324627249707 10.953755145916423 18.47333487955781 5.997677129240154 9.503596582041956 7.595035313981981 0.0 14.810966202243769 12.604777253477426 11.618479779322266 17.274276375385305 7.98316752965645 11.772642845697504 8.445584857077296 5.155107892365299 12.924094084145153 3.668025871014701 5.200997510149277 6.192826071450979 7.968715984021124 5.92457942584098 16.211139349446523 12.761046444694045 6.745786268100478 10.582571951429875 0.4844401784108623 15.031694283980052 
3.8148332365097746 12.2013407612797 6.52738109564076 5.461172984853686 2.3452827648237933 4.87242475883286 1.2764371957258809 8.82475224220621 9.19577712561648 5.9607085105426325 6.7307912082982835 9.399381815162595 6.671926610153103 0.7886239665178848 1.5570832251770603 11.039641639503651 11.294212644201867 7.184728653453081 10.97237427543377 11.065857254998107 13.362668591992021 13.540816199818057 6.398891628624169 2.15955764398963 11.515340460945678 11.164893433448995 0.0 9.144480181223052 6.585757122758582 11.969983276750614 2.455171079892078 11.949188791593608 4.254535159648265 12.652673439701385 16.776710308140316 8.33084460310026 4.022859046633433 6.200770467526411 2.2832178382047785 8.311542817157985 10.374392577602968 11.772302318708897 8.383432014995176 1.1141986131983388 13.195559019032078 2.812749400943912 
8.1289013640959 2.0505374148265565 15.757740017890097 9.37855945836936 14.87656240584592 8.598909146757393 9.651129633904475 6.986842954415387 6.247064459636605 7.233121679984128 11.098377982486577 7.0395960846774965 5.619998073868446 9.775161991453635 13.666033304969618 2.664657080273807 5.581686669835982 10.038295260657947 10.59394188311262 5.308241706338121 2.101527011336601 7.077174279810971 12.597384231507693 9.345677789490589 4.2579944233400076 13.794265786084175 16.034191459232062 0.0 6.006119815189302 2.0665880231924825 13.000987640085398 1.381972157651398 12.299409235663497 3.0303475557305117 1.4950653738862647 9.116088171922996 8.067602081681855 17.354265922983195 11.371713998053472 10.707903318728327 2.3944301422387078 3.062401169906674 3.621613216813552 14.072333576220517 11.329803602531234 10.879208231221503 
2.722043673223906 7.003985246199539 11.11048514257147 8.04898573978587 9.09933451844621 6.211386744789431 5.618072807879286 7.105287025494087 5.636808409850763 2.155357575090573 8.11140028558851 4.952419248444888 8.732836119289892 8.779062133456273 5.223355214990509 6.081327594618402 7.338369647506264 1.7626096358617755 15.750915267686846 3.237253519081671 4.143905053239048 3.1906321418295764 6.162388761260753 3.792268944988181 7.531785795243394 10.245522752090814 6.844610998019372 8.295412846003032 0.0 7.05828926038366 8.454357943745439 6.764832391621987 7.308939955693932 6.2440048733574764 10.598808607562294 6.745001271710858 5.114076804433927 11.940732814353531 6.224539725171542 5.93440636492807 9.300057504975179 4.25961301939808 8.080849493870925 7.771911782066933 13.744639097783274 6.813287855910374 
9.497741612828902 4.3797482380759725 20.443124210940994 10.540741959807328 14.241612333590192 7.528930240864029 13.044681241235256 12.812648197818664 8.446363012474112 7.4828386642517675 8.964005732034808 8.222336266243499 8.23823547239259 15.156902006431972 10.574082341512462 4.296648118611812 7.206223633448522 6.912594280764413 12.35843945111413 7.756570406810919 2.597660339085106 4.153703167643242 14.213212165272175 13.682847703858263 8.12131518781315 15.056022470253914 13.845356246425442 2.439064342930502 8.793751511669825 0.0 16.328057451126007 0.8356882171672988 12.451298413043258 6.071185479889449 2.006888483393853 13.547817782136773 11.65804696276395 15.236125798628677 11.466887586074463 13.642078683536845 2.878195364953579 1.6989246950651404 8.507592782560168 13.436380542479634 13.038349929838718 11.083302558470734 
3.939406334859401 14.162700878890888 2.898995718575389 5.317878883329335 0.4740215295789878 4.74568959592421 2.98800835770024 4.933274427136267 5.86657004125926 7.85955223571472 8.268222119320953 10.603442967040879 6.813939051993861 1.759432489896822 2.981541751373445 7.37711926861899 13.766865914953382 6.270307999469863 11.77815902167696 10.177304870948543 9.736583995332776 11.555209017320209 4.577126869712061 4.412464013930288 9.123971165383795 10.830712454358453 1.7716451804956237 17.580165984565397 6.535338834818326 15.004299125894637 0.0 15.433858535362056 4.0795220058871875 10.00682963910165 11.614380941930074 8.647319883110278 5.532969816979776 2.8451809111506905 2.484093784621167 3.7993805511699312 16.748514818850992 8.746477171234092 12.609911464549509 2.560116955569179 11.943597661992005 7.467345354089826 
6.962029799678397 3.167665089180614 20.58914465882009 8.386120256109844 12.743903539124219 7.669583617493615 15.22344853148074 9.933135125828034 4.991432862646394 9.74969686844221 14.52845577371147 8.52548623824516 10.005868340046407 16.798196113926313 11.034855479848577 3.7787598753812075 8.056702120563575 8.355566288992637 12.48234297276695 5.426274207295121 2.061929639732112 3.187877980099346 8.792720141908756 10.75639867842214 5.04308059119345 9.422647272885396 9.514921773014459 2.5266333313738447 6.441093424254088 1.0212505545120398 17.664605160157 0.0 11.639175362255706 5.841459685326575 2.3594808181510567 10.312308212353848 8.858789128902934 14.902794852573106 11.869792047290762 8.575934683559908 2.896497928335609 2.390811191427387 7.858117254486622 13.58026893687392 13.222238742490134 9.74119898046154 
4.817293424102235 13.138565674301068 5.264669829668158 1.2263684411560303 4.561313558569445 1.1771393814518885 4.838950305223417 3.7913930481942 5.842057248771397 3.8252276126572933 4.267512837677931 5.960996530865495 5.082035966046871 4.631256152474 5.5541268217715345 8.05688534370925 10.751953882920947 8.893306368216907 7.6649664906329 4.201685709554028 6.422504965674779 7.429614590708182 2.2048106514048973 3.672898870431605 10.98747776527222 5.3127541214116345 4.492216298980827 6.802908570570412 6.784019582121855 10.34966870707112 4.5482304290736675 8.349392591820887 0.0 5.015694818896634 14.127340693237022 7.313101417627292 1.3003327708747916 3.8251864761750527 2.9866835361544077 1.6815371446685448 14.58638062563 12.31326825737219 7.042255657437101 3.6214034052823774 6.482937493927128 9.169838857617435 
6.512540732912617 4.76302345213287 12.978208153021846 6.073100195252 9.946653913472646 6.74312288019086 7.35644466609147 4.224053043510456 1.5871499044058317 6.374632571065532 4.713703756740189 1.9873415383355024 3.207516131420995 7.324961458981439 8.090472610876931 1.46287505916016 2.618045679767924 6.533974732681436 7.210465130961902 2.4160858431277674 5.23617889483933 8.256124557881915 4.472850635348364 6.613783735254684 3.4383796479748745 7.311335646717948 12.086472069544914 5.733545683955842 7.001507822139303 4.792858915271175 12.285492704102891 7.696542224689699 7.5606384284054124 0.0 8.24322709549751 4.304072499821835 3.672783615936564 10.69756890568432 9.134001552821646 5.715750508732128 4.641624042470696 4.654582836482933 1.6172195349367733 11.282890428959796 7.764922130956748 7.223040302398083 
13.978653111693715 2.579473834866403 14.734409421866737 13.31321450183313 17.014891595233813 11.234042921984251 16.17660110231875 8.148682915686612 7.092356731057658 12.951011777081106 16.082025845586482 9.232720710537198 8.159003498583065 19.13523439280081 10.208535608528097 4.759697463259875 5.359220947518683 7.987137891306496 9.451728724011236 8.202984800627274 3.9630444826549014 5.6354830495173465 8.836918395370814 10.00986595109051 5.675484765561307 13.742548575703522 19.158475491460777 1.891727846201712 6.4386134639896575 3.4091142149237754 14.217520847913487 2.3774033970602986 9.291580728826446 7.080154037017481 0.0 11.453929988267797 7.7679474677290745 20.664241677317467 10.878356330556635 11.758762884703348 0.8751748838389285 3.920569222875306 4.759152258647755 18.967258278885446 11.544038771994433 15.24387991983193 
12.841381840791135 6.223882163654146 10.809678764540708 5.012171832162522 8.805877627812187 7.690734219046723 9.926420654124472 6.231787954274671 3.819411744950939 8.936790715414016 5.96543268084559 4.2917271967703 2.708457321129004 15.226406306407405 11.16967341043382 6.134934412307418 2.530264148176271 9.059943885304058 3.3427690066758053 8.515872296744059 10.42948927240071 14.41969487958448 4.716070329557525 9.142131741653419 4.778415594007079 3.7751000022454084 14.318779606932624 6.098371961872219 10.526237263178917 8.61108802111328 11.907886329729912 12.671793029784865 6.97638922798299 5.8637917461448765 6.548696785998808 0.0 6.018186749202766 10.294005781957754 10.736571533488103 6.042065848340922 8.315432767378496 12.324471631687155 3.7755219380479126 13.08068571091013 4.990889363530267 16.643124115121598 
3.110819720757279 7.01588838880457 5.5148682360745225 3.175549915331378 3.4188926551688947 0.6511816885293262 5.413955246538319 2.645759301466919 3.6732077174842344 3.0545954454133035 4.447616652024518 3.6830069678158037 3.835149688230873 5.902282680497141 3.903175217107248 4.465255341695091 6.037090351230541 7.028822000632411 7.5012775132834015 5.252526656796046 7.109521061891373 10.864382332120005 3.450114186010788 4.867847357692948 8.218923958080158 5.93474256111067 3.749040348368123 7.9560296349084965 5.474639544481779 8.708477486265998 4.582917402765638 8.859233014285618 1.928791419406469 5.612181621626676 10.226507756614954 7.75525771944838 0.0 6.141407516052444 2.0980358931317733 2.1825381027387154 10.31383835608377 6.034509874581397 5.163256950161131 3.8559365169472577 7.123291426109568 6.086323702539909 
7.327303554710958 14.538815275751151 1.2467381213686226 5.362265779545263 4.12004405506224 4.269980450945031 9.659160870350611 3.9898693441523267 10.810897563897232 7.783139068423507 3.534171407706446 7.269003549210609 8.645027221229396 7.140235364723029 5.102891122135213 14.89961240130243 7.770395664398562 12.60063002027422 8.389861887088353 8.893123021193055 15.224606310402791 15.511295578768049 5.712590833070934 10.41070212207864 15.42783196578788 6.349963436552702 7.42734324187758 16.230992223927494 8.030185308162656 13.588680723144819 3.9836418502077633 12.086251221478145 4.462649089392057 12.681653223081454 16.421222318756648 9.324736059483678 4.665065534800745 0.0 4.023655853136357 6.005756567766346 13.204946267396807 14.504198229420586 11.958240159071588 7.3000986605916784 6.238811934267404 10.434919647096198 
1.77242233564881 14.531641033129016 5.699163814000831 3.9855273502992654 2.977255678361621 2.439181183480497 1.9370504136067408 5.117871166556601 8.652238366303799 2.4577454085525052 8.968642438569551 5.371531478778927 7.0134658138790975 2.2699854998413023 1.8079892331726253 10.393829157045833 10.187890090491974 4.514024271213482 13.531130664796802 6.812072859654725 7.112163959665828 10.238269532222853 5.716874776439255 2.2452851609432614 13.601142120586069 8.319003642086813 2.5421061490776657 12.912339099189179 5.640827093453801 10.853366785697176 1.9466829064229056 15.090214427056353 2.8411426485674145 7.2890063503219364 9.96465192687844 10.487359914435777 2.3278957037228802 5.0897053891813835 0.0 3.345608815987467 9.411974340794485 10.941217573116743 7.042615376720853 2.5089778905875724 11.672631151749838 5.849208833423201 
4.310837360601573 11.910495856604793 7.1161559851233545 0.9719863285270403 6.381428401826958 1.9478259601397656 8.33989182753308 1.0666012227581907 3.389499551129558 4.99202487900299 2.7278979793787106 4.334482383261117 2.8362877030713323 5.320460958394235 7.109804485192919 6.608027741874234 5.364411045014467 6.456529014630205 7.6814194087208 4.374142746107118 7.544468598201073 9.85591361224012 0.7918359017377646 6.776585456464863 5.780303588080395 4.167710828312424 7.901496560069243 11.721466765518912 4.472254561160406 10.29421686239229 6.409369877538465 11.766993659440566 1.2022361240572699 5.185072915900307 10.620518945527467 5.498554290403272 2.736573276713542 6.0412090792939575 3.9499712089671752 0.0 13.868431744593552 6.1367590081911425 6.3329582754083855 5.129143494289938 5.860214040217308 8.203742784754033 
10.82113017748729 2.643168446812317 15.043993528497897 9.923225517957889 14.32499563240299 14.152484514163833 12.759444524519074 9.252910106596364 8.893520637965496 13.312438533559481 10.33656547137456 8.664213430743445 9.825715669922 17.925804048422666 10.885878583005814 5.0382027728098695 7.505486314454059 12.432376172569253 13.589286050981638 8.177311334110758 3.873005235760603 9.148555794304166 10.793254517973715 15.496122004973108 6.185288324130557 16.062680346607387 12.580373809460834 2.5408297298961626 10.181285501745156 3.274437394777502 16.2712963033044 2.0877220591838648 11.815277655756345 4.481254842782419 1.0096259537045629 8.838849944507006 14.474589875493798 11.815645457051936 13.652314571696593 9.781730163394627 0.0 4.863554723211632 6.2325740288279405 15.350627930799032 12.618225705818869 11.639134824915743 
6.528015284847927 5.539668197534036 18.42743930747908 9.862816549332013 10.746843674966264 7.285236032980112 7.896678178152838 11.243882084330082 5.7469718077260845 9.522412423952233 13.56730414499039 4.66795725953042 7.096738809077398 15.50617153263387 11.207368952813225 4.580114746515784 8.429712116738521 4.849298927644615 11.712531521627785 4.6691590975705175 1.196438113332072 3.81867564342221 9.64877488292528 8.448495482477487 5.976970555918696 11.5829226222154 11.425269489671345 3.115015001893032 6.251523117397442 1.8701116456699194 11.389410230616486 2.270464652323432 9.633611207421074 6.097207086137488 2.819968591842378 10.609738915697616 5.590982851915952 11.122908368053368 10.85455688979436 7.517764416022504 3.845366070111053 0.0 5.062066531746391 9.844008833262555 9.447826345628437 10.33274265310101 
11.795535290287653 3.3923300703529438 12.697768232418692 5.247293800349838 12.881822523610175 4.680839697425867 12.10657754040558 6.375938208488115 3.1587859148202417 9.53495610069558 6.7878026114820065 3.9559954857529736 2.7800532097283392 10.53843592068831 8.657841675706395 3.3946801462185716 1.8128221030457743 10.567954653382438 9.099071646934107 3.708850465353723 3.801064045593466 11.642175623965832 7.342191851025483 10.75833361300006 2.2162373196665155 5.793316535675846 10.469943462121599 5.574952830643403 8.188130218026004 7.044912736005071 13.399571163503994 5.39064990729917 6.028757702920415 1.3398888534596936 5.308143768690047 2.5832204947553326 7.817428163611851 7.128590928390911 8.228769752782924 5.910664305668356 6.44190359720321 5.177193649438263 0.0 13.932625367313364 8.133256374046331 16.130117232682096 
3.936748720477052 17.200003783807944 4.3507797625625635 7.0484409331539055 3.13733827027075 4.883247945426125 0.7524683463493302 5.274642893464474 7.345027827097824 3.13233385522801 8.502143382427194 9.154386883108831 9.704000197788298 2.184260380784117 0.4636624010784433 10.870396323348956 8.935607116694547 7.270673533033807 11.713363870757927 10.463616301579354 12.24936110984399 8.769027588300887 8.38158374259714 2.0724870956896795 9.837572537234522 14.427255207987074 1.0837963674936706 14.087388990747412 4.587263301105269 16.206479772172592 2.4625629323846807 17.392714728995635 5.866264765032195 9.671671890210419 13.908085809269835 11.781404025868483 5.843200502480359 8.044417469806485 2.2496742914921555 7.252986197086274 16.93872453966771 12.552956525424715 9.133047859594805 0.0 8.867019195410935 4.028783156982472 
8.65212053925937 12.194415649988475 9.025704963682093 3.904123850807321 6.594417851190457 8.679741831848158 15.30357597021969 2.7052679139894495 5.366759626933409 11.215833963418037 2.774036292421145 5.511816415030324 3.8447843949526965 11.453291803531457 8.920133488332487 12.096775544556714 8.443118934750245 18.164836383986035 3.374698649518413 7.877819216837719 12.579017033327517 11.705060133420478 6.622719013405844 14.728497054642679 7.537713599548592 0.5291586814311185 12.197687914409261 14.876849084464046 12.863375183610707 13.694296411295966 7.216251872818173 15.168067042373677 5.19647234287415 5.166922195184835 10.003430271809556 3.9335262348043334 9.725526242577313 6.392007948299921 10.821980123775987 6.137436586433225 11.220366707732468 12.011186711972051 7.507245677200743 15.341476057613994 0.0 17.237255556873034 
3.43547940161557 16.442443059787223 7.549859946414862 9.783770178304435 5.636832381175514 4.722379450386139 2.757057760143386 7.7954159043775615 12.549755639827147 3.8635861638743534 13.734088130999911 10.937630835565393 10.194403434786738 3.245145746374921 2.1065707561266414 13.31562001025044 17.70817067132599 5.9527027683673515 11.476162101937684 9.374309394645643 8.111599203255883 6.0747325459587875 9.0636831633837 3.0118768759489596 15.886420592109395 13.017539162907987 4.580898228459887 13.997930806038259 7.11057858896527 15.679643672030306 6.191993207466106 15.366377257540222 5.0741124787713865 11.36223114042685 9.638943165161242 15.837542953296467 6.562755213509874 11.542862708360946 3.9181841399434063 6.852516576435386 10.293523499821415 9.809347311097426 12.541697076369363 3.8938240405775653 18.69940135076405 0.0 

0 12 26 1 20 2 13 20 7 10 15 7 24 10 12 23 13 19 9 12 6 9 22 18 19 20 24 10 4 20 15 13 12 3 7 18 3 23 1 17 13 6 22 20 21 2 
