45
7
100

0 98 20 69 33 76 43 33 39 38 65 78 22 26 63 72 40 63 25 95 44 32 74 73 58 72 26 86 59 94 90 88 25 75 25 18 95 95 43 18 34 97 77 92 69 
98 0 94 89 88 43 92 72 59 62 36 83 108 73 55 26 64 36 76 50 62 77 37 26 68 27 85 67 100 62 32 54 74 58 84 83 50 12 56 83 82 78 21 90 66 
20 94 0 50 13 65 23 43 38 33 59 59 13 32 50 69 47 62 35 82 51 18 65 72 42 70 10 70 39 79 80 74 25 60 11 13 82 89 44 13 48 79 74 73 53 
69 89 50 0 37 47 28 79 62 52 59 12 57 67 35 72 78 74 72 52 81 40 53 79 24 75 44 31 18 42 61 43 59 33 45 54 52 79 67 54 89 34 77 23 23 
33 88 13 37 0 54 11 48 38 30 52 46 24 36 39 64 50 59 40 70 54 12 55 68 30 65 8 57 28 66 70 62 28 48 10 19 70 81 44 19 56 66 69 59 40 
76 43 65 47 54 0 55 64 45 39 22 40 78 58 15 31 59 39 63 21 60 46 8 39 27 35 55 26 59 26 16 17 53 15 54 58 21 32 46 58 76 39 34 48 23 
43 92 23 28 11 55 0 59 47 37 57 38 30 46 39 69 60 66 51 68 64 20 57 74 28 71 19 52 17 62 71 59 38 46 21 30 68 84 53 30 66 59 74 51 36 
33 72 43 79 48 64 59 0 20 28 46 83 52 12 57 48 8 36 8 85 12 39 59 46 59 46 40 83 75 88 74 80 20 69 38 30 85 72 19 30 12 96 52 97 68 
39 59 38 62 38 45 47 20 0 10 28 64 51 14 37 34 16 24 18 65 19 27 40 35 40 33 31 64 62 68 55 60 14 50 30 25 65 57 6 25 32 77 39 78 49 
38 62 33 52 30 39 37 28 10 0 27 55 46 19 29 36 26 30 24 59 29 18 36 40 31 37 24 55 52 61 52 54 14 42 23 22 59 57 16 22 40 68 42 68 40 
65 36 59 59 52 22 57 46 28 27 0 56 72 42 24 13 39 18 46 41 39 42 14 20 35 16 49 47 67 48 28 39 40 33 48 49 41 30 27 49 58 60 18 67 38 
78 83 59 12 46 40 38 83 64 55 56 0 68 72 32 68 80 72 77 41 83 47 47 76 24 72 52 20 30 31 53 33 64 25 53 61 41 72 69 61 93 22 72 14 18 
22 108 13 57 24 78 30 52 51 46 72 68 0 42 63 82 57 75 44 94 62 32 78 85 54 83 23 81 43 90 93 86 37 72 24 25 94 102 57 25 55 89 88 81 64 
26 73 32 67 36 58 46 12 14 19 42 72 42 0 48 47 15 37 6 78 20 27 53 48 48 46 28 74 63 80 69 72 8 60 26 18 78 70 17 18 22 86 52 86 58 
63 55 50 35 39 15 39 57 37 29 24 32 63 48 0 36 52 40 53 32 54 32 18 44 13 40 40 27 46 32 31 25 42 13 40 45 32 45 40 45 68 40 41 44 14 
72 26 69 72 64 31 69 48 34 36 13 68 82 47 36 0 40 13 50 48 39 52 23 8 48 4 60 57 80 56 31 48 48 44 58 57 48 24 30 57 59 70 6 78 50 
40 64 47 78 50 59 60 8 16 26 39 80 57 15 52 40 0 28 14 79 4 40 53 38 56 38 42 79 76 84 67 75 22 65 40 34 79 64 13 34 18 92 44 94 65 
63 36 62 74 59 39 66 36 24 30 18 72 75 37 40 13 28 0 39 58 26 48 32 11 50 10 54 65 79 66 43 57 39 51 52 50 58 36 20 50 46 78 16 84 55 
25 76 35 72 40 63 51 8 18 24 46 77 44 6 53 50 14 39 0 83 18 32 58 50 54 49 32 80 68 85 74 78 13 66 30 22 83 74 20 22 16 92 55 91 64 
95 50 82 52 70 21 68 85 65 59 41 41 94 78 32 48 79 58 83 0 80 64 27 56 40 52 72 21 68 13 18 9 73 22 72 77 0 38 67 77 97 29 49 43 32 
44 62 51 81 54 60 64 12 19 29 39 83 62 20 54 39 4 26 18 80 0 44 53 36 59 36 47 81 80 85 67 76 27 67 45 38 80 63 14 38 20 94 42 97 67 
32 77 18 40 12 46 20 39 27 18 42 47 32 27 32 52 40 48 32 64 44 0 46 57 26 54 8 54 36 62 62 57 19 43 8 14 64 71 33 14 48 64 58 61 37 
74 37 65 53 55 8 57 59 40 36 14 47 78 53 18 23 53 32 58 27 53 46 0 31 31 27 54 35 64 34 16 25 50 22 54 56 27 27 40 56 71 48 26 56 30 
73 26 72 79 68 39 74 46 35 40 20 76 85 48 44 8 38 11 50 56 36 57 31 0 55 4 64 66 86 65 38 56 49 52 62 60 56 28 30 60 56 79 7 86 58 
58 68 42 24 30 27 28 59 40 31 35 24 54 48 13 48 56 50 54 40 59 26 31 55 0 51 33 28 33 36 43 32 41 18 34 40 40 58 45 40 70 39 53 38 11 
72 27 70 75 65 35 71 46 33 37 16 72 83 46 40 4 38 10 49 52 36 54 27 4 51 0 61 62 82 61 35 52 47 48 59 58 52 27 29 58 56 75 6 82 54 
26 85 10 44 8 55 19 40 31 24 49 52 23 28 40 60 42 54 32 72 47 8 54 64 33 61 0 61 36 69 70 64 20 50 2 11 72 79 38 11 48 71 65 66 44 
86 67 70 31 57 26 52 83 64 55 47 20 81 74 27 57 79 65 80 21 81 54 35 66 28 62 61 0 49 11 35 13 68 14 61 68 21 55 67 68 95 13 61 23 17 
59 100 39 18 28 59 17 75 62 52 67 30 43 63 46 80 76 79 68 68 80 36 64 86 33 82 36 49 0 59 75 59 55 47 38 47 68 91 68 47 84 52 85 40 37 
94 62 79 42 66 26 62 88 68 61 48 31 90 80 32 56 84 66 85 13 85 62 34 65 36 61 69 11 59 0 30 9 74 20 70 76 13 50 71 76 100 16 59 31 26 
90 32 80 61 70 16 71 74 55 52 28 53 93 69 31 31 67 43 74 18 67 62 16 38 43 35 70 35 75 30 0 22 66 28 69 72 18 20 55 72 85 46 32 58 38 
88 54 74 43 62 17 59 80 60 54 39 33 86 72 25 48 75 57 78 9 76 57 25 56 32 52 64 13 59 9 22 0 67 14 64 70 9 42 62 70 92 24 50 36 23 
25 74 25 59 28 53 38 20 14 14 40 64 37 8 42 48 22 39 13 73 27 19 50 49 41 47 20 68 55 74 66 67 0 55 18 12 73 70 20 12 30 80 53 78 51 
75 58 60 33 48 15 46 69 50 42 33 25 72 60 13 44 65 51 66 22 67 43 22 52 18 48 50 14 47 20 28 14 55 0 51 56 22 47 52 56 81 28 48 34 10 
25 84 11 45 10 54 21 38 30 23 48 53 24 26 40 58 40 52 30 72 45 8 54 62 34 59 2 61 38 70 69 64 18 51 0 9 72 78 36 9 46 72 64 67 44 
18 83 13 54 19 58 30 30 25 22 49 61 25 18 45 57 34 50 22 77 38 14 56 60 40 58 11 68 47 76 72 70 12 56 9 0 77 78 31 0 37 79 63 75 51 
95 50 82 52 70 21 68 85 65 59 41 41 94 78 32 48 79 58 83 0 80 64 27 56 40 52 72 21 68 13 18 9 73 22 72 77 0 38 67 77 97 29 49 43 32 
95 12 89 79 81 32 84 72 57 57 30 72 102 70 45 24 64 36 74 38 63 71 27 28 58 27 79 55 91 50 20 42 70 47 78 78 38 0 54 78 83 66 21 78 56 
43 56 44 67 44 46 53 19 6 16 27 69 57 17 40 30 13 20 20 67 14 33 40 30 45 29 38 67 68 71 55 62 20 52 36 31 67 54 0 31 30 80 35 82 53 
18 83 13 54 19 58 30 30 25 22 49 61 25 18 45 57 34 50 22 77 38 14 56 60 40 58 11 68 47 76 72 70 12 56 9 0 77 78 31 0 37 79 63 75 51 
34 82 48 89 56 76 66 12 32 40 58 93 55 22 68 59 18 46 16 97 20 48 71 56 70 56 48 95 84 100 85 92 30 81 46 37 97 83 30 37 0 107 62 107 79 
97 78 79 34 66 39 59 96 77 68 60 22 89 86 40 70 92 78 92 29 94 64 48 79 39 75 71 13 52 16 46 24 80 28 72 79 29 66 80 79 107 0 73 16 28 
77 21 74 77 69 34 74 52 39 42 18 72 88 52 41 6 44 16 55 49 42 58 26 7 53 6 65 61 85 59 32 50 53 48 64 63 49 21 35 63 62 73 0 82 55 
92 90 73 23 59 48 51 97 78 68 67 14 81 86 44 78 94 84 91 43 97 61 56 86 38 82 66 23 40 31 58 36 78 34 67 75 43 78 82 75 107 16 82 0 30 
69 66 53 23 40 23 36 68 49 40 38 18 64 58 14 50 65 55 64 32 67 37 30 58 11 54 44 17 37 26 38 23 51 10 44 51 32 56 53 51 79 28 55 30 0 

0.0 19.291427487623807 2.729039374325667 12.502302633429217 5.089305121912876 7.9188267569238855 4.712896987307582 5.018693597270949 4.541572363726802 6.018325757900655 11.994999461584648 14.85101330509304 2.6586763860018814 4.921279718819011 7.440290113820506 11.537926033140689 7.676325132461734 7.7966637625051165 3.693387068328831 11.263292254695061 5.617157910979729 5.835565828382515 11.312789062515881 13.754570716131852 7.385017451076315 11.044511637196635 3.958621088749254 12.44708251106324 9.438927430785721 14.013264952912941 14.654286195163523 12.057293803033321 3.046321751663848 14.671243437274965 3.200702682460749 2.6562160327850375 9.591763853103172 12.738611286094113 4.662840580304166 3.3316901222183786 6.535369350017099 10.884489263104713 8.946628404070106 13.19835000183072 12.653573175057865 
12.587710338901019 0.0 10.650927209169794 14.521638316048188 13.14869534340988 4.768278148961415 11.059426984648393 13.390291533651967 9.386879252567187 7.823799190280452 6.3813356371603405 13.707816669153408 12.319504319310628 8.090668892365056 10.021451559285783 4.0566812983856275 11.064923037801979 6.237007847530203 12.142772607132617 6.674129126540469 8.661698845494621 13.930655366839638 5.481931002615022 4.28537631938862 7.63029511203574 4.3324745896187 13.225471045812611 8.57396345773392 15.237467793807653 9.26352156229429 5.3564674432079435 6.890964423375955 7.744850808497678 6.785004732341346 14.030144840122825 9.740141711558195 8.547006433364231 2.291773436124929 8.159242595666427 12.010403318574788 9.341713269268777 11.749252126491893 2.394732777062884 17.776083953013462 6.706250089292077 
3.4206905267200605 18.503141568653998 0.0 6.20774808162976 1.7413423829795664 12.176132574891202 3.167230417688448 4.79399869240716 5.765794078140412 5.298930524445074 8.33057240724109 9.152912322200583 2.424613642463823 6.3328767914619934 8.694888005245112 13.172085467350932 8.69780310245429 9.508374466951867 4.214408243884016 10.696900438695417 9.759168624355656 1.829663538787462 12.569483449135571 10.0262286559269 6.021528874242322 9.989280476004422 1.4006988655971337 10.21911939953543 4.23094217047327 8.09054042271319 14.381593997847215 9.931856956316874 4.068933506827564 9.667463397000176 2.1721881730523895 1.4426970312215244 14.204703652432283 14.430840184134263 4.9547485149871155 2.196352612738166 9.584835169126867 7.964784953827972 13.88425459839011 11.597810570554298 10.199892357626975 
11.83897265545286 12.511205594512884 8.36059883311766 0.0 5.735267211663995 8.381558095227895 4.209471141125559 13.940034828508313 9.919266861393224 8.97473163059212 6.550240218722656 1.3722132947025782 11.226899330691719 10.6893458577571 4.044874445134497 12.201844868119078 11.506239096914499 11.533386242659425 10.132191954448782 9.598382410587416 9.135677813694858 5.94551690463787 5.7381441922176455 13.16231536066567 4.0468367544685915 10.126133581439689 4.936275886762119 3.7046152786008495 2.31998731387527 6.646495746794804 10.278653350697017 5.600038530175358 7.086719612701895 3.6814685269296854 5.439758171127064 9.039938723029346 5.212260584527354 12.50483003855679 7.820338533140808 7.750344307248033 10.000768966039715 5.019513080064224 9.829060768206487 4.290973728567841 3.4581614190700725 
6.230532871463055 11.104756283982988 2.1354694333547086 4.703547573317776 0.0 7.877659879491208 1.159978993635209 8.597521533566923 4.002126437822051 4.383783445362985 8.66479196193309 5.082491172333738 3.884176925838681 6.2970568547688455 7.774353946260854 11.475794626434027 8.164402929842016 10.19407306749201 7.3563956308537515 10.823171799554657 9.773395575379652 2.2726494286650225 5.975450081782502 8.707003913404899 5.199205844619325 12.398687821051904 1.5206229405066771 8.35394296826119 3.255757577494342 7.873305572149814 10.458097901343288 8.925308219360918 5.144297478376188 6.324468062410107 1.830589586848609 3.569168336700079 12.852897430824672 14.627064055674332 8.417746916545747 2.399178463614451 9.648545448102379 8.132673154570016 10.874844411006793 6.684379487124428 5.457338214319741 
10.714431587990592 4.458505100737121 7.58703924379481 7.214783707295627 6.684613199614408 0.0 8.938110561407662 7.4354826018389275 5.888318137917941 7.593641949913518 3.3074116664875146 5.329177999118871 13.11976411000332 6.216934060859527 2.7409339894202165 3.108780525807042 7.897121126782473 7.582376531051041 11.725123898614477 3.514054011274836 10.121290970841912 9.156980670658514 1.3308111758397185 4.55578685558298 3.162253825520952 5.487528986474626 7.34856555918921 2.75358179171566 8.565004481891295 3.5213365867267896 2.428969716982869 2.0387268706088366 9.84933382705458 2.7189775495642667 6.288142291691276 7.522140018464426 3.8126389082768704 4.061037113319873 6.496315966161594 8.423004798259118 13.057713044564013 6.990488990762062 4.7172182270857395 5.301490362120486 2.998565481705142 
7.386264460332413 10.430136384674862 4.352575188860095 5.347323511986049 1.49325754417131 8.002646972223225 0.0 6.668453988224588 5.502464063855053 5.013510681705616 10.380076217841886 4.919549676153064 4.254926280202949 8.877369633200015 7.498774334629999 12.965584809641875 6.74263072895084 6.764433596232272 7.526479910921157 9.72977555894748 12.669690961978286 3.400741035856648 10.096341171340262 13.592266603085308 4.737345012262956 11.138405665170119 3.222205401112493 9.358323075191361 1.9368208713766197 8.458417668613514 9.274122129413364 7.07653474504336 6.227374191755297 7.739894025806192 2.2979267133939283 4.832502094232446 10.574624509977358 14.213114923338328 9.825637735575107 4.877507606083851 9.700742952741523 10.359802913443923 10.558137396222897 9.102493208593003 4.082202394010253 
4.3916910833410725 10.838228849838764 8.001347866016228 11.599865077379555 5.803758106577801 7.048505420319264 11.56129700904235 0.0 2.317188027314716 3.501845235224409 6.438726968918871 14.970151822341322 6.655208329604179 1.2205682425089568 9.230233827862941 7.807271758940116 1.5593086840012917 6.7824670273073 1.1348673688184703 9.261711549048522 1.2525511558314064 4.587529607367582 9.991368853336517 8.013448899551925 7.41990717287045 5.724673852254584 5.762955702772611 8.492805206693598 12.788997490148807 15.475960073267153 9.04423597610212 15.366389725208137 3.374325891424708 11.110831299856056 5.563508822840095 5.944220603330079 12.257638709924693 11.531253059092691 3.6824242853264835 5.114734357519334 2.3358550751824305 12.59450874895556 7.907915582903447 16.54283664603251 9.120811275527462 
4.976559869989237 10.973766491819188 5.344510693521877 8.4258157116605 7.149865805398246 8.514943954352237 6.82347101154795 2.417565559879338 0.0 1.2469940171066418 4.0923141762392286 11.08816151492777 6.649379869687104 2.0331887308919407 4.581058754433481 4.385636626267686 2.3718691196060853 3.62748336010269 1.8684515269542639 11.385822018450293 2.2528101776013187 5.024313974244487 4.253974094033437 4.1481448942533605 5.7355369263164775 6.391021981922228 5.891598843418269 8.32666386624112 11.848898484823605 10.750318794024999 6.774581568496648 8.980253067008082 2.722073999030484 6.493190654595889 5.360067808446498 3.4517764119441696 7.129271327905252 11.066681060528714 0.6940587011842514 4.974988074973556 3.7124009371334488 13.386673212785897 7.015505425310564 11.883678166924632 9.38858622724936 
6.533327014953326 7.928152028143721 4.312672692318554 6.018079850700901 4.451984871968645 6.1016686963504405 6.936767877148737 3.0978428275771015 1.961391719784554 0.0 4.088561102557861 8.52999087327187 5.827105226351421 2.2233037241993143 3.8975122671791835 6.221091497585018 2.6577613863409053 4.681344587645803 2.458255047288008 7.2653527604582475 4.449326789632801 2.0188738860414315 5.360985771958319 7.957746475703427 3.2141085642967764 6.876836035782398 4.008649989788872 9.187862175619259 9.374849786547234 11.196673499603225 5.429357070053206 9.209154323829232 1.8248321852893974 7.5674233276728256 4.542134254000294 3.2712184622054448 10.328219746337851 8.068565407565178 1.9967046567527318 2.6533367460571085 5.19266952415404 7.545936896421676 7.955073147437698 8.254766263737398 7.585745666240802 
11.160030143819966 4.996655425015885 10.391538635373509 7.633320529345191 5.5816149011282645 3.4621374369766578 8.32357308543412 9.038983514146377 5.470991117977393 3.2817931572878445 0.0 10.114688865617131 13.370174643026637 7.989518328014437 4.572665122921821 1.6673021470324962 5.278480134123106 2.0609063634294333 8.076512066261753 5.496045864629204 7.5728196180008975 7.964230936203846 2.5481843171172986 3.6073288981464695 5.632283729002066 2.2343917431232123 7.642486386964191 5.450361266594909 10.661841528490672 5.772017168457009 2.9580318561448906 6.299614645887299 4.560223461669503 4.923740880700909 5.627765554528545 5.136649774878849 6.01316414139488 3.7594086296923472 4.572504579461095 4.978073208509716 8.157231968133203 10.590962905104144 2.063804362974449 8.672711414752971 6.725612973874946 
14.49137127089772 14.822774341586701 8.955932412149576 2.1468083902147264 8.256091797815234 6.321715859235505 5.174022308447 12.83488453493246 8.122693519103306 10.462271959011908 7.673628107216263 0.0 13.077037725803194 7.3123370909032275 6.3170725241109125 6.954198093768403 8.042034201506933 10.062217549762368 11.16096210256723 6.207543003397728 10.518724661870667 6.492482964511247 7.46455547338627 8.442249251623927 4.718610437836545 11.587126904147027 8.405890571134888 3.6468277296045386 5.658761516087569 4.040219578100951 7.80003208829867 4.807039304500806 10.41668426202687 3.5498242685409584 10.002781924740919 8.766172888604418 4.145310099592275 9.661218707626471 12.865281909235051 10.137291492360365 12.548155099368454 4.126747324223249 7.302830346471288 2.7462859380954683 2.7013373391304203 
4.351108335191505 20.987358122144364 2.025229815984539 6.156427256301473 4.3330498500076375 10.348933027242133 5.1531327135802085 10.049568106555508 7.19404440124831 7.1853271101941925 11.963410870232487 13.588594978662346 0.0 8.098197555493767 10.47336064734746 16.29762241413473 8.472095773242707 14.942894529661062 5.2390475727843615 17.578669242147495 11.09586410769732 5.109539118499364 14.860795317108334 8.843292069098702 7.134991521189293 9.421642038974241 2.9170296239433493 9.409330399306635 6.58625500071623 17.900573994403526 14.608571467372336 9.597509723664256 5.3208144028920525 13.869900081545765 2.8686569949015923 2.9780960338566125 17.963281390228918 20.31485662238639 5.776307791724962 4.050363750423155 8.140668895041978 17.00481500826603 16.894397710413493 15.023817168901815 8.224211685194772 
3.436362523393696 11.941460009992571 4.821033979024182 12.205069566620356 4.33389388760507 6.2771740183739455 7.872079350734387 2.0284271417474162 2.4083108138040625 3.453791396460357 7.515819971757389 11.798726578992005 5.537472298093508 0.0 7.021560270902986 8.507197677046168 2.0094196605105266 6.315139495878508 0.9372515959781598 9.815376343940837 3.147374881745703 3.5785524789931618 5.9039169664559115 7.061173165899353 5.616972386732138 8.629260802666032 5.407381669873995 13.706137208218486 6.700782649392749 15.53660633890771 9.29113841094834 13.413225407128122 1.2840078806955315 6.613616199665863 3.973047690784032 3.222352016136121 10.961263908181659 12.26082121091135 3.220318278706836 3.4540082239592467 3.2775154241936697 15.221324261717985 7.8293459251144935 10.511929624429051 10.092307157742201 
10.746329760974797 10.739371785489448 7.756162993020361 4.396380669712664 6.440727146037519 1.7732318913710123 6.641697626477152 9.749512356827552 5.656162541021048 5.535359309240004 4.037171387490102 6.3529488149627555 6.752655810500432 8.360648206796478 0.0 4.9874130304850794 7.284752540072402 7.7105057614956465 6.685370585507979 4.801850323948533 9.225986455294281 5.28623935856554 3.393149659606796 5.968244140770457 1.6266882685627437 4.713071874794932 6.84866867447406 4.955567312317152 7.046189377323745 5.463971582568982 3.188008765812437 3.6934720136354002 5.395049654993274 2.2568482157871395 5.98740403813617 7.539116714072234 5.245695720765367 8.380579577918857 4.882827746204891 8.86762856779644 11.039696219928622 5.783738975053258 7.14912729515833 7.13489088412068 2.783820497166957 
9.059906491318728 4.11376885391112 12.914643691320174 8.605731788184913 8.204955957221562 3.4907668015038364 9.473126291249091 6.148200531236668 3.7786606840927117 5.46783223701781 1.3472562562330417 8.430744556078004 16.303011448904996 6.74727103408217 4.230362748533798 0.0 5.462437821584862 1.964280094784491 5.905034528536273 5.137673504695707 4.037493479501494 8.011558892423487 2.6079639247260604 1.4990583443781158 6.1201377426172 0.5908279876508152 10.083452423673837 11.193362275021393 9.43992552347536 9.361269055856901 3.8454061001322772 5.82169574730028 6.351396893656616 7.824254286090127 6.355206242009713 7.470807202315752 5.5706452248685405 2.937751650108071 3.618576754768873 11.211140404210337 6.73261972301037 8.264436511931326 0.9914063400698349 10.949143027155678 6.570534338966017 
6.086252174999112 9.312052334288754 6.648820241045321 10.39909377920298 6.708296637598312 6.760655809994947 8.957562096577897 0.9211743982373286 1.9675064726141023 4.8630609957819395 6.998331153430064 10.975221876552592 9.32891041399062 2.9897553859691 10.332366771269626 4.695885539159974 0.0 3.2067016718900456 1.9056701840989518 15.567922369141545 0.5569326368207695 5.61814870202366 10.22828134765259 5.577539487713148 5.991745233735318 6.960622272953126 6.832618318177352 12.605721239624753 14.010436150837794 15.94822584141249 7.577082736502298 13.955281194526204 3.647504217686727 9.355766080318034 5.150587601290161 3.491222562193113 10.895685788356928 10.449013234092181 2.0513658700616615 5.70124648246926 2.726962575458106 10.840063335051742 7.0085082022022664 10.595812198808975 12.319031911129812 
8.008629967968046 3.6436183004525793 8.518398832431988 14.090617640128553 7.0572108925892625 4.514802551565039 8.131893960305902 4.747206867286809 3.276603449208536 5.378716581098593 2.8780632787411893 12.971878899238611 10.54213019560117 5.459142513308983 7.269211637931208 2.107928704515225 4.102128802641474 0.0 5.641554350392489 7.1141735737582685 3.251329543039353 7.836376188026532 4.342162448101388 2.078286581342226 7.1951003232327855 1.432524925677492 10.564533892216424 11.393062458512102 7.963856573344967 13.065853874656625 6.582841807153905 7.193740742148866 6.713523649286954 6.564939277188935 5.893442041352308 5.721985732868701 8.556287802590955 6.348768234350479 2.3844717050011974 9.059967327342218 6.722355986863715 14.099481800492805 1.642903083600331 10.974047271285132 6.248634125994231 
4.933725785411879 13.333327091026247 5.86974451518965 12.93220151257859 4.4781178128849835 10.417745953435833 10.15751760706424 0.9272661716341859 3.4306318201153796 4.580655998141323 4.666866825891201 13.250922503944704 8.713326299773712 1.0799767638598492 10.363742719204092 9.101151641645792 1.681612874092997 7.143729544675935 0.0 10.608804042621784 2.317655894235502 6.360088662273117 8.697253172754598 6.007894822565027 7.325236248795882 6.342092611101327 3.4635030116008543 8.312932222757311 12.98779905085932 9.67937574376076 11.817297519879057 9.83833123768213 2.5600823019914483 8.774243398225591 4.1345922182935295 2.419206458102593 10.112450264260238 12.777001804512423 2.076698916232673 3.572547812820021 1.9418744022753274 12.624838245975697 8.214739010734137 9.680620133522151 12.461186573145863 
13.718526898958617 6.4616131302595115 13.836631001676693 6.789353144093209 7.213591016847724 3.922752389783944 11.813687268174775 10.738018415154269 10.906978621430682 6.018912579444568 7.774783532896912 8.03421863489679 17.82214017020918 8.890306029511844 4.811545603289088 5.636862809062657 10.45520788351541 8.33508774786693 10.596287023649982 0.0 8.458504523523512 10.915793491749627 4.334598392448919 9.24523875162653 6.89011474358446 10.197823793686354 11.390523791585585 2.657728967730474 8.32487635177398 2.120922024851497 3.2473866702686447 0.986352132738002 12.87583002275738 4.050072613976193 11.859166525342133 12.784182658362273 0.0 6.584755538636032 7.637397214584766 7.987283405005563 13.841492428486845 4.942389846684218 8.807634098158086 6.536553612983652 3.439793719639722 
8.312115178507906 10.944619460878144 5.987269975676189 10.594241005519692 6.577866661808468 8.474448978192612 8.865183266234421 2.2961029456453006 3.628952832774022 3.115149303841373 4.5001491960914315 15.85205203011062 8.074453728981537 3.977781015835764 8.527320081120514 6.46430612134545 0.6076143929663285 4.160810728869327 3.083121097591599 13.879161558255834 0.0 5.738860506250099 9.103066593316939 5.739260061735825 7.504181905858475 5.061927350534255 4.950057289022988 11.839591445151378 8.48565926972541 12.965484342021163 8.302977785582694 12.8028855250575 3.9815064357591563 12.971355031286084 7.16058284109198 6.629029225981616 8.676420496028744 8.575906975603692 1.7001682344466635 5.516894574237545 2.838566911519237 14.630268974061973 6.099159135339795 13.757264887607715 8.312413509453485 
5.146467197447282 14.889310624841919 3.172164399274877 6.010724231578946 1.5052560364985224 6.171960318744763 2.290820298486384 6.549392791973283 4.546202229043229 1.857471180113908 6.969266147574624 4.911759464578337 3.900106743022132 4.517227875050387 5.724502007896949 9.997529672821816 7.988980073652774 5.523081484539166 5.3110276128477185 11.998809004274735 5.612955378144537 0.0 4.8185711824502775 7.467681873643522 3.26517445813994 7.521418338654557 0.9387250759806056 10.777871969138456 5.04346871531231 10.42814095513591 7.053851265733713 8.718607500814938 1.9994020467282294 4.620576859604833 1.5654676879757066 2.665807691670815 11.41110478337476 12.56714950885332 5.140806471224478 2.692328648066147 6.39788234922135 9.769017653185106 10.202700125623064 8.350917740965903 4.282865694175073 
12.766866125495685 4.511383492158186 9.82077488091875 8.44105647066204 10.723858103841941 1.257632622747915 9.958341537461807 8.189818263434914 5.46466457500465 5.329862742483918 2.693313130495378 8.91247265982486 12.33129516328191 6.063776951082206 2.0589996011104565 3.4821776165905893 5.635856871445915 5.977896678473259 9.77794499476192 2.8933681767352093 8.836039560878387 7.672238486581781 0.0 5.390337280646084 3.918179017198346 4.10631937967411 8.307934607859341 5.8587908263837996 6.458797015025014 6.126132969713326 2.9591467942066854 2.7056948427543825 6.512121063741517 3.61195093282645 9.43794265801187 8.782299257362935 2.897287960520621 3.877479360128996 6.08996914476211 9.338725217819059 11.555870464629791 7.1661565473797815 4.122945807466079 6.875123116156864 5.778795748361595 
13.599944003339381 4.59211755977657 13.447300314583561 14.405147743878738 11.686107909462569 5.569153392340199 8.104733985961754 6.905271265787563 4.415312262831839 4.769692751554951 3.56375012913991 8.008964759772208 8.767287603743513 5.558208239243545 7.069826792543621 1.5521726767445263 6.296059091083427 1.2797812368036752 8.835775249954327 10.1316074296446 5.573167073222454 10.375036162461114 5.341383709638765 0.0 9.705956534347497 0.7002038123744406 12.7696063159481 7.160165796255019 11.241620155057305 11.136608001235114 4.057754989078617 10.949584311264864 6.764530351715106 5.573959528402422 7.8061489708629015 8.213425748332146 9.838667690692269 3.8212468867813505 3.062208888670744 11.66601402120656 6.853090964842625 12.456835709427212 1.0505197709452463 9.197899932624619 7.230266788222347 
6.250959064376987 9.257151629883236 6.080835880530296 3.354647968356064 3.274184459092583 4.817533579562198 3.5284931249789038 10.661519417877013 7.97318578222202 4.070747953024771 6.882684532270543 4.499384489466081 9.14591723307044 8.087815912341222 2.4329631618921335 8.4255604386411 10.39931014113828 5.422329539507326 9.260169132853894 6.666227617148069 10.227481691612876 3.428778908414346 5.2981812289848085 10.500039095485256 0.0 6.396636926416149 5.435121624291216 4.455464710678163 5.160042457346913 5.342005115371112 8.280805358604773 4.625108159600911 7.212187045313319 2.8803604164113654 5.423976338619445 7.181573885915442 7.198135648458315 9.497520580954358 8.224220900160102 6.755926620598602 11.717805925871666 4.746896761243916 8.086003858659925 5.482317338859085 1.2896649085610283 
12.096217159928035 3.0840934817491332 9.564165935739068 9.948449365134511 6.649851709556122 4.073420444358551 8.723819725617014 5.951850217104246 5.840504439347924 4.176332718869023 1.7736991948257237 11.441066383002308 8.303814845309793 6.881154015586864 6.527245436363734 0.7588542267377074 6.235642494241985 1.1574514432943954 6.079182323064564 8.210650815217509 6.375819509892086 10.246440591090742 2.8649035111664056 0.5487967960919831 5.846036938283852 0.0 6.955730687442882 10.69031159884199 11.077729774237707 11.561095716004337 4.586823920296756 8.63027010040285 9.396665487716259 6.880798925728473 10.04553208857526 6.1849782414158625 6.157949291270315 4.8998261276284145 5.743080952144061 10.578971058083106 10.84483298180768 8.331504080612097 1.0173957415954016 10.180613695940135 9.734693158772119 
4.7277250013368235 15.090035276868214 1.8651566812512677 7.805808467691621 1.3640219884244986 5.727185606981198 3.479573982233667 6.837384774447072 3.3711367651824053 4.415571713073409 7.806066753250546 5.612787475942267 4.201908489816498 3.6614870105899473 4.099182701952618 7.996799495517855 4.8407920269038875 8.321728800256679 5.2021285869342275 10.320704436109827 5.985932501124621 1.5578857484541686 9.625925734637397 7.36839337112886 5.3635612045102095 8.289599740608752 0.0 9.169444593511948 5.434646691798768 7.3629393637332585 13.618337107192694 8.531365734103042 3.672765974808237 8.970512501410042 0.35379933878450354 1.5389063592614765 11.878964612722147 13.934588250526808 7.5161704301690175 1.639783439664459 5.438524791582648 10.31956915694299 12.866642836904845 6.855515031627892 8.020355540800907 
11.289040638785515 8.632542247795566 9.789127437485432 5.7051161415191105 9.826285969648104 2.944950513830208 7.7546766105573575 8.65904511946744 11.142453206210831 7.248671244933537 8.309261630296199 2.2802033824916528 13.721338719431413 10.425064380181539 4.111298295754073 11.24687677958946 12.445000899148827 11.946387144426048 11.45663035597936 2.87866351655646 9.994481170805777 8.872563243737396 6.358522724130903 7.917043409904787 5.024795395934144 7.125298467735388 9.354914690852489 0.0 6.829655902055352 1.1687947530122451 5.57588726473618 2.4815519943419 8.677048661321653 1.5730240735304017 9.553086148117806 12.212788755409324 3.215065544004143 9.238292526766811 10.69395889611717 7.383718449047273 12.050629324940697 1.661874542036896 8.329366875227159 4.328766542023141 3.103125334201555 
9.789554540266092 16.757131877432208 6.3038122416964075 3.020317101091734 3.7155157982193505 8.256035410277413 3.051978618014788 8.206764567562448 7.592732228770734 7.458913308333722 12.886351294238217 3.6036219766932045 8.15086503289698 12.295944175491627 7.754054122487381 8.52662555481884 14.595172470429619 13.130708901415549 6.894990519441101 10.826333277350846 10.781906329458337 3.7850714829852223 7.875463164372765 13.090938535476651 4.280692001561408 12.561621983917249 3.843922814698644 7.820331231850213 0.0 7.319968237821318 14.956836224341624 11.631436749245953 7.34375901896521 8.362070388696594 7.386982046043853 6.28488190997844 10.406598325597514 13.950346174897255 8.435683690817967 8.268803012157559 9.857771215922426 6.951842871897263 10.517792291035429 4.780357590101374 4.39524148650075 
10.873461586976383 12.100304216110596 14.068350975500131 8.233510515750599 7.588499190600505 4.580508414262772 9.010416919252979 13.648259866076845 13.142337141197387 6.4528132256219175 5.765538484501167 5.864586782451159 10.256905306246646 12.710357557750736 4.02528191743686 6.826734242639377 11.618425381184295 7.466323265203435 15.701017641191605 2.2814778491997774 13.133746120419783 6.342930304304101 5.675555686379949 12.76534735162603 6.912589160229877 6.39497884742258 8.132075194863605 1.6961460304094893 6.5367015681969685 0.0 5.528796889278123 1.5021592350909168 12.658695086592012 2.748592705851848 13.996459803247816 14.826950989987376 2.376943756074315 8.84283738265065 11.533558612764576 14.51047443291831 10.657977419097751 2.357814731947797 7.792480745374048 5.707527324876237 3.2855229995306177 
9.382335061054453 3.4999874997924683 10.880826182659039 8.862775076015266 11.206971255100928 1.6518789959261821 13.90120792741515 11.763684170375791 10.484404188435004 9.587654233729529 4.143442454426333 7.826608704434203 13.724083501567414 8.951347769966308 4.631530748801767 5.894352249060623 8.025989862652288 4.423745157735438 8.543342333098133 2.570976190559651 7.331700934207777 11.316872231094802 2.0866521652176475 5.595370852062545 5.123098296781165 5.135489026662115 8.738338345269478 4.3721904166201 13.385023602105667 4.31680857380885 0.0 4.285181699640869 11.394437483682086 3.7381957279241984 8.623005926254073 7.257267902447511 3.1610844493052324 3.179906418603026 6.115060356054895 12.179049353700174 11.086953825595174 5.6724325152003985 4.6571588719493455 7.1774142862043355 6.26570916932886 
15.289470318194056 6.88913641577064 13.044506114563145 7.652677663877724 10.32862924194628 2.3517287150433956 10.208261714416347 14.693804107471973 10.484620998097947 8.682759987569161 4.844571619699223 5.034638372527812 10.447332518712596 9.76824490738413 4.097625534313504 7.141361491287917 12.931964100856728 11.32720976077471 14.678513107290678 1.0824216851226556 14.761983410133883 8.25708101076823 4.954337154020072 9.160995579549091 6.187807593532254 6.08471569107705 8.326088405612134 1.9619829092356045 10.690948377293058 1.1082005128642847 4.171679630675155 0.0 11.578590060427752 2.008380470925106 7.681294274353577 10.80151108252004 1.042881806330725 4.281736140585191 7.717345276565512 11.743968083859023 15.03353357613474 3.379219882972403 6.587764709836823 5.950380535995283 3.440133228011201 
3.873535408772876 10.46523147404637 3.9975341566455698 5.968669764371081 3.209605878854736 5.818048069785162 7.250801679313107 2.3839799793260026 1.8009941765370665 1.9750601601956517 7.429519121141806 12.459918954677999 6.582683109466735 1.0388005790291581 6.580114945045586 8.672471478167726 3.9609183176043157 6.22303488115098 2.02648663384811 9.391336388257226 3.4804760105918833 1.9112937266046746 5.846469765833684 5.46266641650411 7.799079684797371 7.80597601940339 2.1218246720710807 13.433717769953017 6.8224503197103115 13.186183392255952 7.516526460350368 7.4289468000413965 0.0 9.302259359368534 2.218857718835883 1.3295501594332508 11.126042381677028 13.410939376692333 2.0293160197013265 1.8156851196327743 3.712934812414428 11.296732811797412 9.314441520237875 10.531292792307992 7.318802324955008 
7.528779122392178 9.856503926813897 9.56846931233631 5.760946626177704 9.444151603685771 2.9723866945347357 7.581187762584454 11.37725689351261 6.637969051161576 5.664398295284296 4.311812298461226 3.8691873489724005 13.180393763757817 6.385193833898842 1.790689003083976 8.42020561130957 11.413412790992112 9.084687967929948 6.912815289650259 2.66468208016393 11.321307328398376 6.151495145655383 2.965081495432939 7.923727145834512 2.0543439728920703 7.391156380206331 7.872138139953861 2.16665736430601 6.631313622965623 3.5682782370814774 3.6957942209489243 2.648288749705501 7.889722324608979 0.0 9.454549037224373 8.004295922954755 3.1298737447094718 5.547259991469119 10.12864604889503 9.99180390502465 16.114044761438674 2.844576054828638 9.040695034108232 6.458205226066456 1.1217125882819974 
4.790566045735032 10.952569828935072 1.1449181254263494 8.015295730884901 1.4077451074631928 9.578346942143883 3.179389669045314 4.357565656526695 3.722711100924642 3.21750937196108 8.820882333150506 8.00443650974708 4.096622019666044 4.215852323564948 4.433963285990468 9.384771244608116 4.553498761318074 7.052584979422154 5.450952404523152 13.065674063541845 5.634162542469005 1.5694333313627014 7.725358906937105 10.483998647649578 5.743117794571777 6.7876506837219335 0.32916648048690633 6.487305494889233 6.975112673045928 12.835379870144696 9.175608015398208 6.528048138363887 3.173479593944402 5.4596798884092665 0.0 1.308758879295981 13.848265872030291 13.59951377270476 5.20358380077387 1.7841162060329558 4.818592426263705 9.491460387908438 11.469782129584907 9.287828330695302 6.84411517083474 
1.9137087819317211 13.157530570729719 2.2848096323619558 8.993672988151092 2.6624061212459322 9.865869139175043 4.002132338349558 3.920512750555603 4.114225960243391 2.716696637971288 7.896162814404468 11.507257906612221 3.078283544676032 2.4019042805657085 7.610806462998824 11.042023005136475 5.766288763922517 9.45192123968734 4.360524333538626 12.972160304236358 4.134000041997279 1.5063968701004933 7.335829438867272 9.65346547971927 4.720215375921839 6.699326408425602 1.336073475086402 7.813116431119624 8.729190276819509 14.761504787047553 12.285493640407013 12.610883562759101 1.5706402745022985 10.033045850173576 0.9396948943852867 0.0 9.294909908877136 7.898280045096616 3.5851634367506624 0.0 6.960889208969638 9.256135509855886 7.385891624590194 12.737387210260113 8.195531309302138 
17.295148964991004 5.773354323836905 15.587707603585098 7.914690122529526 12.694333787931352 3.2291007156973315 13.340388654774554 11.512722901235275 9.903267776592447 11.540448061541834 6.8407077371054 4.505513179159155 18.32688413592514 8.770695250965467 5.080555296748758 4.885252793932681 15.141879200055858 6.829495105763172 16.169341953472006 0.0 10.528783252412618 9.028802174967225 5.2423269360525495 10.944375324003321 6.4273361007682865 8.73080816692552 10.352013714966908 2.189487180158449 10.903378577211665 2.3414264541872027 2.795597077870714 1.6342728501960606 13.975646920676187 2.6341039493326703 14.347489199701435 8.377571620570231 0.0 6.241239967493332 10.668131650465865 9.237901692246032 12.791093156394211 4.222183112681743 5.03405127974769 6.803607914916801 5.142078851099316 
15.872398880123951 1.4746258523492288 16.531627792786473 11.945360080191877 13.956111685885796 5.265194985729201 13.636493500610161 10.06500630632537 11.32186883170488 6.429111984628929 3.3596241733127354 9.952055678742141 10.611109523253033 13.135717977497439 5.854695204675225 3.2733333375604343 12.187763330503726 5.707187299730059 10.722547120707494 5.645541689262535 10.05485125052159 11.712136208490515 3.6621722383859794 3.7368767504487472 7.425547504208012 2.855633407750381 10.093191994394866 10.07095680530822 17.86624112517852 6.899942581473102 2.6063976909426128 8.142320111095774 8.08881985758989 5.122158242462886 12.057676211767841 8.09713705074893 4.478006138541976 0.0 8.3448521174623 8.213447488408285 15.129975363671909 12.506756767934888 3.350038470899427 9.266092863893846 10.52686552115642 
8.249826219265842 7.140310146684865 6.36451025754012 11.108952800425133 4.795174953222092 6.120725545145976 10.243019306902802 3.7655715324730377 0.7291421253994034 1.9009579233299974 3.5329157077471414 9.080072867116112 7.638051844987761 3.076008560343464 6.7146275321521784 4.8166900466631715 1.9339953614257859 2.6007581924975005 3.2091243241891476 7.629627824252435 2.686563946598101 5.509603369185756 7.6482516810365695 3.7148301120663128 8.735527817460373 4.0639719487642925 5.509918968658742 12.552962190382548 9.753487170948828 7.489340859542169 10.895952701903026 8.346847284846636 2.8469856919124283 10.033243783569407 6.994491457286012 3.2473672567492997 8.21289306554397 10.523325748335386 0.0 5.92640090471704 5.77540508020473 10.435664432125925 4.019927196674235 13.10090245634844 6.298511818157926 
1.9386638815190131 8.378633054042284 2.1028209716861586 9.323470869810494 1.904161992204905 6.8180216308288735 4.81048293596532 3.074797444751192 4.470801957922697 3.308009344407667 8.0949770607737 8.05002563578728 4.76676959852571 2.764998421409348 5.489174940378057 6.735543582680521 5.351254598099455 6.168806901926768 2.9847144856756276 11.422080515688119 6.554621896864193 1.724258970439669 6.48177133563752 11.826421846081352 4.544644395283068 7.31657483502912 1.308290595619064 7.7658052785989415 7.044794465621929 9.532375057060314 9.428727601108537 11.448167173487697 1.3993997286219262 5.7909057048457635 1.5529884448332112 0.0 11.559994907213547 11.28743191240571 4.250153273884439 0.0 4.589440379321827 9.713717532076657 10.524432761855815 9.594258162827288 5.347395535137776 
6.505261069890097 12.7020493748327 6.99970483047358 13.321804303711271 8.906803793130107 8.398194923388655 8.88112397036713 1.2206002109264593 4.531811324549788 6.847561874161166 7.690737209603027 9.306033018586874 7.221669484406119 3.160781476818709 12.520463487694698 6.48397380651613 2.6306293753039016 7.241227202400773 2.8224299111432423 19.006573964949638 3.6155246456130317 8.54831697669518 8.614582304300466 6.042567609898262 7.02158121320984 9.88812466580697 8.771608801667002 11.384581311244098 15.94715142559847 17.422824811170816 11.574010795418454 15.389333524888066 5.892325492410654 15.245325157140439 6.26832678362835 5.75460913333157 17.221052595211095 15.11436567848802 4.757230027097714 6.314824477448703 0.0 19.948573707458912 10.959497963710854 11.83384952272545 10.026733476887138 
18.579034204471988 10.499075520637273 13.258806234063268 4.397390870708728 8.614301507161308 6.722631155579704 8.139597922502901 12.121655821533135 12.658115992848902 11.682275052716502 11.878752653201456 2.263518048893528 13.619550330772288 16.375866541211117 7.899343746882428 9.137938678597353 13.428809626870985 13.010589281707873 12.154730274187767 3.5600784343743075 14.580360641729694 12.238760980390726 5.934721063698582 13.818789445344937 6.937808225433691 11.477180322302546 8.079820236717172 2.462537526583983 6.436835721415196 3.1264088882002414 8.751024146008792 4.726915034832585 12.781132546879743 3.676247549260812 7.333273495595519 11.545479446629482 3.7983602032989054 13.184911612934648 15.061008355941933 11.772235151081029 14.09798527913394 0.0 10.479019008049944 2.2000467825265746 5.573560194077648 
10.983119015410015 3.3136735801787225 7.968514633401821 13.515618309501814 13.587345099265145 4.481638508538289 7.5887458343999645 7.417583797270371 5.596575513739617 5.883493005612979 2.010447840948043 11.206195085012393 16.981162098339755 6.494649433599049 6.015652014177023 0.7289543800275448 7.382605598707908 2.2518719911922638 10.18039780733622 7.291243195401891 8.262057015042314 7.661498683349125 4.203155718075772 1.1488439727613504 10.170584906181952 0.7205850191709721 8.274038535378642 8.121269978423475 13.739914650564973 11.445427376454125 5.986311558518473 7.353666456430334 8.95837924710214 7.282308922915345 11.296525424611925 8.494094941030008 5.22339396959819 2.325949851604796 4.683034234222546 8.787635817477625 7.506630466645168 8.402712604639484 0.0 12.654702979016463 10.345655770281706 
18.12768110766975 10.09799075361245 10.78693527531113 2.4635403577715564 6.704692447986539 5.604222316034619 6.091041324427421 15.402033236602396 13.01703546377398 9.179293263212621 8.049326200860065 2.0121204971092252 10.827033655676242 16.058880472115774 6.050167225253082 15.582382860210984 16.667869690536445 15.852529583459088 17.820834753198298 7.640473714028291 18.031023566746363 7.27915881434876 8.067067426012871 12.03807634564828 6.992016567036339 15.824898761809656 7.171736613260643 3.1350823883914787 7.797861361591581 5.787109386720955 9.860866246936364 3.603720018413795 14.627754353559245 6.511976317983644 12.045048912886028 7.940362698484225 5.517694530959925 11.388937391464964 14.342806125452084 9.326274025746379 18.608564808613824 2.3099419108702626 13.066125153225492 0.0 5.413513666092144 
7.144661793992355 7.804187084325559 9.944703300340962 4.085174524665871 4.605194711319575 2.3442736080015836 4.072060073733063 10.41844564747508 5.145311320440481 6.652420110902213 7.267792149792531 2.176552355301271 11.048392933700558 10.748889746589095 1.4012195007531412 9.93270435007533 11.985130827931922 8.621322751277921 11.832319112692751 3.451468590081495 10.116171458904525 3.9833649850451844 3.1887415933346417 6.675144651714133 1.4037602953089916 9.077016906377278 7.820360444906248 2.999237661413157 5.078815150830356 3.1827271541659368 5.685150951977256 2.5879406604669315 6.7706670652225345 1.6652967510050694 5.585025224920495 7.011801731526536 5.788352625105872 10.99159451557167 7.3726940974285196 9.609500410856967 13.699438839170945 3.5624529529676523 6.366704402785068 4.617967251102588 0.0 

0 14 1 16 23 12 6 5 1 13 20 14 18 7 8 21 8 24 20 19 13 3 26 17 22 8 16 20 12 22 20 12 14 25 17 19 20 15 2 9 10 6 11 21 24 
