48
7
100

0 48 58 78 87 44 47 48 82 71 58 97 36 89 12 81 37 16 13 64 94 79 48 27 82 73 90 70 56 74 82 36 38 72 60 19 44 63 60 88 38 36 89 35 14 54 93 38 
48 0 97 64 102 10 9 52 84 85 92 106 21 107 57 87 71 60 38 42 90 102 21 22 98 44 89 76 80 95 104 14 32 102 76 36 43 49 38 87 50 83 99 14 36 66 115 75 
58 97 0 86 56 98 92 59 69 48 13 69 92 51 47 64 26 42 61 87 84 39 86 80 50 98 78 59 31 39 41 90 70 24 44 62 65 79 86 77 53 31 63 87 63 50 48 22 
78 64 86 0 55 73 55 32 29 44 74 52 79 62 76 35 66 76 66 22 28 64 44 68 54 26 29 30 55 59 66 71 42 75 43 60 34 16 26 28 42 94 48 69 66 36 74 71 
87 102 56 55 0 108 94 50 26 17 44 13 108 8 79 20 54 76 81 70 36 17 83 94 6 78 31 27 32 16 17 102 71 33 28 77 59 59 72 31 54 80 9 99 82 37 20 56 
44 10 98 73 108 0 18 58 92 91 93 113 11 112 54 93 72 58 36 51 98 106 29 18 103 54 97 83 84 100 108 8 37 105 81 36 48 58 47 95 54 80 105 10 35 71 120 75 
47 9 92 55 94 18 0 44 76 77 86 98 27 99 54 78 66 58 36 33 81 94 12 23 90 36 80 68 74 88 97 19 24 96 68 33 34 40 29 78 43 81 91 18 34 58 108 70 
48 52 59 32 50 58 44 0 35 33 49 55 60 54 45 36 36 45 38 29 46 50 34 47 46 39 42 25 32 44 53 53 21 54 24 32 10 21 28 40 11 62 47 50 38 13 64 40 
82 84 69 29 26 92 76 35 0 21 57 23 95 34 76 6 58 75 73 47 14 39 64 82 27 54 9 12 39 34 40 88 55 52 27 67 44 37 50 7 44 86 18 85 73 28 46 61 
71 85 48 44 17 91 77 33 21 0 36 26 91 22 63 16 40 60 64 56 35 20 67 77 13 65 30 14 19 14 22 85 54 31 11 60 43 45 57 28 37 68 18 82 65 20 32 43 
58 92 13 74 44 93 86 49 57 36 0 57 90 40 47 51 22 43 58 77 71 28 78 76 38 88 65 47 19 27 30 86 63 15 32 57 56 68 77 64 44 38 50 83 60 39 39 20 
97 106 69 52 13 113 98 55 23 26 57 0 115 20 89 20 66 87 90 70 28 31 86 101 19 77 24 30 44 30 30 108 76 47 37 85 64 60 73 25 62 93 8 105 91 44 31 68 
36 21 92 79 108 11 27 60 95 91 90 115 0 112 47 96 68 51 31 58 103 105 36 14 104 63 101 85 82 99 108 8 39 102 81 33 51 63 54 99 54 72 107 10 30 72 119 71 
89 107 51 62 8 112 99 54 34 22 40 20 112 0 79 28 54 76 84 77 44 12 88 98 9 85 39 34 32 15 11 106 75 28 31 80 64 66 78 39 58 78 17 103 85 41 12 55 
12 57 47 76 79 54 54 45 76 63 47 89 47 79 0 74 26 4 18 65 89 69 53 36 73 75 85 64 47 65 72 46 40 61 52 22 43 62 62 83 34 26 81 44 20 48 82 27 
81 87 64 35 20 93 78 36 6 16 51 20 96 28 74 0 54 72 72 51 20 32 66 82 20 58 14 11 34 28 34 89 57 46 23 67 45 40 53 13 44 82 13 86 73 26 40 57 
37 71 26 66 54 72 66 36 58 40 22 66 68 54 26 54 0 22 37 64 72 43 60 55 48 74 66 46 22 39 46 65 44 35 31 36 40 57 62 65 28 29 58 62 38 32 56 4 
16 60 42 76 76 58 58 45 75 60 43 87 51 76 4 72 22 0 22 66 88 65 55 40 70 77 83 63 44 61 68 50 42 57 50 25 44 63 64 81 34 23 78 48 24 47 79 23 
13 38 61 66 81 36 36 38 73 64 58 90 31 84 18 72 37 22 0 51 84 75 36 18 76 60 80 62 52 70 78 29 25 71 54 6 33 51 48 78 29 45 82 26 2 46 89 39 
64 42 87 22 70 51 33 29 47 56 77 70 58 77 65 51 64 66 51 0 50 75 22 49 68 11 50 43 60 69 78 50 26 82 50 45 23 11 4 48 36 87 64 48 50 40 87 68 
94 90 84 28 36 98 81 46 14 35 71 28 103 44 89 20 72 88 84 50 0 51 70 91 38 54 6 26 53 47 52 96 64 66 41 78 53 41 53 7 56 100 27 93 84 41 56 75 
79 102 39 64 17 106 94 50 39 20 28 31 105 12 69 32 43 65 75 75 51 0 84 91 13 85 46 34 23 6 3 99 70 16 26 72 60 65 76 45 52 66 25 97 77 37 14 44 
48 21 86 44 83 29 12 34 64 67 78 86 36 88 53 66 60 55 36 22 70 84 0 28 79 27 68 57 65 78 87 28 16 87 58 31 24 29 18 67 35 78 79 26 34 47 98 64 
27 22 80 68 94 18 23 47 82 77 76 101 14 98 36 82 55 40 18 49 91 91 28 0 90 55 88 72 68 85 93 10 27 88 67 19 38 52 45 86 40 62 93 8 16 58 105 58 
82 98 50 54 6 103 90 46 27 13 38 19 104 9 73 20 48 70 76 68 38 13 79 90 0 76 33 25 26 11 13 98 67 28 23 72 56 57 69 32 50 74 13 95 77 33 20 50 
73 44 98 26 78 54 36 39 54 65 88 77 63 85 75 58 74 77 60 11 54 85 27 55 76 0 54 51 70 78 87 55 35 92 60 54 34 20 13 53 47 98 72 53 59 50 96 79 
90 89 78 29 31 97 80 42 9 30 65 24 101 39 85 14 66 83 80 50 6 46 68 88 33 54 0 21 48 42 47 93 61 60 36 75 50 40 52 2 52 95 22 91 81 36 51 70 
70 76 59 30 27 83 68 25 12 14 47 30 85 34 64 11 46 63 62 43 26 34 57 72 25 51 21 0 28 28 36 78 46 45 16 56 34 32 45 19 33 74 23 75 62 16 45 49 
56 80 31 55 32 84 74 32 39 19 19 44 82 32 47 34 22 44 52 60 53 23 65 68 26 70 48 28 0 18 26 77 49 22 13 50 41 51 60 46 30 49 36 74 54 20 37 24 
74 95 39 59 16 100 88 44 34 14 27 30 99 15 65 28 39 61 70 69 47 6 78 85 11 78 42 28 18 0 9 94 64 18 20 67 54 59 70 40 46 64 23 91 71 30 20 40 
82 104 41 66 17 108 97 53 40 22 30 30 108 11 72 34 46 68 78 78 52 3 87 93 13 87 47 36 26 9 0 102 73 17 29 75 63 67 79 46 54 68 26 99 79 39 11 46 
36 14 90 71 102 8 19 53 88 85 86 108 8 106 46 89 65 50 29 50 96 99 28 10 98 55 93 78 77 94 102 0 32 98 75 29 44 55 46 91 48 72 100 3 27 65 113 68 
38 32 70 42 71 37 24 21 55 54 63 76 39 75 40 57 44 42 25 26 64 70 16 27 67 35 61 46 49 64 73 32 0 71 44 19 12 26 23 59 19 64 68 30 24 34 84 48 
72 102 24 75 33 105 96 54 52 31 15 47 102 28 61 46 35 57 71 82 66 16 87 88 28 92 60 45 22 18 17 98 71 0 32 69 63 72 82 59 52 53 41 95 73 42 24 34 
60 76 44 43 28 81 68 24 27 11 32 37 81 31 52 23 31 50 54 50 41 26 58 67 23 60 36 16 13 20 29 75 44 32 0 49 34 40 51 34 27 59 29 72 55 11 39 34 
19 36 62 60 77 36 33 32 67 60 57 85 33 80 22 67 36 25 6 45 78 72 31 19 72 54 75 56 50 67 75 29 19 69 49 0 26 44 42 73 23 48 77 26 6 41 86 39 
44 43 65 34 59 48 34 10 44 43 56 64 51 64 43 45 40 44 33 23 53 60 24 38 56 34 50 34 41 54 63 44 12 63 34 26 0 19 22 48 13 64 57 41 32 23 73 45 
63 49 79 16 59 58 40 21 37 45 68 60 63 66 62 40 57 63 51 11 41 65 29 52 57 20 40 32 51 59 67 55 26 72 40 44 19 0 13 38 30 82 54 53 50 30 77 61 
60 38 86 26 72 47 29 28 50 57 77 73 54 78 62 53 62 64 48 4 53 76 18 45 69 13 52 45 60 70 79 46 23 82 51 42 22 13 0 51 34 85 67 44 47 40 89 66 
88 87 77 28 31 95 78 40 7 28 64 25 99 39 83 13 65 81 78 48 7 45 67 86 32 53 2 19 46 40 46 91 59 59 34 73 48 38 51 0 50 93 22 89 79 35 51 68 
38 50 53 42 54 54 43 11 44 37 44 62 54 58 34 44 28 34 29 36 56 52 35 40 50 47 52 33 30 46 54 48 19 52 27 23 13 30 34 50 0 52 54 45 29 18 66 32 
36 83 31 94 80 80 81 62 86 68 38 93 72 78 26 82 29 23 45 87 100 66 78 62 74 98 95 74 49 64 68 72 64 53 59 48 64 82 85 93 52 0 85 70 47 60 77 25 
89 99 63 48 9 105 91 47 18 18 50 8 107 17 81 13 58 78 82 64 27 25 79 93 13 72 22 23 36 23 26 100 68 41 29 77 57 54 67 22 54 85 0 98 82 36 29 60 
35 14 87 69 99 10 18 50 85 82 83 105 10 103 44 86 62 48 26 48 93 97 26 8 95 53 91 75 74 91 99 3 30 95 72 26 41 53 44 89 45 70 98 0 24 62 111 65 
14 36 63 66 82 35 34 38 73 65 60 91 30 85 20 73 38 24 2 50 84 77 34 16 77 59 81 62 54 71 79 27 24 73 55 6 32 50 47 79 29 47 82 24 0 47 91 41 
54 66 50 36 37 71 58 13 28 20 39 44 72 41 48 26 32 47 46 40 41 37 47 58 33 50 36 16 20 30 39 65 34 42 11 41 23 30 40 35 18 60 36 62 47 0 50 36 
93 115 48 74 20 120 108 64 46 32 39 31 119 12 82 40 56 79 89 87 56 14 98 105 20 96 51 45 37 20 11 113 84 24 39 86 73 77 89 51 66 77 29 111 91 50 0 56 
38 75 22 71 56 75 70 40 61 43 20 68 71 55 27 57 4 23 39 68 75 44 64 58 50 79 70 49 24 40 46 68 48 34 34 39 45 61 66 68 32 25 60 65 41 36 56 0 

0.0 8.596557549107498 8.368279533327225 9.679999569572686 10.009763519381114 7.697618893171567 8.92457395228217 9.290568681399243 13.447483558592346 9.059736360544528 7.581823294038643 14.304749788701248 5.964288553670837 16.51192437732347 2.256209479349109 15.538892461427139 6.34165206003841 3.1514075092856046 2.113483731043482 11.015867445062359 16.729011958833944 14.387867480826804 7.702243427723318 2.914506980831791 9.545088854815315 11.622268567125612 10.514520192772878 8.836175457955987 7.923370752759763 9.260103635285565 16.267064728422774 5.235109030132237 5.585105289174239 7.80986091444088 8.87958982705585 2.257381988980072 5.086448258938917 8.288967470893045 8.75615010965597 13.539891746636325 6.677568312782013 5.104994259749601 9.019562536220612 6.512452615999713 2.480023527124339 10.665402126039702 14.406466372966149 3.8359592241531795 
5.6362454056032245 0.0 16.40353471972024 10.609046021859635 15.004830701462648 1.8223170935276816 0.9527890612046165 8.001268999452932 13.211089416895714 12.320176057698237 13.1713940749497 12.578331172636057 2.2274652300351 19.199824874542056 9.233401439026292 8.863749653702348 12.229317251750064 7.2184928993960416 5.424265931918483 5.9334693011377695 11.988521274884647 12.840462109371458 3.0771520103284904 3.883202194138465 14.959503109900247 7.789679080437944 10.735799939890187 10.563590427914578 10.285478580954086 11.677057393983631 16.631673355925006 2.1160401335998413 6.28292114506991 13.557558903759542 13.408394121850879 5.536955508976374 4.449009805429015 8.388019422000864 6.746743157225921 11.016766718551896 8.635917066281548 14.133535539322736 12.907724049761194 2.3188417090434887 5.351932544899629 9.5068984274033 22.335868552968105 10.083928595415577 
10.371295540101526 14.167116382008256 0.0 9.59446893628554 6.45162295896014 14.694200718663847 9.785811324884918 6.740430032280565 9.299370512562653 4.815919199030493 1.7772938053073009 13.249343081290597 15.418045363368343 8.12000502266172 6.949569584205022 9.419084684237372 4.964130472805291 6.363534838845128 11.59357245837954 13.748900875041024 16.30164631390686 7.6327729840326 10.380062924888852 12.151656870598714 7.189625457272273 18.692501224306316 9.45563809107103 11.728505681592573 5.7007428046204565 4.624362452411037 7.639218501403599 15.723806588108834 12.823927497033793 2.727257300277413 7.752426012610363 10.759510023273194 6.902134392933913 11.425258241563359 9.354819951811434 10.051146900320813 6.24679794406809 4.717661848865289 11.522754540693409 13.665597986761956 9.465195154669694 9.335993770421531 7.949082843829913 3.880359354754895 
11.828244322842728 12.457315942223403 12.67555735965096 0.0 6.1628529119465645 7.91829987532738 9.215767027165924 3.965433463580311 3.1246141384760397 4.682903650243137 10.254975209224453 8.989103127132566 10.80578237055993 7.483502264741771 11.636326858248921 4.299100012633919 8.128243256866924 14.421907083459999 9.257693040999838 4.1513913230511665 4.255131678315577 10.885100174810031 6.54684786048699 11.664186789608031 8.670284011743636 3.7722988913855637 5.040792102812268 3.6704879258048884 8.317220330820874 11.520082290145524 7.351716445419146 9.723767230997666 4.620785371433967 9.15573302069024 5.164377618493592 10.29218814522056 3.8481819679358327 2.41512404762831 5.017330001641466 5.320040649595635 7.461003528748904 16.272691319366213 9.318514586271927 8.851407338920648 10.923180096303469 4.5115939103161775 14.416754017755716 13.370918174444153 
15.971164707459328 15.013819989200625 8.457390741620863 8.526152742668929 0.0 10.920756895779467 9.513962191076175 8.152595666235777 3.0293184832778177 3.1803927422010583 5.572269047635106 1.6559258295883983 21.50599062504592 1.0865831184696986 8.62254163142752 3.822898913596338 6.31946490764154 8.940775641905203 11.470529052983988 9.641273684918946 5.664454129916752 2.74329751251991 16.181987427106606 15.036439174136277 1.1219924088585265 10.782025386699218 3.7846634327151922 4.825396101988993 3.4925468370520827 2.059294989116449 3.126547578273973 15.884685733668785 10.463004704921152 5.1822886629696026 3.243845395471488 11.612858546745034 11.59333946471492 8.7096881577808 8.184348139773281 4.108761550789044 10.34119858077153 10.421353778103946 0.9653464012934443 16.152039400159826 11.211278525739122 7.298416610002387 2.156267950418816 8.035000033342929 
4.6846774533722195 1.9403886422310248 15.632581808660035 8.881084150065858 18.906846342372376 0.0 1.8052282709571612 8.155823032233945 14.664993582476352 9.275998618411402 12.817413382499787 13.982725602154147 1.7649254002399872 15.41822532500536 9.551940707615884 16.310124045291843 12.334810185108456 6.149784952670652 6.908861878073392 5.28242831236236 17.55743707947172 21.195574006474274 3.6163833233275686 2.8089232439661194 12.935345746314102 7.795069469848834 9.844038690688397 16.36796238632241 8.918815186572752 10.787651050962468 11.410478663375118 1.1520155597901809 6.784010248906595 12.87415082271192 9.155674672958273 4.374951946172582 7.631398209737004 8.420467393462662 9.166193092819764 18.5488361993133 5.569961274786815 8.24988057039808 12.770109535996164 1.8638263722020083 5.725432331562293 13.042707292276665 18.131318402434786 13.430147615329288 
8.788497732224446 1.2493593669413836 16.200171408206938 10.11017580994816 15.74098331203045 3.589007696156166 0.0 5.729454355579871 7.615509293119162 8.869740562219732 9.565996819340874 12.124295896674603 4.301974044247802 16.05465984814304 10.776455000150031 9.084506554688224 9.05913233852029 10.911686003320247 4.875874780353461 3.6258108571560963 14.613173836046705 18.79452676803315 2.161368155329329 2.9459442287168294 11.777667662462878 4.697426534982352 10.186933546428785 11.950747141822017 10.129450992358723 14.272206842294503 16.15634725186718 2.2957445603724165 3.0382132169397975 12.023694275800068 8.154376775741142 4.090104026485728 5.049286222683328 5.3392683742817 3.900929184206083 13.198664716172187 7.3240514096934195 13.633025692850852 15.990503154363367 2.495064736511629 6.560490731650768 10.000515468759435 17.21559232924416 7.811618060180064 
8.675663913833768 8.766904140923018 10.709792309943523 5.277101715970236 6.538151501439161 10.221114088332863 6.6854889636018235 0.0 3.6448921821722404 5.231134065719118 5.6887280243942175 9.603078753036357 7.2365027080063395 10.610977851582648 6.8760323678535835 5.134252140094059 6.258967470805688 6.86920335907517 6.442321416969261 4.699627110150267 7.345822378548902 7.825847402002725 6.033644575923063 5.95741616969021 5.592439961159514 4.58032745242549 4.941448201390422 3.491528369943222 3.4875821434489853 6.397873677958143 6.746883461076038 9.819242509876602 2.36652765412768 7.559383872460169 4.320053690695756 4.059767125609628 1.8812715671189466 3.982413226369312 3.021373364195403 5.2711116862400935 1.1347662801379594 6.732358411715181 5.404329203460674 7.599103435779616 5.688301830965242 1.6537268689135471 7.72070304729026 6.602271973314043 
11.474517944221358 12.022422651666712 9.012634626181029 3.2145838373081936 4.359187607614246 12.410944247578449 9.001445762960376 5.006287495059624 0.0 2.899735115902812 6.522062556096702 3.485866289444097 18.980743575507447 6.256653255575612 10.789629191320003 0.6106415624702122 6.189498911006427 7.9570684063070045 8.102579740429062 8.429403246378463 1.5222338437059901 4.874609555905671 11.326189674286645 10.33487938788026 3.2758744907683086 7.286348019899363 0.9066873374993621 1.2094109604811618 5.9086745927849975 4.291376491330496 7.960326261769794 9.07690121366384 9.032922947808997 10.182967618603556 4.2747725134646055 10.14519196436118 7.583252464452765 4.350359299664482 9.824218760776303 0.8171427182464652 7.962433253318674 14.275216293671575 3.497172420970826 14.964099640454787 11.566235833541938 3.1907662643058217 8.649498443329026 9.88264560526827 
8.841074257361752 13.027266270021212 5.204999496413158 6.849520437564378 2.4387738506909553 10.847700350360682 13.494071939226933 6.244704887718307 3.882836008324128 0.0 3.9042347926801244 2.6094577892682063 15.342595964725657 2.9902948586828733 12.398238240148387 1.7119068911192503 5.614102816524453 9.254948358629123 11.023171514616994 8.520068254172436 4.758586777037586 2.628622336817012 11.719724893158542 7.85093051023116 2.3109955467870957 7.848940384145445 4.727262405589238 2.337998436742878 2.164339152671177 1.8951070444454343 3.7473459422907975 13.321388421258987 8.332054506921976 4.036179925754488 2.0629425655457876 10.212919500754955 7.711895703103943 7.615631924294197 10.633292285315887 4.826749398882738 7.311074627950518 12.859068232539062 2.974092302763994 8.538970467431467 6.920746949557993 2.6677376778097193 6.0684333774716945 5.48394389267108 
9.68105644316442 18.26297836965649 2.551899526206162 8.324960448646326 6.027807372441279 9.45862136876526 11.562172534344237 6.381781159850334 6.970089464442301 5.554967744046388 0.0 7.439518738816798 17.22553880819318 7.980337236988116 5.322912313973248 7.380451983277872 3.8298200210873476 6.568515322424969 11.438808196209287 13.457749378587925 7.53311769304341 4.619127981837457 13.101158804405479 15.144752519405863 4.190116275866411 10.04829626850327 9.679587362763142 7.1516396174876 2.0199257381039812 3.2262296454642665 3.952114676440815 9.223407133006786 7.778681621326387 2.4395775841034935 3.9604821531474563 7.519981412241828 8.357369889379134 13.423805414619947 14.72059653659371 10.07934707317299 8.154084177639573 4.72983021769012 9.90982633103755 12.452867631457178 11.851123075733694 4.306534323067585 7.216014248135161 3.1216163033764652 
13.595084757523948 14.173196882219921 13.630890851070504 7.275118472171755 1.3986192804109443 16.626318934505488 17.681051951768232 6.926474873335728 2.6560526612169983 4.085294257712107 9.791559465481567 0.0 16.416518981409286 2.6618233971658802 17.14907952801313 3.917940766617684 11.310484077143798 15.386412328422661 9.641790560350941 7.257956530055657 4.08143340855553 3.153474042811392 12.017769085393702 13.734192335565233 2.586348079520718 14.898892824877363 4.253465382359436 4.0922643788777515 5.747015195894284 4.54749162061275 4.4117070625800245 13.005589101579103 7.630923181785057 6.46477809768525 6.0009537221109275 13.707633152400396 11.413797639694009 11.413473468912326 10.530126567007052 3.1282097021236344 10.365129702559312 9.499799387676855 1.5135564230633693 13.138683273808516 13.34349265552385 8.368336602830002 3.6977637168204023 13.003650392791462 
6.467117615107391 2.832135902519202 15.92382331691449 10.560182293426857 13.818445402492358 1.181660858898953 3.2757706646915694 6.679410679631655 16.57641203769488 13.79345242474852 14.44147751158799 11.847730685418039 0.0 15.40583979007279 6.027206337000595 11.526918157600845 9.025036498748793 8.173278007985497 3.280863620898436 11.076360485241294 17.00257846839712 11.590952726122344 4.31126872761991 2.741200717409446 13.030891849467574 6.776923915019811 13.466151444984712 10.783091855131431 12.524931350459292 14.660289608494747 13.213078376130364 0.8377480810540346 6.858933662737211 18.98537401374658 13.157998696522007 6.082045720759361 9.152508966332743 8.648082839615132 6.3041385549188025 14.298087708966737 10.146291181789092 11.910082559477638 10.851538865308939 1.658842629733677 4.981790574609645 13.726982896733986 14.787684068177175 11.950606548622876 
9.643548899513808 14.350280458680828 6.969714356549476 12.024300752687692 1.0653765356812932 22.216583744585257 11.166282914529251 10.668603352748939 4.2632603596395775 3.6706448244002745 6.8739271730661855 2.532493733996219 19.329898764532025 0.0 14.89320836180067 4.263645303322239 6.59213646029022 11.641363521977773 16.38822231812907 11.037234834206282 6.392306234924824 2.273274962864393 14.476926350515104 15.530615399814387 1.2026922407217409 12.897894987868437 6.935262118547779 5.7363029405525685 5.307296519807683 2.1393093783756263 1.3415135545974957 11.938346969261893 13.523555092430538 4.408581256492737 4.146502589684351 10.339205323745517 10.125062574754864 11.705645531118 8.213213230465179 4.297143886098386 10.049494742980704 15.179259179745536 3.257259909045761 16.65849396128279 16.331323474313805 6.638540134014191 1.405488870566254 9.34824241874604 
1.3871858410956182 9.909521469194651 7.517506153910714 8.948469916292169 10.719492945396647 5.827555368137857 5.610786136305591 4.9911345605268025 11.091144102524929 11.077250464627486 8.828084318372692 11.842064164538154 8.60153425108818 12.740170937694987 0.0 12.051569871002425 5.1151562167042925 0.597818709505441 2.6923326080711973 10.168387934366901 12.675618879837517 12.833378294739662 5.877651350463697 4.248566805732975 12.017109645237744 10.325750988308737 9.122075612811676 10.030974356242522 9.14433085697372 10.815443466620067 13.098707427007717 7.119134154574613 4.598724712365815 10.28651979773307 6.752062914983805 3.3554167399653316 6.6773920363306924 11.031088225251342 8.867781978838451 15.80339225067612 5.715684952036069 4.551842305478726 13.86419559459505 5.868146877408414 2.0634239682663633 4.902795432992366 11.97846866663171 3.901624025852013 
11.280722693815749 11.306490113738743 8.79085686799493 5.842957055082578 3.125393244549352 17.314777928954786 12.125420575044638 4.302540803675141 0.7778490628237197 1.7781101640045798 9.959485383667447 2.2203132125914866 10.370223704444644 4.817678951966734 8.731296562989947 0.0 10.302605883304379 9.568538604153751 7.311641312335048 8.903088063334552 3.13975296991308 4.68162726241823 10.024688494460651 11.38141695526293 2.193031909486516 6.2339828436115985 2.1747890424577685 2.1682524748444343 6.466528381615875 5.185148034182154 5.8000530982265825 15.743593431370003 10.627162240000224 5.713957562510702 2.382736393089978 9.404063399452214 4.719584776906288 7.842528362745959 9.679175949252372 2.101950474827147 4.5177248011679785 13.064191832614117 1.976633840702179 9.580590571215634 13.023254708227224 4.683158642846678 5.3391951186209194 7.824081525678006 
3.7598663659488816 10.949389677270158 4.176771005805077 10.66171322504563 6.535114254103529 12.02089148348989 11.909714975177971 7.132541304100649 7.446972579116275 5.010028999963366 2.79110911957526 8.571851325680605 11.655896861070472 10.605222217097106 3.030296640704366 9.527090621162724 0.0 4.239088152703943 6.862273185581251 8.053408774599292 8.610045856151842 6.3598315414937066 11.06691964718999 10.976527277024058 5.607613066039454 10.500468059921383 11.755315845149205 7.808582612018078 3.6751136334514594 5.578445347614423 6.737943706426551 9.73856839935402 8.573076437902046 5.41238374903422 5.316428271285444 4.883928184872886 6.357729368187119 9.760945135585203 6.305775567560751 11.866011452488165 3.853614137314675 5.02470859627617 7.389898455072275 10.25738839089578 5.619941824905567 3.6634558958353804 9.30268959934513 0.7391767466967556 
2.376921110314699 11.149326459536006 6.437030972236439 11.27850218068334 13.25549856029679 9.918043070534114 9.099815593822864 8.131880450431218 9.269414152497491 8.69240792287933 8.024194393619194 16.143211944179193 8.851723667209066 7.8803376124758096 0.5871974607193362 8.325985772942804 2.9163256182594015 0.0 4.228296687694805 12.052377283197643 12.552237915311895 10.620186861608115 9.886049617384392 7.01446017151633 9.675656533975886 8.674564245168495 14.525286864825233 8.87680611805995 5.7064891154311175 9.91517299097267 11.116442716876268 6.109836031804214 5.267424052488575 7.059935500289588 6.892344276493125 3.508234863289375 5.614728496424906 12.575072700466567 11.547828624257733 12.523273809238477 4.675106779580043 2.6825287123850323 10.687153082524464 6.409360153933068 4.404375845056521 7.498347062558457 14.442437581243414 2.8045834650369326 
1.8519402971457755 6.918707836649329 6.983643264505838 12.892313859665393 12.824178518721357 5.071890727414819 5.861611066509349 5.734766420385565 12.831039361801192 10.83687769519678 6.393151157242184 17.707645926419477 6.0791044295415 15.514934688648253 2.054447171292364 11.921290437763602 4.902524492954553 2.2350292445831648 0.0 10.071080035970818 15.80105036170368 7.936448987541614 4.522237060683846 1.930220498830473 8.036175994955382 7.73855518207257 15.505784177364738 10.92565659234249 7.343738133746043 10.625528514723873 13.514479072629612 5.39908551544622 4.842162350577711 11.08458096110358 6.95090020824774 0.8575910981039758 6.1230182413084595 7.136316586469018 4.867878765989436 9.487872109376111 3.5580832577917594 4.836888275200428 13.727627729380494 2.651677287405173 0.3617962418961129 6.79782401210386 9.724157502829902 5.921018956365538 
10.142059562233568 4.963122880187657 10.727619385818096 3.5335199465172833 7.49506249165681 8.033459616958874 6.059560469661589 3.493593757403819 4.82992467934452 9.137010177936522 8.48858287440538 7.112033234158347 8.555331207379215 13.825826928996317 9.36395568444175 8.759056935392742 12.655951699185952 10.75301534369463 5.803462470208368 0.0 5.059857962212609 7.934922169401865 4.208497333818491 5.3895892420141225 12.607353908535625 1.4101285382013504 8.540869045821989 4.480772493628518 10.956997144351728 11.588843636244375 13.648550896835303 5.300837330009136 5.0475786178844135 10.813437536074332 9.28528999686257 5.481923775144445 4.4706120478265845 1.1137903178590798 0.48733878786494117 7.5161194130463755 5.398374925042036 10.520750334938361 8.760823952260637 8.911762174580987 9.12081500807634 5.559810828808944 16.541487382439108 8.75261253114935 
12.630876801682735 9.556812011223501 12.775163884971676 5.259059767111629 3.906340234821382 18.452708192799648 11.469699059105313 6.689892020757817 1.9096327377904998 6.750910453050909 11.06460914165898 2.9313586981779265 20.577935488306757 7.146635376020005 13.057639894468657 3.892835294789411 12.301934006414445 12.310944329905047 9.897456790253795 7.789040660975714 0.0 8.678293573767286 11.508396276283236 15.263052555350576 6.088652563428878 8.669228529168137 0.9328542213634784 4.6804320195879825 8.110089025964951 8.812470690219568 8.435158778504698 15.315380956806676 6.552451789418377 6.784770626892778 6.945534757814213 13.540006785570187 10.126325518049157 6.646970266231179 8.898398428662814 1.3047964978791309 9.60000028423633 17.190558426789558 3.1100248370479777 14.743653344173206 16.059962654890253 5.168414704788342 9.434698164399379 7.785250088140913 
9.789035395158013 18.68150099250629 5.459233541479925 11.274270736520588 3.0785074790872002 12.389544336482555 18.595505944787 6.518358126137214 4.199119115466358 3.1564178583590574 3.8502185989047195 3.859356738667966 17.44446263413188 1.5940708813117177 12.328950457120381 3.512754956118775 8.410620963208979 6.50823164377311 14.994217075987061 13.789162036272083 9.781181679089233 0.0 9.259394363511717 15.222475268964835 2.4904889501787997 10.035161901740246 7.8235128329179915 6.790043549730649 3.7058058001473944 0.7984173913667753 0.35159645440444176 14.103304762597418 12.660537226933009 2.816483923519502 3.189977049504688 8.420158687173624 11.541806036394586 11.144790982838408 7.712623894161172 4.715949139814793 6.352657667833125 12.683881770837353 3.1991944450813605 17.920108006826936 9.709492578125055 5.4511211843061504 2.272919106986264 8.088591445731783 
4.9770271276868305 2.4840753161809372 15.147121379265512 7.747808725527301 9.708555228207516 3.035651563419449 2.114729157729427 5.793023706969478 7.0673981476258385 11.063938597466912 12.981619456923317 16.44111528313117 6.106909797635193 14.402241745716909 8.058469711282072 11.261735599296456 10.498081009763165 8.866069640310734 6.809064912445015 3.053514794296513 7.259617544725273 10.437295248571463 0.0 3.348619679007175 8.613465880884457 4.256795966899155 10.472762763185917 6.5446755583028855 10.237027758868305 8.344389882628608 8.901438515202184 5.198726628476121 2.209208807822358 10.21826044568634 8.338015247529846 3.7809943999466853 3.9661256882266334 5.252193662668657 1.9642866620634925 8.235162284799525 6.51647469364447 11.811421766547081 15.489012469605168 5.199765711528551 5.705333716311994 7.317865164357217 18.496019847787302 9.769565107842327 
4.955198936826202 4.166677922951492 11.408444756285535 10.90604935604063 13.266941542444318 2.409480203567562 3.679605399905126 8.510757116777393 15.877955669850657 15.3200123309607 12.057943325385104 14.623850178003686 2.1410966197151557 15.255830067432697 5.0667545239167096 15.131063338726479 10.053731229574122 7.604157605948689 1.8313279280882342 7.411210775654796 16.530070340729843 16.389640886268836 5.064242398838042 0.0 16.091378892585453 9.2568298151926 12.572662648266862 14.211970874978526 10.7416390725851 15.41583508116204 18.492526443213215 1.3534770600016461 5.164488116951027 10.928231548294363 7.966411332032642 2.180186703948917 4.309294096605746 8.320438738118185 7.3446850848759 9.272131401247584 7.641153767260584 10.694201426032649 14.831586162681326 1.5466839528582903 2.332941248964083 11.26965691641428 19.393972422082744 6.127346489457341 
13.971363290882858 17.478447830539622 8.356837920503013 6.512184819567692 0.8191558213193538 18.758244043799465 9.912530756705426 7.653424714426505 3.5659884031050817 1.738312416232393 5.853033850304843 3.4938317417068108 18.614428113121377 1.339297682393517 9.7920706716794 3.026108222488106 8.581183411459971 12.024341042592887 12.450643940791249 8.883433177700374 3.9329713734481544 1.5792174025808072 13.398123429471392 17.1053189528423 0.0 10.060167394339954 4.365837591407682 2.633407737277319 2.8085690366543004 2.1445575050474055 1.8587991972491793 14.307420650648716 12.244331126421901 3.2534919249225602 3.7969766626920087 7.735250861402603 7.259281902177024 7.9789520857128045 7.277337542978382 5.086428505650304 9.042582929173037 14.114420398271502 1.7702300455168967 13.241143862336392 8.97087982494149 4.251711049873529 3.517544895881202 7.3531523416067275 
9.91065448411087 5.974785378921382 13.28778649748278 3.6106561941245596 14.443373880748677 9.666429656170578 5.634839216407762 6.795507846174398 6.783434952277258 9.19838008811999 10.548641641118188 8.814904451167891 10.884094710332569 11.905344981804598 14.092532436542859 6.66960995339426 13.103297768643936 15.15537985703419 8.624570432906534 1.416782926065295 6.430319170231318 14.81685559562969 3.5982265409944088 9.524183929936896 13.914450483633047 0.0 9.536534026839618 10.11058803164644 9.673946587426869 8.310389993856157 9.495086185772871 7.499025625680891 6.984470020913308 18.128467455126717 7.936595650122749 5.597898671627165 5.590074488646447 2.8641029124532005 1.3350055749748193 9.139812643787387 5.546561489008594 10.546852116529386 11.922093975111434 6.935144086727359 10.753088659033455 9.327091132737308 13.643280407633604 7.918184247397812 
12.298458714563168 14.674853570690424 8.909194282950383 5.370255290575821 5.436556766788009 18.81245968430192 8.872671073079688 7.992386831932215 1.592933744661298 4.312253433198432 12.315425512860266 3.586428763698615 15.556742088656968 6.160991782237426 10.381147795692272 2.4960155426194737 7.815863323833289 9.82366262456561 11.54141265385077 8.949733595283805 0.8758609652804288 4.943011361692126 13.169470589093729 17.324978330151886 4.879075424500218 7.788759729645828 0.0 3.224339245078508 7.704418518950728 6.509485898615404 8.951894099345228 14.711422235030886 8.955136881861701 8.027506467413362 4.159126050797017 9.703409056194326 8.019383656908502 5.651712949157056 6.488981699731422 0.28666662372828744 8.485610366309011 17.890855635908032 4.113066404241214 14.70248487898839 8.22048531588706 5.464874266962227 6.656009183189245 12.645408382119083 
9.796840886708173 13.246433768272052 7.769750852210778 5.698202172433103 3.3714723215074835 8.784655984243344 10.36648521684445 2.9827841040048306 2.376619277666369 2.1948724410913125 8.707944800678483 3.2467938599885615 9.44125439813917 4.8897139130931295 7.472420369164703 1.4296011869798848 9.004658566541472 8.063120143373311 6.480789373715346 6.894607449913805 3.416138042292737 5.535734334329936 9.883543125727861 13.606856165722448 2.79476730994745 9.882692646324031 3.685346424694156 0.0 4.364425897921944 4.927322780539603 4.561048036704218 9.987685919043294 5.72502668181637 4.769832383553316 2.0297632268591554 7.785734448036522 3.4973711833080148 6.272913896635807 8.776278910041214 2.956685700854785 6.0716466079505595 11.364002464097634 2.35505940288648 8.23409978140461 8.66740553098633 2.6947475700870855 7.451926426926368 8.917879082643008 
5.626856285905957 12.01904822639486 5.296320450139173 7.810676504381436 5.44111694723809 8.768862082904445 10.01790293904803 3.3480109353392162 7.588927739458161 3.4548272105188413 3.3614646281406486 7.352251271090241 13.572737795065544 6.060240136928914 7.246910637819454 4.595905882600765 4.033004851381463 4.441197128575829 8.409375606740138 8.255757096955437 6.889983540216024 3.8458431306775402 7.213171609556137 11.912175396515126 5.151287769679764 12.731520718003932 5.103304286068792 4.1970055597752305 0.0 2.2562818715553727 3.359558415252143 13.227723096332603 7.72345041099843 3.8263766758962126 2.299069081856115 7.35961587913466 5.591247702985141 6.718680275735466 9.756217270049309 5.073050420612184 4.26393794666655 5.66225234110665 6.289134557027578 12.726714400076236 6.052026212018284 3.9701576847052262 3.954914472755937 3.000415994277182 
10.537157046801076 18.78314949590799 4.69085804046562 9.56448092441228 2.737392955115518 17.299101079979433 14.869710109447611 5.957895096299854 6.10784169987835 2.6454260692727694 3.346740434926934 3.287986355800749 17.632373922840575 2.721630839490903 10.351620750958968 3.881397277113097 4.654522100976697 9.779681728799346 8.579265330295982 8.71957094932949 6.948857238044406 1.0549685097274435 15.462455401760824 9.826617638636364 1.3846999949551455 13.485151619490935 7.774096956669575 5.207447201488854 3.5231056164627397 0.0 1.380666962015141 12.416291958933234 8.344563272649587 2.0853580062374557 2.321241593534088 9.081273863102593 10.64939310610268 11.16903765510824 10.32002552505236 5.647359769172556 5.016854466485257 6.916530731555432 2.5294932668805044 17.922672749672472 11.760736739374629 5.640297814550314 2.0724742198156623 4.771485396606801 
15.927039543119538 10.491408231157022 5.559962227262326 6.704326163963008 3.1163069071429836 11.155177544560754 11.620071460516094 10.167419247766631 6.613423730790583 3.1937339934208118 4.60150058295979 3.8261895196412796 15.712530469354208 1.130930768054673 13.4197034555486 4.441754082086765 8.84171312365564 7.517700546052165 15.174508146728659 10.428672651604376 5.316229034059948 0.5919923993924192 16.52966998332103 12.029757638725023 1.662502651632194 14.748791890086434 7.310480448019937 3.944933370177246 2.8017418213741405 1.0798709597420855 0.0 19.258336851871135 12.639408936262704 3.136685375505301 5.39906206316391 13.893495520235497 7.057188407729098 7.491982946856025 8.470337002570671 7.764107079300608 8.648240482832955 10.927133054485356 4.550292801290089 16.86658179807037 12.198940152193796 7.366969666584133 2.1649045587946025 8.6430204101466 
4.586468338278074 2.1351882881852515 14.453640184022689 8.277746330351683 14.719207470974785 1.5311418961798406 3.537171591366945 9.443579088208605 16.12278986575882 11.621391490640665 10.488180258691461 13.208265088328558 1.1046543950605858 14.849169465118376 4.787146622698256 11.227812794854035 11.707120371149088 9.49419952810061 3.6808790482984826 6.201516886084754 14.172690710648022 14.909842955651007 3.806409670812612 1.5679584234854906 14.433999095042648 7.327171861041693 13.189067439924708 11.195711347258271 10.772614253394803 16.99827590571401 17.679896234426394 0.0 4.9108221245622 13.00361109846403 9.818936776703236 5.35742972057915 4.94367125476619 6.15332272455235 8.134195146491397 12.907392429371637 9.474398229591733 12.03658305851128 19.93797452915406 0.5990892024328904 4.15967569072503 12.218313687177233 13.393385126085102 7.138621792664286 
5.631998295876486 3.286344584646956 11.0575741335722 7.042544148117498 9.033310267893379 6.13131921441055 4.678895191479759 4.068347836254392 10.071024703856468 7.318673643871058 7.132382124840944 11.898118231388054 5.027206049757491 11.100106003565447 5.063320453244257 6.072843746774464 8.547547433494817 8.068017602735612 2.7873737268992933 4.174945420594851 7.526979889697665 7.220230596316905 2.957442185178841 2.966536553447802 10.893563791949692 6.949422255951561 11.621668672517295 6.152236999744491 5.6214332112408645 12.442523367356186 8.227278220557986 3.4984707732014515 0.0 11.216130112775144 5.137518248532383 3.094635557737032 1.3836766058929026 4.433342050840513 2.986840248560658 6.899143384102044 2.860438899294611 12.668564628840134 7.64099602928184 4.4849433495423945 4.036618905597342 6.539684201597369 11.632903684203182 9.418176506004615 
13.925246725367813 18.01115714881747 2.4005229990068444 14.606155010669482 3.632713535401197 20.625576321645106 16.375772794188762 10.350002509471118 8.347124876427284 4.951435495317156 1.7896931072140303 5.000217327761414 16.668287511738754 3.372274805606704 8.721683487359702 8.020762406048792 6.146922759655687 6.118100350219476 13.710211201082382 14.110581063676708 8.7633735618822 2.257485541277006 9.65431461482477 14.098405623639596 5.353886235345179 12.132403580535588 8.844692050273048 7.563871897473163 3.511890009079565 1.8003618193879838 2.321884488969495 17.892389723031926 10.835955813057842 0.0 3.6274373735568384 13.627063944528725 7.565763515758391 8.479584383508708 9.227849263046902 7.430005448630819 5.563074268044911 5.658666141787805 6.7496602426365 16.828734987685056 12.816353102583605 5.103063936733771 2.5890696106293296 5.171437422981702 
10.75411612806107 8.458619910001996 7.437105546685423 5.047534273754441 3.107639803756248 11.069007502409928 8.59037127423488 4.218871760444827 4.387644148055988 1.961720636807679 5.043806632395299 6.060019983584097 9.753205529894718 3.660210803232012 10.053272363953347 3.933485646410994 6.048803415014202 6.603971746098133 7.557855406804883 9.748508467275013 5.114946189616226 3.143162248412052 6.545132633786542 7.716229496708187 2.795090254277221 11.041919036948315 4.2818547707942205 3.1312656360832474 1.7087620047236838 2.732888101178846 4.63671999546934 7.65845983825949 7.010250436056536 5.009652909427961 0.0 7.318417897492843 5.803906071004029 5.797325172220918 10.190798790699986 6.164222163280061 3.234209302437065 10.70946630689561 5.353475131370338 8.561073875056133 9.256775501656453 1.716857037335836 5.86753219024929 3.544192907816393 
2.9262743431236586 5.833678752944473 7.274520565470521 6.636831810995273 10.7412025737924 5.224781721830064 4.220496280038153 5.924342309808899 8.179516468896818 6.609577785088926 9.806710559043841 11.85948781883071 3.75861829764674 8.212218539309436 3.1299262452379404 7.186642697695587 3.8657574031823065 4.95620016011983 0.742252604836972 6.339790010795761 9.8381267138244 10.987609493937116 4.1604055973184675 2.503476343108505 8.889686547269449 10.112773192848145 12.637845290504115 11.01505879159112 6.596679622212277 7.558987898123568 12.61538991049695 5.523092425517329 3.527284736402808 8.250109466184709 6.588227224032243 0.0 3.498286788678201 8.727911747284386 5.2015807262455205 12.361544429804226 3.325530241049445 9.077885309067321 9.21986060059889 4.58706630113125 0.7867453433370941 7.921917219854937 12.975997134760242 4.462673187324015 
4.585649314259439 5.473175729552753 8.924334127371115 3.6051406456424795 6.7205519524213395 6.75361726928632 6.09315965336331 1.1652779051920004 7.531243739482028 7.168022456598909 9.474528285762187 7.453322192225615 9.486350211496521 8.18821849905337 8.589177785113735 7.047739570919939 4.320198832508881 7.543961062714026 5.254829811379916 3.210967595194724 9.352521138985274 9.892358289790756 3.773815824715895 4.502166729830712 10.50639471513976 4.972807787695356 9.874790228593833 5.174720582061502 6.740985531531852 9.887136553827439 7.62293475220473 4.409410252593307 2.05011202021094 10.24281363916919 5.950336573985786 3.7410232847813707 0.0 1.9951359150622132 2.7406059967286374 8.701274264266814 2.0125586165991614 10.536762804984114 6.408398822850568 6.298260909456527 3.570689241038117 3.647805182941746 13.90081173169337 5.70013653660604 
10.337553602867223 7.01039395347371 15.085629865946146 2.6933289642003775 11.481472398521992 8.02157583973364 7.221754808696318 2.83399277965991 6.733791911617922 8.518859013880723 9.464598802829059 6.19125737939982 8.877244147951206 9.059664692507916 8.624914614240181 6.467487393905158 8.227187415098772 10.60886877403592 7.868419528565557 1.1812804570631672 7.965735222053315 6.596717747716688 3.425567414347605 9.098942893020403 8.13959926272911 3.4645978217751123 6.444145811927104 5.274776229367687 9.2476391079278 10.687321347125389 6.839362487872735 6.860574566366714 2.8674386008363877 10.663861941985072 5.5078799834893495 8.08163164423868 3.280396185056775 0.0 2.245257069515282 5.027531664609111 5.563667434166236 15.944445562579768 8.680331182875738 10.276837002204767 6.567606389288995 3.753086001198727 13.84161874049094 8.057565702612543 
10.724489281468987 7.4692274837870976 12.853218477920105 5.127409395450897 13.20389511133164 5.484276598421995 3.1564668217887077 3.4124869136093174 9.354965840931577 7.4354161665940675 8.5769346672621 10.082632508301067 9.166528420531925 9.184234016556397 10.06895895346652 5.47819912678056 8.045070564275967 9.176812170112793 5.701851624332459 0.7626190525070671 8.751842271038345 15.172693337530829 3.5058492315172476 5.38672125381338 7.054969718968869 1.5250919982020927 8.782091390719884 8.082280834185205 10.370843682030813 11.166013927755241 13.22050379264588 5.592286342924298 3.9314464276382757 12.61213150039874 5.4424503981380825 7.583863857170639 2.8786673056836136 2.1208149872605913 0.0 6.040289264311934 5.2833399921934445 12.207487634820385 7.6342365013181315 7.387125503400906 8.858729264717025 7.5240436455290185 12.3899767708912 12.983718067436447 
15.03190976650625 9.450185138174087 14.803631966678548 2.9306039603976473 4.305079648664944 15.933666886725648 13.288611764744335 4.457152774748191 0.8943470366352751 3.614003501402812 12.465069931285637 4.84791340231142 11.54427021322055 6.283768747858364 13.524721084708364 2.3776671763327277 7.247399569606473 15.717259771201137 14.354339657554949 6.485057717842476 1.3688709029650319 8.990329601216402 7.8321262289584395 13.360471303062631 6.022431681018234 7.3127390006737585 0.2402143023520811 2.9470206558877456 6.739731512203787 7.441996679279837 6.430578543591653 18.096287439269297 6.50757452485854 8.92207597576809 3.646534753944454 7.869298688529734 6.6989494000519585 5.467982510764157 9.758864694497028 0.0 5.90934794814564 16.49903439184334 3.3593873377514236 14.364897797803607 7.956586150915726 5.159428384276385 8.98269681741749 6.948645442421116 
6.103601793473176 6.780918861940972 6.153339906281132 4.943946913421906 8.523613959782683 9.578207983646337 7.549250720249388 1.809470444107586 7.96469392006547 4.816941908226681 6.73579784660821 8.20583070026582 7.314592791528945 10.513064910871842 4.597060249633981 7.3435006381484875 3.9744987497711834 4.626220157823377 5.263645192787882 4.687556527065102 10.259525474616154 7.131991767700272 5.19144971140368 4.890759202245564 9.255046480394487 8.112099225206187 6.439471686101572 4.461141769442968 4.436080554410854 6.757251082393925 5.495854912602094 5.501910127616432 2.830117836920331 5.3893353581445975 2.8159636992782406 3.6429655572192488 1.6059130330176188 3.2664199048416487 5.956834820327632 9.54467516163456 0.0 6.5981030105011005 5.624077430233884 5.126955501764915 4.0536669953463225 2.6258164619775872 7.2337476580607225 4.776474687925178 
6.832574787910824 11.644427886102335 3.2165583751627618 14.706765508896025 13.812866703350092 15.064190407375014 15.084828900172429 8.102367510152703 9.901049504292095 13.499419671059567 6.264653729955865 14.836431410645345 13.546146521797034 10.78543186635486 4.728978005929532 11.90537015576362 3.001486144376116 4.536413344540778 5.921596939235081 15.58059357950871 15.289044776976965 10.884122557233173 14.941481716383574 11.76137068126249 12.671950666573542 14.524815370690899 14.61264455608141 12.652074166035538 8.432868068563554 6.79657768098653 9.148677868191722 10.002216461207837 9.378300356105017 7.053960040424233 9.511689103893787 7.528422556351595 8.904051871460421 14.58407692440777 15.716119878030629 10.784437520947478 5.957027892410968 0.0 12.042379481526883 11.021579306092962 5.016368586670301 6.87551220817394 14.81505831543588 4.359307138233165 
17.66578823480737 18.00219517415805 6.458720788264317 6.602762803461649 1.0320214872744562 20.38203037623901 16.82904271148295 6.964170585137055 2.225502958861362 3.174189671019283 5.9026679578985135 1.0521810443623134 14.273022630525245 2.0281809716616133 13.632685770355767 1.970430681985149 7.940942835058644 14.077257088278959 15.741309776324101 9.201869599602167 2.933524567689469 3.973690983759189 13.003890935852041 12.55180443837274 2.3266567201955546 13.490646545171305 4.1382682538615345 3.295878369280564 4.201985325387838 3.9652124588151847 4.030995663636803 12.890860157037821 8.926519666048062 4.366184602211441 3.135004468999432 15.10747323500835 9.410237006313787 9.104086392650347 7.922905228476339 2.918286526500329 10.004493275991155 10.967937290391346 0.0 10.35275124716869 16.258887275421685 6.291246934160174 5.226545466036766 7.734228409281295 
3.713041872122489 2.451061336241543 14.133336982903208 10.565347328215587 19.16954944176249 1.1525203330716838 2.1002646642412093 6.574630283789494 15.9699471341537 11.105848937714828 15.734222493789314 16.838809522152765 1.5682926556930095 12.96978649144016 7.658986933794943 16.983929987540716 7.636483820945739 7.013271525201365 3.0108539176320006 5.563855087678902 14.123266616218315 14.968626748582082 2.6030175828449424 1.2840498822835011 12.672804926815374 8.381838224162559 16.694108543092597 10.162730220406786 9.269455053164613 11.031780033926424 19.798769694964438 0.5003882789420285 3.9906741774632906 18.137139457747686 12.231804285638084 3.9134397420781974 4.482617681031436 7.625728638862397 6.997375146143202 10.746614485562866 5.595408767772513 12.711336364039706 18.795917753341147 0.0 2.7398230094163374 9.064254705955175 21.996056312513502 11.14640740219395 
2.0352762239878306 6.076044161843231 11.620303674426271 11.545733193667036 11.739989876824513 3.7281512353694244 5.198009192908358 7.491481454409254 8.616711388453961 11.257502506375534 9.568915439770457 15.515372790705623 5.759686529362285 10.04504675138067 3.8390038132373583 12.303962177483175 6.416842490842207 3.917190760486287 0.33941463661312427 8.137942976275836 9.690982031578237 12.574406719327794 3.9686814318336747 3.181124181026223 9.208966118169934 6.979656919210445 10.893886067435183 6.611853373567191 9.285869721317788 8.893935585231514 8.468866917425968 2.9882271296550065 4.076048165908077 9.34681823656366 5.730844079911907 0.6761816591427378 5.814082582519327 9.506289876479748 4.969162811448745 14.058503199439343 3.452925562545811 8.923259316723716 13.710312249074214 4.015775545548051 0.0 5.2876430930356495 14.056245634541085 5.047044393321108 
5.417094488979245 12.748387963421251 6.400843274076371 4.828631598450867 6.742337276301043 10.38375615992796 7.398575883463071 2.3029335582940544 3.4355193148102323 2.0571075138426913 4.292016644824847 6.842614159363455 13.131255828575249 6.777661696429698 5.956064631108579 3.48324555594773 4.643457867178398 8.46776379411697 7.427007814272726 7.9467256514511915 6.707137669901787 4.630700856211496 5.297279727337339 9.007290469332965 4.236078907124846 5.177229989122737 6.035586959113987 1.8413321257120208 2.749632042667399 4.206274715673711 5.623318779179993 7.0365812829580605 4.692746349260277 7.462580770100944 2.189227979403211 4.417578147912436 4.203333119896474 5.328748006869786 6.905093299660756 4.970038805639909 3.512411692794324 8.604521819080889 5.300457055019372 7.758687985852528 7.717850963210228 0.0 7.577845347202105 4.864662418034704 
18.345311611460733 14.54270133299716 6.184276610750372 9.33918099086391 2.850585114788756 18.8548965074175 21.150326380465803 10.90985903954077 7.2194764219131 6.013149205663415 6.220307971368497 5.746939624534919 16.00883981429724 1.8367295814423041 10.28297082181175 4.756372495054755 7.276658171436506 12.977015917416198 11.344904487637605 11.476617092017605 6.085974464054961 1.92384483097627 12.923345607009557 14.589086267044014 2.6093381365362562 10.560209410317471 6.113199674510369 6.411666136190143 4.649221775955152 3.954727429702458 1.4741884276975106 13.95355354030726 13.08245642294764 4.33261233493165 7.0237972502914054 11.30025517580724 11.583187341497094 11.740247155376954 10.069373191764093 7.683998178531363 11.026656354654133 9.11646808377164 2.9042422609020657 11.925914704592774 13.958244975313193 8.512314203959175 0.0 6.734764327705049 
7.589654784747028 9.804009363388996 3.8743449330533632 13.59468530875628 6.2775789668392505 8.145814595899763 11.526593788351683 7.292579664885111 12.136096177027099 7.336101483385558 3.6105116939957984 7.753650742071218 7.9572009404516875 10.871490157740874 3.897132578228889 10.81056533258607 0.4170526042587399 3.6930600751801634 5.072637785085235 9.310546484643416 14.45158433688243 5.233927296392359 9.710531313157679 7.597247271045809 6.469784307091873 9.540033412307928 10.640789123853978 8.239880286546013 4.109241341555473 6.201477825620076 5.908571210496373 8.571600443437342 5.285539667759258 6.458632806418386 6.055271246390687 6.401543552588573 7.739963853906037 6.715641252745559 7.614866497223285 12.899327054596116 3.7495369346838556 3.8039441522204918 7.15414796086341 8.994611713090514 7.328236030662783 4.570821153351271 10.958238208450553 0.0 

0 20 14 5 11 22 25 2 18 10 26 14 22 9 11 18 24 15 23 16 14 8 5 12 8 16 12 15 9 2 10 2 3 20 3 13 25 23 8 16 9 14 4 13 7 16 18 16 
