54
7
100

0 54 68 89 10 28 36 32 89 82 39 63 71 58 62 34 20 60 28 88 26 93 90 24 71 54 67 64 22 34 12 97 38 87 31 29 52 80 70 37 95 48 63 6 78 68 52 61 98 35 39 63 12 81 
54 0 68 54 45 38 39 30 72 38 19 39 68 41 64 21 44 13 46 71 29 42 58 30 85 91 16 62 38 20 62 75 47 40 67 26 8 74 30 27 82 78 80 48 40 16 74 93 89 22 30 82 54 47 
68 68 0 48 69 82 37 78 26 60 54 34 4 28 6 58 50 60 88 26 68 78 44 66 21 51 65 6 77 64 63 36 31 64 46 57 75 13 51 80 29 38 22 64 49 69 28 47 31 73 84 27 57 44 
89 54 48 0 84 87 54 80 32 21 54 26 45 32 49 60 70 41 95 30 74 36 6 73 69 96 40 44 84 64 90 28 57 22 82 63 62 43 24 78 41 81 70 83 14 43 72 93 49 72 82 74 82 8 
10 45 69 84 0 18 34 22 88 76 32 59 72 55 64 26 20 53 20 87 16 86 86 15 75 62 59 65 13 25 22 95 38 80 38 22 42 81 64 27 95 55 67 8 73 60 57 68 99 26 30 68 18 76 
28 38 82 87 18 0 45 8 96 74 33 64 84 62 76 27 35 49 8 95 14 80 90 16 90 80 54 77 6 22 40 102 51 78 56 25 32 92 64 13 105 72 83 26 74 54 73 86 110 16 13 84 36 79 
36 39 37 54 34 45 0 41 53 52 20 28 39 22 31 22 16 37 51 52 31 67 54 30 48 53 44 32 40 28 36 61 8 56 32 21 43 47 39 44 61 39 42 30 45 47 35 55 65 37 48 44 28 46 
32 30 78 80 22 8 41 0 91 66 27 58 80 57 72 21 34 41 16 89 10 72 83 12 88 82 46 72 10 16 43 96 48 70 57 21 24 87 56 6 100 72 81 29 66 46 72 87 105 8 8 83 38 72 
89 72 26 32 88 96 53 91 0 50 64 34 22 34 30 69 69 61 103 2 82 67 26 81 44 77 64 26 92 75 85 10 51 53 71 71 80 15 47 91 10 64 48 83 40 67 54 72 18 84 96 52 79 32 
82 38 60 21 76 74 52 66 50 0 44 28 58 35 59 50 66 25 82 48 63 18 27 62 81 101 22 55 73 53 86 48 57 4 83 54 46 59 13 64 60 87 80 76 11 24 79 100 68 58 67 84 78 18 
39 19 54 54 32 33 20 27 64 44 0 31 55 30 49 6 26 22 41 62 20 54 56 19 68 72 29 48 30 11 45 69 29 48 48 10 22 62 32 27 73 59 62 33 41 31 56 74 79 20 32 65 37 46 
63 39 34 26 59 64 28 58 34 28 31 0 33 7 31 37 44 28 72 32 50 46 27 49 54 73 32 28 61 43 64 38 31 33 57 39 47 36 18 58 44 59 52 57 19 36 51 72 51 51 62 56 56 18 
71 68 4 45 72 84 39 80 22 58 55 33 0 28 9 59 52 60 90 22 70 76 41 68 24 55 64 7 79 65 66 32 34 62 50 59 75 9 50 81 25 42 26 67 47 68 32 51 27 74 86 30 60 42 
58 41 28 32 55 62 22 57 34 35 30 7 28 0 25 35 39 32 70 33 48 52 32 47 48 66 37 22 58 41 58 40 24 40 50 37 48 33 24 57 43 52 45 52 26 41 44 65 49 50 62 49 50 25 
62 64 6 49 64 76 31 72 30 59 49 31 9 25 0 52 44 57 82 30 63 77 46 61 22 48 62 4 71 59 57 40 26 63 41 52 70 18 49 75 34 35 21 58 48 66 25 45 36 68 79 26 52 44 
34 21 58 60 26 27 22 21 69 50 6 37 59 35 52 0 23 27 35 68 13 60 63 13 70 71 34 52 24 6 40 75 30 54 47 4 22 66 38 22 78 59 64 28 48 35 57 74 84 15 27 66 33 52 
20 44 50 70 20 35 16 34 69 66 26 44 52 39 44 23 0 47 39 68 24 79 71 22 56 49 54 45 29 27 20 77 18 70 24 19 45 61 53 38 76 38 48 14 60 56 38 53 79 33 42 49 12 62 
60 13 60 41 53 49 37 41 61 25 22 28 60 32 57 27 47 0 57 59 38 33 45 38 79 90 7 54 48 28 66 64 44 29 68 31 21 64 17 39 71 76 75 54 27 10 71 91 79 33 42 78 58 34 
28 46 88 95 20 8 51 16 103 82 41 72 90 70 82 35 39 57 0 102 22 88 98 23 95 82 63 83 11 30 40 110 57 86 58 33 40 98 72 20 112 75 87 28 82 62 77 88 116 24 19 88 38 87 
88 71 26 30 87 95 52 89 2 48 62 32 22 33 30 68 68 59 102 0 81 65 24 79 45 77 62 26 91 74 85 10 50 51 71 69 79 16 45 90 12 64 48 82 38 66 54 73 20 82 94 52 78 30 
26 29 68 74 16 14 31 10 82 63 20 50 70 48 63 13 24 38 22 81 0 70 76 2 78 72 44 63 11 10 36 88 38 66 48 11 26 78 51 14 91 62 71 21 61 45 62 77 96 10 18 72 30 65 
93 42 78 36 86 80 67 72 67 18 54 46 76 52 77 60 79 33 88 65 70 0 42 71 99 118 26 73 80 61 99 64 73 15 98 64 48 77 28 68 77 103 97 87 29 26 96 117 85 64 71 101 91 35 
90 58 44 6 86 90 54 83 26 27 56 27 41 32 46 63 71 45 98 24 76 42 0 75 65 93 45 41 87 67 90 22 56 28 81 65 66 38 28 82 35 79 67 84 19 48 70 90 43 75 86 71 82 11 
24 30 66 73 15 16 30 12 81 62 19 49 68 47 61 13 22 38 23 79 2 71 75 0 76 70 44 61 12 10 34 87 36 66 46 10 27 76 51 16 89 60 69 20 60 45 60 75 94 12 20 70 28 65 
71 85 21 69 75 90 48 88 44 81 68 54 24 48 22 70 56 79 95 45 78 99 65 76 0 36 84 26 85 76 62 54 40 85 42 69 90 29 72 91 43 28 8 68 70 88 20 30 40 85 96 11 59 65 
54 91 51 96 62 80 53 82 77 101 72 73 55 66 48 71 49 90 82 77 72 118 93 70 36 0 97 52 74 75 42 87 45 106 25 67 93 62 89 86 78 14 30 54 92 100 23 8 76 82 90 26 44 90 
67 16 65 40 59 54 44 46 64 22 29 32 64 37 62 34 54 7 63 62 44 26 45 44 84 97 0 59 54 34 73 65 51 24 75 38 24 68 17 43 74 83 81 61 26 4 77 98 81 38 46 84 65 34 
64 62 6 44 65 77 32 72 26 55 48 28 7 22 4 52 45 54 83 26 63 73 41 61 26 52 59 0 72 58 60 36 27 59 45 52 69 16 46 74 31 39 26 60 44 63 29 49 34 67 79 30 54 40 
22 38 77 84 13 6 40 10 92 73 30 61 79 58 71 24 29 48 11 91 11 80 87 12 85 74 54 72 0 20 34 98 46 77 50 22 34 87 62 16 100 66 77 20 71 54 67 80 105 16 17 78 30 76 
34 20 64 64 25 22 28 16 75 53 11 43 65 41 59 6 27 28 30 74 10 61 67 10 76 75 34 58 20 0 43 81 36 56 51 8 18 72 42 16 84 64 70 29 51 35 62 79 90 9 21 72 35 56 
12 62 63 90 22 40 36 43 85 86 45 64 66 58 57 40 20 66 40 85 36 99 90 34 62 42 73 60 34 43 0 94 35 91 21 36 61 75 74 48 91 38 54 14 81 75 43 49 93 46 51 53 8 82 
97 75 36 28 95 102 61 96 10 48 69 38 32 40 40 75 77 64 110 10 88 64 22 87 54 87 65 36 98 81 94 0 59 50 81 77 84 25 48 96 14 74 58 91 39 68 64 82 22 89 100 62 87 31 
38 47 31 57 38 51 8 48 51 57 29 31 34 24 26 30 18 44 57 50 38 73 56 36 40 45 51 27 46 36 35 59 0 62 26 28 51 43 45 51 58 32 34 33 49 54 27 47 61 44 55 36 28 49 
87 40 64 22 80 78 56 70 53 4 48 33 62 40 63 54 70 29 86 51 66 15 28 66 85 106 24 59 77 56 91 50 62 0 88 58 48 62 17 67 62 91 84 81 14 26 84 105 70 62 70 88 82 21 
31 67 46 82 38 56 32 57 71 83 48 57 50 50 41 47 24 68 58 71 48 98 81 46 42 25 75 45 50 51 21 81 26 88 0 43 69 59 71 62 75 17 34 30 75 78 23 30 76 57 65 33 20 75 
29 26 57 63 22 25 21 21 71 54 10 39 59 37 52 4 19 31 33 69 11 64 65 10 69 67 38 52 22 8 36 77 28 58 43 0 26 67 42 23 79 56 62 23 51 39 54 71 84 16 27 64 28 55 
52 8 75 62 42 32 43 24 80 46 22 47 75 48 70 22 45 21 40 79 26 48 66 27 90 93 24 69 34 18 61 84 51 48 69 26 0 81 38 20 90 81 85 47 48 23 78 96 97 17 22 87 54 55 
80 74 13 43 81 92 47 87 15 59 62 36 9 33 18 66 61 64 98 16 78 77 38 76 29 62 68 16 87 72 75 25 43 62 59 67 81 0 52 89 16 50 33 75 48 72 40 57 18 81 93 37 69 41 
70 30 51 24 64 64 39 56 47 13 32 18 50 24 49 38 53 17 72 45 51 28 28 51 72 89 17 46 62 42 74 48 45 17 71 42 38 52 0 55 57 75 69 64 10 21 68 89 64 48 58 73 66 17 
37 27 80 78 27 13 44 6 91 64 27 58 81 57 75 22 38 39 20 90 14 68 82 16 91 86 43 74 16 16 48 96 51 67 62 23 20 89 55 0 100 76 85 34 64 42 76 91 106 7 4 86 43 70 
95 82 29 41 95 105 61 100 10 60 73 44 25 43 34 78 76 71 112 12 91 77 35 89 43 78 74 31 100 84 91 14 58 62 75 79 90 16 57 100 0 66 48 90 50 78 56 72 8 93 105 52 85 42 
48 78 38 81 55 72 39 72 64 87 59 59 42 52 35 59 38 76 75 64 62 103 79 60 28 14 83 39 66 64 38 74 32 91 17 56 81 50 75 76 66 0 20 47 78 86 10 15 66 71 80 17 37 75 
63 80 22 70 67 83 42 81 48 80 62 52 26 45 21 64 48 75 87 48 71 97 67 69 8 30 81 26 77 70 54 58 34 84 34 62 85 33 69 85 48 20 0 60 69 84 11 25 46 78 89 4 51 65 
6 48 64 83 8 26 30 29 83 76 33 57 67 52 58 28 14 54 28 82 21 87 84 20 68 54 61 60 20 29 14 91 33 81 30 23 47 75 64 34 90 47 60 0 72 63 49 60 94 31 37 60 10 75 
78 40 49 14 73 74 45 66 40 11 41 19 47 26 48 48 60 27 82 38 61 29 19 60 70 92 26 44 71 51 81 39 49 14 75 51 48 48 10 64 50 78 69 72 0 30 70 91 58 58 68 74 72 8 
68 16 69 43 60 54 47 46 67 24 31 36 68 41 66 35 56 10 62 66 45 26 48 45 88 100 4 63 54 35 75 68 54 26 78 39 23 72 21 42 78 86 84 63 30 0 81 101 85 38 45 88 67 38 
52 74 28 72 57 73 35 72 54 79 56 51 32 44 25 57 38 71 77 54 62 96 70 60 20 23 77 29 67 62 43 64 27 84 23 54 78 40 68 76 56 10 11 49 70 81 0 21 56 70 80 11 40 67 
61 93 47 93 68 86 55 87 72 100 74 72 51 65 45 74 53 91 88 73 77 117 90 75 30 8 98 49 80 79 49 82 47 105 30 71 96 57 89 91 72 15 25 60 91 101 21 0 70 86 95 20 50 88 
98 89 31 49 99 110 65 105 18 68 79 51 27 49 36 84 79 79 116 20 96 85 43 94 40 76 81 34 105 90 93 22 61 70 76 84 97 18 64 106 8 66 46 94 58 85 56 70 0 99 110 50 88 50 
35 22 73 72 26 16 37 8 84 58 20 51 74 50 68 15 33 33 24 82 10 64 75 12 85 82 38 67 16 9 46 89 44 62 57 16 17 81 48 7 93 71 78 31 58 38 70 86 99 0 12 80 39 64 
39 30 84 82 30 13 48 8 96 67 32 62 86 62 79 27 42 42 19 94 18 71 86 20 96 90 46 79 17 21 51 100 55 70 65 27 22 93 58 4 105 80 89 37 68 45 80 95 110 12 0 90 46 74 
63 82 27 74 68 84 44 83 52 84 65 56 30 49 26 66 49 78 88 52 72 101 71 70 11 26 84 30 78 72 53 62 36 88 33 64 87 37 73 86 52 17 4 60 74 88 11 20 50 80 90 0 51 69 
12 54 57 82 18 36 28 38 79 78 37 56 60 50 52 33 12 58 38 78 30 91 82 28 59 44 65 54 30 35 8 87 28 82 20 28 54 69 66 43 85 37 51 10 72 67 40 50 88 39 46 51 0 74 
81 47 44 8 76 79 46 72 32 18 46 18 42 25 44 52 62 34 87 30 65 35 11 65 65 90 34 40 76 56 82 31 49 21 75 55 55 41 17 70 42 75 65 75 8 38 67 88 50 64 74 69 74 0 

0.0 7.250805285053109 10.963124412269508 11.017687659302894 1.444262539655067 4.620690805077421 5.18290814448746 3.7325645957991505 11.454871807918314 13.511241175190166 6.736011142532727 7.978079961367236 9.407739047466865 5.8514316641142265 8.876324347864 6.488460831155413 3.1481886312888063 10.553423686365218 4.222439308754744 13.50504048726313 3.319598034695954 12.661861946601883 13.410319896042285 3.2485168284309833 10.344382705078308 7.505928885556947 13.143617493969778 9.176506352701379 2.5879305122982927 3.4810994657958108 1.4119441300065148 13.10208717778912 6.148007452782483 16.3373248609448 4.8858378699413905 5.269957321214376 6.530995366922491 9.756075451005714 13.875410943839675 6.652996681660586 14.600907387621241 7.004856006760947 11.316142002220257 0.8693175391682946 13.194208879596763 12.980091982359886 8.426173940276195 11.269320100823524 14.961994896554831 4.173997325729011 5.225631050336484 11.932676553728701 1.5646667884306569 11.129054967278659 
9.987523972545105 0.0 7.4868261014958 9.763064861415263 5.816297774992674 6.461261160920914 5.368058369102927 5.909213420423291 13.597596457372232 6.343615498302962 3.4302852753478907 3.9948096176152834 7.97799211946017 8.059679771895315 11.801610812447965 3.5721514017413885 7.6733210860914225 2.114852025518334 8.693244689840526 7.914154220539913 4.100726173262248 6.901409956784638 7.86443785943476 4.60879501736858 8.61520499553969 16.499803428875786 2.3214152361874834 10.897977977031385 7.382057090723983 2.3540887788343197 12.199614093367437 12.132571585938814 9.325156063737104 4.915368123859501 12.888307369576173 3.794485564977276 1.4487528006514865 9.777049121131444 4.394471386151771 4.800907082035382 8.924169212086047 13.11239305653253 8.41115024175579 5.1838941060309365 4.241363841125133 1.976307035008933 11.643362712096206 9.530635033710887 9.246068379998343 2.21983076610833 5.137701596399529 10.265583468830838 6.8330946434261834 5.668965024165752 
10.61153824404525 12.920429083611822 0.0 5.771541802937861 8.509703507242255 14.133175528879912 5.354088677767966 12.440724146055306 5.144670701975482 11.275526124036606 5.648984818308403 3.8643095973534325 0.4259874921591964 5.358910576049118 0.7782742882635094 10.748937563021226 7.794267564333167 7.295888256606989 14.755855098699953 4.930266010076316 13.297338586657467 9.463513682464312 8.382543471634206 11.28466076774591 3.159458943534408 9.663646090942997 12.1293779454832 1.146715221418935 15.346626417866768 11.619781996797421 9.00332132901216 6.743693689153737 5.246349638166629 10.251118485953883 4.8325840422479915 7.841621523779299 8.637001033272645 1.4520162780624606 7.1489349116074195 14.795753894674283 4.443852321136755 7.114063092697914 2.575109088147063 10.722987354762914 5.9607079141068064 13.563955707119128 4.517196204133286 8.08708856180338 4.623118743895919 13.337229075397687 11.734307543594182 4.842372630591015 6.952215190720185 5.720289833302447 
15.685060319940884 10.71451909013129 7.364760704982146 0.0 8.9605439063406 16.69175262670432 9.521579187001596 15.64838401178222 4.213257717794811 3.7771232941792316 10.731612587381417 3.291734034849999 6.261562884284618 5.531949996777199 9.112615244116487 10.10668026277207 8.91925542466152 5.063370087903175 14.965743466318767 5.189086643934067 12.99995054147822 3.8578185663208386 0.7012410750110982 12.108425873524965 12.194032715277519 13.24869158904151 6.558613533547794 6.543855715320337 14.098512041348918 6.500560262008752 15.82779917219807 2.8297235043202487 9.689366071620027 3.059511831321183 14.664968211220618 8.93720297744974 10.736301338876311 6.424332252057818 4.252501754952847 9.19421756006413 7.628377514568388 14.946390751967423 10.389064474746316 10.140046749403151 1.4283340414892072 4.357529999010999 11.686695630346144 10.269527091850106 5.88752732371506 14.336555875490081 10.843396033820067 12.939218099002288 8.209685750535693 0.921424648858495 
1.609368375829474 7.01911432864458 8.458932956083101 14.579849572577883 0.0 2.17920533721284 5.88978575829228 3.996723015469252 9.328516022818592 8.713121376857961 5.3584692507950376 8.714652458077195 9.088641159622249 10.52572278996935 11.893232692203977 3.8653681113316996 2.8147188879886014 9.241822698344356 3.9060720015737003 9.78546580638678 1.9656795780711434 12.314618886334221 16.360751364656622 2.863820866322981 13.532795717411718 8.977615635973258 11.751473194375105 12.387121899863764 1.3295427728273146 3.4538664686143523 3.6942563824339567 18.783703703668344 4.449179152361839 10.275091996865543 5.619411462205338 3.9693928372456844 6.472317591690551 9.760472988787154 12.13409094021577 4.7442612422230965 17.052584653341423 6.750464479231809 11.10916021971066 1.3870996487477139 12.50641754076575 9.746223051131679 7.171210446170559 12.85783445305254 18.519643180924646 3.4192133380529555 3.402548358257582 12.156758450670232 3.109233976941497 12.732240409031187 
4.608238111911502 7.0098630495380965 13.104888534221523 16.467111642993224 2.474235034405329 0.0 8.896019605708007 1.1848541696637869 11.304386269702366 12.783731381823703 5.703442158125266 8.12891270385995 15.551164254085894 10.106757864595826 13.176503024656178 3.1785571520193616 4.296682829752218 8.090193907373484 1.3426478656285377 12.617552682458657 1.4187010343189974 12.577057883544011 16.213628885735865 2.634918649112619 15.42241774238904 14.838536349975708 8.630068439840496 14.32378915905579 0.9184276783282692 2.3399247950148654 6.610314069929624 20.157413904216888 6.223272428566368 8.334268134830872 5.69488957374105 4.207376322953479 4.807416301871507 13.473430133459107 11.540000308623855 2.3297438294742614 18.652398389606084 13.207098332391661 16.16461199071874 4.684270194281343 11.607261679660372 7.831168802676197 10.43805480781067 16.249085766210733 14.86316569363343 2.8193320470842047 2.052522139426734 9.792562017937692 4.032247505442461 12.251212850344626 
5.336922550730299 7.061012565786998 5.12733268694601 10.473478506942264 6.577016713458103 8.097639720632376 0.0 6.357413657067431 9.516386787377858 6.685719533103179 3.854751240670538 5.518068510894775 4.392129889094076 2.952780316342995 5.273297949135822 2.9613427014677507 3.1264979496811494 6.273300972772766 6.027370383230149 7.0985427989531305 3.3562797847361336 8.607739896635561 5.76960147540566 3.327551006079754 9.198077098834396 10.41042767294104 6.824119340484753 3.999011079179688 7.520037168260819 4.020957329410693 4.503089206649909 11.311125919751518 1.318227199084034 8.657446210500535 4.707773010834792 3.4177387295732036 4.5369961773451255 6.605067643642058 6.981615340542271 7.726176617990591 7.752888653311361 5.506987802530811 6.805162660416257 4.963023396410941 6.883656428866143 5.335559124845061 5.150357474813841 9.985752948690418 9.641636926821436 4.443620305982279 6.277298675826162 7.291031110063841 2.8675174391642333 8.146478485053416 
5.009510461795572 5.173093061608807 9.74230919727661 15.525252248322785 2.455654760346392 1.4924333791055238 4.468502876393389 0.0 15.445085001310854 6.732650918746522 2.74630958025335 5.817534472744469 8.874143473401592 6.164503719427535 8.207095691838047 3.0491587601980386 6.070198953621312 7.732162922961335 3.1536885574099127 10.692290708114882 1.1732657531615889 12.645189822542093 9.171665156193171 2.1359551017982645 15.312594924752862 9.741827134735443 4.88585660079853 8.57162459305826 1.3084012862653687 1.9212408868782804 6.864533009594082 16.62726036899329 8.947320997442198 11.205928217615078 10.445206228325961 3.317361426138156 4.646880657637585 16.5278005677575 9.529765593755926 1.0345071736548768 11.456875275839007 13.797220447735643 10.36752405921612 4.114997634077287 10.16088924850899 5.305666595503428 12.924743732030658 9.697504283074316 19.818158510775866 1.5085185709219169 1.0157049111232346 16.33813312421946 4.566061526407167 10.935850825933171 
17.699808975285467 10.146391686713581 3.535045819105762 3.8125056376340076 10.963989061858527 18.348272790834464 9.859835916470805 16.1444981660117 0.0 5.420066292785742 9.100253083835234 4.748122984382661 2.7466591817119674 4.827983698660926 4.033986379104931 9.502436890937634 9.000154851517914 9.520132925247403 13.42490288015772 0.3937970746603096 12.191372411117023 11.63605784922689 3.9227638027849223 13.308275923692603 7.598163387372202 8.616908692555587 12.690416419495001 4.496692908156444 18.181155168390276 8.829190148866848 8.765067564221852 1.1110798948274414 9.240631944381114 9.448485760021615 13.21147371752015 9.367708705041391 15.92655953206889 2.578475441246794 7.965953117523741 16.616230347012774 1.139343381279472 9.357499779945888 7.986443441701177 12.757477260955342 5.341063596167265 10.609561210841953 6.558934449677071 10.826539188130297 3.4962632880102253 15.884103851731076 17.034657164834748 8.528091596258568 13.359122402666696 4.713688048367638 
15.81178035611464 6.865441816842942 9.982074090811206 2.39581443904 10.833660031353517 14.51006634848693 8.008645383283898 9.052410507205675 9.59173096863104 0.0 5.215090244478293 4.897315405421962 8.425008504408957 5.018375340035221 8.380758742485195 5.354632381733629 9.109175405400254 2.77494141537524 13.20449338639524 8.374849319452558 9.732743834774007 3.3858533298815763 4.0951866546344755 11.353459700035431 10.555094138532503 13.761507729895538 3.7984000815324377 6.10131694164488 8.655832950067111 6.118158660479729 15.829616428247292 8.815463011553884 10.152436216891793 0.44655511062161196 12.69459887305945 7.856633757593974 7.9347244147901215 8.744564586600958 1.9559760225325524 8.678004825242772 9.117077197506589 15.40899309064692 11.477856821168352 14.876328311555092 1.4011009109580923 3.881337146682985 14.555225638490807 17.69205872923377 9.20385940100353 9.097065434585128 7.091514675678271 15.356854131759755 10.63876266494109 2.942874256484922 
5.387804991663275 3.550421539928002 9.967690153076646 10.046754921739474 5.421619935821401 6.1396351817891155 3.125810761283157 3.9899514575006294 12.285171476711753 4.822897072649733 0.0 3.931448612787255 10.264767244360787 5.504781287800494 7.2778280257644195 0.9570686147182783 3.1482619956454103 3.577128659949552 6.604949158843481 7.450736029822513 3.1734547747092225 9.826643762445734 10.602773919082903 2.4232343663109255 6.901298383792468 10.467908461879892 3.490135691429666 7.0372187965731205 3.589870714517846 1.8159121373666909 8.222727314005198 10.475311756070866 4.384596876702883 9.12831745782389 6.730336280351809 1.9243681370934622 4.223461455558055 6.984464495058445 6.2604066673361265 4.16926589379016 9.777038616712023 7.072894549781719 7.882067285911056 4.756389137565327 6.180247525677341 5.278148566982717 8.92249477992844 9.550991002216206 13.843105311816867 2.098431622695009 3.387356288398358 10.269770251680836 5.932745602822904 7.9235437003247995 
6.691311400966068 5.810526916553678 5.654993270143951 3.4998893115838063 7.09370937243855 11.35180171667492 4.785151704630087 8.512429607911974 4.630471690650165 3.2987333552280917 4.8464675969492905 0.0 6.432898413944278 1.3629125244435834 5.811099163070688 5.785870837958688 5.796053409764432 4.853510349043195 11.381510935917241 5.242073964049629 9.49269821717095 8.311030856491831 4.049144979074769 7.484096172504836 8.948609430675553 13.059423879250637 3.7709502890849333 5.028207984460794 6.328267626647806 5.492582686086502 11.956942629721814 5.656742403593989 5.31070271772211 5.347958770001358 7.105723831045443 4.841337849922204 5.113480379850567 6.487862142609361 2.337665224145129 7.9732624740646045 7.388251633866511 10.945808406586242 8.284415083783264 7.774688209927822 2.3328601198117918 5.341886347294382 5.292490720062517 7.845561112495824 8.279720766333071 8.152677622733165 6.730524235914986 8.80505400862497 8.419282540666808 2.3149194888044873 
9.066965253335102 10.032960054086619 0.6778764218004152 5.9823932452847455 14.033755626520279 12.759688940754645 5.856850766503292 14.157944470288559 4.226478322122283 6.3183619711428625 6.671329150291521 3.8223490208015236 0.0 4.907149877795986 0.986803328213014 6.407811677775829 10.326696859643562 6.50028778175135 14.292633597318272 2.8554846675592866 11.477983790371486 9.176646943367668 5.475508784196208 8.153558601676881 4.215367966757084 9.459173487133146 8.035044191778377 1.2905835569868531 11.043061743491041 7.749853259216438 11.789134875072136 4.992974952181972 3.6816644017608553 8.118945662914019 5.360221874599001 7.143857196040827 12.290329443193322 1.607480802558508 9.522428108259131 13.84041627007056 3.609509946414516 6.74677893788811 4.842804220649005 12.241699686678094 5.047038723580323 12.261642587343 3.980772780907839 7.739311365923306 4.469805124664801 14.392777464518698 9.107074917690081 5.78362289836439 9.310193708945576 7.293451086434649 
9.121649255807922 4.353494992587103 3.796510605494542 5.295685419845132 8.923622533947473 9.617521366595545 3.42277609586007 7.637398493360958 4.1216083941578265 4.650331102273459 4.928873579041147 1.0766333747790033 4.737724652440763 0.0 4.724894480194232 6.155734962427202 4.551365845076624 3.976581664447562 10.467329918896207 4.763325095305558 7.912604372123281 10.073382167202185 4.174182949917915 6.441580095735137 8.924759422671382 11.417888119837762 6.863407224524359 2.6949619037065693 8.913556778826106 5.144345251065 6.189127399584476 6.974522227767348 3.68847996853606 7.171014754500328 7.5012452699392185 5.984083918169011 4.9838571775922516 5.476445719862809 4.159815511658069 7.8440619852378095 7.177241273285532 9.450152761621997 4.898477139320139 9.436583808527894 3.7250697966670425 6.061593354707595 7.12049334987322 7.306337998734139 9.304928602051502 7.942177157011611 12.38341170806394 8.76349727318576 6.216277266604127 4.9676912594751315 
10.7061369130167 9.464862119121259 0.8195211349055204 8.487197209699143 11.79131592372261 12.369756247890374 4.664948566395223 11.097891292397634 3.4268378206398156 6.522057705897428 7.189453566389336 4.836110934139475 1.6222457471280411 3.596092381011343 0.0 8.790787901069859 4.977690305126366 7.406120422757143 11.26784138689757 4.614824628005749 7.11236349380621 12.226361781882012 8.444521654224005 9.877100868994436 3.224886529051317 6.11876885233806 11.580836988183009 0.7408846688629878 10.43220663982173 7.820165146525476 7.165564800778441 6.065528033580059 4.467121971503586 9.08791643035874 5.3872735333244615 9.314860027187192 13.188617046313883 1.9261400345738937 6.359239088844992 12.892135181218425 5.2059949887665695 3.810094971391558 3.8631389263609166 11.169670031877168 8.08814682496751 12.509168003856736 4.501941548369274 7.772270287072779 4.031514358901087 7.569072069136871 8.146961233966147 3.3747895778906845 7.667313573667922 8.798718642077276 
3.5530925190926395 3.0241557932266394 8.73252343932666 10.44142412936128 4.469291796444065 2.9729350887438737 2.231166106779877 2.5122215883150827 11.995522955065448 6.041318452502431 0.7434099812358642 5.028590519454948 9.81244491233208 5.487701535447819 9.373504585999697 0.0 2.6811921750759202 4.1899074369315 5.650086314383729 12.956725618263718 1.5742842621777788 6.2544385545238885 9.386762196618445 2.3370465556043527 11.774312754413087 11.650736594118612 5.539887320537165 7.512905395657892 2.9725528848978686 0.873819304375838 6.0374419665914 7.770836811085165 5.984910651343577 10.190223426248938 5.618496770607512 0.7468473830164442 4.278561164450439 11.1160270861626 5.90261308795256 2.6681198975118017 15.01572902383677 7.327666764077769 8.640553176815576 5.187216834707417 6.308251410548629 5.245022444318394 10.114621426628648 8.920853406690847 13.332469823792028 1.5789507157512377 3.9904393694192404 10.028046781929708 4.337802271992459 5.713172500157532 
3.6789225109354255 5.829740680745817 5.916674511289948 10.986505802270715 3.584602226109463 4.94709383684075 1.832502819844932 4.8803126726753225 8.379991746878659 12.70952340922203 4.807815893727772 6.405445077641465 8.227513607869726 6.824373438325509 4.862468526547328 4.149826303712166 0.0 6.1967988118901784 4.8554077343783195 12.888826703142033 4.74853547198184 8.426580320081857 13.43130269570197 3.1466620174436697 7.7181829831874165 6.21376122740411 9.89745401885786 5.163278823086932 3.6051200621340564 4.592995607982578 2.807728976122342 7.825404049809583 2.2430046751849146 11.289307937045848 2.4751273402407183 3.1238188493402057 8.256429340250056 10.66334035235884 7.204082545269291 5.616350989376329 10.186704479202435 6.799510104166998 8.10594101624376 2.7739105697344586 10.536030982026862 7.903751269545513 4.926388064555182 7.093695167194929 12.290331232491322 4.291999257062385 6.583129421421402 6.848468550518174 2.3218355169491147 11.827777900225978 
10.65591241780304 1.9553918199927067 11.352356038471793 5.775490822640262 9.428476205806273 7.793304058553109 6.0862365243083705 5.467966029418385 11.274984502995775 3.4898110689878483 4.341199521526276 4.453037473147804 8.178603851646141 6.2952801761633 6.943483031505494 3.1205882320978597 5.18808449887826 0.0 10.430143374236566 9.08420174451432 5.513409086439765 5.539521608628983 6.993244416376086 4.688944584215415 14.787548385734675 17.189756711891178 1.1013084864806186 9.46109279617001 8.17879359233663 2.8880690230517168 7.783094781044257 9.843491181649688 6.095558007859669 3.738220682058183 12.523773547925629 6.125606569723484 4.1385963099467284 7.229688486964208 3.164252913057118 7.676857688102963 14.039385050183963 13.02405835873709 8.59056627363018 5.763325232878481 3.6513489006533746 1.8401978871170424 7.318242574500688 17.652639333093255 12.840989499907344 3.738951315254241 6.262780667907736 8.03748636917324 6.480692745094201 4.869202897194126 
4.241849712886404 7.541814406336666 12.414827542803861 11.489307648814309 3.828918623218711 1.0265538509423602 5.911987309505348 2.3773955016808888 13.785571705758858 9.176448803030071 7.004857486926744 8.392004966235 16.186562685820338 9.999990358496508 15.875689857507407 6.723963439060349 6.210734852181021 9.295431207849688 0.0 18.02684802390155 2.4386203459874736 9.417994432275712 10.634256291395161 2.8528612375810454 15.477762654858722 15.318261088337085 11.658518594234266 13.819803680202487 2.112557526424167 4.367488040777218 4.611427664130498 14.696142335952308 6.171365837744588 8.778225432139521 11.244097045648438 5.167070394524704 7.496621526480685 19.441577637007207 8.151974837197267 2.9174662541500815 16.48631517123247 13.533484058907082 9.453454112947542 5.487168460920106 11.700791695377019 11.524275376085985 13.464537022079464 10.513117143575519 16.12207460643316 4.501576257417845 2.3292022576331783 12.078532067795841 3.9527595742565373 12.441675651780308 
14.836175412740701 10.99866675373122 3.979166199885799 3.8724273957268864 11.249880054140823 12.99033213969493 8.711105773898757 8.90004082001874 0.23871912110232388 7.124675539090963 6.577261360884618 6.148099834583616 3.072492836830569 5.834440679279665 3.68419842612027 7.718979209820855 12.015661184145586 8.904265987769875 11.111094965414562 0.0 10.089154687676812 11.873685974356317 4.278420963740064 13.961972304253067 8.287917388557238 8.997522708051285 7.657394811602233 2.8425345064954297 17.359597205233854 9.688774996216598 15.389697686590011 1.6187661598231264 8.468270429748085 7.798171142182133 11.025119568643296 10.412995026975032 9.571078046586464 2.7512233088858036 7.633513100133666 15.628338466056988 2.382894958479255 6.4690033928143045 6.3196020710284415 12.027761140238898 5.172785337608323 7.498509577931371 6.577040446712116 8.552295890378863 3.3076027921781757 9.514445434582555 13.309664777724322 9.220469447719115 12.310691101864057 4.154596396984134 
4.837150145453405 3.154941278989944 7.286991242345173 8.987022374305386 2.190949789302199 1.4907310328851122 5.697454840690902 1.5179994718367287 8.95425400036272 11.56801532576825 3.3751641899988494 7.758775889636582 8.456908015405089 6.686633210201942 6.402050627088268 2.3717587448745867 4.755919690638996 6.754622385445464 3.4626054109434765 11.17033563356588 0.0 7.317800631386348 7.7100711416584655 0.36852260492521327 13.939360778028234 13.627066886497452 6.951692431534404 7.884308594112297 2.1011495960193263 1.76353790718644 6.036598653023379 9.672940203252363 5.288703356850208 9.644434357538898 4.948019601599822 1.400253498065342 3.568155837196247 13.79027810443792 7.9958811102260725 2.1643348987117523 15.6504050155666 8.352285538412964 8.259763089863814 2.2578965756704497 8.191968190217839 5.623418514131475 11.944153654436729 14.765973194598882 14.48050174350972 1.6736007839540488 3.1312956855185927 13.842849186329168 4.266872950048394 8.049473018059015 
12.676030113862307 6.231142465113278 8.310732260927612 6.930508411267855 13.16507584625785 12.329019117397603 6.899237929929605 7.2626071260951255 7.46837441814976 3.4476722628523304 10.221552464510317 8.095440283604498 12.250805120887811 7.89395272943894 11.484291264093418 8.596952421464241 15.224732788218336 4.1036715532526316 11.463268572815277 6.9432943584264395 11.612398616694005 0.0 4.327534220661365 13.782896541929336 18.592419657240825 13.28621782568176 3.6562591719427973 7.757875838726718 13.517931746400278 9.972797131096145 11.500828112969293 6.405663013966831 12.470285600394812 2.8504218071777867 10.831919936608026 9.182250318690617 9.316689645748106 12.005282909313394 3.495860610624568 8.642936345867653 11.388135629298642 11.777350429598311 19.037065181279118 16.201112030095118 5.280465786230699 3.308632312286107 11.718806776425101 21.61306742172603 13.761308241496076 10.947351631887646 7.686343991542884 14.187038800404668 10.288072602434505 5.262364539587956 
15.40394102546282 7.270822587695574 7.392017541955168 0.8856494228578249 11.869090496563942 14.129426593651157 10.773426167999087 10.036523892788079 2.900995703502758 2.9499256234034634 7.649598613439768 3.3752564514196437 7.651606564070883 3.4816761039374224 5.496710134794079 10.769128813483107 9.392688861449988 6.813579293585066 16.196734170784666 3.819805698591732 13.908568773246813 7.044149788600748 0.0 8.79667138519695 7.345030205728339 17.789506826653092 4.78891359049459 6.118720543622049 9.097739793877697 8.960843002711837 14.20952015976589 3.419662651306001 8.889075090133996 4.239078689507171 11.520832035988033 7.4987149684707965 9.127644396298308 7.435449177348717 4.980448463217481 10.897655268191794 6.234765232093148 13.890136515517923 10.962045778606797 11.155856270281788 2.7566481143089034 6.069530680941425 9.647889414334427 14.601370930452362 7.776835637838714 12.345294547409356 11.584512452219979 13.845059411393283 9.453029015761054 1.5605075358471 
3.2241127691633804 4.752989675768912 12.831745945211274 10.587541126688485 2.2448558690736884 1.6424107780128234 3.8472036143568573 2.112008733511451 15.589004981482955 6.838349262451281 2.3936966200792944 7.1509737310861485 7.70337826186257 4.755693706973271 9.386107531624988 1.9763802028642223 2.540181795501291 4.588747856621734 2.7452595526291117 13.102825254568232 0.20447127767667617 8.080710356864603 11.924385534269105 0.0 9.71692473694559 12.303714970536113 8.038633013418378 9.225239078227471 2.260000982715587 1.4246249619217872 3.6187875327631316 9.828380912406669 3.805144023248749 8.355077756506677 8.612122995404613 1.25546699316402 3.5295386969715277 10.173514388747506 8.147892268298055 1.7044451449412188 10.099846564235046 11.71466300383332 11.206042178444324 2.7095877118419667 10.107787581308225 5.9862707006971645 7.890024530893979 13.074411295838155 18.01032050637236 1.6541198184926102 2.7598196744144134 7.355228456946051 4.765505140578927 11.142936710890496 
9.781752162801027 10.968108624902834 3.4362270147749285 8.669891104385007 8.115115718016275 10.253927401541137 5.882895990149295 14.26392264887652 6.477776794593703 11.80296689507536 10.711943825367488 6.941985955699088 2.8464798680536934 6.741561135050927 3.60696160201072 13.922652384717493 7.679656279456051 15.662045391472722 15.189029142822687 4.98472925507353 7.87400019842666 13.475667813001103 12.69539083828434 13.860326510536485 0.0 4.293995349445926 12.380056541250575 4.511421874399991 9.04584105931032 9.264815699791479 7.722194126257289 6.437255594097527 5.029893248042288 15.895708559283298 6.913340216546917 7.2055216945355065 10.14007131630927 3.5589285912310196 9.090746943290888 15.266416883869253 6.904780288959907 4.692639988854962 1.1385745642258867 8.057982925587433 7.349905889091808 15.927598157118668 2.4673379718780484 3.8057229302776876 6.675751457498668 14.146999159702418 16.839599002171944 1.1031422786114689 9.272882466105967 7.499368723279288 
6.606769874483989 17.298538385963717 5.641048892602018 16.03318315851167 6.481134497627555 14.571830453955014 8.591073698654343 9.476433158547662 12.216617724634341 11.410148975176615 9.048179159718583 11.733963540458083 9.389448348741704 7.808596158817037 9.021707831254709 13.44221911430624 6.5664889906949435 14.85648594459995 14.874565481999493 15.119075049507366 9.863647173173424 16.46035828638842 14.877144783750456 7.184074737563457 5.477426644705337 0.0 15.532992974738718 5.3221441023018015 14.520905832723624 14.840090209399317 8.122289283939033 15.573929810167154 8.314310130302834 12.43838549042117 4.57708983839256 10.787326218553993 10.160639201406859 8.502050740408631 11.385115779979158 12.824465525138859 9.68330142134613 1.5112309843937863 4.417406844493507 7.422965424385714 13.110431627971725 14.74423360006138 3.200170449197571 1.3319748222358716 7.927461131394743 9.405372669054444 14.520257044717296 5.003126003095853 8.766412381557917 17.10042590561131 
8.517271035965889 2.0888554913052184 12.813068376546523 5.84776956071055 11.42012081236604 7.127038944365245 7.194437944374056 4.6473008789064325 6.90326845187697 4.022494879252241 3.339796137824218 3.8856916206918966 10.827385743130675 6.401770110776179 6.265572138635421 3.7358027179814277 8.515091644835557 1.1728645362494614 11.207141698590213 8.734853914014575 7.950246166550862 3.323904591904255 8.378417365577754 5.770064823273859 15.6399603318214 16.71483872841377 0.0 7.127031625968613 10.723401281958743 4.637577277113646 10.866311276435086 7.500679181919164 7.0392439512492935 4.567019089603614 12.616091558531311 7.1388204964633335 4.692465626891518 13.581309719720814 2.73779208915946 7.243729098748041 11.02136695411682 14.072821062472528 12.90294309120422 9.558002281695238 3.1675812543189803 0.7722290816010625 8.210445806105348 17.035255572375373 8.623103529221705 5.351151710992698 7.083640636270869 11.525408199146542 12.689906221240527 5.513703568574323 
6.641382119104978 11.045406315018873 1.1437105447358675 6.139405699048642 8.482707533529332 11.116070887044112 6.164574338324031 9.462188250952218 4.527109389330663 6.843872936767855 9.364831425918606 4.571347918002316 0.8605089005447941 2.360830065579906 0.6281028611097965 9.207206144112543 8.002697456669667 7.71051555577902 12.798687317012774 3.3935242119030415 7.355062932957754 7.327685898101744 6.439776614041985 8.801345069938364 4.125385968041112 6.939890599431739 7.434069385198793 0.0 11.572976450743603 8.30084323200294 9.760689602086622 4.015467412507781 4.540027095724886 6.013574685859361 4.8211619988848575 9.872301768625839 12.214209623620398 2.266070084030523 5.710317069518509 9.668832233630326 5.056800820935635 5.101114661986857 4.668460734998961 10.04015131561354 7.736555845770311 10.615200465579598 4.866416919308131 9.616786502238666 6.653462332843722 13.288209845351668 9.057783816797727 5.778744807400779 5.761316967561367 4.141829811338235 
3.218449122347196 4.673488344121656 10.75990977722334 14.975000265286116 2.407426471174116 1.1401525887909418 4.10295953798141 1.827402565192001 9.746618722614796 9.787119927262504 3.6957531404282156 11.03127026598746 12.665566112268253 7.730165677963473 14.112203420845978 3.058210576407346 4.62763315043447 9.108163231027397 1.761236610782084 10.881230387528138 2.027085205124939 12.992665749494325 11.571342805581946 1.814833403260197 15.073602574779686 8.071100594632533 5.498032364072891 8.197397036424451 0.0 2.6013368330380873 5.3923689244840665 16.35665068396838 6.144137441450232 12.58981884231594 7.555698384557836 3.55997662669559 3.9236200889673833 14.650463342300618 7.879942310250486 2.243905520175924 17.256418244950478 9.64008622204021 8.381478856141458 2.8695345033788477 10.385952522337961 10.390525340535106 8.18712105509815 13.08574403254709 19.019470234736936 2.3077363660344012 2.4964221932000976 10.823712482541954 5.152762463985428 13.753332125823611 
5.152155817058775 2.9167467328424532 11.575321061527479 10.905574307901563 3.1607058897172795 3.746822946620024 5.380126542046154 1.6189493783766788 9.59739505967607 7.5112713297553215 1.9568962272777553 5.511510630271772 6.930644865213701 4.332739487216622 10.676337884835238 1.0056148360250041 5.31900060823607 4.675306099825193 3.9979013870963644 8.747608935445307 1.112524081564243 10.910569387845392 10.672847988778711 1.5179266977066233 14.59418543936081 12.918875912360694 4.810275361191682 6.49466015399346 2.9789394645086884 0.0 6.750230342395377 14.875370438988792 4.463161845795321 9.672224845368186 6.65334342801805 1.1762118961862245 1.8961806078406733 12.50023026114567 7.798311472300755 1.7643070708908724 11.510446216040426 9.964360254724372 8.436696084035972 3.5459528852702005 7.727065799423341 4.49699846902817 10.818835973379258 8.177548870127625 16.836074641639858 1.0222553427798102 2.2147403406227317 14.16904196287031 4.822982835042407 9.616729625737968 
1.7220135233876939 8.194399149804024 7.8408469805759315 15.695221406026969 3.156831657228717 4.825779523885768 6.020266293253096 8.557332193558468 9.805400708030389 12.024223257385982 8.452416105079207 8.13071619833601 11.288188033052455 8.773894239740613 9.551698365540037 4.095253732518435 3.8138080318409995 12.829307604962118 5.619927881547778 13.924706757964703 6.378977234591801 13.261940108873562 9.563670977809704 6.797555317002674 8.520162091447297 4.2158706915233655 7.747794613344349 11.22924072473878 3.4623199463841523 6.443659516103147 0.0 15.299658015436075 5.9336353331231715 17.277085303783537 3.8930493700509077 5.509405816049795 8.851569379281235 12.009222435808013 9.921193797799848 5.9604801062423505 10.521303979766197 5.058821709977863 8.640749514236763 2.0768457635453874 8.212804542514872 14.978176107400735 6.36088778745939 8.853647694421827 9.546039994219507 6.218082680640029 5.92980767594755 6.587463473644812 1.243684794965855 16.33493294411652 
13.140983788518904 8.98062220109887 3.790041704436956 3.0489900585454808 13.686039395451942 13.599828395152697 6.332775334341728 13.286546530427383 1.248923155966803 6.425623477003882 9.397246415060867 5.359871840875197 6.196226457213732 5.669755587019575 7.56286037858827 11.997460721948059 14.995189450908134 6.784355143548316 19.55084610904376 1.9208466371721613 17.27690925472306 7.370724760245293 3.5256887702983684 17.12437693097265 6.728784033856147 15.296258715021457 11.723337797440198 7.0451115165654326 17.75351639196649 16.148347109620037 18.51445188412424 0.0 8.359487969235492 6.08610225931881 14.432976170765079 11.493538331321831 12.07243527817922 3.586358124504434 7.6882195981193355 10.809919930592528 1.8548757319565392 8.762147334088748 11.432192026611663 10.111280782128805 5.818057777293588 9.379563038843036 10.094951538615572 15.730581566147087 2.5029198100270085 13.762346415754827 15.582252791982814 9.028347319904878 15.306912493911508 5.104948371344616 
5.217738241729613 6.757113908713601 5.6359533351216395 6.898959483887207 7.036856564910488 9.293214653936626 1.052868515648011 8.69904385925998 7.380059914790767 7.869169769842111 5.34290738346872 3.1845376569178265 3.951923620734705 4.30295638660068 5.146402401161739 5.600391477900576 1.9890923046534519 5.850589501503255 10.461581302742855 6.8233871556501215 4.270788302340623 7.951416579477353 10.437227567876324 5.08677119524053 6.113281938776206 8.862565830435823 5.419597196088077 3.1626973227352977 6.7184945929504565 3.731218883767054 3.879865547347251 8.100658270530916 0.0 10.661556101627546 5.129867401309967 4.572668988588374 7.402644527497424 5.635128361866495 4.924245774968698 7.288745311737829 7.850825821866932 5.030148436111098 4.18583697660985 5.830441667277418 7.835264390782531 10.119453320635762 4.630583442082116 7.854387308570821 8.16225118036206 5.127874005414457 10.62962404722392 5.583813942303555 3.508318886536723 6.182533379122229 
13.23882760337157 4.686495590270515 6.417803349458853 3.0469651964007802 15.543661702310263 11.234917738978263 6.695902752346022 11.384446509007727 9.559670741088366 0.5854215374392638 4.831842082485051 3.3613355430530842 9.61420406983775 5.44386912253577 9.081962903324044 6.498644177535053 13.475227553236834 3.3102145264051703 10.021001287438082 6.418048007985107 12.393819182729263 2.3036151242425875 4.913234093158384 7.308641748889386 12.589653439308513 11.23004965600135 2.92767024847768 6.378085922144192 13.380812385613387 9.721973973491934 14.9143683223627 8.084677205093696 6.777640833259476 0.0 15.83488719122038 10.389556119957085 9.033975331452929 11.20969561117715 3.0665535755741216 9.124065715906704 11.81607840731808 15.713761111139341 14.315091708879049 10.255577995580353 2.5599322206259045 4.083992107176963 11.432960000267437 11.228144035962059 7.736875672616243 11.297691376106766 13.232152888854216 14.803115826172132 14.027704269536985 3.013011302457208 
3.888169194531661 11.94180528603264 4.708623093461603 12.181852598074968 6.779335606896954 9.875351774412053 5.891983880256091 7.622922793775958 11.907392058540987 14.1732589364955 7.9017668758487805 7.475378632002979 9.021838576647447 9.167601923787348 7.912690404176434 8.664307017666541 3.5593292298958352 7.518022945799277 9.211829858605926 13.081768718938447 5.871710000972314 11.834587451017486 9.297940814665775 6.941995756557018 7.73085016586886 4.7032583199896605 13.928735640394928 5.305833742068782 8.711192213548623 8.720348864046045 3.107326297130265 15.028057348826078 4.260384316334385 15.722630473223877 0.0 8.45758965689824 9.75728682241386 7.9695573880945325 7.484803757065363 9.60954504642513 10.454946508343756 2.370287023726507 4.152945903184428 4.455504430613198 13.41788844783785 11.30920580460927 3.211385628529925 4.936372377168759 12.679105076606046 7.142357380609829 8.005615367517148 5.96727172369331 2.827503663017648 13.044609750331006 
5.1907580875503125 5.122158973648947 7.093376014974089 11.878402285582148 4.367874068377585 3.1577048087331763 2.231066599721401 2.5880616849539346 8.48570120279499 5.5060923491529055 1.5690946509625423 5.994771330770515 6.102062796386336 6.124352375070963 6.909759332172423 0.7576338303835253 2.6776023466322627 6.040881850051104 4.0063430229214285 12.684014790974715 1.775876653339035 12.712960315807015 9.47722638938792 1.396267031111637 9.757732037484846 10.098801695311607 5.170613412269656 9.295959586507498 3.8909055658575498 1.3085413666368155 5.569601798909818 11.512206345678955 3.084160784511846 5.9303322425423195 6.7137343899434585 0.0 4.639334439883125 8.223842982221923 6.270739035490864 4.172619192219809 14.349233325193477 9.916881500209342 7.944454300782809 2.668818247242666 7.733206213960231 6.468143841332009 7.114356126605972 7.593007395002166 11.857362921620203 2.145448003100283 5.3355444040040165 11.167321543816097 3.9416324737215356 5.53922897827737 
9.083733660929724 0.8163533331234207 13.15171826930088 11.35763439857158 7.167163278137302 5.078068599119602 5.497308687094401 3.112023311245358 9.414930198575009 7.744798726477422 4.116734342929714 9.342258479075355 11.60088207400329 8.539151908631908 8.36773556972557 2.9399029372695513 6.299863950105536 3.344302498512227 4.758971911930115 12.742656955135386 3.352836603828388 9.232487075216863 13.14739722214516 3.0017802817132915 15.528593313447445 10.599526700874373 3.69553643247512 12.895457454204362 4.080641751154896 3.342053812986176 7.644703038692935 12.166919595448375 6.9867999902417095 6.175846189888801 13.004085724346606 3.3717457010803047 0.0 16.018522173285678 6.961330965550832 3.83963867101662 11.240083095563357 9.518597120466616 16.622178176987553 7.835516266204106 5.349024880169375 4.23013060659633 9.469229178994054 11.747048959318185 14.9924302311648 2.4261215177167346 2.722712360024479 8.70827093156516 7.238030863739027 10.5299444622649 
10.381993360191649 11.089981209742096 2.195896185702641 5.016582476368834 16.175723433465606 12.534641452280722 7.538030926370082 14.759777764197711 2.1065688053325893 7.695413182773408 10.03404273121533 3.779533293256302 1.1622551191513433 4.189089205697734 3.4087370682604714 10.176457180757081 9.674289599043753 7.914053004178222 14.325732327197986 2.9411101967759277 9.00486910814731 14.010793751996875 7.514174607152852 14.588687783726591 4.486617766484613 8.691814548211006 6.879674878283578 2.079134204848101 12.14910814885006 13.54065276725963 12.129215139071476 4.934021407518157 7.512518880884334 7.5796765779277635 9.569488852378944 9.865984478176225 13.864823340605911 0.0 9.718527150878078 13.890590954064985 2.3973908325391378 6.476954891044585 4.645772931918955 11.852995184782225 4.968034955308087 10.596201376533605 5.862211015159427 6.684589048915321 2.03091268108663 10.348512543746677 17.45864632339842 4.1694215478266505 9.2304083204309 7.744888963622889 
10.783489377113568 4.211373970927066 7.753251072046629 2.4501320936234903 8.782509963008394 12.557788436294473 5.0916956627223 8.282382363593026 5.613145048947322 2.4349565904484702 5.1222209646394194 2.570244226335408 9.745022871035186 3.245652239544307 7.785410414438214 7.098836345818194 8.788824198790033 2.996018598750492 11.436372072177253 7.887762325552531 8.038848553214384 3.7467138723567457 4.388775605126603 9.666828058550054 7.62904559894721 12.278615935953697 1.8229535207455916 6.067584022304535 11.038405100875249 8.053565117042744 13.473547242734721 9.513115097899458 4.685238682998848 2.3928139002627717 8.76708055424734 7.881410257645844 4.242002460465182 9.559980469846817 0.0 7.39181882334925 9.921462027400928 13.112484384156257 12.32257076797603 6.8587433008024234 1.0928878144497072 2.1747133007613613 6.8733891899237 14.686359361692336 12.04491004101536 5.3964040968933045 8.269794664914375 12.789975587326257 9.451092771339063 3.3948203982867615 
6.640615819671967 5.311804515497641 15.876135284523107 14.38482262193806 5.134847403398087 1.4024858107390539 7.876101216285392 0.9574187994150346 18.113697940246176 7.007717682306481 5.241954720850395 8.100479214850944 15.999459028733359 9.517046448565868 9.906328820300633 2.577565886319161 6.9393379815066485 6.374975475653716 2.9484712742439716 16.00855924879933 2.613020810591795 8.461732718848321 14.01267120421797 3.0369608684926552 14.452664394403254 11.977199001343365 5.222275480618587 12.744654459244458 3.1880583898459607 2.394402426560143 7.446781195725347 16.50561978770577 7.093248047002483 13.157567237857947 8.796455794407269 2.8198316925223024 2.1309582002061465 10.350451239280254 6.705470258904611 0.0 11.816633035105134 12.103113386932367 13.341401739399263 3.5878146836057283 11.944601193622846 6.362241602107096 11.95939879612106 12.96131896413766 15.11644593077926 1.162771484743807 0.5465201495405471 9.614140467855341 5.42809633657083 12.190522182746303 
11.117331280715181 15.778130112345979 3.367300779720021 5.74466633450216 17.675974487547563 19.722894903188646 7.8264551529678785 19.51495302520909 1.8268701412075763 10.083322548401771 9.932290970774911 7.375639444177567 4.349310194932137 5.23767180889671 4.494629159768158 13.742017100412365 12.808456240857755 14.01923335612982 20.186830632459007 2.3209699178978953 9.203752060349824 10.810815184796919 6.231440235859061 15.121456584645578 4.927731090270956 15.038976747201596 13.91332567664297 5.191852601635485 15.951186791578653 9.0274467483745 15.64706482511674 2.6387591832379687 7.561794883235736 8.793191977515132 7.874657682902504 8.165451474063325 14.154255768214263 2.246307730886304 7.619187522585099 17.27975541186969 0.0 12.165117207770106 8.897301158378777 11.934447629737493 5.513317735554291 14.449958115360879 7.472048850712198 11.493362605527487 1.5766141281031971 11.854392967640628 17.96000001592505 8.591227835024723 10.643412946252292 4.906544007849428 
7.173638947118846 13.186871952101987 5.3802067996892236 14.439465667101768 10.551807540814334 13.739229024114007 4.876157771392377 11.113822932718236 6.587291080291029 13.864686523096603 8.111763126186565 11.60558097783268 6.536509422721794 9.37815728329313 6.70879149251704 6.447413584877777 5.776329416897699 9.243938757235853 7.740705464637379 12.68207673398652 7.610901652403724 17.812946838979244 10.033123485548492 6.3392577502187475 4.241555161717063 1.5601663240148773 9.403857618824759 6.181854561529929 12.13873982031895 10.106801523094617 5.958502251018036 10.330622144708872 3.5125838606616426 12.721307010581786 2.618645124567702 5.630723388061993 15.023361832250773 9.326007651905062 9.65123997716886 12.810229075551312 13.190849783254457 0.0 2.6463597386574595 7.761023259182309 13.370306951924828 14.895455531585966 1.789531405662438 2.1965366509437407 6.989815087797707 13.98749134979187 10.055702156185294 3.3253778294851193 5.038403529229619 12.845063928262775 
10.649430801907783 11.660502216574828 2.4637477182199152 13.560776283964973 12.495650327954342 15.6969282127607 4.50821821523411 10.738033258958694 5.604807717169503 10.612181179693813 10.218807265699247 8.726810972603825 3.5853171537644712 8.689955520568638 2.1516310198774597 11.90908244234251 8.300224814696357 13.939904864580676 14.524061970061943 7.441648971186529 8.858759183348578 14.624717142847237 8.647194091809787 13.460459336009393 0.9476574329869302 5.2708577072536675 14.750741117391467 3.4835791930601983 8.268007974898739 8.664281308574578 6.590268794237374 10.30774125269858 6.214087768498573 12.090401625210449 5.421016089434364 9.644117975526358 9.398889533077847 4.814922600059017 9.489709686289103 8.563547109929383 5.202750267841723 3.015908762023437 0.0 6.57816187559669 11.495549082740375 15.628274524695238 1.6217694475031217 4.528508662757451 5.1774135563404355 14.029685278184363 15.917245512949172 0.7064451094752384 5.825849296022318 8.066286507230206 
0.6223028280211566 7.460383804687397 7.739365152108867 9.717873435525682 1.0779103222540474 3.528155091183376 4.267142443227241 4.879079518862596 13.831818030545167 7.709646367049878 5.742561232363954 8.250196306419612 7.8178589134886955 6.633153830630484 11.021854040337317 4.682745405298274 1.6250774691460887 6.6058822622156255 3.6828106117623696 9.560281234043414 2.863751636302504 16.8226431311665 12.04423490708805 3.921265830848424 12.91511153742709 6.883866807326498 7.6344205495919155 6.299041446518805 3.053895659546478 3.989568624159477 2.6334335408011738 10.788559633693561 3.928281393697309 13.788629281735858 4.053851445607516 3.13119492292832 5.335766446123572 14.005875869468696 7.0127249740591 5.2885250528968495 13.723045822611763 5.9734520472181725 11.458002292883073 0.0 12.194833409023992 8.921479816257817 7.401206468062739 6.716748024839312 18.094400273433557 3.9754001622892763 4.505491924430615 10.928166471938283 1.9062928576427054 10.849469368056717 
13.146517075221674 5.654882562244844 8.977856883570777 2.4361610887605893 7.773392416606708 12.176206986898789 6.526981831821905 7.296077796521332 5.813354343653518 1.6694593838850076 5.014571684565158 3.748372242216922 9.377069442736811 3.074102834772158 5.617242071268063 9.19466642843455 9.226126947910721 4.875770289029781 15.5444353100701 5.941329291604934 8.055362494152696 3.531546858731461 3.333538721339476 10.52356957951253 12.423643697367552 17.755060008388682 2.907945067085842 7.400328402595822 8.13629992961063 5.911157607481032 9.848954693068723 5.365549058398836 6.455681117843087 2.5434599278411083 8.114307614920003 5.956690439350769 9.162772359915596 4.984757179572844 1.7384474085673125 12.5245778474396 7.248280388312297 13.394510691828373 12.731540007203762 14.14236598316944 0.0 5.036656171190932 11.958602961624003 12.537718809242236 10.966886100557613 9.227088066362438 11.68534360286682 12.90610456633462 12.88014748645246 1.145049181128646 
13.574005744264015 1.9530490534334015 11.863448403240092 5.855623589826733 7.639781224796343 9.906568118403298 6.323458806181363 5.2690064908824725 12.095444273659332 4.090900017605454 4.008322468962364 6.591164256038018 9.666716450196802 7.299882627283882 12.983564805595751 4.4885891016527815 9.263506044557152 1.028365091639996 11.138803398512017 8.445771494280496 5.646238439712979 2.984562581820262 7.970011383976483 5.9886969626627256 11.513325424034383 18.465160288346517 0.5177725523642375 6.617681739500423 8.558141452531782 4.951926796895847 11.562219042963651 13.15761369352006 9.331926200883489 4.806968660838935 11.057648074921644 6.38976985640501 3.171449225725797 7.532271946460848 2.2965012695110776 5.867253898549045 10.52758151069679 14.343192432244358 8.940722356433223 6.808970046615609 4.582100343662808 0.0 15.935228600791742 14.76452025138542 10.74705528275778 6.025550526492665 7.840288092213628 14.765228603770002 10.98103182661557 7.489532350134013 
5.640798019031082 11.438719943114592 3.1186356071735677 12.700393716977402 8.163265962883862 9.719051243817082 6.308928188914248 7.871805922321601 5.64570507648684 14.364891515952035 9.893950310905035 10.038088615486828 3.5242069327894945 4.555296473459898 3.7698885438159944 9.93561924002923 4.148301870215919 12.767333089596097 8.425375254655773 5.4589319932130245 7.725694908777851 12.520025691839933 8.167813007122431 7.4712805418933135 2.2700132628827143 3.1576152797142822 10.847518955082457 4.013682699085127 7.315479455783271 9.759908673900707 8.278120447142726 7.734000130013964 4.319810155890437 11.779488962982379 3.186853754488535 9.750953084122454 10.374162103808102 7.448234288678042 11.618605998199314 12.36747487365003 6.08338561396029 1.3169915900475113 1.6833251778053224 8.095949028400401 10.641929100685239 9.858188635063787 0.0 4.094842912488185 6.195014771567539 9.590434276487157 12.0875458035153 1.6481615513331656 6.1505097290999124 11.732348110150948 
9.988125597744745 13.572309285471448 6.572360239738922 13.524307360497584 13.05704615496004 10.655491778267 9.309697970991571 11.155387307100911 12.827572776656762 15.662577648981605 11.646674003680085 11.830830321932979 6.547935897474448 9.846674379880383 6.3190157887758795 13.887205811619836 6.534733696299521 16.926007748586773 9.662248999573057 13.635409776388105 10.652091611478781 16.542933010406156 13.978432299940675 13.682456413051323 3.1500663006943883 0.8135099758087141 18.236575191197495 6.800399302501361 9.650124842208514 13.212775640088594 9.292150025326396 15.034335316458701 6.837824588858016 20.076632652669094 5.525719970322382 13.969908883462558 10.501088138599595 10.533080763529593 10.410327992106463 13.457716563974085 13.454802508614431 2.300133696358579 4.052680107059042 11.509947233119258 17.295274918562477 11.973149763600471 3.6938520473389467 0.0 11.983098882841436 13.287008345895899 16.54519985462099 2.830144684113961 6.159931648867414 10.14275127566589 
10.462897069572813 11.664832263129659 3.5929477885238397 7.827459425895228 11.658150362925074 19.244457136687004 7.007056308281046 19.557595301086945 3.52855801027727 6.965595108630303 10.20544037941502 8.839761964976574 3.8086248820464923 6.999207415201942 5.067331040460714 15.632578679947379 15.096133007613386 9.212156573218241 15.542593208439671 2.9694195486688315 17.943213166617582 10.865004575720162 6.627422819171921 18.76690921169682 6.937438636649063 9.272095921206073 15.806490207294917 5.138531994322062 18.2131542337858 17.689841669603414 12.722208723841005 2.969719920843414 6.287896141968227 7.206135072325349 12.809148927203932 15.756831067071452 13.275540390513582 2.868812239628963 11.025363784673488 15.300362932622052 1.3768616162279161 6.649694434028625 5.3647230513799915 12.265466568814551 10.811595761582884 10.935276646078282 8.350201113950959 8.420590919308914 0.0 18.641208720866025 17.51702089179182 5.165914743132889 12.98152901856609 9.584895230131632 
4.401883072129914 3.070313458553568 12.440539553369591 9.116091434358527 4.006602441535238 1.725619779119775 7.1401391046508955 1.1157252969436915 13.137133047606792 8.793600247922646 3.738934632860034 8.011429566473678 9.311690851247116 5.222689779918306 12.769717423784344 1.7525964042564022 3.6064047594165465 4.435076274041417 3.4719616237332973 8.829597190294704 1.8798235182514156 11.521486554163385 14.854689856320487 2.2281049791802108 11.44080150750396 13.479557534893702 4.6156583286926915 7.821878185236222 2.0300875655949646 1.4694563823570606 6.40733576372151 10.37216775538281 7.17138448156296 10.7442780445286 6.405866972097965 1.6474398737158558 2.408532899895038 13.9447675008132 7.893512098233257 1.051372615534463 13.186196562532498 13.395646435631285 8.428424060576543 4.181137316285927 9.25741843855436 3.921567419557068 8.209337726947538 16.75405868001691 13.900066167099977 0.0 2.2251319033875427 14.282890808581094 6.655536687422571 12.638625450227485 
3.9444797260163695 4.499288519122502 15.248461446700059 13.29051596939456 5.208410739694941 1.6490099212729932 7.234644339409284 1.1444795540791426 13.331722669116864 11.620081437688386 5.754688457528633 7.098548733089332 15.721957366574241 8.619460209223629 13.233962502217915 5.362529438342681 5.206658418381079 5.530494797064547 3.7009846397033948 12.860977095398633 1.964676824809721 10.20644928681686 16.18719655540221 2.959865930389557 18.10043948809537 9.028096243330785 5.944653546833107 11.018798650019129 2.6066184733965283 3.8753580224348987 6.7888084204169346 12.056380666516512 7.614495555118053 7.367588095843732 8.472114793441337 3.534288274279166 2.5528887574793466 10.301700515786006 8.368880964755423 0.5479784491212278 13.74032542381752 9.661452592123139 15.543040561467278 6.245513432425593 10.738391080620234 6.434372117445957 13.090795958243756 15.706793238928785 21.43933505682339 1.9847116441416313 0.0 15.61255503394883 6.30392201114377 12.277459377783174 
8.765698174107417 16.16255800720883 3.2529965308673567 11.964753295941687 8.304690095100188 10.532812739695853 7.11938614226999 10.602001891314346 5.395181000038398 14.967138120845878 10.782416863331306 8.450590108295483 5.236887909216653 9.52128416857872 3.173426303405803 9.844295643910495 9.599086220825313 12.030435241052876 14.032560812834408 9.285267269611865 13.19276301302624 17.39599003700999 13.235727409147739 11.950778595554027 1.2733900175856456 3.0032228368841936 16.447320385696322 5.75794448563723 11.916519360611648 7.735181371857827 9.46954884796647 11.903125064284582 4.915281820204402 13.256895304342837 5.00868860760702 7.3887942875573644 9.91270192701555 5.986595972283284 12.487400254021669 15.560141745110343 5.966307342761308 2.455134869390792 0.6914893167377121 11.70641330592473 13.527235047061982 12.219452100967114 1.732229691392687 3.146072086258309 8.437329469663613 14.323407888582546 9.463615572088372 0.0 8.014949788339191 10.667593046188193 
2.3320589287979807 9.624469536600767 6.823184834312197 10.158589214512366 3.1194599255238797 4.19641726363655 4.387902341532838 5.643509072988332 9.647580133819393 14.019927305598934 4.214578286617348 6.906703992191442 7.806598632784844 5.904789056623382 7.213316590451891 5.17960159085432 1.264511920994647 8.854111202736089 6.492055536014977 9.17037577484857 3.8325653494104834 15.73148609168919 11.94733052631346 5.495838062530309 9.095672300663466 6.880239267227685 8.191015183555294 8.425229105766018 5.590174939973291 4.712660824889126 1.3351907744422977 11.120815158183209 3.2138654745633213 16.32206741832148 3.2536136009565766 5.272054180266624 8.642744011481273 9.647410001187193 7.926507009526683 4.3933122610562005 12.126536418032213 5.09761202752142 7.734376725952103 1.4223483020316292 9.092460637800302 12.254869485474178 7.417778035778447 5.241057224586761 17.193424526938003 6.906491647437953 6.592666387869283 6.329771674712176 0.0 13.994793499487137 
11.981612462084307 7.080799189370733 4.776677442234881 1.356421935799768 13.753988696496968 7.9309738668483964 8.557067907216302 14.397232126763157 4.163705241488908 3.5884422030177934 6.565125526695626 2.6410979309042206 5.446230451317318 3.6528595207667167 6.93431614145041 5.876660793628688 7.558521301063188 6.430442588891239 9.900190403102078 4.025548629384934 9.079435294494836 5.933371862448721 1.907456949197218 9.21590123227127 9.018898593058857 9.983936357591672 4.9414395436715175 5.160120124287628 14.3426781573935 8.27345509126592 16.122359239904736 5.788598835383638 8.090740793976588 3.580923737484258 7.891530686777127 7.881027490495403 9.46371283904709 5.462247191460417 1.7587025035999053 9.339216032378403 6.9236462000583625 8.291385087813238 7.460902720128059 10.668889195966209 1.078183123236568 4.402052133295223 9.669550775178829 10.459791884211592 8.248607856779907 12.161480877888263 10.601318529930506 8.990143378456057 12.210484993137214 0.0 

0 24 9 15 17 2 19 10 17 20 16 8 12 3 23 4 23 20 2 19 2 23 23 5 12 15 9 13 18 16 7 6 2 8 2 2 4 13 18 9 19 3 14 19 21 4 6 22 13 10 18 5 9 36 
