53
7
100

0 11 58 28 22 31 33 40 33 35 63 57 46 62 50 97 74 43 47 90 24 48 31 82 57 24 64 31 28 59 40 18 82 25 55 37 65 54 43 22 52 48 73 76 44 55 34 29 69 64 74 22 62 
11 0 46 35 12 38 36 32 25 30 55 54 37 62 53 86 64 37 41 80 28 49 20 72 54 26 56 24 17 49 29 18 72 36 55 32 54 43 37 28 45 43 62 65 34 44 25 23 59 54 63 14 61 
58 46 0 76 37 76 71 36 40 46 40 63 29 79 83 49 36 46 48 41 66 72 27 30 63 61 44 44 31 27 22 55 40 82 72 48 10 5 48 67 43 52 24 21 24 14 35 43 26 25 16 43 76 
28 35 76 0 39 5 57 46 60 36 90 47 54 44 26 105 80 42 75 100 48 31 49 95 47 16 91 58 45 84 63 45 89 32 40 65 85 74 70 9 80 43 85 91 69 69 60 35 79 88 92 49 46 
22 12 37 39 0 40 48 21 30 21 55 46 25 56 51 74 52 27 46 68 40 44 10 60 46 26 57 30 6 46 25 29 60 47 48 38 46 35 42 31 47 34 51 55 31 33 27 14 47 50 54 21 55 
31 38 76 5 40 0 62 45 63 34 92 43 53 39 21 103 78 40 78 98 53 26 50 94 43 15 93 61 46 86 65 49 87 37 35 68 86 75 74 10 82 40 84 91 70 68 62 34 78 90 92 51 42 
33 36 71 57 48 62 0 68 31 66 55 90 72 95 82 117 98 74 33 110 9 81 52 100 90 57 53 27 51 58 49 19 105 32 89 26 74 66 30 55 42 79 92 92 49 75 35 60 90 65 85 29 96 
40 32 36 46 21 45 68 0 48 11 67 29 8 44 47 59 34 11 63 53 60 36 20 49 29 31 69 49 19 55 36 50 43 64 36 56 46 37 60 38 62 17 39 46 43 24 44 12 33 57 49 41 41 
33 25 40 60 30 63 31 48 0 50 30 75 48 85 79 88 70 56 16 80 29 73 28 69 75 52 31 4 29 28 18 20 77 51 78 9 43 35 13 53 19 63 62 61 17 46 4 43 62 35 54 12 84 
35 30 46 36 21 34 66 11 50 0 73 25 19 36 37 68 44 8 66 64 58 26 25 60 25 21 76 51 22 63 43 48 53 57 28 59 56 46 63 28 67 13 49 57 49 35 47 7 43 65 60 42 34 
63 55 40 90 55 92 55 67 30 73 0 96 64 109 106 86 76 77 22 78 56 98 48 66 96 80 4 34 51 13 31 50 80 81 102 30 35 36 25 82 13 83 63 57 24 53 30 67 66 18 46 42 107 
57 54 63 47 46 43 90 29 75 25 96 0 34 17 32 68 45 19 91 66 81 19 48 67 0 36 99 76 47 85 66 72 53 76 12 83 73 65 88 42 91 13 58 67 72 50 72 32 50 86 74 66 13 
46 37 29 54 25 53 72 8 48 19 64 34 0 50 55 51 28 17 62 46 64 43 20 41 34 39 67 50 21 52 34 53 36 71 43 57 40 31 60 46 61 22 31 38 40 17 44 20 25 52 42 43 46 
62 62 79 44 56 39 95 44 85 36 109 17 50 0 21 85 63 33 102 83 86 14 61 84 17 38 112 85 59 99 79 79 70 76 8 93 90 81 98 42 103 27 75 85 85 66 83 42 67 101 91 76 5 
50 53 83 26 51 21 82 47 79 37 106 32 55 21 0 99 75 38 94 96 73 13 59 94 32 27 108 77 56 97 76 68 83 58 20 85 93 82 90 27 98 35 84 93 82 72 77 40 77 100 97 67 25 
97 86 49 105 74 103 117 59 88 68 86 68 51 85 99 0 25 63 97 8 112 85 66 20 68 89 90 92 69 74 70 100 16 122 80 96 51 54 97 96 91 64 26 29 72 43 83 71 28 69 41 88 80 
74 64 36 80 52 78 98 34 70 44 76 45 28 63 75 25 0 38 82 21 91 61 45 23 45 64 80 73 47 63 53 79 9 98 57 79 43 41 81 72 78 40 16 27 57 24 66 47 10 60 38 68 58 
43 37 46 42 27 40 74 11 56 8 77 19 17 33 38 63 38 0 72 59 65 26 29 56 19 27 80 57 28 66 46 55 47 65 26 65 56 47 69 34 72 7 46 54 53 34 53 14 39 67 59 48 30 
47 41 48 75 46 78 33 63 16 66 22 91 62 102 94 97 82 72 0 89 35 89 43 77 91 67 20 17 44 27 29 31 88 61 94 10 48 43 4 69 9 78 72 68 25 58 19 60 73 34 59 27 100 
90 80 41 100 68 98 110 53 80 64 78 66 46 83 96 8 21 59 89 0 104 82 59 12 66 84 82 84 62 66 62 93 13 115 78 88 43 46 89 91 83 61 18 21 64 35 75 65 21 61 33 81 78 
24 28 66 48 40 53 9 60 29 58 56 81 64 86 73 112 91 65 35 104 0 72 45 95 81 48 55 24 43 57 45 11 98 26 80 26 71 62 31 46 43 71 86 87 46 69 32 51 84 64 82 23 86 
48 49 72 31 44 26 81 36 73 26 98 19 43 14 13 85 61 26 89 82 72 0 50 81 19 24 100 73 47 89 68 65 70 62 9 80 82 72 85 28 91 22 71 80 74 60 71 31 64 91 85 63 16 
31 20 27 49 10 50 52 20 28 25 48 48 20 61 59 66 45 29 43 59 45 50 0 51 48 35 51 30 4 38 18 34 53 56 53 37 36 25 40 40 43 36 42 45 24 24 24 19 39 41 44 23 59 
82 72 30 95 60 94 100 49 69 60 66 67 41 84 94 20 23 56 77 12 95 81 51 0 67 79 70 73 55 54 51 83 19 108 78 77 31 35 77 86 72 59 10 9 53 27 65 60 17 49 21 71 80 
57 54 63 47 46 43 90 29 75 25 96 0 34 17 32 68 45 19 91 66 81 19 48 67 0 36 99 76 47 85 66 72 53 76 12 83 73 65 88 42 91 13 58 67 72 50 72 32 50 86 74 66 13 
24 26 61 16 26 15 57 31 52 21 80 36 39 38 27 89 64 27 67 84 48 24 35 79 36 0 81 50 31 72 51 41 73 40 32 58 71 60 63 7 71 29 69 76 57 53 50 19 63 76 77 40 39 
64 56 44 91 57 93 53 69 31 76 4 99 67 112 108 90 80 80 20 82 55 100 51 70 99 81 0 34 53 17 33 49 84 80 104 29 39 39 24 84 12 86 67 61 27 57 31 70 70 22 50 42 110 
31 24 44 58 30 61 27 49 4 51 34 76 50 85 77 92 73 57 17 84 24 73 30 73 76 50 34 0 30 33 22 16 80 47 78 8 47 39 13 52 22 64 66 65 22 50 8 44 65 39 58 10 84 
28 17 31 45 6 46 51 19 29 22 51 47 21 59 56 69 47 28 44 62 43 47 4 55 47 31 53 30 0 42 21 32 55 53 51 37 40 29 41 36 45 34 45 49 27 27 25 16 42 45 48 22 57 
59 49 27 84 46 86 58 55 28 63 13 85 52 99 97 74 63 66 27 66 57 89 38 54 85 72 17 33 42 0 21 48 67 79 91 32 23 23 29 76 19 72 50 44 15 41 26 58 53 7 34 38 96 
40 29 22 63 25 65 49 36 18 43 31 66 34 79 76 70 53 46 29 62 45 68 18 51 66 51 33 22 21 21 0 34 59 63 71 26 26 17 28 55 27 53 44 43 6 29 14 37 44 25 37 22 76 
18 18 55 45 29 49 19 50 20 48 50 72 53 79 68 100 79 55 31 93 11 65 34 83 72 41 49 16 32 48 34 0 87 31 72 21 60 51 26 40 37 61 75 76 36 57 23 41 73 55 71 12 79 
82 72 40 89 60 87 105 43 77 53 80 53 36 70 83 16 9 47 88 13 98 70 53 19 53 73 84 80 55 67 59 87 0 107 65 85 45 45 87 81 83 48 17 26 63 30 72 55 15 63 38 76 65 
25 36 82 32 47 37 32 64 51 57 81 76 71 76 58 122 98 65 61 115 26 62 56 108 76 40 80 47 53 79 63 31 107 0 71 51 89 78 56 34 68 68 98 102 66 80 53 52 94 85 98 41 77 
55 55 72 40 48 35 89 36 78 28 102 12 43 8 20 80 57 26 94 78 80 9 53 78 12 32 104 78 51 91 71 72 65 71 0 85 82 73 90 36 95 20 69 78 77 59 75 35 61 93 84 68 7 
37 32 48 65 38 68 26 56 9 59 30 83 57 93 85 96 79 65 10 88 26 80 37 77 83 58 29 8 37 32 26 21 85 51 85 0 49 42 6 59 17 71 71 69 24 55 13 52 71 39 61 17 92 
65 54 10 85 46 86 74 46 43 56 35 73 40 90 93 51 43 56 48 43 71 82 36 31 73 71 39 47 40 23 26 60 45 89 82 49 0 11 48 76 41 62 28 22 26 24 39 53 33 18 11 48 86 
54 43 5 74 35 75 66 37 35 46 36 65 31 81 82 54 41 47 43 46 62 72 25 35 65 60 39 39 29 23 17 51 45 78 73 42 11 0 42 65 38 53 29 26 18 18 30 42 31 21 20 39 77 
43 37 48 70 42 74 30 60 13 63 25 88 60 98 90 97 81 69 4 89 31 85 40 77 88 63 24 13 41 29 28 26 87 56 90 6 48 42 0 64 12 75 71 69 24 57 16 56 72 36 60 23 97 
22 28 67 9 31 10 55 38 53 28 82 42 46 42 27 96 72 34 69 91 46 28 40 86 42 7 84 52 36 76 55 40 81 34 36 59 76 65 64 0 73 36 76 82 61 60 53 26 70 80 83 42 43 
52 45 43 80 47 82 42 62 19 67 13 91 61 103 98 91 78 72 9 83 43 91 43 72 91 71 12 22 45 19 27 37 83 68 95 17 41 38 12 73 0 79 67 62 21 54 21 61 68 26 52 31 101 
48 43 52 43 34 40 79 17 63 13 83 13 22 27 35 64 40 7 78 61 71 22 36 59 13 29 86 64 34 72 53 61 48 68 20 71 62 53 75 36 79 0 49 58 59 39 59 20 42 74 64 55 24 
73 62 24 85 51 84 92 39 62 49 63 58 31 75 84 26 16 46 72 18 86 71 42 10 58 69 67 66 45 50 44 75 17 98 69 71 28 29 71 76 67 49 0 11 47 18 58 50 8 46 21 63 71 
76 65 21 91 55 91 92 46 61 57 57 67 38 85 93 29 27 54 68 21 87 80 45 9 67 76 61 65 49 44 43 76 26 102 78 69 22 26 69 82 62 58 11 0 45 22 57 56 18 39 12 64 80 
44 34 24 69 31 70 49 43 17 49 24 72 40 85 82 72 57 53 25 64 46 74 24 53 72 57 27 22 27 15 6 36 63 66 77 24 26 18 24 61 21 59 47 45 0 33 13 43 48 20 37 24 83 
55 44 14 69 33 68 75 24 46 35 53 50 17 66 72 43 24 34 58 35 69 60 24 27 50 53 57 50 27 41 29 57 30 80 59 55 24 18 57 60 54 39 18 22 33 0 42 34 16 39 25 46 62 
34 25 35 60 27 62 35 44 4 47 30 72 44 83 77 83 66 53 19 75 32 71 24 65 72 50 31 8 25 26 14 23 72 53 75 13 39 30 16 53 21 59 58 57 13 42 0 41 57 32 50 12 81 
29 23 43 35 14 34 60 12 43 7 67 32 20 42 40 71 47 14 60 65 51 31 19 60 32 19 70 44 16 58 37 41 55 52 35 52 53 42 56 26 61 20 50 56 43 34 41 0 44 60 58 35 41 
69 59 26 79 47 78 90 33 62 43 66 50 25 67 77 28 10 39 73 21 84 64 39 17 50 63 70 65 42 53 44 73 15 94 61 71 33 31 72 70 68 42 8 18 48 16 57 44 0 50 28 61 63 
64 54 25 88 50 90 65 57 35 65 18 86 52 101 100 69 60 67 34 61 64 91 41 49 86 76 22 39 45 7 25 55 63 85 93 39 18 21 36 80 26 74 46 39 20 39 32 60 50 0 28 44 98 
74 63 16 92 54 92 85 49 54 60 46 74 42 91 97 41 38 59 59 33 82 85 44 21 74 77 50 58 48 34 37 71 38 98 84 61 11 20 60 83 52 64 21 12 37 25 50 58 28 28 0 59 87 
22 14 43 49 21 51 29 41 12 42 42 66 43 76 67 88 68 48 27 81 23 63 23 71 66 40 42 10 22 38 22 12 76 41 68 17 48 39 23 42 31 55 63 64 24 46 12 35 61 44 59 0 75 
62 61 76 46 55 42 96 41 84 34 107 13 46 5 25 80 58 30 100 78 86 16 59 80 13 39 110 84 57 96 76 79 65 77 7 92 86 77 97 43 101 24 71 80 83 62 81 41 63 98 87 75 0 

0.0 1.1733103623695105 11.577414160782599 3.384394016832088 3.1843653678795754 4.6829833856192815 4.813427378795398 4.054884331959704 3.467953432783266 5.061719385064466 9.680494793887034 7.823489624483794 5.558861433448747 7.219732086306868 5.540357547335525 9.871417900039129 11.195344303142267 5.15131521405043 5.380475305998435 9.167846012900071 4.457809436638237 7.4190833948544475 4.461759275120169 11.593788271479262 8.131981858072773 3.038101682312372 9.418128538203264 4.4601594601322185 5.280400229881121 8.907166496336522 7.132781940164733 3.488586828750518 12.941776907365483 3.0764676627098866 5.80540798605377 4.093357563807757 9.004179739084996 5.423864769634814 5.160843895280337 3.929082632138523 7.95419837754768 7.775312961579026 8.469063637095802 8.916678063741447 4.444371196273129 7.474234564828293 6.097880710830097 5.593351053925929 10.644277789580425 7.534656721940232 8.628599319105668 3.017641799574461 11.506054029385506 
1.4459791798735702 0.0 7.584421406483518 6.774382095189857 1.4623591339715314 4.000723084427202 5.442024097540836 4.3192566870842874 2.627450996475258 3.643187564814285 8.856467461095065 5.913062736124222 5.381350440701444 10.888966247040775 5.390285951657779 12.91999408312276 10.961882542861545 5.807591036350283 4.232368459170738 12.928796261748964 5.342111170768393 7.034154434012768 2.3793833332591365 8.03688247620546 6.418544348607883 3.931723046975243 9.970358873999746 3.1025915036409812 3.072125115977905 9.485073021228272 3.320214056135869 3.2429313216390208 8.266969773973328 3.975566718511818 7.937641919350671 6.181424575308182 8.533108964784017 8.519008338670034 5.950329872457074 5.304419812951542 7.157373594333766 7.738839899614886 10.601613061040137 7.8801303425319364 4.530152092450764 8.290489649774681 2.5390953321863314 3.7393758046655674 8.303300210374422 10.303085434775863 10.182131044467328 1.4911713302325564 8.749130300956972 
10.46859150690048 7.400249483627435 0.0 13.037994194469608 6.367233452682655 11.199541871229133 9.168816922992882 3.958657067358653 7.387462320519887 6.741588792922828 4.841089477791971 12.364984375386634 4.96253410775695 12.245029554885328 11.594226508843725 5.3017563814119795 5.485719028328372 7.632095502142471 8.373464246857427 4.344356602980272 9.662745940830833 13.07955726128004 5.027856526249861 5.60690843634651 8.712963926839704 12.109000703375816 6.327799808398953 4.590868204785021 3.8766344142614964 3.587393037086632 2.9082303236848386 5.5161773374679415 7.279128083860456 15.983262918655374 8.369879640485863 4.922680007227682 1.4045795663807636 0.5278604838611326 6.607005835551071 9.428641235710318 5.8857189206761396 10.176419381004209 4.658775570073436 3.0001794145780436 4.59012921325061 1.7193658471699105 3.526604820357363 7.941148695524646 2.6181600554010966 4.741185534524963 2.5780909963182035 7.591017988143994 14.257095780635801 
4.24502260064399 6.376410602081271 14.452335607444347 0.0 6.064517271263854 0.7584802349584395 8.345320849915996 8.083752351029768 9.646633013842502 5.735888448730898 9.74800396617152 5.18317752774464 8.438001699085536 8.062252620403472 3.887117483613926 16.484311378764787 8.022142076642696 7.683330126918369 14.7805145914035 10.715564947630789 8.650819847869073 4.2244554131170595 8.821660493415628 13.494150990578879 5.110300647588774 2.130040015767336 13.641815295589979 11.036527011066369 6.656412409535124 16.134142930478387 11.229352724242766 4.796218387505793 16.08869044757352 6.312771441965255 7.094963862689282 11.077360760680715 10.966671299152015 12.026982565900715 9.48224111751718 1.2545705011958015 12.068647062428512 5.026492069212576 8.879992723829744 14.194591619654414 9.552668223764998 11.876704060910335 7.844129128927415 6.95893791281409 13.838671036062502 15.477075141119649 15.79480562413237 9.312523612003993 4.864436390638502 
3.888518405225156 2.393714132085965 4.390205752919146 4.612992472558604 0.0 6.102334795727737 5.598823751316493 2.875838911601977 3.8713006587810748 3.3486406638373722 7.118254324456536 8.103600702698413 4.523105188325472 7.041723724990448 7.89630480196977 8.355196771434718 6.507197521617262 3.9044905194621027 8.565765917915243 13.074896292459211 7.970961071826819 7.2320738595232985 1.8418170417203164 11.60998301675246 8.85553855884611 3.1706966881598055 6.776086633690276 4.448138265982403 1.040620284479725 6.008652275588422 4.251359680094548 3.524923163476105 6.222821437804411 9.027765065676965 6.997316576591712 5.168808735821573 8.142334165163753 6.598555690521901 7.654434215526354 4.520940854754955 5.91043602976298 6.753243059444626 5.966214654939164 7.843080276187015 3.7119001255944855 5.697373105760081 5.009818826810969 1.5010597921405042 6.575390585294921 9.849689701427062 9.613751279749906 2.201691357946137 8.162029499126477 
5.447504595392454 4.015094066399758 11.934299294827795 0.9583469239947368 6.314930147002862 0.0 7.137328353558117 7.518453684073665 9.0178745845171 6.767885436883475 9.376219103677476 6.696842815914586 5.608934076759231 4.219540347874175 3.884992622315192 17.9394404883069 14.586982574037723 7.2100077417930395 15.148795116486315 12.310287981840412 6.275925671852904 2.6461777376046935 9.920821253600039 13.007022190288417 6.789665290383466 2.775358251387189 10.42180412895846 9.926574455656887 6.263802592530965 9.58528059304928 7.212870775444632 7.883320281823282 11.915098965887491 6.404618036602004 6.941123987379553 11.208334790027184 13.66675769023535 11.636856904334017 13.09945162129707 1.961178454435555 11.188554372035732 7.9515505108113125 12.809452851635966 12.588020592172406 9.00982792650332 7.230973011005336 6.8968484866290645 4.3582974317806 9.477606990005484 9.283805188174505 17.92154539118072 9.40893017458221 5.245307453748117 
4.942047288866834 4.182891879947497 8.90406396014361 10.889674367668523 5.094631682432537 9.080328907414696 0.0 8.264321016307106 5.7628690100956685 8.75490241173444 6.607625705455582 16.259688773110838 7.362102673398979 18.564745080478012 15.614579895626774 21.391387535647244 9.80129970984086 14.375464132949837 6.1421235019836296 19.304377919097014 1.6944542148541724 11.472348930096627 8.60098542931778 19.663393009990646 12.318220562688028 11.012797125685676 5.868798666322673 3.938434568380451 9.002259197225808 8.17835939335425 5.803665075382757 3.26155652404219 15.452365745363302 6.031227561597009 16.39736905434686 3.734985286966395 12.739487928658935 12.683421128444078 3.9891914386915364 8.180112540955221 8.259444226617468 8.962039558390273 14.12307477595579 11.242681947347094 5.7893693059184494 10.144473743370357 6.661876890979057 6.082968300245844 13.857770022765859 10.682119365403343 9.544223649052178 4.8655037502897525 13.08012852055973 
6.269598203404518 4.025934458564429 4.547757919519825 9.118767782305971 3.701974557945672 5.6411936639320155 10.562479782502807 0.0 5.738328443522431 1.9415193399862214 9.986603649686634 3.257098035971948 0.9480777830538937 4.793461617624006 7.829308099523648 8.357946911632117 5.527825649524335 1.7155641061574054 12.2883670637624 8.106944293488308 9.925683813622054 4.118869405950962 2.6641108272179754 6.188054118490098 4.0234292913156935 3.570669164614042 7.037443682682432 5.5688220821857675 2.378235822880925 10.328214175351615 6.951529879356855 6.931796889488835 7.981439881489832 11.189153025474015 6.237272511324397 6.789146462648607 6.0831993035337995 3.7784598019312137 10.35321703928956 4.531243914897531 9.178014122664814 2.3529285278064895 7.73211902346919 6.091573711987894 5.845695560501953 4.443810668804131 5.820247649243264 2.38200731081591 6.484776738078304 6.906599059077029 9.303688544594104 4.964149826072212 5.788551559361254 
6.251647702694646 3.5028613603432497 4.352290561079006 6.649240181335728 4.635571772484792 7.207819597164723 5.342152957863787 8.799436859615732 0.0 7.918545205435395 3.62838755875992 9.210740874639342 7.232576080449643 9.735985928546043 9.8429810106356 12.647077649338222 8.203770461301472 8.884430579593118 2.5312178674944916 11.004419874789184 3.9836321491094346 10.986545434303338 3.512365564152012 9.492696023413535 8.698240558730605 5.307333315365368 5.1685921076153925 0.7082672960678293 5.721148854957244 3.080667078747844 3.4620207251334083 2.6153077393546553 10.050465946599832 7.533810955240446 11.364922025239993 1.0407066116637376 7.40175194758084 5.683017330930816 2.525947904187906 8.863458609818032 2.5619253018583623 11.175766393401233 10.276623340955283 6.159266133969512 1.972147508856707 7.214998530474788 0.7821015005765122 4.887882465033236 8.526904331163543 5.222896417256463 6.975830013791538 2.1636306785162756 9.055797446377996 
6.691665358448108 3.805161312025665 7.040044930479338 6.221007692247818 2.4866702619166405 5.118439164262202 11.584363990743764 1.7330258723567158 5.01196645891146 0.0 13.407963476108124 2.8007123746800135 3.5663535219915463 5.796254296581203 6.533121007362885 11.307442045953113 6.171402956335771 0.9135290588040007 6.959473816387012 10.763518065261138 10.186923889474432 4.29296943810082 3.6797435175162767 7.465024666386767 4.232889704217907 4.101144836954598 15.191049819985274 9.713122423593749 2.5389967747347435 6.512220266702718 6.9722981950800955 7.590343921438151 7.90191222572078 5.782399390287151 3.7963300823640935 10.104261463884054 6.845451011317738 9.164396884746711 7.56781891877971 4.446070244091012 7.942354149543133 1.5393282979616312 7.635058017020484 6.435371070384022 9.415414826323675 6.789103113224286 4.764991835718557 1.0847294714282596 4.934601265026889 10.48049892596013 7.788577709515973 5.300417108035001 4.081082832616156 
12.475683275367219 9.038970707959551 4.477882929911405 12.731312602297333 10.43806276048923 16.044991918867208 8.70721809636439 10.042746207578414 3.3642790042265567 7.3177382147158285 0.0 10.606261201703223 11.536623123285626 19.37201574660289 18.235010604320006 16.7861431795098 14.979073223004649 14.627764743588452 3.1986954315951706 8.319913687611923 8.057969440240218 17.788361544670995 5.9423614769511435 12.679569757792049 18.747304614220944 10.582365631844901 0.7445071888471404 5.151728426541871 5.540946180685394 1.3483345816229342 3.4960313763723763 8.687645552906284 10.628599345266478 11.133945405901581 11.586429762583824 4.982396532935871 3.6774546494428213 3.889335684253884 4.952611389003653 14.592832343970851 2.0250995062272437 8.76726779913606 7.147158074616799 9.023299097090781 2.9343251437353444 8.057563913678633 3.203039340002732 8.502855254251376 11.776152484088982 2.409162089178529 8.203613026667046 7.789208564161246 13.372758635784443 
9.714600779855335 9.67753391240502 8.891133851824204 6.966670512126611 5.567203836227479 7.4382995722001635 15.014464259549223 4.288589429378057 13.149643633061862 3.126359878666239 16.89626277357928 0.0 5.610966052188494 1.7816248686597462 4.7096702387169564 7.342734466492938 8.091810697180446 3.5358539368162 17.6118310254702 9.05032687793954 13.836709473177109 2.0881587904910606 6.544032682220834 6.783138457335271 0.0 4.642890201532461 10.62776863497415 12.723982331491928 5.360548426015296 16.079678835556983 11.569434034921088 12.55673031697812 6.867661541533342 8.70963106437216 1.9650562114834267 9.536277185269876 9.419973934497339 10.024444362041024 9.173177310594186 7.896034141014141 14.176309051180109 1.5189358375409048 8.51429780202934 7.923751673587553 8.30884791013241 8.399038625155441 9.565735906394158 3.573246581215629 5.57365382922105 16.122127863816292 8.895000835342312 7.9410463607480235 2.3714380462231563 
8.725483745943617 5.118624177994995 3.4102076531835044 5.769157895416542 4.746035538995246 7.634505891570191 10.304848833138077 1.4024417808941172 7.6335550457923596 2.6883268898573887 10.454999009053152 3.7492289328856896 0.0 6.455531975479207 5.905626024866587 7.777099659281351 5.019700632432295 2.316626387739348 11.157239091875251 5.631954281583657 11.96614648767821 5.020484719184305 2.4884208017377 4.431818301102368 6.255977105752183 6.756543388437464 7.112145476230742 6.345036207637698 3.1692953098755177 10.256825539884252 3.8912469484168035 8.410162720113725 7.105595410060154 8.679334566312383 5.811746933752627 8.498435590896852 5.567629610675603 3.236216486049461 7.762433786643948 6.372112050854733 7.481350305505721 3.623583334349931 5.1029630833695165 6.8441276728383755 7.588493788291533 2.5399775294362645 8.09336145078409 3.44795372029507 2.9642821866064852 9.934039682052695 6.968556181531518 6.323608588292192 8.863751287160357 
11.276233743311177 7.65929464076996 9.492255699314086 6.542460045178874 5.789884619775574 4.443276376862936 12.981011935268015 5.646235059616361 16.20883509087152 6.561525984983925 12.225024956739873 1.9221539687586744 7.463677175213952 0.0 2.1730079169382273 12.860382460771826 11.525284165832868 3.6217636022891124 12.2112172585596 16.37843008651032 11.727501123417122 1.6872624553703204 7.316493051073259 14.223994364492427 1.759448562935596 6.469108614080343 14.528716998454694 16.8971986559784 6.131627620093179 15.205793703889324 11.77885175256538 14.8547774497453 12.83281052609185 10.82792754220559 0.9401018906806482 10.635933380287158 13.606691286551747 13.81096299608982 14.440727831773081 5.0123177230268245 13.321513569862898 4.694354189620301 10.293782484466309 8.507869582524616 12.591197319465063 9.393788509053564 10.66656271581467 7.383639150355853 12.976194212235889 16.918099346099382 15.817477097956756 10.412407288424141 0.8952612847203674 
6.806025025566662 7.730175016021283 16.432009760060332 4.819819683533304 5.380105639063938 2.634832461789004 13.375570559802481 9.129416488518022 9.127564089812266 6.432869752092165 19.844359144068385 3.591463405972799 7.541086835448069 2.337643677604858 0.0 16.856381237697658 9.747691317013558 7.4587176596889835 13.258790233945788 15.91471417586807 13.533199393917284 1.5969599531741503 10.48993191776119 9.7903750877355 5.060170100761135 3.5666883173716974 12.265220033811914 14.4223520980336 8.428686560667108 15.862556238519879 8.450247050326562 13.051366536363116 16.367666707729988 9.054780853707218 2.957077349284117 15.109576993229965 10.571857604070203 11.954672708830604 14.084257181973726 4.5059747481615195 11.120557018411235 6.851488159294437 12.849520309392158 12.969872466100753 13.923378345563684 10.028771384977773 12.646791791516128 7.917194563544582 15.058411982561342 11.073098807791261 11.890496271287132 10.885286107938775 3.5673990308131556 
18.418103558835938 10.258109389644083 8.499703378870102 18.496312097266618 13.85410026182748 12.110507507888007 22.644553096795647 9.510852402314688 13.48014052928813 7.411959983896276 10.419676855318919 7.708050353409856 5.262538928128426 13.593050168249391 14.907931611233863 0.0 2.801739614323899 8.559797975784372 13.483563913564783 1.180864958114545 16.409969593461106 9.349434698219069 11.246282668089481 2.235689923576027 11.700846809924151 14.14626843558061 12.423600567109357 16.12308883415944 13.285286785445873 9.23088499295373 7.190666584793442 11.00833647682073 2.4633499210943937 21.248147985250963 9.7713070486561 10.047197381208155 8.805425954331296 6.4155280761004825 18.275066587588093 16.464425788451532 11.608781549925496 10.763046589522872 4.03743996227144 5.395443096957472 13.727405021094425 7.56746876872268 15.318984342357595 12.119476008880374 4.368980999318054 7.277501695163065 7.857588813894033 11.522964153121512 13.473577573796526 
13.561584592167442 7.983620151803315 6.144154844826023 11.565938960047834 6.948734986194909 13.17730573773741 15.903152955898976 4.336888640169564 12.924912824071813 5.57850064642018 9.42029997780168 5.083007736738671 3.2574003330006205 11.993791017423083 12.091867032943071 3.468305159783906 0.0 7.08578677221921 13.349439138781115 2.8517875320205563 11.743652127087781 8.886126839056416 4.5766204275388915 4.490614668635212 8.814446527578934 7.66206268418908 14.561012422944463 8.748577635263654 8.320668179429576 9.225433317559986 9.995785973748994 15.207981216510085 1.4530857722724542 13.846703505561791 8.142087088904013 8.873428990850591 5.181778946414688 7.230796997115695 11.399911259097646 8.647239464241263 14.455781891958171 7.713236214760478 2.424119188235172 4.308962487538037 6.651888944657038 4.359249602754152 12.18293332677716 9.306952985438425 1.5703390327224798 9.491284858183738 7.251948801340562 10.89016175045425 6.588547692736955 
6.53182736770829 5.540212642189591 5.232380086627228 6.700027508475587 3.480401133996707 4.3439711128043665 13.40773082493862 1.705847494504234 9.363962202006302 1.4570557466517144 10.919301212838755 3.520590783789349 1.831231057991495 6.300328507799023 5.046453358950535 11.483997881038029 4.230680858486053 0.0 10.976464595446803 8.87484757400479 10.596961807671654 4.5358465036248266 3.4523457270250693 7.892689536885193 3.3593983504668987 4.629246526635731 11.285422184679506 7.344108926240742 4.820470655244296 11.59732117581797 5.055653427715653 7.116304710688157 5.272511008926709 10.767057202972962 3.510889351913483 10.018089970932323 6.51566987231522 6.631957225243891 7.133305389111934 5.002667914812003 13.44367252791756 1.1118877959521243 7.3403736637360275 8.691878113419765 6.114297899337777 4.970282952439931 9.105945323267019 1.8014148410351964 6.750809380837772 11.458264524742084 9.989065636231121 7.858529544567208 3.436979793867602 
9.291306635940613 4.573771920028964 8.269062580096087 13.004351030415588 6.361710311493021 13.815466811617641 6.410270403797586 10.232008792896318 1.868445786312382 9.254067553141645 4.3699002481721845 12.626826312461132 12.342863780039462 13.974606142779018 13.747732972157902 13.69698390676654 8.78124394462338 7.954418633064559 0.0 14.0824865176961 4.413286053045542 14.460560173645536 8.533339013474006 10.704371098497834 12.379722312637782 9.031868818996545 3.157473196646606 1.989194051659737 6.396910198585539 5.056095322395524 3.301745474702914 5.445944810284033 16.10164293120775 8.540210804679472 14.963890700400402 1.4961966650629104 5.19377919283036 8.593501497741912 0.5494611823239413 8.328015716410418 1.1932439500785266 15.282124570818851 8.07573273935725 9.406147145136135 2.6719861606480375 6.297179665705762 2.6409245187343693 9.963459582955618 8.555945155107695 6.369844363888447 9.153397172231625 3.5705264263092262 15.063849789373577 
10.697453040647119 13.996628729125337 5.810004276245366 13.644126184664948 8.380570007782692 12.063918169511798 20.620911890042144 7.548082560032903 10.342913195943044 10.48973315632647 14.561414913994561 7.105174487902941 4.716129254163598 15.623065057531337 14.75040367244562 0.9813257970667979 3.7393003155833675 5.933286173036977 10.124685818557829 0.0 18.766476382560075 8.892641229441747 9.289287330886973 2.0540976470722727 12.977102194869634 12.942983340354443 10.6990927071594 11.457821401197984 6.496809692413958 9.477210005411898 9.802883644707654 17.011656377456028 1.9751879307758593 14.174961341399758 8.149504146915191 13.14147937852654 4.985577828768212 5.707510221024551 15.644359623902101 14.46586552097714 15.287344610065318 8.907516325364806 3.3487692840987373 3.114994177250172 8.326346587498838 6.360056784332804 8.828277125160815 11.596664017973115 3.6002108797974706 11.307376276010851 4.146352725475054 14.041374483188221 11.667917592588976 
4.262057552396115 4.28237094831333 9.400428632785774 8.54407687843651 5.560450137980462 7.926147948919796 1.6210136134249522 10.176601452225166 5.411003418143002 6.422061018771987 5.958506191132578 13.610338270054589 9.285834172358037 15.582516594499621 7.672876447820056 19.646964292054665 11.241524099906187 6.7039621162754255 4.939562999164243 19.87239066851626 0.0 8.737731584905639 8.530470998902878 14.169428189363552 9.762112118276718 9.468573530043072 10.406599399046744 4.109908357913852 7.66755261833502 7.123264071950716 6.342528821540538 1.4344962075861873 18.6515438256176 4.870323637350351 8.601705052989267 4.068433337198583 14.141508117898343 8.519749172922932 4.198615646843583 9.188496525334273 5.831137137283391 10.09334523082865 9.621006727566279 9.550849880692033 6.877916777873011 12.301766458125925 6.080762539309503 9.140963140531072 15.852750085754101 8.22241902897377 13.515773263252175 3.4243253161893694 10.603987470954308 
8.900666439910696 7.720138436815979 12.178729679891987 5.946167171352653 5.947025985980581 4.490339731760268 13.451154814171833 3.6666871976682076 11.475669675556203 3.2091925497544525 16.17619049953048 2.888788112473843 6.414567612888173 2.5591280612063434 2.4013714327611124 13.175076656845302 9.503629626390893 2.791159948732983 11.067665955415826 10.799287062038209 11.400412065106053 0.0 6.719199021134755 9.422953146153455 3.0321324431481034 4.767987110831983 17.634959591452535 11.52804242465822 8.525720102119063 12.580310670765602 10.251943260820315 8.439274510962555 12.410514992472802 11.08766980661402 1.7567673134509691 12.945200847125314 12.36659804360152 11.67923202058451 11.262877256718932 5.3256535813321975 14.738204542749845 2.4096069682896877 12.755372890412168 14.542286715368473 14.696761072969997 7.9284224953713425 7.9001195241429425 3.846003015949561 12.002667409974629 17.27894987491925 9.255627334853681 12.014334305658021 1.9311362599938011 
5.874416667012385 2.3361064992894116 4.979074386017627 8.627619759760412 1.113790068945207 8.423424872013932 6.85961562594033 2.4018741790995772 4.142684153097746 3.5905937522650695 7.461894812038912 9.03551773220845 3.27937954544619 10.103841419112133 10.240022372429463 10.18656585208973 6.459483413433319 4.377234593375899 8.180581485968915 6.8019795472600295 7.731634096107151 8.903629082432172 0.0 7.018236358326776 5.282587902732262 5.3377487195346545 6.539807335441235 4.05454502598283 0.6491714803108647 3.99853958338449 2.0434888080212814 5.876310482892877 10.532983711859085 9.968084536307254 8.750629019598847 4.465182422342994 7.081522683425948 2.9096735391229096 7.621629129342454 4.5695435322694085 7.885860647013492 4.052565719448877 7.23064454088993 5.0789486870734155 2.789852433094812 2.7515452551897437 4.071291419489048 3.5291630279239232 4.556396979031756 5.994937722553381 8.245834538400521 4.529851063603125 10.718273525254132 
13.190177156566822 9.986695786807102 3.165743578615791 12.321977224032137 11.378080369673413 11.823299529038785 14.432136001722649 5.405172895874111 8.745220875944915 7.283150229215286 12.683886527902654 12.580103232906836 5.6639942463783 15.172699791652285 10.158423914795074 2.776923781947118 3.9408158923286893 7.512498555014697 11.774101905030864 1.782153482550075 18.08727318924825 9.216760346491515 9.440029712897825 0.0 10.709229377337834 11.056318407975779 12.533740680895008 13.382994721852867 8.436656651123268 8.451915550111762 9.31796473216674 12.383379262067258 3.2114792752056998 14.389377783412122 15.55306693325198 12.01224044731823 5.909891001218368 5.898565344350086 11.740421872856803 14.81559493349049 10.686982847854111 6.84774419532035 1.666587104418909 1.5639263848246971 10.32714587283424 3.440110386326737 11.662065607144076 11.40395838695635 2.2329313812677527 7.357032950242557 3.727441718570167 10.77828448972897 15.361884258380307 
8.303265689104347 7.518836257610932 7.9434961758084555 5.398012268151383 8.94623040168553 6.514114445298217 14.151717979795652 3.1448812715231997 10.328552909944483 4.039950884469057 18.067682123189087 0.0 5.558186267400059 2.030312102795532 3.957245700286746 10.695017337215983 8.278932963242465 3.083518066752413 10.042290828611153 8.710701683664569 13.378317506429172 3.730427845765835 7.304447114100787 8.468272843526897 0.0 4.759428874378128 14.668841052777008 9.315358086730097 4.9092068965405895 11.866660661892636 9.238710893821182 12.52978276216535 8.4402614122875 14.89493996448461 2.184471628086914 10.53698777042937 11.754767175339627 7.646456353361594 9.02300226387092 6.887779884303042 12.494697267543016 2.3171619605847953 6.154192697795253 11.131261700869459 12.726663663699778 6.9684099584888175 12.979861130462707 6.305120236372782 9.120540013597648 12.06192635201178 7.898224477690826 11.60844538719153 1.460779895876514 
2.8823588179650623 3.7946293082925866 7.315425962812269 2.0312001773422024 4.550188121992487 2.3839245800499884 6.021657241875974 4.8996832826482555 9.567047723356296 3.22393849079804 9.52414440949345 6.901325164613636 6.765988422149528 7.38266113619634 3.770099283980401 9.607569365983478 8.229629237231004 5.258288588154469 8.712770838711805 12.906542839195476 4.805299960265515 2.8532225338831183 6.446851341019943 10.513916826226266 3.6691702724126722 0.0 9.728199937302247 9.452851521901003 4.345595344490255 13.30523926787896 9.717453284708792 4.619911413169148 12.212008029787263 7.1964339111907885 3.9908803401207944 9.520520559210814 7.615502709218818 8.611174866366909 6.743210051326183 0.7593636961601052 11.104373725109356 3.1106133517274523 10.027710670139498 12.964064681944418 7.031436635600105 7.158167535839148 9.010616763773193 3.6473494009583085 8.574968002506655 8.195287742005945 10.75481133320008 5.121711908290861 4.282566469482623 
12.225551078084319 8.319504785312986 7.002133496342885 12.664442633299963 8.46270969774024 15.00572243736978 5.363415497585749 10.470654769787542 4.815075611767009 15.072914189356444 0.7707742836717593 13.304197335902222 12.064850303511516 14.599875431229767 11.150952873921643 11.165919010323226 12.077894518197606 14.031381789395844 3.1261954499979905 11.200662485386147 10.77744739399239 14.112250242873264 9.354715841910933 13.421073818375458 14.502807636899064 13.966464432817641 0.0 6.181532072619198 6.674240762927121 2.376496335132384 3.9794737416429884 5.996388520195376 8.438622710326486 10.833296575609811 13.236303128814782 3.4212563459349665 6.13030724269148 4.965206398234564 4.087156865806655 14.619675384567946 2.252332490786268 13.651449405449096 9.100765469972696 11.386353275274004 5.3441746078946455 9.689658482547015 4.2636188381806015 10.21754462837761 9.492873679528849 3.5834853399537656 9.833897257605965 8.23856571766754 13.730459009055622 
3.8505579890977053 4.137958991321158 4.632063844167426 7.20679565293749 5.220834867864071 6.17680083931405 3.0046849899970627 8.830753138141313 0.4273894918612282 5.665432120324561 4.336823259829735 9.766905521056943 7.475404584973255 13.559727751390518 8.499878975561908 10.144469984334192 12.273927937388459 6.221396829643296 1.9395016418228763 8.908536973004221 2.842657250770344 14.060783246796916 5.545025070333986 11.665582213682846 11.28976527037754 6.989469004539357 5.906762479462046 0.0 3.946775919320364 4.480770186544779 3.991965188916663 2.642298358379921 10.109002306409725 7.2368951067295555 14.215251632236681 1.0101679183409553 6.551349308240503 6.293942410064744 1.472765470523164 5.7578178420916455 4.1258189490374475 7.993474379070205 10.36765193188215 11.364002218152528 3.1462496856721813 7.831444687769505 1.512519973409034 6.188706070006022 11.347061840294263 4.83499726539378 6.401920480501421 1.1052572966468561 15.658631572301518 
3.2451328697499617 2.3244682342627536 4.3747799102507905 8.817325579515805 0.604055977972571 7.734410400345039 6.111878875839439 3.508864426214294 3.8389738727115015 2.6736534700400396 6.875065810960202 4.8316440172084345 3.431909925406398 9.942555293827022 5.958802013092348 7.389756355676587 9.34347578058439 5.149052895782043 6.738014092269216 10.20216518029364 7.904969831100452 8.31868399163329 0.7893492521710241 8.76526200660136 7.143921125408504 4.57780755839006 9.410986300901659 5.9980620404881035 0.0 7.619492439842065 2.5912650119051115 4.287859061805561 6.662883574871005 9.219852651443862 8.45446962829977 5.376285199351354 7.685003952142962 4.488615925937099 4.16179927103773 4.430583890019128 7.393406327533119 5.47483987785386 4.674336104983524 8.167524087961137 3.363816096188043 5.3624333124824055 4.329077721762235 1.8007413020594887 4.333015406475118 5.2040440147028395 7.229234994426104 3.2402207309542614 10.376414561832043 
6.187002520694339 8.681052740228678 2.7577427859990586 16.022775715213783 6.7295495378847745 14.152395695617198 6.211494998506289 7.781568360676783 5.57903774756654 10.09859993824931 1.560419272242005 14.591205489579988 7.98424727643437 12.9098024733618 13.213671207600026 11.522343420157622 9.690352444407607 10.190099871377809 3.4152710593354554 7.91594780880161 6.730451069819334 11.139528840849708 5.645818184720001 7.79926869172058 15.44674179095847 12.482105807941874 2.1341899479969713 5.412377032062363 4.692363833281479 0.0 3.9386598105006856 8.969356232330572 10.193255598543772 8.57926204133901 11.724986360003976 4.277996188319757 4.182663853337402 2.3598895418327737 4.072388155365937 12.388906065936448 3.572162078418985 9.10177062349027 7.047163634067116 8.310180010661643 2.7690949355434453 6.302795914686953 3.716483015847843 6.728799405502036 7.143292442288237 1.3713618912618109 5.438231439830008 4.361457822789594 16.05524301180877 
7.591900863287318 5.246392682797911 2.9194207564869163 7.106374334542987 2.52112900922231 7.337994030002024 9.479421612315432 4.503762260559248 3.000105184116424 5.174747496977396 5.106476032576816 12.631713438191035 3.8766891801142305 13.41631784744455 14.161267353651052 12.846016255390383 6.260370448698129 5.648810271091883 3.986647028606014 9.140525418228753 6.1950385626824405 7.196448519474005 3.375701461540531 9.181097430980785 9.956863539968177 6.507270560946887 3.9281476347388615 4.319911309322213 2.9062246297683147 2.206342581573928 0.0 5.011304561562663 6.359049078064894 6.77130203959298 10.404161307768224 2.821342279164124 3.3840969710523385 2.1422894460936015 4.871839739010355 6.7497841779399215 4.463637124556546 6.863221961992085 5.809201199500384 6.3904643862811 1.1030873063322604 4.990239536021608 2.14064213202931 4.9242463484949885 6.8674918679272565 4.438564763446742 7.224217375485432 2.230755404206517 12.684739004877205 
2.4583025283456674 2.449166457887364 7.318994644576151 5.96834023452396 3.434281413598183 9.581406178042377 3.252484607448057 7.0785014794796 2.328417865322881 9.28014846260604 9.731632353437806 8.1763671681734 6.248614872917413 12.648792223602008 11.447356402287511 17.524513683778263 8.969086532242347 7.217423562712508 5.413497556639776 16.53313783051373 1.5230195567152633 8.515368040412154 4.097642549100438 11.742530189270123 12.103274066257555 4.728521183548024 5.412128880282839 3.1688361667085827 5.613338943369292 8.541898597070187 5.830720942325054 0.0 16.78450018498109 4.392781474995619 8.57626669744926 2.727492601410306 6.7805530579852045 7.622044408743143 4.045636349107939 7.599740763145709 3.807551551871305 8.657337310442053 7.516176475550132 14.941438013091258 3.8544860767584113 9.077320633457521 3.6936525156714337 7.098868298808363 11.596535861737102 7.239446793838216 11.938449807179051 1.6419989795670773 9.953446724347824 
10.710754750469478 8.409229406314225 5.3287868642576885 15.108393559076616 8.235468653881554 14.264154419810254 11.054331503437169 4.583458236104368 11.207207541996576 9.301572649843116 8.600255044834485 6.4987334450200525 5.789927754796938 8.556427777791553 11.852871182652155 1.703749087368319 1.5411181322436085 7.730268613092377 17.201926799705753 1.7428275059355764 16.409067033742524 13.540991822380288 8.317277816342745 3.0336834887240207 8.536878945504673 9.740272792635501 16.184131435776262 11.424264056827344 5.791108116227496 9.851708751069003 10.541036220556336 14.521373982678641 0.0 13.633415302813372 9.311434671230575 15.904158121750305 8.68726165805813 4.762476025989705 16.24612301514673 14.386933421541174 9.001981741202346 7.24671369603669 1.9536600511390918 3.547676493785184 8.45492478458299 5.607313769401198 8.298395603329682 7.9618547840853875 2.6439906172763235 6.9901811714275315 4.732493608094908 13.029074531522442 9.314196550671882 
3.7394757084211445 6.686574421418031 13.087933354030888 5.075485345286886 7.092759539506554 6.22006662780751 4.1978270137046625 12.396816601108165 8.959057563878854 7.388446617495898 16.020735000275632 9.23149583837281 8.15885406460254 10.149983139781167 9.991371364660584 14.858668565968204 12.995593622687377 12.493270597391074 8.136797918765613 21.24310827956483 2.697326939164778 12.388671554260302 6.069740749450491 15.898427931193076 14.795083059608743 5.362230911860891 8.220214348827772 7.906077899926162 5.8978413718163925 11.917168119012166 7.869614431764376 6.014043742206576 13.135622917892407 0.0 8.841023030959862 9.712186056951568 13.708826967390799 12.317902889376281 10.494120080297876 4.163448361618633 8.713875114635563 8.029675048782993 10.552303203086465 14.498030045462258 8.690277420001298 8.70706548548482 9.976706405193257 5.527357268029159 16.027969080033735 11.077905350894628 10.20548441099414 7.466743547744905 13.9733885896065 
10.315197347482421 5.5368423976789485 8.287603043277656 6.6304668846016765 7.359545665927694 6.565884244821193 11.340712116032675 4.1236965261552765 10.347973349317853 3.7545696058381397 19.040426507770245 1.246987751072186 5.488137758975451 1.3217527787041736 2.706036240296703 11.740454179627216 7.319556691018341 2.8608887252412867 18.71034664463528 7.995441675920133 8.89925776660415 1.3846657066282915 10.550827553758072 12.65165662093758 1.278182530777057 3.2892300607940377 18.418424402661394 11.378745333909626 5.696304519554849 16.141628740638435 7.474324199010443 12.39707275951321 10.565770361662892 8.086394646220773 0.0 15.792409530550627 11.79038568358669 12.182014480136132 11.185996777647135 5.670197583261947 10.951136600775017 3.492036038363427 10.179129811833707 8.084883041051294 11.850132501432268 10.040287962792377 9.882167492531725 3.7465855298020747 9.90887207987237 18.179608424051576 11.390903916368991 10.870427866830939 1.2385047348297316 
3.793075014783 5.856683474966041 9.14082394951769 7.254900354909375 4.075924408138693 9.620771060258376 4.695251443528779 6.545302538610662 1.7541937035779505 11.081362498361099 3.8335800744313135 15.73038137075907 9.240718105548106 10.471251386294055 13.3800665077827 16.040601640994677 9.625866396196109 10.246289986914515 1.4433912491428038 13.942364714691575 4.926266557863689 8.27123477737381 5.927079555013652 8.55764413179064 9.544243053594206 7.122443947311451 3.564158963885298 1.5447863160121658 4.64338779626872 6.293014567980428 4.902387710179147 3.5792877788859467 16.534762971681218 7.228244322450449 16.320311850472308 0.0 7.8620089038699525 5.773024110242745 0.6745500854940396 11.183165100229449 2.970939287366644 10.614988039995193 7.996855781505534 11.014248766401028 4.151153019042395 7.66806048719638 2.300464492807087 9.106646392362553 8.921159036525983 4.6058131908942315 9.238588849798383 3.2099640635354714 13.383141968396867 
9.634081998154565 9.302294592615471 1.297511550275286 16.73446001400817 5.771265850569344 13.19240314078156 12.018420999080115 8.272401191102862 7.390336520674185 10.826647520187665 5.12214873666287 9.936895854418033 6.232728674730025 13.637837089895992 17.388991937989754 8.029056797321925 4.84900026499021 7.870203897953927 7.414721918375032 6.801814055844993 12.661582978977012 14.516468908055417 5.820260994757441 3.4940204256810183 11.76153504252207 9.664736076056863 5.239565112753974 6.8877333935848135 7.059990381886966 3.616855034033934 4.613925589794895 6.86688514151362 6.055476559474061 13.97552822360866 11.45359710153151 9.511563893088994 0.0 1.2619354198163961 5.041185944636278 13.21052610067048 7.126269812630984 6.789039469296078 5.468442382544605 2.52205710342259 3.631087666292719 2.5178795213681338 5.8464538158885295 6.541668226953355 4.254526433726285 3.5248731256444037 1.7671791460742003 8.717229333122678 11.839863038217104 
8.412808392476887 7.667639014323592 0.681931536553949 14.517195037134414 5.201321228014643 13.130346321455747 11.624924159817352 7.297574351144119 6.893115723377171 6.539864997015225 6.469179130456698 12.358143358368945 4.122142898729796 10.203510241737302 12.343986520593813 10.633126366495759 7.838843370903202 7.374183472707438 5.2016537375781695 7.39273343675716 8.808751639056101 7.62265029769993 3.4809783483832497 5.853787366359009 6.928766954399599 6.628427083666305 5.17278486543466 7.416816280970359 3.9540497942614765 3.434770952759667 2.9518798632840397 10.119107012611387 8.629518916310229 8.364961961366001 11.889984013567048 5.439058868714652 1.1197339331566085 0.0 7.667926063451232 11.48097937061326 5.4075114810838105 9.276006805827123 4.851586442472398 4.13937582636154 2.3009514586222917 1.9683141150351533 5.549977859680691 6.163409128156789 5.310707539113735 3.968831587528568 2.4111378660522993 7.183903976045572 10.00686466040898 
6.507659880105173 3.945300839866541 5.909480595266408 8.531703282216665 8.020108727929443 11.25454266218354 5.92556988014351 10.06410662187271 1.9125278485019528 11.151323119607579 4.901921516668361 16.224677780491618 6.441774174563116 17.151443950494524 15.538019587581413 12.938568405198607 9.11914206444355 13.026498275900922 0.4254308767078327 9.475082523196942 6.037009933807271 8.707557608817256 6.770142195682363 8.584858396661998 13.357546546541563 7.928620449443684 4.429707098106729 1.414448597542364 6.804605230777861 4.937112663770893 4.538271608627538 3.5122084219891474 8.834109008814796 10.740071950897654 16.0335462197721 0.865145487836404 8.443660727044664 4.640932099229142 0.0 12.071126493942375 2.207762016925492 14.665525574542407 8.019373935048694 11.25594823120506 4.080095618486151 8.246902174390119 2.3852962023242923 7.453157276165706 13.192458647501214 6.326632194860854 9.70676174109691 3.9952126888165598 12.047451386601335 
4.198013473743116 3.425598279949683 10.31185701479215 1.6835740060071296 5.282650632723632 1.1716034019258 5.974563819070852 4.934842132189699 5.494149432174272 4.929675554641209 12.840236777979833 6.705531848481698 7.529212228554272 8.002363904018527 3.7087848466455666 9.802618124713545 13.831523456806762 4.667869764695405 11.108253467536418 12.410650926604042 7.643360176967957 5.18592477809076 7.448297693311087 9.898711716936655 7.682073551139775 0.7311620530910767 14.218234047195196 8.149966383372083 3.9812908760385035 8.766151669472256 8.483569957345871 7.712610392269924 10.119728148809724 3.797450009414481 3.888290482383173 10.402987459941953 12.876373988830544 10.928453450211036 8.83432272621364 0.0 11.169671328269711 7.0027905496633185 12.917132854793646 10.171218742619303 7.685153028893051 7.894789516523424 5.455414899713989 4.51069545414957 10.886441542738805 15.32190137161263 8.772038761339365 8.20290236939797 6.700669934554894 
7.0236266442470345 7.377579432872128 4.832717019548844 9.196517677885751 6.665554711640982 11.52714288606851 8.295953643682262 12.397957706051184 3.324286730734872 10.989159806636682 2.1321423591573527 10.507935863955897 9.952240658632899 12.113131056844686 18.488298141982003 12.428140349873692 9.559495790900378 11.70685720900542 1.356258690286095 11.34182770640854 5.171818666941077 17.400894638936393 7.52662542748544 13.163639654870472 12.434111092238771 12.24189819987011 1.212860508989157 3.9068252137265254 5.3312565604061355 2.332039602159515 4.302356111065432 6.7909074160448055 10.61407813183925 7.303133575434405 12.12111467057836 3.0675247551371845 7.458985475735769 5.8013164403757616 1.857774839500682 12.275838787731079 0.0 10.226420051874646 12.572990756662676 9.153207376889801 2.136355638772747 8.116251772699052 2.2399807276783323 11.157038929100395 13.36962661910259 2.78790764596073 9.457484463592573 5.323037016571529 16.49370465147347 
7.970286979463986 8.032468674375703 6.733124821766877 7.78127738553056 4.237012488455396 6.717204504293946 9.653639315617994 3.195380957887174 8.618577022264818 1.985769694847244 13.88349174407742 2.0056659121588334 2.2410414844906934 5.227553844984657 5.544473041508983 9.500157755414643 4.79263550844086 1.3083171907684825 12.508702150301124 7.7216623928942285 8.325332264884763 3.9051541211161744 5.849580726242582 8.441826132049442 2.0203769713041773 4.553688985686722 15.163931419241873 8.459729055122722 4.836273736786241 13.741485054796534 5.919463708715956 8.450142439917416 8.830971410869868 11.158989833330754 3.3622147284095263 12.821119790745065 7.927734494232211 6.313059137745082 10.064227324948622 4.1616601148293775 13.238229489458341 0.0 9.60315944067564 7.964713284227827 6.22019849556993 4.162676585618715 6.929758664500387 3.5642903328351077 8.046995942643061 8.176113902295436 10.937222664420228 5.8920777265491315 4.541687622162989 
8.296039069704321 10.126341886528676 2.640235269049365 12.483842161952722 8.468213287328549 10.590863865508886 10.718931609739817 7.580783855978211 8.492964784798119 5.342537971527748 11.87846378768506 6.817300983697738 3.228701641349037 11.1356908244256 9.92833476964049 2.7911021459468137 2.825570526974018 7.274792273574105 13.80754938614391 2.2533671721106985 11.73008273701117 8.98645322330158 6.9127655496709615 1.7248203832990483 8.572463615564155 13.163866970586847 10.488296552994925 6.898935438701724 7.874742245242504 9.819563970737542 5.392845508060274 13.652383970409614 2.888631774242027 14.406408453091762 12.004580617422445 7.889468592942695 3.926849432355243 5.574301259423043 9.003531830900235 13.895029886778893 12.337926200005235 5.034746638443791 0.0 2.0506024770296625 8.6204121596674 2.406075292215098 11.254667489826604 6.8687846743226375 1.4337585788418592 8.384622264053277 2.848494622905021 8.230376782248854 8.240800725134363 
8.044006854943449 9.446979505349907 2.147895164287929 11.68534164652458 9.698927698813076 16.143858657211798 14.605741817013744 7.446568625036393 6.958511645208473 6.201357292819428 6.380112390254798 11.148355745981743 6.090678708613997 10.33739284597429 13.025000850509223 4.985693594417585 3.2413869575166085 10.795069248591195 12.259293493497019 3.3486731095529065 11.397656849179091 10.667656075369116 6.59797169957722 1.5248035799054054 12.786144262227053 7.736394074801376 9.678302348045968 9.595516295102584 5.254425422593838 7.6636050911261275 6.931348360766934 8.747631028970083 3.0549372515781097 19.64723949667716 8.771937325230043 11.185610089409476 3.562283717282609 3.3470713188817687 8.258982647508159 8.935200047062718 11.466465796369015 11.162697569428431 1.1511880678549606 0.0 8.153218341294496 3.2166596716262656 10.7676684249895 9.503394105590921 3.5937384444229616 4.9477887795106135 2.387539429851155 8.764859990293067 13.497669809207817 
4.6880198692064665 3.5576087767736944 3.7824849900497988 7.375568114007163 4.0114334194858525 8.44319691200128 8.535794869160036 6.019811029507848 2.483913366292786 5.918353051726878 3.169724799902541 11.094696505791973 5.216510266385697 11.694473431030955 13.168132284477963 12.615754919781526 5.851383469373812 7.668568578289511 3.993286796410745 11.648530237905753 4.798301528759471 11.109297969118442 4.341116982739029 6.64302946544732 11.824281782535877 9.072545552366902 3.0815651610251154 3.306791997819661 4.6604593985168945 1.5247102815931313 0.8775529639145421 6.845647722871407 8.30935085502663 10.334693784980605 10.247362665681088 3.1018613459869426 4.8101161690385315 2.6754644431392713 3.3127044720575416 6.874049929241666 2.7511744777400313 7.990279734820879 5.8572937906630065 5.1308020064641084 0.0 5.037850683735542 2.013136861258416 6.835426875355349 6.276204204088012 2.693703172568716 5.093092639391375 3.4442742784776756 9.760231823690985 
10.02511414235664 8.449651805815968 2.482755655179295 10.818722178881249 3.5142667390963855 9.398751620496324 9.750292390442109 2.893407438817912 6.335367593016423 3.7213731336338842 8.296120320336389 5.3366514028690535 2.5907923337218906 10.39545476953367 9.469599490838231 6.35546689729076 3.273055303988339 4.923932892322029 7.333850956703102 3.6122410137763863 11.981807341785553 6.151584790601129 2.9631923143703447 3.937762413409404 6.085561554506197 7.497236050872497 9.747365068670417 7.215917156114688 2.993739178406289 5.965525552629913 4.383303357276417 6.351203976196555 5.514302724476158 8.765341146772759 8.677112131849865 7.492289478211385 4.166764596279659 2.3941366116309046 9.683540710871911 8.535401426180364 5.627633220762085 7.1792086482209 2.3148470552460054 2.587478334971804 6.103718831507461 0.0 4.3804072759562365 4.893466597579788 2.608731787477555 7.482453426799241 3.0061836939447266 5.099520709581511 11.895920673942591 
4.95549988325074 4.5852622391837565 4.907847799426602 10.27604084435944 4.148272146481587 6.783910332550812 5.585966656988499 5.1209625313106875 0.7587015309432019 6.2647311328092705 4.775213343297305 8.352617139320927 6.432802713549121 12.538717937458788 10.588202515435158 12.304992873200643 11.758465626212386 7.088486750585077 3.6479772476484147 9.885573094746562 5.700720573954614 7.403666782313585 3.3131432211570866 6.778009069407686 12.836025394804327 8.53981487182944 4.567066779170807 1.085481171143639 3.948303500047807 4.284173800861883 2.518935301086186 2.4110911720808454 10.621875162461684 7.503338854460898 11.089605057556282 2.456109969976818 6.1448129091944645 4.8775560986425 3.0090004678841584 7.573305163670119 2.719649060719618 11.399706573228078 8.226651171280665 9.889519568102585 1.3068703240555615 4.992698959729584 0.0 5.986873984995469 11.257269954962528 3.2793122800152856 6.323039167485583 2.350772938973515 10.328514334866288 
5.254762245372927 3.4791977508700014 6.7352368088744905 3.9153643718401496 1.7870069871896455 3.5918276301117924 9.387545273171352 1.4195158030703285 7.7941670231174704 1.002204444160277 12.12684626979587 5.8373219957382005 3.7879451420207753 5.430352310438337 5.876119953112714 12.316175729311585 8.662587520280294 2.4030170406462457 10.939454753667967 9.852701194543704 8.277963873314356 5.779225793754936 3.11702041549243 11.06658227263492 3.9797235616169986 3.47780863006129 8.283953489315614 6.141686617711776 2.9371344678728373 8.661029764805994 5.647021744549649 5.954662926449839 7.9393229650910655 10.294997326292696 5.20649052535949 6.111031495092475 5.8598780588382615 8.025909571243949 6.436466057500314 4.799192011754698 11.304598657117765 3.8838013152749564 8.148831199027253 11.165206153710518 7.913102134876865 4.207872726952237 6.171084372604486 0.0 8.531950839133799 8.580120852125491 6.003001848716753 5.916658146242466 7.311328044824592 
8.923890403966006 6.688258527901608 4.564977614249076 11.22761726575995 8.658079178431914 14.457628137982336 16.496135909749814 4.803575974367081 11.21733639275466 8.595415824910036 11.690799916756209 8.932739553146007 3.72772369722719 9.177304451933114 8.988121772951153 5.1832450826559295 1.7634590056846808 4.109774215202627 12.394462596769984 3.2723301507499163 13.976277009246912 7.22673045905653 5.453509789971324 3.319529536411238 6.56643170606647 7.041276424863025 13.64164797291436 6.584674046334778 4.6524081027459285 8.151135624361554 6.421702951273358 13.76481795885407 1.570726724472995 18.313111254414444 11.879301981370457 9.141662927705472 5.9102248633961345 6.008512067959931 12.121552383596217 12.426734163861333 10.393277852157244 6.864257659619096 1.4837693537377445 1.9181330842441793 4.970909734351652 2.261998098097979 8.744203794626104 7.146139528975876 0.0 8.451062124525478 4.98850909034941 7.8522693519272995 8.63002579310346 
11.707439200658657 9.759440702209048 4.439236707937066 10.561820678946566 7.393186872825462 13.68813487314086 10.213251307410268 9.67968397782142 6.503004667709833 9.523910089851045 3.206036814981368 13.577949909376773 9.585034752936878 10.94659021457223 12.927294240835684 11.291717147973264 6.0030733705022765 10.113885807008177 5.899984677393307 7.781684914776293 6.9002092854958725 14.346664200810253 6.177111989927059 5.437774578541964 15.907106471126854 11.833351570422556 3.0765216350348337 6.609011111120073 7.261278391683338 0.841297240058394 2.8978543957440457 8.582660531453058 6.960552109045822 8.72217385805766 15.530815685154796 6.159915063313837 1.8854998397295417 2.9836748082030478 4.6014717081884 10.91960636477571 2.8335405697706615 8.10504992895106 5.662505973195533 7.162993703150676 2.8010949939953678 6.083967501900098 3.4692339565460415 7.831540868988644 8.889449374740076 0.0 3.9794385373856076 6.2971388700403566 16.90378118468384 
10.35448007372133 7.63966172499439 1.9116486173439513 14.521197675838566 6.631873036174566 15.34496766324158 13.41563878844876 7.077771993728543 8.235034450380006 8.944017405209621 4.6213735346294795 10.27406994899376 7.67299444595942 9.391346360060524 16.53174144471648 4.331338367365882 5.641110236671952 11.547409322502322 6.424471710485513 5.489374621414772 12.09984231081986 14.353102098659061 8.351161499793818 2.252007317775191 7.592822705472078 8.239144233486595 6.779955482241483 8.766335699182116 5.954032027915899 4.787239434291683 6.758206603086583 9.430048691911114 7.4496201073625485 12.64339284682961 12.468652937988008 6.485785224223546 1.5048570695337895 2.7075248167754253 8.02632138489782 8.643998109955639 7.428216049240989 9.503553242259022 3.212109087150697 1.949162515070856 4.177101274630935 4.409714977278895 6.106991572976692 7.224909551335548 4.509335631646432 5.156734956987094 0.0 8.029108825703979 14.908319603109335 
2.9304904058175363 2.5941583071435197 6.362471190436429 5.6919329482523455 2.5891632612412394 9.661910594071244 4.42222358910374 6.525905084036925 1.6257487411695317 7.103517796080141 7.8172505843290345 12.604978144018869 5.266498673468526 14.15203781842658 9.8593639193403 17.54993462074097 13.337935299443522 8.899028786969986 5.196277068879832 12.961760034639855 2.6905756991494973 6.683710547852694 4.537828449732849 10.149867977774353 13.153725545425786 4.96861590440369 7.765619777973195 1.721535001664471 2.3674134446027164 4.119482602071441 3.481805580011089 1.6697064887229898 10.230806398056139 7.947327298979999 13.324792096620243 2.8903007389965234 5.727508302134936 6.781050661828052 2.4237868895871033 7.0237958123785225 5.733896071825676 10.170087017413557 10.251098755584161 12.77661608304896 3.6177702102642586 5.193934141170077 1.2794910040195835 6.787958360507093 12.128316043172163 7.9878229644235255 11.491366324228125 0.0 11.898722877306586 
11.858769763332177 10.765542670802438 11.283287401813688 4.792117208191099 9.151934868068837 7.680851238747587 18.97691584357482 6.013748000962409 11.145859584420315 6.3392677867766745 14.006427154068428 1.8912993551176793 8.838292583324236 0.681715456462185 4.258856142324354 12.180166157549664 10.636497426184707 3.97377411942891 19.509486979191827 11.733579653929755 10.010011666093337 2.5906895891205988 8.287985048611988 12.081095845189413 1.9259497469755218 7.205206287486847 18.909608245891995 13.27405870629548 6.990967776068644 11.728164137958856 12.908467706589033 9.7004035042028 8.628800458378809 13.125106579986902 0.8675623201559635 15.156285278372707 14.977952345933847 10.485643487644516 11.96425722629869 6.3769109909327915 15.40364105139155 3.945391594214157 10.489020097297773 13.626053343425188 14.38651260775014 6.849720679631176 8.798651271977766 5.3593658295697875 12.079291800063327 18.45933186885309 14.306888558561795 9.741670570628848 0.0 

0 2 12 14 2 17 20 2 26 7 24 23 13 25 20 3 18 23 6 2 13 22 3 6 7 1 18 18 10 2 9 10 8 30 16 23 2 18 22 1 8 4 26 21 2 15 25 22 19 3 3 5 13 
