63
9
100

0 122 64 84 100 72 75 26 82 91 58 14 50 39 92 29 43 76 112 10 32 70 70 84 92 34 9 87 61 54 62 102 80 27 61 80 78 77 100 80 86 89 87 99 33 80 110 99 78 74 82 85 83 63 50 78 24 98 82 92 51 63 92 
122 0 88 44 27 95 56 97 68 33 66 119 77 91 80 95 79 62 20 115 99 90 69 39 60 94 119 78 71 97 91 20 76 109 82 59 59 55 22 44 82 38 38 23 94 88 12 29 56 66 64 57 45 80 98 79 98 50 76 70 76 60 39 
64 88 0 44 80 11 73 44 24 56 56 73 62 27 108 57 41 81 90 54 32 96 80 67 35 33 56 23 71 12 3 70 96 74 9 83 29 75 67 66 104 51 52 70 64 16 81 80 33 23 90 86 73 82 15 96 53 95 98 31 27 39 80 
84 44 44 0 38 52 44 58 28 12 38 85 50 48 80 61 42 53 46 76 57 78 56 30 25 52 80 39 51 52 47 26 71 79 37 53 16 45 22 31 79 6 8 26 64 47 36 39 12 22 60 54 38 64 54 72 62 58 72 34 34 22 42 
100 27 80 38 0 89 30 77 66 27 43 96 52 75 55 72 60 35 12 95 82 63 42 16 62 77 99 77 45 86 82 17 50 85 72 33 54 29 21 20 56 33 30 14 71 85 16 2 49 59 38 30 19 54 86 52 76 26 50 72 61 45 12 
72 95 11 52 89 0 84 54 27 64 67 82 74 38 119 68 52 92 98 62 41 107 92 77 38 43 64 21 82 18 12 78 107 84 20 94 36 86 74 77 116 58 60 78 74 10 88 89 40 30 100 97 84 93 22 107 64 105 109 30 38 49 90 
75 56 73 44 30 84 0 55 68 39 20 69 25 58 37 47 40 9 40 71 64 36 14 18 69 58 76 79 16 75 74 40 27 57 64 10 55 2 42 14 35 43 39 36 43 83 44 28 51 58 17 13 11 25 74 28 51 24 28 77 48 35 18 
26 97 44 58 77 54 55 0 58 65 35 30 32 16 80 16 17 58 89 18 14 62 54 61 67 11 23 64 44 37 42 77 67 30 38 62 52 57 75 57 75 63 61 74 23 60 86 76 52 49 66 66 61 50 33 66 10 79 69 68 25 37 70 
82 68 24 28 66 27 68 58 0 39 56 88 65 43 105 68 49 76 74 73 51 98 78 57 11 49 76 12 71 35 27 53 94 86 22 78 13 69 48 57 102 33 36 53 73 20 62 66 17 11 85 79 64 83 38 94 66 85 95 10 34 35 69 
91 33 56 12 27 64 39 65 39 0 39 91 51 58 74 66 48 48 35 83 66 75 53 22 35 61 88 51 50 64 59 14 66 82 49 48 28 40 11 25 74 6 4 14 67 59 24 28 24 34 55 47 31 62 65 67 68 50 66 45 43 28 33 
58 66 56 38 43 67 20 35 56 39 0 54 12 38 52 30 20 25 54 53 44 42 24 27 59 38 57 66 16 56 57 47 40 44 47 29 44 22 47 23 48 40 36 43 29 68 54 42 40 45 34 32 26 28 55 40 33 44 42 65 30 21 35 
14 119 73 85 96 82 69 30 88 91 54 0 44 46 81 24 43 68 108 22 41 58 62 81 97 40 23 94 54 64 71 100 70 14 68 72 82 70 99 76 75 89 87 97 26 89 108 95 81 79 74 77 78 52 60 67 23 90 72 98 55 64 87 
50 77 62 50 52 74 25 32 65 51 12 44 0 40 49 22 22 26 64 47 44 34 22 37 70 38 51 75 12 60 62 58 36 33 54 31 54 27 58 33 44 52 49 55 18 76 65 51 51 55 34 35 34 20 58 35 27 48 38 75 35 31 43 
39 91 27 48 75 38 58 16 43 58 38 46 40 0 89 31 19 64 86 30 8 73 61 59 53 6 33 48 51 21 26 71 76 47 22 67 39 60 68 57 84 54 53 69 37 43 80 74 40 35 72 71 62 60 18 75 26 82 78 53 14 30 70 
92 80 108 80 55 119 37 80 105 74 52 81 49 89 0 66 70 28 60 92 92 23 28 52 106 87 96 116 38 108 109 71 13 67 99 27 92 36 74 49 6 79 74 67 60 119 71 53 88 95 20 27 43 30 106 14 73 30 11 113 82 71 44 
29 95 57 61 72 68 47 16 68 66 30 24 22 31 66 0 20 48 84 26 30 47 42 57 76 26 30 76 33 52 56 76 54 18 51 52 60 48 75 52 61 65 63 72 7 73 84 71 59 58 55 56 55 36 48 52 6 70 56 78 34 40 64 
43 79 41 42 60 52 40 17 49 48 20 43 22 19 70 20 0 45 72 36 24 55 42 44 56 18 40 57 32 39 41 59 57 38 33 48 40 42 58 40 65 47 44 57 24 56 68 59 38 38 53 52 45 42 37 56 20 64 59 59 15 21 54 
76 62 81 53 35 92 9 58 76 48 25 68 26 64 28 48 45 0 45 73 68 28 7 26 78 63 78 88 15 82 81 48 18 55 72 4 64 8 50 23 26 52 48 44 43 91 51 34 60 66 9 9 18 19 80 19 53 22 19 85 55 43 23 
112 20 90 46 12 98 40 89 74 35 54 108 64 86 60 84 72 45 0 107 94 71 52 28 68 88 111 85 56 97 92 22 57 96 82 41 63 39 26 32 62 41 38 20 82 93 14 13 58 68 46 38 30 64 97 60 88 30 57 78 72 56 22 
10 115 54 76 95 62 71 18 73 83 53 22 47 30 92 26 36 73 107 0 22 71 68 79 83 24 4 77 59 44 52 95 80 31 51 78 69 73 93 75 86 81 79 92 32 70 104 94 69 65 81 82 79 62 40 78 20 95 82 82 42 55 88 
32 99 32 57 82 41 64 14 51 66 44 41 44 8 92 30 24 68 94 22 0 75 66 66 61 6 25 54 55 23 30 79 80 44 29 72 48 66 77 64 87 62 62 77 37 48 89 82 48 43 77 76 69 63 20 78 24 88 82 60 23 38 77 
70 90 96 78 63 107 36 62 98 75 42 58 34 73 23 47 55 28 71 71 75 0 22 54 101 70 75 108 27 94 96 76 16 44 88 31 86 36 78 50 17 78 74 72 40 109 79 61 82 87 26 34 46 14 92 13 53 44 17 107 69 63 51 
70 69 80 56 42 92 14 54 78 53 24 62 22 61 28 42 42 7 52 68 66 22 0 32 81 60 73 89 10 80 81 54 16 48 72 11 66 14 56 28 24 56 52 50 37 92 58 40 62 68 12 16 24 12 79 16 48 29 17 88 54 44 30 
84 39 67 30 16 77 18 61 57 22 27 81 37 59 52 57 44 26 28 79 66 54 32 0 55 61 83 68 32 72 69 22 44 70 59 25 44 18 24 4 51 27 23 18 55 74 28 15 39 48 32 25 9 42 72 45 60 29 44 64 46 30 13 
92 60 35 25 62 38 69 67 11 35 59 97 70 53 106 76 56 78 68 83 61 101 81 55 0 59 86 18 74 47 38 47 95 94 33 78 16 70 42 57 104 29 33 48 80 29 56 63 19 18 86 79 64 87 50 96 74 84 97 10 42 39 67 
34 94 33 52 77 43 58 11 49 61 38 40 38 6 87 26 18 63 88 24 6 70 60 61 59 0 28 54 49 26 32 74 74 41 28 66 45 60 72 58 82 58 57 72 33 49 83 76 45 40 71 70 63 57 23 73 21 82 76 59 18 33 71 
9 119 56 80 99 64 76 23 76 88 57 23 51 33 96 30 40 78 111 4 25 75 73 83 86 28 0 79 63 46 54 99 84 33 54 82 72 78 98 80 90 85 83 97 36 72 108 98 73 68 85 86 83 66 42 82 25 99 86 85 46 59 92 
87 78 23 39 77 21 79 64 12 51 66 94 75 48 116 76 57 88 85 77 54 108 89 68 18 54 79 0 82 35 26 64 105 93 26 89 24 81 59 69 113 44 48 65 81 12 73 78 29 21 96 91 76 94 39 105 73 97 106 9 42 46 81 
61 71 71 51 45 82 16 44 71 50 16 54 12 51 38 33 32 15 56 59 55 27 10 32 74 49 63 82 0 71 72 54 25 41 62 19 59 17 55 27 33 52 48 50 29 83 59 43 55 60 22 23 26 13 69 24 38 37 27 81 44 36 34 
54 97 12 52 86 18 75 37 35 64 56 64 60 21 108 52 39 82 97 44 23 94 80 72 47 26 46 35 71 0 9 78 96 67 15 85 38 77 75 70 104 59 60 77 58 26 88 86 41 32 91 88 77 80 4 95 47 98 98 42 27 42 84 
62 91 3 47 82 12 74 42 27 59 57 71 62 26 109 56 41 81 92 52 30 96 81 69 38 32 54 26 72 9 0 73 97 73 10 84 32 76 69 68 105 53 54 72 63 18 83 82 35 25 90 87 75 82 13 96 52 96 98 33 27 40 82 
102 20 70 26 17 78 40 77 53 14 47 100 58 71 71 76 59 48 22 95 79 76 54 22 47 74 99 64 54 78 73 0 64 91 63 46 42 40 4 27 71 20 18 4 75 72 10 19 38 48 53 45 30 65 79 66 78 43 65 57 56 40 27 
80 76 96 71 50 107 27 67 94 66 40 70 36 76 13 54 57 18 57 80 80 16 16 44 95 74 84 105 25 96 97 64 0 56 87 18 81 26 67 40 8 70 65 61 48 108 66 48 77 84 12 20 35 18 94 3 60 29 2 103 69 59 38 
27 109 74 79 85 84 57 30 86 82 44 14 33 47 67 18 38 55 96 31 44 44 48 70 94 41 33 93 41 67 73 91 56 0 68 59 78 58 90 66 61 82 79 87 15 90 98 84 76 76 60 64 66 39 64 53 21 77 58 96 52 57 75 
61 82 9 37 72 20 64 38 22 49 47 68 54 22 99 51 33 72 82 51 29 88 72 59 33 28 54 26 62 15 10 63 87 68 0 74 23 66 60 58 96 44 45 63 56 22 73 72 26 17 81 77 65 74 17 87 47 86 89 31 18 30 71 
80 59 83 53 33 94 10 62 78 48 29 72 31 67 27 52 48 4 41 78 72 31 11 25 78 66 82 89 19 85 84 46 18 59 74 0 65 8 49 22 26 52 47 42 48 93 48 31 61 68 7 4 16 23 84 20 57 18 19 86 58 45 20 
78 59 29 16 54 36 55 52 13 28 44 82 54 39 92 60 40 64 63 69 48 86 66 44 16 45 72 24 59 38 32 42 81 78 23 65 0 57 38 44 90 22 24 42 64 31 52 54 4 6 72 67 52 72 40 82 59 73 82 22 27 23 56 
77 55 75 45 29 86 2 57 69 40 22 70 27 60 36 48 42 8 39 73 66 36 14 18 70 60 78 81 17 77 76 40 26 58 66 8 57 0 42 15 34 44 39 36 45 85 44 27 52 60 16 11 10 25 76 27 53 22 27 78 50 37 17 
100 22 67 22 21 74 42 75 48 11 47 99 58 68 74 75 58 50 26 93 77 78 56 24 42 72 98 59 55 75 69 4 67 90 60 49 38 42 0 28 74 16 15 7 75 68 14 23 34 44 55 48 32 66 76 69 77 47 67 52 54 38 30 
80 44 66 31 20 77 14 57 57 25 23 76 33 57 49 52 40 23 32 75 64 50 28 4 57 58 80 69 27 70 68 27 40 66 58 22 44 15 28 0 48 30 25 23 51 74 32 19 40 48 30 23 7 38 70 42 56 29 41 65 44 28 14 
86 82 104 79 56 116 35 75 102 74 48 75 44 84 6 61 65 26 62 86 87 17 24 51 104 82 90 113 33 104 105 71 8 61 96 26 90 34 74 48 0 78 73 67 54 116 72 54 86 92 19 27 42 25 102 9 67 33 7 111 78 68 44 
89 38 51 6 33 58 43 63 33 6 40 89 52 54 79 65 47 52 41 81 62 78 56 27 29 58 85 44 52 59 53 20 70 82 44 52 22 44 16 30 78 0 4 20 67 53 30 34 18 28 59 52 36 65 60 71 66 55 71 38 40 26 38 
87 38 52 8 30 60 39 61 36 4 36 87 49 53 74 63 44 48 38 79 62 74 52 23 33 57 83 48 48 60 54 18 65 79 45 47 24 39 15 25 73 4 0 18 64 55 29 30 20 30 55 48 32 61 61 66 64 51 66 42 39 24 34 
99 23 70 26 14 78 36 74 53 14 43 97 55 69 67 72 57 44 20 92 77 72 50 18 48 72 97 65 50 77 72 4 61 87 63 42 42 36 7 23 67 20 18 0 72 73 12 16 38 48 49 41 26 61 78 62 75 39 61 58 55 38 23 
33 94 64 64 71 74 43 23 73 67 29 26 18 37 60 7 24 43 82 32 37 40 37 55 80 33 36 81 29 58 63 75 48 15 56 48 64 45 75 51 54 67 64 72 0 79 83 69 62 63 49 52 52 30 55 46 13 65 50 83 39 42 61 
80 88 16 47 85 10 83 60 20 59 68 89 76 43 119 73 56 91 93 70 48 109 92 74 29 49 72 12 83 26 18 72 108 90 22 93 31 85 68 74 116 53 55 73 79 0 82 85 35 26 100 95 81 95 30 108 69 103 109 21 40 48 87 
110 12 81 36 16 88 44 86 62 24 54 108 65 80 71 84 68 51 14 104 89 79 58 28 56 83 108 73 59 88 83 10 66 98 73 48 52 44 14 32 72 30 29 12 83 82 0 18 48 58 54 46 34 69 89 68 86 41 66 66 66 50 28 
99 29 80 39 2 89 28 76 66 28 42 95 51 74 53 71 59 34 13 94 82 61 40 15 63 76 98 78 43 86 82 19 48 84 72 31 54 27 23 19 54 34 30 16 69 85 18 0 50 60 36 28 17 52 86 50 75 24 48 72 61 44 10 
78 56 33 12 49 40 51 52 17 24 40 81 51 40 88 59 38 60 58 69 48 82 62 39 19 45 73 29 55 41 35 38 77 76 26 61 4 52 34 40 86 18 20 38 62 35 48 50 0 10 68 62 47 68 43 78 58 68 78 26 27 20 52 
74 66 23 22 59 30 58 49 11 34 45 79 55 35 95 58 38 66 68 65 43 87 68 48 18 40 68 21 60 32 25 48 84 76 17 68 6 60 44 48 92 28 30 48 63 26 58 60 10 0 75 70 56 73 34 84 56 77 85 21 24 24 61 
82 64 90 60 38 100 17 66 85 55 34 74 34 72 20 55 53 9 46 81 77 26 12 32 86 71 85 96 22 91 90 53 12 60 81 7 72 16 55 30 19 59 55 49 49 100 54 36 68 75 0 8 23 22 89 14 60 18 12 94 64 52 26 
85 57 86 54 30 97 13 66 79 47 32 77 35 71 27 56 52 9 38 82 76 34 16 25 79 70 86 91 23 88 87 45 20 64 77 4 67 11 48 23 27 52 48 41 52 95 46 28 62 70 8 0 16 27 87 22 62 13 20 88 61 47 18 
83 45 73 38 19 84 11 61 64 31 26 78 34 62 43 55 45 18 30 79 69 46 24 9 64 63 83 76 26 77 75 30 35 66 65 16 52 10 32 7 42 36 32 26 52 81 34 17 47 56 23 16 0 35 76 36 59 22 35 72 50 35 9 
63 80 82 64 54 93 25 50 83 62 28 52 20 60 30 36 42 19 64 62 63 14 12 42 87 57 66 94 13 80 82 65 18 39 74 23 72 25 66 38 25 65 61 61 30 95 69 52 68 73 22 27 35 0 78 16 42 40 20 93 55 48 42 
50 98 15 54 86 22 74 33 38 65 55 60 58 18 106 48 37 80 97 40 20 92 79 72 50 23 42 39 69 4 13 79 94 64 17 84 40 76 76 70 102 60 61 78 55 30 89 86 43 34 89 87 76 78 0 93 43 97 96 46 26 42 84 
78 79 96 72 52 107 28 66 94 67 40 67 35 75 14 52 56 19 60 78 78 13 16 45 96 73 82 105 24 95 96 66 3 53 87 20 82 27 69 42 9 71 66 62 46 108 68 50 78 84 14 22 36 16 93 0 59 31 4 103 69 59 40 
24 98 53 62 76 64 51 10 66 68 33 23 27 26 73 6 20 53 88 20 24 53 48 60 74 21 25 73 38 47 52 78 60 21 47 57 59 53 77 56 67 66 64 75 13 69 86 75 58 56 60 62 59 42 43 59 0 75 62 76 32 40 68 
98 50 95 58 26 105 24 79 85 50 44 90 48 82 30 70 64 22 30 95 88 44 29 29 84 82 99 97 37 98 96 43 29 77 86 18 73 22 47 29 33 55 51 39 65 103 41 24 68 77 18 13 22 40 97 31 75 0 28 93 71 56 17 
82 76 98 72 50 109 28 69 95 66 42 72 38 78 11 56 59 19 57 82 82 17 17 44 97 76 86 106 27 98 98 65 2 58 89 19 82 27 67 41 7 71 66 61 50 109 66 48 78 85 12 20 35 20 96 4 62 28 0 104 71 61 38 
92 70 31 34 72 30 77 68 10 45 65 98 75 53 113 78 59 85 78 82 60 107 88 64 10 59 85 9 81 42 33 57 103 96 31 86 22 78 52 65 111 38 42 58 83 21 66 72 26 21 94 88 72 93 46 103 76 93 104 0 44 45 76 
51 76 27 34 61 38 48 25 34 43 30 55 35 14 82 34 15 55 72 42 23 69 54 46 42 18 46 42 44 27 27 56 69 52 18 58 27 50 54 44 78 40 39 55 39 40 66 61 27 24 64 61 50 55 26 69 32 71 71 44 0 16 58 
63 60 39 22 45 49 35 37 35 28 21 64 31 30 71 40 21 43 56 55 38 63 44 30 39 33 59 46 36 42 40 40 59 57 30 45 23 37 38 28 68 26 24 38 42 48 50 44 20 24 52 47 35 48 42 59 40 56 61 45 16 0 42 
92 39 80 42 12 90 18 70 69 33 35 87 43 70 44 64 54 23 22 88 77 51 30 13 67 71 92 81 34 84 82 27 38 75 71 20 56 17 30 14 44 38 34 23 61 87 28 10 52 61 26 18 9 42 84 40 68 17 38 76 58 42 0 

0.0 13.867006784944255 11.77720002104326 16.004536372246758 12.678316105187326 13.74465709329526 8.658408836181282 4.669019006133871 13.46948110296504 16.42466304608841 9.385728010627254 2.0232700276679303 7.695536291835511 4.6579582426893 16.73394611340709 5.7155981594551974 7.762511646211677 11.770967607738267 14.15384781595322 1.1958363894692192 4.849811833655354 13.531507127269162 9.72484123549119 8.527742138731771 16.055612386568157 5.481445060913089 1.7618256880347833 13.87429853176386 10.573813184049655 8.984474844340888 9.203607972249827 14.88268386210716 8.164566943063388 3.7604960326798276 6.728769839896886 13.611024384591298 13.961401879827697 7.9622086314402525 10.574875420838229 15.99624284971549 15.722756347024347 15.118232583014048 16.013622698878986 18.41146186679658 4.058163139244815 14.15769249777837 20.294975175194956 15.093783132272769 9.453358836480188 14.699050181910671 10.471077257436507 10.888690394714944 9.840837471475457 7.991005138340909 5.009470167474387 11.558229207009692 3.6657393985446394 18.892301181612368 15.845359650390936 13.397974976460027 6.834512798756231 8.125875948196557 14.260482133892623 
19.827439293740767 0.0 16.758722026236086 5.106303651067048 4.2109629727616245 9.729989774634015 8.205322543187066 14.743340783889753 9.702294773803619 4.287194717152138 8.418647479523724 18.376683290624904 9.636072244128151 13.833964446003844 12.794163560037774 18.183298965736604 13.329993764107119 8.532201002166346 3.0381576832649895 17.495554488967176 15.27349264934112 16.957388925001453 13.705018079057325 7.29724859555863 6.787278778767449 17.982873244741175 18.94074561017676 13.605940356179403 11.573296270726209 17.993182434087704 11.046358491861605 3.319872439263169 7.761419137015483 12.735276465055152 9.074309694665214 11.376421500327126 10.978855958609376 9.165847395741574 2.589839453625624 6.08037363542909 8.840107078723067 4.195904029594851 4.47203828648585 2.736258910111723 11.663089612832344 16.09433240253336 1.529787153647652 4.381012112917606 6.941098214657398 6.6345469782993085 6.530825517025651 6.45466239688681 5.137215113293934 9.563713254548151 9.906365393804805 13.024151742919207 10.239552794508338 9.427550762725549 12.743469440217552 8.270600864234218 8.517740437431659 11.291588259363117 5.7510241505934 
7.220176905687236 14.781255845320263 0.0 6.294877414987496 15.374538637529346 1.1134629257965742 13.534604706379167 6.2528717825892715 3.2101296883060586 11.007637505604983 5.716160256444295 13.082993542433286 8.948060556379522 4.588531776104463 13.502024389210876 10.970611522241077 7.788908852179163 14.831548787297784 10.936373365802801 6.1021671850335615 6.232445060505814 11.805777185315193 14.041436636050012 12.252468443198662 3.7904933199231263 3.4553730747834046 6.479763027799485 3.0029980774820055 7.957913171993282 1.4173177055526118 0.47760725116931657 10.248455303286597 10.298298013087509 9.359581299476494 1.4157735534083686 15.822608014432632 2.9686017818008588 10.805246365953773 13.04916109167166 8.965466979469452 20.622450674375013 8.355068782526129 5.815262364274852 13.471620095538636 9.63897624431344 2.8900118416041773 15.383387912036223 15.279208840387344 5.729842255060469 3.6076784641028103 14.907599228808017 17.037359893962886 10.207493428047833 8.769634458066813 1.7360654797179123 11.973465933996872 6.318981217767615 12.867960088832104 18.20655902555432 4.465321894929495 5.3525192054301485 5.819803333181895 9.544923374483394 
14.691076988242916 5.064730460643418 7.852039683254562 0.0 3.8558505444033453 7.796031186358881 8.077521571993017 9.070651520376932 5.444899709243501 1.3365712374785914 7.430029268505978 13.361801209411858 8.52576149476114 8.127958695661443 10.819879649434402 9.189355285156148 7.436911751754879 10.209765030887407 8.518634227829116 14.363665350250283 6.71488480418591 12.876329194322155 7.845534183568172 3.3354862982197715 3.508700197118878 8.771821957554913 11.803832098026614 5.747300353385569 9.806636857493078 7.454688695065416 7.494694596794423 4.289064008108262 8.10775258211802 12.207325480836188 5.74420662653705 8.302421629655107 2.8647481735716607 5.6875019584885385 3.6147355515458477 5.758464247537206 8.398435244133825 0.7641454214138039 0.88902004196 4.487119994636252 11.256509837901952 5.936337829783955 4.671877327957697 4.924651969498199 1.707106406201426 3.8212855631581197 8.767360094135014 5.471672402199974 3.8915281325544404 12.790719905406556 5.72871983083721 13.328854472671269 6.342982663010577 9.527230924505703 9.78744113795611 3.519731293194725 5.999082428575893 2.9546750327928257 6.587350064062786 
16.523244470591543 2.7621665340093133 9.578580693408622 5.3188303764560585 0.0 10.454282344944026 4.198075677872699 13.914605706440053 6.953879203806534 5.153998802422548 6.6695099059932765 18.3396721441892 7.31356544174241 12.140502445838223 8.225292825812637 11.34417843142986 11.48200368079985 5.609764405426644 1.3878800089158974 17.993385157782466 12.597257120787752 12.591441143353498 6.313886326949024 2.960142409085159 11.088228874096954 14.852359172207649 14.091022923077137 13.830108447835304 7.002060383125233 14.502172615638948 16.275586027559907 3.339524684079419 9.189567501301195 16.241087644237748 9.322996449399938 3.7510561064084205 8.403253226778205 4.689279231872647 4.032855548190991 3.529502221493726 6.885512330213848 5.354111030090276 4.885040131513723 1.8069665241833022 10.554206145089486 11.828080529006883 1.6354671461409478 0.2298294806373501 5.41222670439409 9.242039870063739 5.721156510165712 5.855689007952591 2.8637119748453745 8.018846545998429 16.227792194710926 8.591344096675705 10.819595694733419 4.679761172283781 9.26926501389859 7.6723045652126585 10.498710412106409 8.592271422688972 1.7911181424925058 
14.289114093747504 11.959518898364085 1.4117067817218552 5.231737671561515 11.261429513482735 0.0 16.20062136998262 9.673657413682552 4.558456267047468 8.624797632606635 7.862406206859966 8.845626323670507 8.13027471933027 6.452618574778898 19.90214404723862 9.552850804940398 6.847710327846825 18.169742188418276 10.122903985501484 8.038077508847252 6.467453887796006 20.21121757818691 16.07869795963572 12.882341729512621 6.845504432422567 6.457192411969291 7.552028471592924 3.4499573188228805 15.063555181043572 3.2858496956135377 1.433343078788087 12.196109897217053 20.46633759088932 9.26717368394522 3.300950793658172 13.77483442406079 6.986729684360968 9.08685963758158 10.245905462619426 9.18604993817066 22.95230875869317 8.914788413561315 8.968223159326943 14.932929871401186 8.241084388030046 1.696133745885227 15.050079413469703 17.48615510380242 5.072386829793229 3.011082076941303 13.82209867455909 13.0396588840671 16.306405728894426 11.014954608122624 2.5526131317777856 16.888416938565296 10.887035228991746 14.901594000520888 18.929806821325748 3.1668622619245523 5.009748278613788 9.616551642471045 10.188420268375447 
10.596264587458906 10.052989661409054 12.147835358100327 8.245352086432128 3.0257444644325986 9.939532288496652 0.0 5.91908837313537 7.0622029185889055 3.932540606212215 3.2523584965928114 12.87266257827439 3.461730058503623 7.668311425617701 5.077103322402592 8.564715649568644 7.446621891761435 1.6999109215702766 4.412929770757479 7.816804756840631 7.2126316294219 6.4037427481314335 1.8384708944146673 3.028827515593921 7.9668492699406155 9.81023395838427 14.302571284512144 13.982180480935162 2.939303998152856 12.418157438912669 10.824072967642579 6.730494939987943 5.3382252695704775 7.817016587070225 9.981031459367903 1.7393951807154622 9.120283479938516 0.2680570640237657 7.2266874868617315 2.119373813536899 6.093376566242858 4.794143907155394 7.50704549496565 5.5666819292316845 4.399734983415772 11.970386801580329 6.237352587208669 2.966895922761096 7.2572829372590215 10.539548994351692 3.339913714255829 1.9227375914099119 1.535207375869261 4.943625027141879 12.854257201163701 4.448614575203404 8.567850955872403 2.8030470173646878 5.073079140173823 15.17559685281336 6.645157569237909 5.540344425025129 2.8469832959983368 
5.113022986403072 13.281479921240514 5.521021450256408 6.973436538665756 13.686361154691003 10.039281973323682 9.890014539431043 0.0 8.580152130311124 7.989051924244278 6.453828355662293 3.7698263853144227 5.316122193905418 3.1141701402305833 13.585006850754123 1.8192545589719127 1.9072721973883195 9.992862440698298 15.569309818554402 2.9741298894225854 2.1779083030522366 6.4171496389531315 7.630929984061109 11.200274473805118 9.674866141329163 1.430725833857191 4.484034704264469 9.628068903907355 6.295481257823509 4.329433409718855 5.546939471414217 11.080247984595164 8.737711059856464 4.745857860556058 5.17995187434698 9.421150370976633 6.9420732951013076 8.34210972025975 14.58223218482256 7.811975332680815 8.464144440716469 7.650858065250464 8.797817815525507 9.181111081151348 3.066432528306974 8.405733216364018 15.862723946998994 11.492228417331368 7.917900054072938 6.915735841348049 13.167752746831095 9.559924027848606 8.025940191661427 5.868844853752014 3.4237431433473184 10.12919533179893 1.3327899290435212 11.238534566193778 13.088277463066827 7.0438745471513995 4.749368135651703 5.234545627414308 12.083022910502615 
9.894602216487538 10.238776407651468 3.4613986631914897 4.47870212513698 12.68799413133172 5.120748675124375 13.37262757065336 7.996928565598509 0.0 5.241261191527068 9.563156224969687 14.089511390933598 11.859658548980732 4.58705815185761 16.401271490535862 9.797907984334309 7.422504972796056 7.6307782320643 13.270623684030632 9.36890137680014 9.935986079298274 11.134248010370012 12.049534564528788 6.923811059058886 1.2953137494625826 6.5472233764475805 10.282684516959016 2.1359802730986734 13.635132563471501 4.533825951664004 2.726364090170068 8.969108046191486 14.545661043110528 12.139694277708132 3.9936662493558073 13.90595599451541 1.9838160855886042 11.422802364616853 9.559504363590381 7.846263037028812 10.498672664978333 4.411935745733352 6.427798473683094 7.680672923038163 7.781682497738623 2.7644894263450555 9.800401338177679 9.08183221816889 2.8402551795807796 1.3222625264032233 9.840771199836455 14.36344566938688 8.985962487572685 12.3010192730274 4.163743468810739 12.298700831029453 10.926239110025532 10.704101441095474 11.322984040455381 1.3971052490642557 3.4594955015747013 5.116073487020937 11.664109440805987 
16.355892664499397 4.300891221493233 9.42045297554515 1.2703733115629219 4.936529668670433 10.361033193838159 5.207416716259276 6.665241909622732 6.236616182988407 0.0 5.853277082869512 14.621825649979975 9.160049289682465 6.758530077886396 12.577117639451142 12.42192860653499 7.884075370112664 8.990216923711529 5.465382925331957 11.260793270821782 10.453355878800556 9.904505261830154 9.821578583103722 4.067915457920327 5.314724234355804 10.867916495805005 14.159461835088024 10.066804986854397 9.712037706982006 10.808524757894801 6.950497580512347 2.042183702175227 7.947986682734639 11.760030979848025 9.00681608169278 8.28600564433631 3.3002290323410954 5.532033691995876 1.3868723355779258 3.5098542551006746 7.819626412819819 1.1711622975241578 0.6051773194551385 2.3514622971392565 10.888853317403058 10.310194416537769 3.5330448448981833 4.796796908593525 3.266257743935535 4.913779151177983 8.2566967203962 7.6828231428697915 5.893714162979042 8.056385420178179 12.869421165200368 6.785054217285219 13.384680875915105 9.586271125992322 12.021028957911781 4.768195507826047 6.984515980556909 3.376458585060991 4.677854487031926 
7.284278430904539 11.945486543207224 6.7537685740203095 5.889915586141299 6.547382795216173 9.94345994857796 3.7264033333160285 5.879425933014945 8.664260304583733 5.1475684188487065 0.0 9.11164559160196 1.6531516421227228 6.980561855784859 7.252735110788521 4.7102530350655565 3.8807631755806486 2.636178421967869 7.8599052119882185 9.692321636813542 7.511732312300335 5.178061668399899 2.720835544414199 3.429155869240845 7.907345871313409 3.9572007134586986 10.532664028807673 11.478005874724927 2.8437906745259847 8.58819064284664 8.019567734641566 8.72389991963626 7.543206040068908 7.237352818013241 7.6597533988789 3.418081338857535 6.630822160695007 3.373765169325119 5.579493959928749 3.0683602080999113 6.935258796333548 7.926861959035781 5.964305559048196 6.782733362738732 4.94949632157109 8.446536779379864 7.713284255877376 8.042284494163827 4.3916895211851585 5.279460324367569 4.350635263826945 4.498266216512287 2.8355290536794087 3.4694316488774466 6.341062153821618 6.01857497134823 5.746199872300418 8.659951273909838 8.017690275942572 8.705145846863466 3.944430768225024 3.6994937548804554 5.6154772382047975 
2.283993418619553 14.128824223149937 11.113454103831002 9.768704461491858 15.026264067425382 12.687430412838342 9.901173632729241 3.104644045389431 11.268499585445019 12.663170007304307 7.395496685176624 0.0 8.044090383531664 6.079548640254373 14.618202327171325 4.658783004665786 5.857916846574895 11.459515623815221 20.18121944639136 3.1114828326469666 4.357166182464533 9.746800331088085 6.716393825990818 14.723667244059254 17.30916824685693 4.567359864711526 3.825693929340968 12.806491303821193 9.237912672197403 11.906735153927418 12.55674570995602 17.420392494404467 9.458532047409916 2.040297437127049 13.179832314040048 11.377990811638792 8.783051455213247 7.169045530759381 10.357326656792905 10.326541596023759 14.72083984162299 17.55336609931591 13.110340391408515 18.977879631586937 3.3261641419518027 15.953748388487211 12.26173519662714 10.255659470867734 14.879439453102325 13.548183038807924 7.532925597915844 11.867535352642042 13.762506141217136 8.222549304850485 11.92711702506136 10.482396469088954 3.9703838482774154 14.352163271203814 13.049526213707725 10.01475523678861 7.049556144355398 12.769383261909297 8.710769576087351 
9.010304567103281 10.41445067904477 6.967770936125085 6.098580327857646 6.752786749242443 13.822637621730959 4.4635952907810506 5.297814271172251 8.794202922674803 7.8151326543303945 1.5572070474313928 5.832827898652399 0.0 5.2680714877844945 5.496252362933889 2.7155913954499993 3.467008378602621 4.46041002344023 9.669629251896527 7.043571513186022 8.096395496799307 3.483380387175726 2.6070783797667003 3.846894672038192 13.301799101296119 7.254636078139676 8.362250712892886 9.066247056582183 1.3553192293610266 7.78453149149455 8.272437173921336 10.217928053836681 5.265103465661701 3.9938464192727583 9.00899583943643 5.968911649738838 9.065117730225463 3.9898257056212016 7.829399601979224 6.311349638948393 7.362636758395687 7.383990100665109 7.297882609374569 6.200958037919948 3.5813376200784894 11.226382281228686 9.814249689037496 7.573340623156956 7.806991757820578 8.034515955714571 5.969207339746628 5.994326551663761 5.277449560967873 3.1417042424673145 8.704549350142901 4.360977263471728 4.7171435369013075 7.539199885335711 7.273400580813421 10.055276853875274 5.183133246372669 4.796770230283764 6.098914464474149 
5.1682343808338045 9.140814433936162 4.039278497425684 8.635430823569136 11.209010152439381 6.772279003330914 9.064663918399607 2.1783415992349338 4.335937872081757 11.061126425534166 4.39580081661778 6.510786604893824 5.184447167188905 0.0 11.547261979446663 4.257108047993211 3.603207761153408 9.248192615600459 12.946851854767518 5.366126078963319 1.0888806467294492 13.09593215837863 7.688396405906136 10.227272691128517 9.750851993882634 0.6223273401184917 5.126237626409485 4.8622384352987105 6.26223586858553 3.784776063307987 3.491933273812928 13.174452024172968 9.94271515570864 6.905237937148096 3.9313113422900066 12.553295010863508 4.469525555677805 7.776721871771418 13.37035658353525 7.37201599770459 9.297117099167549 6.979834087716357 7.662019145901814 11.560925023183191 4.659368661095595 5.382297963034232 11.360967484375582 11.912235891243343 6.38874635277276 5.257431404349268 9.977097721707338 8.194266803675378 9.104141951676262 9.722400447896568 2.2397807979040114 8.347348007459582 4.7727776772591515 12.771570641758306 11.707627805857573 8.47809987458843 2.1123601748515113 4.126639338819191 12.21919579299489 
15.758221076447288 10.296198474056242 11.506270611089715 15.395602931103365 8.646066790118873 12.238105752537905 6.3705061144123505 8.008550251898141 14.72174539196762 7.583131718434272 8.782163520510691 12.008875128182142 8.998914427210405 15.133842486054434 0.0 12.833384070210968 7.810488749131061 4.4186247949056545 6.602083906620213 10.352919708691944 12.865548558971597 3.810881363379731 3.747921155123248 7.191863779957364 20.91978683264013 15.969114162995783 10.025290185933173 15.131873260310833 6.710127785659786 19.19666567741561 20.869883876871327 7.406035456474168 1.5050147024757288 11.15771216290138 18.082115625206143 4.112040760564275 16.73758909037734 5.82818168747313 13.415000176266197 9.756795166009095 1.159011366072993 9.186891753769418 13.288366989756849 10.23639557510625 11.506146255011465 12.146454235059293 11.547578298187371 5.455195532641244 13.664408956234265 16.01193713747198 3.2700621425012297 5.046870818499223 4.809537429401844 5.013466721184941 11.352174369886841 2.675760616873058 7.9029980270481754 3.252138864674011 1.6808814014518543 20.325353803452767 13.465292439152023 8.308286807729223 7.4428331798853335 
4.2869872331834555 12.822034291282595 10.219286625407033 9.258292417401936 12.447965218130893 13.318474852869215 6.453534122856169 2.0225869863338715 7.214130319831496 10.347217944624871 5.05924699299044 3.895363427289806 3.8000777891260813 3.490788539327287 6.936105717057914 0.0 3.491135346287394 6.546368396885092 15.661005478047747 3.98001093740338 5.302003143163821 5.919047249347921 4.840093095447015 8.944544573514035 10.28230021139271 3.1716553593862242 5.323516976081656 14.654329368436521 5.638080889003916 6.543162660624767 6.734970889403985 14.531559079108725 6.620094159890348 2.8477345942607553 6.799957454571317 9.327078533979922 7.374976639733249 5.634504700701665 12.179837606137774 8.579186165840543 7.168330343077751 7.420006853021354 12.320281625922249 8.718278674793039 0.8287080537858597 13.445018392611097 8.512730617922484 10.060948187534317 6.955612989201542 6.033689858520959 9.084985501222896 8.532552630503305 6.096355174214921 5.983666421911328 7.982275733820268 6.642300835208378 1.0118527151707402 7.046195791730905 8.984627963410967 14.801844615825999 6.273105752559456 6.615023277075425 11.884191541982094 
5.7702019297079685 12.802988318166134 6.861101491741292 7.907112513786445 9.63017195731827 7.853305052073439 4.650927230158667 2.943969677671947 7.899938306072922 6.861199068870889 3.1680671099323168 5.188154234509431 3.5174305817505793 2.429210630944583 12.974506859303933 3.467997901097773 0.0 8.019592804618345 11.79626080716913 6.910716269555051 2.864496229916985 9.371019435128629 7.819261441635535 8.62705606817966 9.2142563541782 3.1670056353609795 7.938418321164308 9.012222087496406 6.137022555856664 6.052833166045209 5.074733355510164 11.316204971194766 6.741824658084367 6.209422733868873 5.3105614347853525 8.818033249617283 7.4248902446401415 5.740630275342197 6.14479785547767 5.932015583903883 8.449615593081313 7.472673759699365 4.972527938689946 8.446344037788373 2.510637592907501 6.95418618871495 12.537087543748193 6.512634922694765 5.234592841829042 7.515415907501174 8.192307936850675 9.713729381487052 7.85768484869795 6.389121997127568 4.19898833173287 8.530501908665183 3.385526542862708 12.506688878381265 11.477608153918379 6.357243666471981 2.4645656659874886 2.944339903458941 7.558793250243979 
11.864857658169477 7.428588589989058 12.981852496678204 7.597683095872991 5.290076854860906 12.074580257303346 1.4944937020984663 9.324262721573783 13.2257166044979 5.071422491699519 4.708909217714112 12.053988230036861 4.708820436266647 9.606437436394705 5.5300869868674045 5.395242017348305 8.06127612626825 0.0 4.547454026580801 10.93578070169608 8.62545809699834 2.927264653159759 1.0979439092250727 4.674293098202471 10.318379747736136 11.47725980585308 8.59725579788537 13.280094716600507 1.7066090318405944 12.263442192901891 9.258342374177994 6.576001968190761 2.1394743257934317 5.99171243565905 8.67823876639831 0.55612982384574 9.646111399826301 1.4055740368016296 6.6447223673748645 3.6412945141578903 3.487052130460275 7.066914767064274 4.982098631317217 8.65271682310432 7.059868390955456 12.019229759818298 5.719847763181272 5.510229595951847 7.226017570888514 11.50949735984825 0.9451378208126155 1.6611685835169119 3.5224661236433734 3.601994877117546 8.21968505118921 3.3331178576975296 9.806054865982405 4.1386400381435795 3.1344362147509157 16.608599782512854 5.6804212306556146 6.493138241310399 4.356402087359333 
14.890490011241482 3.0328010490403816 10.094993701930322 7.776243768839699 1.5785537592169125 13.040679819135615 5.593087122698216 14.632498325145981 10.856313276265013 4.369076716114378 5.433555829480955 16.971637617505888 10.130256932135724 13.071790882728251 7.448053356467219 11.659795684243658 7.989946841995253 7.656472473762575 0.0 16.515669153016894 10.061975223750053 11.197710894257046 8.185503786480403 4.5855438218666045 8.794210635503863 12.225467758399244 16.423422295116676 9.114695646039536 7.25199531147866 10.3423239755272 13.142039164352573 3.503127960392397 10.093044976843125 18.350436483326234 16.39921671564767 5.552160055481375 8.051706344441007 4.918769514483202 3.971160894719266 5.508806917428842 8.483400802699329 7.98761804794508 5.917806720900661 2.6666138997417406 9.126486831067085 9.491260204221804 2.235643629282327 1.4508047760038156 9.87455694195218 7.170646103598829 5.820248502060592 6.906462214438472 4.654757853678888 10.071269494692004 15.639612631789468 7.981745559925315 10.004965635630914 4.624737726559795 8.828579773776637 12.0144321065982 11.616500657833486 9.126380701811199 2.2986381937491047 
1.6887926422820043 12.73832679676018 10.684276347059004 15.160791072803043 12.039035223074224 9.127088931053809 10.432380569663358 2.5649691885198385 9.335304857574668 9.931910671890964 5.8350281352338484 2.244778261837085 6.079820365428488 3.3679948618066846 17.741506581801985 4.653377391489718 3.9695389148357325 11.540975223127628 12.415106268227484 0.0 4.24892652660309 11.24064052627461 9.7576741668274 14.451398783257957 9.226867145918238 4.1721374570016 0.4002725850087059 8.915028485742601 10.81805245632988 7.196210749052103 7.846120373206862 17.097489304886977 8.758898505832173 4.763190362839232 7.1242463924567145 10.287764657143093 8.645980038642728 9.91477086743306 12.87978877071038 11.390846655419988 14.143969990248692 8.792496770541737 11.372801677287693 16.47394471403515 5.066305553955781 13.692723539131762 17.355763614358317 9.49495674891966 11.54057492402493 12.888910403638981 8.119394732915703 10.130801481138635 14.056265740420699 10.169567581610615 4.747245224685049 12.58327568786773 2.394727993034831 17.381488880389576 12.927136331024846 12.918139450768644 6.327842787595904 8.590525769213333 12.661544847327784 
5.2008190394845375 13.647637276923485 3.6661357079980377 5.742206268767924 14.369724915128918 4.570676809974209 6.751570760303101 1.8414399695053754 9.132059781467424 6.714838963536852 4.685517310754019 7.870088521653578 8.092907929560862 1.427296480995392 15.54886637042813 5.964427402137443 2.893431833323144 13.591490261250794 13.512712700463158 4.099030128532833 0.0 10.82294043632341 12.51007299383569 7.492795627331803 8.869041821054491 0.8374801613283034 3.0482946238893214 7.93639395600249 8.714366027416498 2.9985994502716107 3.439895516296155 15.087799850525695 8.3169925791874 5.327395477243853 3.701339867024377 8.275715763482484 7.291751197754515 7.3481678015246334 15.251526446189006 8.406789333818091 12.473047455499525 12.238741296221002 12.301689791590158 8.608048787618275 4.261160814241305 7.051863999714758 11.90917825006454 15.453195657408276 6.245749282597181 7.198674745122024 9.629563134950882 13.571738283483961 10.51490355639205 11.305121715455911 3.9715647245322714 14.507183113704713 4.139801645359659 15.33045881815681 15.093489993416412 10.777815961719636 2.403447849441758 6.93074888389255 7.901217952873471 
8.562000984459763 13.427544689656122 10.19180417014604 8.835331662060332 7.860250524738469 15.115224589812579 6.100551282208571 10.820437980846727 12.70606065258124 13.199216878705915 5.160447054405806 9.771909613353998 6.402627919519266 10.33562985365478 4.581927809312383 6.130701596637351 9.837279959810681 4.67278774556022 10.881329278491007 8.803386424086527 9.643000155823884 0.0 2.965272276564011 5.556749540360884 14.71477265946735 12.009771359180604 10.363885435694485 11.332435686871698 3.6770594793174425 16.05317117114624 13.783870007954253 9.868391828345128 2.8742110010291393 8.610577217240252 10.091634234389094 5.091980763654799 14.183281917851321 4.219890979254636 11.442565410476028 6.455426761162983 2.4022941408336824 10.584234827724892 12.149630295986562 10.249402461667595 4.9362803446925545 21.37620694990609 12.07160109897364 6.6375023649922555 16.350943888593804 16.070905723435704 4.473281476014945 5.850137422675953 6.0411984318917575 2.249844414625194 12.536870172474718 2.457646120843823 5.471553717446508 8.421434720493385 2.8983701916398763 12.530464894887675 11.633841724257309 8.050187267811758 7.359993738016149 
9.466762081416487 11.864093384565543 14.237407406511402 9.091839753067463 6.582627380317656 15.735292551813806 1.5520726457413008 7.717534844015376 10.026193424427644 8.810336061018905 3.589565969531124 9.168397415549698 3.3986680920984256 9.209268388052466 5.4501708881918915 5.724047609958751 5.19692483034828 0.9367818617096775 7.859528958099396 6.9213512183741965 11.487836669510415 3.2231488311115637 0.0 3.827722671364353 13.766421344767885 8.671973411606096 11.226890343627838 15.390163256185136 1.2999492950043803 10.215911466248183 13.994188434841295 8.096052136960287 3.11427993439813 7.4880771576193235 12.74574481195653 1.141129144326791 12.292260678880329 1.58687610646479 11.090146013445809 4.052804684042499 4.227501006027673 9.86461292474068 9.292893573665157 9.592323305882665 5.195202864586628 16.26968713926878 10.434748597512737 5.734911554268986 9.630806288165871 7.7058510956956585 2.031355207510603 2.25536272023186 3.757600669861144 1.7351594047330163 12.636524709173699 3.048917038943985 7.758014555028866 3.7728997237888326 2.241320693546043 15.263935848968416 7.267586935531235 5.084845801999471 5.583524322546076 
10.689451777050932 5.998111891487655 9.509698268639367 4.645648633428308 1.6289893420177062 9.91869412963143 2.7972887751467557 6.828977573414428 11.304727969796438 2.222468087648325 3.414412684327918 8.82830151629506 6.705861390562639 9.08758882208313 7.474864560838714 10.845497718410865 4.923279540644159 4.015670766844896 3.76841555046998 9.862891144974801 12.586008516759652 7.641995751976822 5.69982959376828 0.0 6.055570779301082 11.272183263695524 9.909496338441928 10.412009672973822 3.6679631406439155 9.593943713462878 11.24929079101592 2.4787531771992577 5.989550234513494 13.037178274787328 7.303403324313677 2.8475319997925714 5.395150838586094 2.2845775149288245 3.3059389128672514 0.7230313822267168 5.46217952341447 4.649338378135818 4.439027189137763 3.0015013605491783 9.313277916419132 8.130912018767653 3.3943788246450755 2.3043922467320126 4.984081040415347 5.426141660340142 3.2926411226586616 3.953203635754477 1.4568317793680368 6.078187683597609 12.802506347833047 5.785547944955386 6.287039184189581 5.5555017131451505 5.284818814558719 8.185906904861566 7.678096598459686 5.835759738435815 1.717364169513594 
15.463188813777663 8.75182283548736 6.168214411511408 3.3769571275347676 11.254787298331536 5.88590650078868 6.9395364863981115 12.502552515973552 2.091904131262331 5.408176745685824 8.130115244546191 12.989335700344451 11.166628667887277 5.480600125842967 15.946527876473265 9.165577367403879 5.9483917886773625 12.024496525217492 10.85486283296395 8.313622302240459 9.817417527363883 10.830937324700507 16.150079022749622 9.56011902794862 0.0 6.013444142368954 10.07318212933835 2.9253795123043784 7.579364072006223 7.855144861233976 5.050258296770562 6.739461953423911 16.16416286517279 16.618634508482586 4.178921667541989 10.092120880451882 1.9119992346306205 10.828804240769315 7.699852702138636 8.412447051324207 17.79023600360283 4.402860887461207 6.2436037765004615 8.468112904246091 11.341582698599993 5.093368267948856 7.750833528332267 8.497769445416344 2.5937495448669123 3.333339540524622 15.45099887508248 14.063473829377386 12.7111408248617 15.53530023725151 5.233755596156405 13.621217900401486 8.51237707044714 15.94912939843421 15.165778295965485 1.987748150585538 5.756218669128137 7.089177399775361 7.611331791761872 
4.371161877556478 18.3486164390845 5.502687449127515 9.97573014479131 14.314452435565453 6.813195839361141 6.672472895769738 2.0167337400643928 7.074175475237968 6.833888506325786 4.210031970272586 6.007671258469273 4.889524323047823 0.6335536623570561 17.308007215849948 4.52354693924662 1.8676100932571844 9.702756461213337 11.018317713003956 3.8629942844610055 1.0551527805547458 10.986168513530743 6.526131754543045 12.153387117523621 10.298479546053471 0.0 2.8915530459361407 8.93522597944223 6.233642740382186 2.8482951356296944 6.253644252834754 13.495510369053207 7.975667478080588 6.5351105446103475 4.55185911466556 8.955722391837126 6.300036496255541 9.440521734456016 11.557393129630281 9.823652219993207 13.316670289999585 11.42861441298161 8.06502693220309 13.761808451460034 3.845994335768102 9.626533305487852 8.956648947563465 10.423477071682335 4.656376807394634 7.3252129546818106 13.681662165031941 11.48713824027812 10.327347487862806 6.509509771909907 2.7375216026268903 11.659916549923771 3.7238720641046945 11.565478230783212 10.131254229786382 11.136759753529658 2.5507622207834473 4.72809622772916 8.813129302160865 
1.082359987863223 22.864494451493606 7.005745893341354 10.928181153474155 11.323240098080758 8.88367308728804 14.286124479633445 3.839320614801899 13.821488422508967 13.865567556299265 9.576308287188692 4.025966862008339 8.574606214056649 4.800307903997064 14.777355488156935 5.53915267705206 6.198975286669692 12.623289307052477 20.205359805013487 0.5970834500237471 2.9464953130160048 8.35276348224533 10.078904866811543 12.525159801191315 10.694310764339741 5.31748897682753 0.0 12.874015587136412 6.941531791307961 4.873320311534969 8.662497775299617 15.221963937009795 10.366941710357459 3.6669035857663026 7.141202557265528 10.51453921111818 13.27231558598583 9.49747575396007 14.15337473609225 8.472237788122673 15.203577184189573 16.14185317626562 9.325615178174825 10.801495951345887 6.737808452561577 13.479512877667512 19.156508524888594 10.743093894438907 14.152721842059286 13.47154370260235 15.85007443272763 13.216280875120693 11.585709295819447 11.834763791019203 4.520266077200019 10.128812692651106 3.5353812121572346 13.103394971752605 8.99700413863492 10.818171777991697 5.982270374497377 9.012485845317219 14.739060083858414 
8.996219398279248 8.412465686055581 3.7953349038356707 6.030659820766344 8.495343800309662 2.839072215913049 9.968963943592378 11.361187437214252 1.3746171742709528 7.5187895234402715 12.031524647227833 16.514254194771098 14.392491850259816 9.277201909368616 22.245126845165696 8.86898750137841 7.84584402746256 15.5681550628176 15.978360622440018 13.756712826123897 7.604448138692419 19.50894544151349 12.36421808227948 10.902588336263086 2.081397353451803 7.712904385959249 13.926390239356904 0.0 16.28325900601716 5.833637897620855 2.819644787143168 7.817758414301913 11.944650708157763 12.950381894925139 2.6619976969201606 16.137804720645597 4.3398598190940705 11.958948701389748 6.953753648774644 10.648977945076012 21.478144823859335 8.31489076302233 4.998744894533787 12.954954658793383 15.993390693897739 2.2167344709488193 9.058389678553048 14.668580636585192 5.760746375415614 2.64771638925772 14.734746528617924 16.479112102993412 9.557918063637239 18.497303594670587 4.464299878014503 17.218664161345387 12.613277890784328 13.839614564393038 14.951380288123495 1.6489891250765178 8.264404945833164 8.420200651453175 11.510538812196321 
8.189318919275465 11.394021863594057 13.329638845045205 6.246866250585632 5.533547062309459 14.69160465991326 2.821869316409396 6.448743121767906 10.127405410023584 5.469456598704272 2.095805934265005 9.723204706766614 2.194598556176109 8.71279528913945 5.781743249609771 4.156389362675534 3.6672306429157726 1.854008671250031 7.2572307098544755 10.500122745967154 9.647049936595593 3.5830396455338374 1.4359695228552447 4.8446661469102805 8.414319926435406 6.832376061854292 10.125160097009953 9.426873596572051 0.0 8.844421110686426 9.970750493104877 7.554869347295784 3.6554457124624213 7.8957699323613175 6.676254958982448 1.9518089197956903 8.44602116058858 2.1729701907683268 8.687669325299856 3.419950247918721 3.9728693528627015 9.036571302807214 5.410443965179139 6.1791860921798225 4.988019695429767 13.671731935270449 8.41990936303269 4.418981003046252 10.569219132440338 11.724166313020428 2.9513718428880473 3.358054953223422 3.8017144553790563 1.9372929566602053 13.586515092087454 2.6253211363449482 5.848089855662399 4.295356201993354 4.615562108498724 8.217458510401334 6.023516895323728 4.5989083509690625 5.619687638734096 
5.639634934413032 14.327480916148911 2.3496571966763558 7.407318155276466 12.993769454127888 2.0655810192701733 14.91067330104672 5.321026301794368 4.993969198951001 7.051968202844339 9.996295520128918 8.722218033513753 11.750805292945163 3.5863360834770734 12.34546122123631 7.761794900661456 5.280154471163216 14.762255333981573 12.10004513424027 7.139149099566177 2.492011373787445 14.100693908308294 8.339822579217463 14.267801245422568 8.480587102808448 3.2558541278036053 6.505432945208254 6.129285214717858 13.509254810402016 0.0 1.6236405656292683 13.291923255067918 17.186279711314988 11.492538626794389 2.7151338916441334 13.108778789208362 6.976531338294375 7.798739941812452 7.888637384145968 11.063293146526425 18.704818491111848 8.186631827245627 6.446128431257276 11.759026434128131 10.977930847167347 4.665989062842419 11.893306179459922 10.709611039768657 4.794207030243953 3.73110753799249 13.73962470851562 13.592100860243743 13.235294482721224 8.71269233221954 0.6963276111437178 11.863439729676003 6.199701653464546 13.38616172161971 19.541846841871273 4.254495592754568 4.149756564409462 4.6783258318482694 16.397942295688352 
10.051429353456557 17.929635752425263 0.3656700250305815 9.284196570268204 14.658755039698393 1.5206056980140374 12.078903270073063 4.936636965201731 4.8711668538149855 10.601411691922866 6.920953348372663 10.840429327080582 10.724325478797264 3.5432329499499944 17.115384939931232 8.168269190979927 4.929617178213398 9.2819216685764 14.735025957802241 8.738457395723806 4.100312572510414 10.998031408677358 10.497566606860428 7.548404333602653 7.068679295862676 5.587291223381429 8.754030040070818 3.9376438731624055 9.169785804207919 1.509258121166357 0.0 11.58337458262206 9.860099354375837 11.40121845467797 1.2759029421962995 14.414248442440462 3.367052810465462 11.008971864599786 13.069609128469661 7.175855109896758 16.19116545743541 6.388484777183709 9.264713224176415 11.46423485819152 6.552022101621649 2.5729914704201926 9.02664717420514 9.503033846678186 5.294860480605445 3.911442104216044 13.914545752313844 15.24939346998932 8.435597591958741 10.276697400860657 1.9127529865545836 18.263137969882933 7.405961963988602 14.95961745305032 15.980783882077768 6.385808706698157 3.498070003011726 6.325782467658049 11.583186244742883 
19.520438857127708 3.597302174647108 8.252032830883767 3.1269217187978824 2.8841197762276325 14.108857568617573 7.709952697323999 11.807204329335647 5.530325378102903 1.6681367252994757 5.789700058875707 13.513380666006558 11.28354533662282 7.7920778881673645 10.488544607029132 15.114506495462678 8.1579476956306 8.875712002641876 3.15329280677984 11.411488391414867 12.114351326204186 13.70513399357141 9.129845819994937 4.2634992191951735 4.927480822879328 11.263742671062985 17.569368096528663 8.634130385854824 7.465052769331541 12.172230855407626 12.556127252216768 0.0 8.52706751603993 10.821491452343064 8.287344905612542 6.329817324381544 7.845120264941048 5.639677249970784 0.7717347156281431 5.252310757315623 7.5437128042464 3.387393654315844 3.264868849573487 0.6002441647444041 10.743181112471094 14.199189980107672 1.0513692815952596 3.5742109438337986 4.840140463696324 7.433055116254707 9.833749627863678 7.602384432975427 4.952911207582912 11.435979680182587 13.950105036479169 12.733795640886061 11.981088658011707 6.071663967253404 9.037505358177686 10.21418618372429 6.838261132086609 5.017644380593662 4.684654961711959 
12.241768265226817 11.685964367804079 19.095524351833 13.0547723041866 7.5783714707589045 17.12975215132342 4.414913836215129 9.257911472155751 11.738824390811219 11.685526369259904 5.449088644487864 8.219900341444994 4.708178326153742 9.627827350788792 1.6570763918728069 10.49974136647776 11.190706589953741 2.5498716071051177 5.728779682993408 13.181146450097227 11.68510802091047 2.9032696863931706 2.2317665461077367 7.016936977811806 16.89424044437731 13.181510390055209 16.657419363136512 11.105142547346675 2.5149602307877568 13.20304278953244 14.577801170549881 10.583439325986145 0.0 10.489547845611533 9.531912667652994 3.117607812868869 9.850676166915884 2.7829101744177276 9.978556321272649 4.756974791180138 1.2800911153088448 13.834554513473991 12.75828661660616 9.926827595964387 8.52913844486464 15.941661994469866 10.012828914172111 7.360250252036385 14.635678951693853 11.041132110833008 1.572769408023701 2.4166340392655936 6.82379130034786 2.3811804348311236 10.146521934265147 0.4503949695193563 8.132087259297814 3.340850300097932 0.39188370921501603 10.468613449393699 8.890694774273953 11.20926737920069 7.055342714183648 
3.643789747130141 18.34136456306974 14.307174007942024 10.021462190484757 9.249696582184297 14.525382876669502 10.764790594348595 3.750781167085902 15.11304068738745 14.399759282814527 5.73959300697099 1.4585193797127853 5.392109952157385 5.245548402232317 10.705234986801756 3.101054799409467 5.193495643829326 10.737515933760962 10.716399213262449 3.55610987807607 7.19647776898127 6.526592337860176 8.750115182185834 9.263957957477805 15.664803978292024 7.203750271631384 5.801575764827314 12.59841784899676 5.227166975252422 11.104048580379935 13.15231315928217 9.345851290315807 7.027895770747868 0.0 9.632056921146011 6.767450814267332 10.551263250062775 11.577543853963181 17.90382019552124 11.65922859423041 10.779987812381044 15.479069980490877 8.768853160225857 13.099849069691121 1.6612881879915111 11.993559775243218 15.934646571627063 10.811712299781496 7.607487523239198 10.227552707612812 9.569055550665725 12.337168475562066 7.229871084277402 5.6072749480064985 8.44004977276542 6.363883225062817 2.1581841296783337 9.58349150802845 8.648953930044826 11.28550147041648 5.411318416275281 8.951146663832619 8.332207927353226 
11.412437151314412 10.84579376996708 0.9611027783712822 4.537940212386777 10.916244345966836 3.6335833710717558 12.350397555839118 6.694033837760294 2.212138142246976 5.880250842029824 7.725086927681033 11.178445586108566 7.831210542894883 4.332923545034142 10.668106863088061 6.157604440152646 3.588763644353957 7.833509829973366 15.612825046634786 7.006305752311036 3.4463938633671787 12.67275823561728 11.848672584273462 8.4382048633621 3.371189628591699 3.999722646612004 7.7356985129770015 3.4197429305504183 8.533375475289569 2.1008877197503977 1.8955095504836694 7.575866061645999 14.149800120595465 8.416033542659736 0.0 13.512985387332568 4.1939868835724505 8.979540257490212 11.680947807115041 8.313448980049904 17.76973078200342 7.090253653555653 6.586484542608324 9.24783011490306 6.939103830121447 4.301478865290458 12.70587603085984 7.831408976181464 4.794571995728344 2.9096561590901073 15.560392736066099 10.821958632901556 7.994998263880664 7.961911933408244 1.7907339873888088 16.545594179883917 5.900292544488808 8.751096064458933 15.36844643001599 5.599248831208395 1.9129401080199093 3.756632344404851 8.024183876759917 
10.936606958489067 8.249344550580224 15.598305565748221 10.053830182443672 6.069178759892898 18.28952558679275 1.44619629371655 10.851287901807353 13.301821523373086 5.5261392202339215 4.801564358425082 8.223299807377034 3.4707921230681764 12.285131476449493 4.507340005539102 9.329978815927944 8.678281266734015 0.6919124678120181 8.095622536947605 10.044779409296998 12.227897066836942 3.128796382453346 1.190006726611912 4.070755345334158 10.619400022703953 11.244180204031192 15.568340510727186 9.019678964672663 3.6897406481585895 16.542033078752542 12.465245070959721 8.60721663489895 2.938566282598133 11.1668291500301 7.645577700043014 0.0 12.370693558519523 0.9641673504444731 6.670211069029663 2.9943891845770363 4.250835218116704 5.287335476684236 8.744571589165426 6.894028130110074 4.931673490039188 12.75258329395186 9.080955876988096 4.307144015324681 10.06998497011628 8.37013669335279 1.2849607124442812 0.7472917774062625 2.071320680873812 2.946038300177255 13.248435967881257 3.0319999407633063 7.5773885391143425 3.461114135827615 1.9556134201793842 13.73530139993372 6.627692962545733 4.714093474040262 2.811982157124058 
11.967246029972888 10.828153476390462 4.070219552681806 2.1646691501625197 7.697667742187356 6.378930054288844 9.002021738799938 8.900687488154567 1.821567411628381 4.955332305570323 6.019803222267779 13.539834467024448 6.239966474582697 6.535334838676549 18.355636429249863 6.799738755562626 4.797842517083688 11.75485836934735 7.92100020841145 8.255548863269778 5.401335675383086 12.879644683251339 13.125832960848278 5.897053798871171 2.315923673869312 6.64499996062464 13.65915178517212 3.2904527574706273 8.19798498596371 5.930824301247933 5.286500767978932 6.009481718222692 10.725972037064336 15.143307409213557 2.407881170099705 10.219172626566227 0.0 9.506763115484858 5.7147830107261175 5.125623151378692 14.625891152131569 3.3696727232244967 4.161176729612684 6.825010013758362 9.11001355897493 3.161375863360186 10.052372784684238 7.779937666982756 0.6060862250704332 1.1821485851069573 10.820304874042694 8.296008478336912 10.383453725250794 9.717696588813242 7.631427189275593 13.743798181865266 8.238135445884028 8.280505177638808 16.082365957521752 2.8341030378991334 3.638761913730623 3.727437879622811 8.469101175111714 
7.730903072263052 7.997495893262138 12.136816098318912 5.611089318661195 5.703076438469278 17.070140960775134 0.37694901192526653 6.075253505009961 9.958491819843669 6.809241425056606 4.070949431786053 9.08719085943614 2.9045692467323883 7.755433970363053 4.143387493711934 8.767863535787823 6.104120272666067 1.2716867351372145 6.77255544538599 7.706032418702024 6.658313599135079 3.677952670005026 1.9029036297385726 2.7642168365051125 10.74425707337941 8.916216549223122 8.204431494819422 15.986183611239618 2.0361214884119843 8.95411247937409 13.749577060935795 5.213536669650131 4.6404129673332495 9.369065192144445 6.964303923020889 1.176692898103909 6.0737240524765435 0.0 6.888879646901275 2.3907438473930025 5.327406204376457 5.4983419575411006 4.085432330838759 4.316901754737553 7.956861256006825 13.025264896871672 5.330497766002157 3.5368902299676046 8.88230700363994 7.394637818096184 2.95588992303738 1.3843938163031142 1.2598035060028636 4.288728807403865 11.237325114877063 3.3315230514960668 9.96479234146297 2.5240400532647485 3.7966813798576773 13.562068527040314 7.340834878418114 4.434953042744622 2.916238743070795 
13.26182352784219 2.3687253148899186 11.372370220990831 2.2780723244894707 2.5508831231451827 11.946267580781605 4.256848316595977 8.836696382744325 7.8617469034482514 1.4817503877047429 5.2324456652742874 19.503299604661805 6.241921875709639 13.343514618309609 14.043412692938494 11.698479156411825 10.668278468238126 5.9771650670225815 4.303244855941691 11.510880455412153 14.009668250097484 11.957839571939388 6.702737408139997 3.195739599703274 6.803873312771341 9.408236769631161 14.945003035187906 6.25617995719369 9.242290763572061 11.771328733716068 11.588673706946913 0.5283616706905907 9.795302203113481 13.575317097736608 10.543217192219176 6.160300014849801 4.705573133472217 7.50060050995531 0.0 3.1407184407477904 11.420037403031627 1.806795321102162 2.8518610811173497 0.9619420762525963 14.011087522881056 11.476762933062696 2.0195034860819012 2.7264219111986643 6.025197615110648 5.124825389818274 8.608975660095895 7.255715770233415 3.748961008050191 9.88627124181562 8.081624493574488 11.666362632804516 9.307107709779439 8.972207680711694 7.608929243167115 5.576705290647963 9.528190442215102 5.594971021876208 3.38839557653061 
12.315044166184553 6.056075231703911 12.962914084943394 3.842009296104046 3.8092995346812293 8.091584149727215 2.299558517026762 6.201669770233508 6.127074724368653 3.043041201583674 4.108717911915281 13.416628938371488 5.146284994581885 10.607752077329236 6.215547416894573 5.63068073803653 5.495730066005167 3.900003563086486 3.7768898543056566 11.337719677678006 10.48852400318221 5.419213838852757 4.3064512336854985 0.6068505875876776 6.870741539835671 7.5627969881043775 11.193350785123881 12.244409413521135 3.926227981646363 11.701213021248805 8.822448262136156 2.8628464955517035 4.028385550397623 13.024396843856724 10.233771915982295 3.1800645851974463 6.466352950113771 2.469270423264003 5.175534561726165 0.0 7.086115565031076 3.4365848546231144 4.904964116400814 3.297295231501805 6.3860235158783265 14.695325391362502 3.509893897387667 2.680528357942456 6.4888904741146 4.831803179249333 4.280208954784564 3.4014134871898967 1.3307429656964804 5.781161730689982 11.117316898336302 7.313301632906594 7.719906712160936 3.3059671379744016 6.04892116521473 10.874243666844238 5.191128719691663 3.416554763315487 1.7008445462900044 
16.42826764058464 9.206463751545078 11.435714064688664 8.667054132887298 7.023010242360934 21.14356233824317 5.20843526855618 12.231434427441982 19.935268520125483 12.584334195072167 7.9635385326463135 11.724204021358663 6.566556767960677 14.609435026356778 0.8199937610673408 10.115074006456146 11.426238763495972 4.688647709751191 10.788184533609519 10.877849205856915 15.066624027141497 1.849833760172793 4.2133715189947365 6.22910061208691 15.866701929322126 14.718647434101406 11.460966615213726 16.268204327796198 6.287848964614588 15.027770406572989 10.912281914441634 11.316638913781302 0.9858862663764514 8.158698734028313 14.382423574073567 4.413075140965758 9.813285709961113 5.217645731104767 12.919541098892847 9.56469021611715 0.0 11.011891967088166 10.588348796310028 10.078441988417682 10.360972441760568 14.524185423909575 8.05064321256363 9.748704896621334 12.971597849367551 14.550363279837352 3.131778745146044 2.800387108779326 8.024788274300862 4.86093343615929 17.592336136560796 1.7870706666908105 7.657426537944357 5.274657345177028 0.8572320116387905 11.838199695638211 8.165668699953882 7.992699111764883 6.561418291109673 
12.476763359401852 4.305233657795908 8.644844922352839 0.6078507271389999 5.870058887415476 6.64514703749281 6.223391500042931 11.209991934819058 3.8733888076750524 0.9357988291648993 4.661544712677224 11.931684399962172 8.835972007511002 10.056442822997498 12.643520576928385 9.058793567416483 6.028626998399418 8.646064316984312 4.417951920923852 12.39649803101156 6.966382898888492 10.729914157891802 10.443119740405292 4.439478232228549 5.773526917903977 8.551473999932707 10.363478853121636 6.0246092886481515 8.947368633577497 6.3722831875495505 9.464024467724983 3.68962217346853 12.978418270444106 16.073751682083984 7.135720439453182 5.424252557926426 2.6711127992538155 8.129786724166774 2.3928070356440827 5.62358531680035 10.634066834943392 0.0 0.504428716303394 2.590975832269092 8.747407316091365 8.893756038500314 3.16807537153077 5.722210992402256 2.7018866660480985 4.623854703989488 10.521192528223528 9.417396920382949 4.4898079842919865 11.709850571091277 11.050015708858057 13.255591359395737 11.523141085178125 7.624107261263292 9.599784522832591 4.103891470094467 6.901740597090232 4.036494006751983 4.5146758117449295 
14.77132371974551 4.988562978145168 6.461291204176138 1.573160759229902 3.738086320841271 11.79389828264041 6.160285476192325 10.844858191573476 4.423513179742261 0.664654161004368 3.8971390093311666 16.053169967243537 8.292844909532995 6.450770472980767 8.94006166120082 9.364175104065733 5.9852523245229765 7.49636969230945 5.312235148703272 13.64342579570183 8.490870840272828 7.619163406375136 5.317200164752451 3.8187247084204925 6.579053773451532 7.098896728028556 11.247308261421546 5.679372484508095 5.36698326189353 11.88559519954737 10.7133711818779 1.8924906676479016 10.726266882211599 11.352105215935644 8.447206464620674 6.0663141946945895 3.582187729774968 6.887246524692419 2.4752610018459 4.695472501148233 8.659100013547363 0.5167411180754162 0.0 2.273981907123333 11.756625594061283 9.939712124043334 3.810848127846769 5.216018843031131 2.963559187602359 4.593441480125193 8.980376308782391 9.065287215975564 5.18087848960953 10.962456909986091 6.874950522118172 8.882744025430306 7.892204424337726 6.66389996369534 8.87381928213301 7.846056467835534 4.973059471764024 4.3970280822532715 5.179980170448418 
12.965287494528267 2.820977036311013 11.070962790252345 4.077877767085169 1.972257309914684 8.35150845141046 3.775319393962728 11.200425034396758 7.6156869067959025 2.4122766691611215 4.567098325450348 19.061963495414822 9.145422625344796 11.93311175430744 12.877071856151325 11.94724243473609 7.258903138283834 8.06862276722817 3.9301545022086404 13.399410948573092 14.354586660330511 13.217726495768638 8.179681571066709 3.2439876954703837 8.92484152546004 7.2931655066635 11.21830855236659 12.548545122473206 6.295484112946666 9.735020645372588 8.54590244696787 0.7427543002051474 11.717335639925938 9.127781739114019 9.115302496745123 6.368995072734107 4.945783715336335 4.102543223243346 0.7904041761598477 2.8491619624582367 13.214032006421956 2.3662054407880637 1.9392556947437518 0.0 13.285968465215891 7.894430591557542 1.3479476102192764 2.78591963709553 3.9847123807824363 5.906090682310316 8.247736088050324 4.728101701357267 4.632232206858481 10.601973863742154 13.24469033880834 11.958749202307049 7.829573245082026 7.173405089901762 7.737853209217025 9.731716459008211 10.355309321394309 7.076345926280691 4.334730826613322 
4.499732343576144 17.634887158953752 8.070906480715458 12.659420088409192 9.623849569025236 11.372882372411949 6.165253461921835 3.760292586064904 8.975088736473406 13.07473501636922 3.662289694303971 4.42330044451063 3.49935702282743 5.066076524753905 9.49505900399963 0.8275798680734315 2.815617032636517 7.106968775877142 8.705338097023088 5.739200336944245 4.641382745951056 5.86018379149923 4.8658596812586445 9.662473966087907 11.407670713642034 6.010559373761206 5.068508558210827 11.740535359222346 5.120902261424179 6.772337996439543 8.193134126379679 9.854292839452443 7.3156356831457465 2.1865578006206663 6.711827132700802 7.269197266306102 8.591857567457991 8.096494572620912 9.129355224356875 6.051506183811042 6.446449469698514 7.452002408107775 7.980977824607471 12.730669883121223 0.0 15.02952148133452 11.759278511013951 12.572397941440121 7.546506984713421 10.644172022324359 5.344892976031462 10.226218504953255 9.631519058403338 5.550959830405276 10.486458127732151 4.658504530644641 1.7494135180154318 10.647972879711272 9.819324567566357 9.76581812048425 7.270606398274332 8.07052612332182 11.635227004323218 
10.246426688944698 13.88045990450036 2.798083947916207 6.176280008427467 10.106750641793244 1.7955059791359633 9.876905672704055 8.925241207536036 2.6567295026041977 8.04759432838784 7.03099346267518 13.295148278932789 7.941081597425252 4.651215651028428 21.7155056816474 7.515239152219665 9.58378386749121 14.248496718190111 13.122388666996255 10.519626313332935 9.408916044682645 12.673838524347168 15.179063759181217 11.33388448491853 3.3319153117051985 5.9678125581741535 8.365049903129199 2.294748862033755 9.831083567463207 3.2749485019316387 1.906781557508783 14.39540953355553 12.173973900099623 12.848321687148973 3.061342222191837 12.54949660568311 4.891625316795814 15.148905909389901 11.134657001460301 10.580943262877655 19.82258186533417 10.421045688843469 10.774387995595792 8.543805377069422 15.348218477231628 0.0 8.860315400268579 9.72069187869636 5.975618281707408 3.5733448569858917 16.01609118751706 11.417019941908084 11.288034077512862 12.727811345280188 3.8036506424099557 15.848666289310154 11.295620494608778 16.94304120827584 13.377542847033071 3.525087234944972 5.206879539410215 5.9078036238553455 13.748089791923665 
11.24808140171577 1.3186679682927176 14.59579722158114 5.745700481683817 2.812882693630132 14.077356542907737 4.656889038279251 15.590064815015516 6.951161775553028 3.627674578597091 10.477219664021654 20.129699839420255 8.046950522919587 11.837503202797244 12.76046320635764 10.75856038838758 6.980149216352982 6.8785399995449765 2.160859732742453 17.80419490816783 12.095271557934556 13.998355508386707 8.921319151209598 5.502201104610183 6.043614231809363 10.729302057397407 12.380664264486024 7.542239403992491 10.731496320193418 13.535603757375595 13.905019362625222 1.7956087278086104 12.834314168541294 19.24314438638462 12.099138458167054 6.716578821225719 7.167811098768517 7.324788320780937 1.75881510092667 4.544614218816705 10.686601763823035 3.406784717391797 5.536173318119642 2.136902182520763 14.006737931496811 12.230686221341685 0.0 1.901448039225865 4.830774559710709 9.276282361338392 6.754960318422686 5.7156385958856095 4.116461245460812 12.14948024483941 10.9229656794718 8.663141188599985 16.32717197316488 4.432998692014481 8.273863425084077 10.480730408276559 9.109399563865548 7.107520213702543 5.558179400672909 
17.882238562039667 5.4986573581004325 15.034258038634768 7.168917031774496 0.23476617922346354 12.073500579545865 3.0092891243226285 10.057159815267827 11.46281226994364 4.177375918389965 4.731327604311549 13.287997919343681 6.979984507706677 7.584320027012879 5.801633397088929 13.478410885495695 9.794595272520848 4.213272372710716 2.39324518794794 16.300306983862182 11.296452835937586 6.746415946294121 6.841675180127442 2.631919802293213 10.482833545462032 14.841011678562545 11.499235936773356 14.468060483730284 6.047794865455607 12.994393402251962 12.993148746474432 2.2276850621858184 5.905084770269676 8.92286122565781 10.888688141400692 6.1468495792783635 7.487405939577585 3.5614152032606867 3.8460732668084985 2.299546371507604 7.575075201776793 5.511414659024425 4.0701210421779495 2.093182626225375 11.968570655339615 8.55221905376346 2.5152806852964003 0.0 9.097271795227691 10.34899564668629 4.0193590071295136 3.701827085541433 3.177216501760854 9.38340144799201 12.300334669197554 5.795107941941149 10.920250610814755 3.226248676911513 6.004815501192158 12.885762250721951 8.880830225988696 5.813779653903252 1.6017616573941549 
9.721404300242755 6.608061514078331 6.020750404492649 1.6866744268933567 8.240152484984126 6.43006279152084 9.158253468539865 9.046302777802598 3.0771348153977867 3.5075468266665486 6.2260301653497185 11.795790077082962 8.307465249645684 6.020458070280004 14.282380425449174 8.626806180196883 6.125981650902753 11.034140457564352 9.129484074695949 11.200576513232837 8.24675005939121 9.590578669893695 6.352451236522154 4.7322278107578395 2.345407478602449 8.94701593025325 7.878704296645225 3.0814512031068055 9.315351713314154 5.544403589653277 6.976916509951582 4.090682477152941 14.151854370451474 11.327024819298241 2.9951263581563023 9.739125166745545 0.7534824358304534 9.19724696851415 6.435387941111481 4.597048248240714 9.855632413642791 2.968644990075254 2.291399272907161 5.675558842850721 8.769122026323188 4.016086218946712 6.423292070273072 7.587078816373744 0.0 1.953102359957525 10.369548342690058 9.028156347469462 7.197630364679225 12.360001515713211 5.335832830314263 8.66438420547276 10.690434548088518 7.006496281596139 8.947329473173777 3.1953583604413014 2.95220953839556 3.613788468661423 5.937551531544749 
14.634938056638603 7.10684642102451 2.750464513988336 2.7354032714224488 8.766138744394256 4.662489820637094 9.702462347017667 5.9548927603490345 1.9382439650938565 6.155095088681746 8.710456573277185 12.657522529637495 10.482631334901182 3.5006482116615634 14.637545523138376 9.110382107201044 5.3936333305345485 10.66728544819403 13.111868107007208 11.111934497223293 6.882888424082207 9.22116754516649 7.27705892991383 8.315024737705297 2.62080727762303 5.9182722620343435 9.854786686743516 3.8833437587940303 7.7951070491098085 5.602842265035507 3.3055812902953514 6.834989328083163 10.305966462165449 13.049149755038187 2.138763942767487 9.644238026327084 1.1727778156519635 9.489180266598442 7.70955614528049 4.99382638982344 9.912509534191818 4.627601719018729 3.9403847656000854 9.408811032815795 10.586035502343904 3.831349249537067 10.426199620571015 8.588636218853793 1.364104592281374 0.0 14.367436155681823 11.693024611835838 6.586801341828217 9.650891911906292 6.075066912068962 15.79014877542128 9.17967867817573 8.341319727693602 9.550319943383156 2.894601622626655 2.53395792458709 3.0203874181383252 6.945092921089349 
11.481798590666042 9.824963616257037 13.61540075229728 9.261785245926502 4.7838767179184805 17.33736904257068 3.289229503893795 7.109892937363277 14.789032194334016 6.229884145191234 5.84378082501354 13.606021350896238 6.045979169882895 12.844700331456611 2.7865287912902006 7.342414258592738 9.052432974489989 1.6644135434578948 4.924925690289037 12.587657238952822 12.530993967551316 5.0158960130176595 1.6070483775426743 5.003723157678403 14.742556188714907 8.037291385753598 9.37479933708476 10.647519248421533 3.6250055743620706 9.745137864979544 16.952538470614353 7.579060124219589 1.9734544433649017 8.939323366845372 14.943863916667539 0.7359040367101959 7.212498167571434 1.6337384546781872 5.889930560934421 4.847236375705635 2.761174677777491 9.74822245804118 7.911222469976753 9.410414437423514 5.3593622526116 18.451232504468162 9.49851418170434 4.304866128502222 7.484166993713981 14.148552428283978 0.0 1.0574294966988964 4.5860955164799915 4.347619361867647 14.844524774834102 1.5640329769440962 10.286456037297036 3.170762710001199 2.1712747147305 9.904546386876708 8.767062070707054 7.85965347230613 4.32479724754885 
14.884308243025838 6.296599937231261 16.27013288406334 8.619606180740707 4.169338220577227 11.436112579239587 1.755222615935049 10.503836385437511 13.755317944484528 4.748805904113817 4.630677181148838 8.196255702467091 6.515479114054887 11.550606806562708 2.925593448439619 6.8958976366132765 8.424590863387785 1.5364396673089926 5.557021996949722 13.51598247445514 8.662178813347738 3.8894941350319967 2.8754405462928507 2.9551658728815315 15.149818829828737 12.982161743347577 10.621353640708307 16.92144509499532 4.282875601866473 12.196138771016011 10.399109807288283 7.872335854807481 3.4655619865626024 10.959877328905893 10.334305064890675 0.5111718261206367 10.084852958533332 1.6613400868772912 8.199176963682575 2.6464616449111666 5.377795293242263 5.743491625993686 5.108663443288207 5.580173134977642 8.56857742986636 11.727964134733313 6.860330291594629 4.485002847110048 11.571873206722042 12.310343620393898 1.0011092708643108 0.0 1.957943558213449 3.8563727846789044 12.863092090988186 2.4312006880646275 6.655617702365405 2.4734276735150855 3.8285249203232463 9.762020111920698 9.82984899305448 5.850523276075058 3.4136892000963233 
8.320743147548413 4.630004762253828 9.084137052893439 4.099298819828552 2.670426237765532 13.93233669145684 1.1488344973347966 11.614835828461949 10.315460920348022 3.3455766808328993 4.459117984780207 13.153910201077103 5.242930088407638 12.328902276281863 6.9434300063772305 6.95001122341568 6.80252550077218 2.30934328682063 4.813315177173287 12.459913049565396 10.810655841699635 5.459635177913264 3.459150594291368 1.085768309166431 8.270499652914198 9.225516782668207 16.33198499863439 13.982688387399591 4.362125541375639 13.211888377985096 7.740608561744817 5.703590488710974 6.430886308582947 9.981594844216069 9.306140246855433 1.7024423017425052 5.847747734184639 1.653544996993561 4.961687008953107 0.830843479669461 6.11136778556609 4.130799058647545 5.697221319200349 3.3298874792714743 7.590523412950622 13.012738623585804 4.285986935431296 2.5142927349868245 6.686537986728139 9.122175812835739 4.480014782376779 2.599666169601404 0.0 4.873676154961009 11.685918240373866 3.6352368626379805 10.401062907945946 2.476271343247322 4.543628211190358 7.240870661017878 6.299544952095161 4.695670014643801 1.3043667703160002 
11.423432257857918 10.539940406567244 14.116707734724187 8.45387572507774 7.133944608600749 10.109437372367369 3.283906203266048 5.801058693136366 9.245327283027876 8.894249479853325 3.5880195001296906 5.828216150276703 3.9978264954259233 6.258076493323592 5.333899968311542 5.991316497267286 4.327586967662602 3.4886688317260486 10.534038358774243 8.25326823133665 11.984473402875821 2.267071648068855 1.8675525176979657 6.7139118917072445 15.256440996138389 8.450452620644057 12.418175968865203 12.496941103139655 2.448518952531951 13.525749697885649 8.79388477865489 7.429001805094396 2.8976828680891282 5.848299202856264 11.518090476699982 4.333404629842308 10.951708474792024 3.9423493749089755 7.984591032959536 4.783337809848706 4.1713057402401 9.654796562371686 7.722643219088194 9.82916802357369 5.4788110837829525 18.868158885102964 7.746200440952816 9.210632378083199 12.278435768088219 12.869588797211712 4.133909431109819 5.0525756449810135 6.835396829666065 0.0 12.473586024747572 1.678097526806626 5.804461547318191 5.581000258921076 2.4593231858110207 18.431368155476896 6.583680538692603 8.439758790376107 7.6613334342122155 
6.4176474244882735 19.082061830250254 1.5427403357457918 6.616323808216511 16.16132285327574 4.003617940301398 13.959902942358843 5.406855715914319 6.1824324345026875 10.58735566247444 10.345426826542074 9.567573304866462 9.306366515579032 2.6661674349096365 17.881627711590934 7.890292568984873 6.232811703795198 8.946309334687582 13.999042046121861 6.993164215057086 2.490007914978889 12.11706449286789 9.529755386729809 12.59717455880812 5.615412786526884 3.2463312777548534 7.164380732951083 5.749012720441329 8.338355103786824 0.7786829049303363 1.6476361708449998 7.978422617506795 13.111741260841116 10.983128360641679 3.369399247550605 12.096846060105534 7.842374375397073 14.78183848668084 14.758909088376626 12.93873584290011 18.69176830114385 7.112908478610024 10.007316273924832 13.478779535482655 8.818898804479455 4.693897343848861 12.776593576332218 8.75790295335921 6.959294520498027 4.719276550361873 11.711534959530777 16.267700174948118 14.62336507495711 13.6015699963524 0.0 17.634849371734667 5.945256735722536 16.236517876272536 13.554351681886626 5.104153946070083 4.661520254565861 7.0720784320647105 11.365960778165876 
15.251985216857776 11.320460979068946 17.740419439845162 14.15059985458724 9.692500445111655 11.118334554235831 4.291763669232306 7.786908292805466 14.275590312646246 12.54155399768674 7.2400648280906665 7.9456408399804745 5.61194996377487 8.882180283465019 2.74315794754432 9.63430071401038 6.366016821257496 2.095573518695155 6.429116826247477 9.662425158119275 12.693497334727235 2.159509362789854 2.645050739035904 6.1477744582847755 11.427380774926915 10.81745684945443 10.74105101660135 11.407726799974878 3.4925015479541686 13.274222755776826 9.937023796368555 6.890078491886979 0.46903468680888566 5.910898776421082 11.918508802017024 2.912290360588331 14.813312466012606 5.110042545713336 11.833510229277723 7.024934309221047 1.3374637664715012 7.537447476000077 9.061275054138294 7.743984431994571 6.406555250819766 12.63080259884327 10.061856301431302 7.891835336072356 14.767443688555492 12.076488383686158 2.580255062252972 4.307418373575567 7.175684053667236 1.9591635586429008 17.185975349928942 0.0 11.201605790192954 3.6733802913550564 0.404772681645154 19.669866501338138 10.613160506755424 10.974338747942763 5.908199866218354 
2.5818121948502406 12.049251947625672 7.94820050122539 10.608164202829032 10.631891422675231 7.492178971345702 5.234299503982913 1.9559204426523815 9.931930135666295 11.713574211602646 3.8946025396721553 3.4772649373349562 2.7784781314191576 3.930704301535091 7.668716830705555 1.0622561093901002 2.419851124493202 6.49596070247417 12.285821326588408 2.0502002251212437 4.3861768587436245 8.479485513961883 6.641768202286805 8.853829765196123 13.37165241797475 3.161019031072817 4.08137750105067 11.077245006511596 7.415872556244899 5.769318776050438 9.06764479014823 10.610931385144166 11.729193646457507 2.1135383304166906 8.524208145334402 7.167086250257919 6.195277072800268 8.73813170677969 13.730307927319968 6.379304039961698 9.374255113403054 10.316050387095931 11.9004986728701 9.37345002866796 2.0796009361494177 12.965352348251225 14.280144365724261 10.92545990836371 8.647913856542653 7.871236318218088 7.077510035989317 7.868680972240327 10.501004415545083 4.4566223234028275 4.923789136545286 7.317453530423238 0.0 7.987722858193681 11.520655289362812 10.2748433438885 5.451981816541533 6.472689297391383 7.70458913922816 
11.607377564084521 6.358631229330469 9.686398966165502 8.894067214983032 3.011806128412618 11.258902295444512 2.804841257943938 13.461577502870924 16.189497423283534 7.960666583650921 5.203371617213577 11.036889938125368 8.943340597054217 12.843580126274478 4.272450086397966 7.681378634879218 9.876945489671984 3.8495846409562757 4.735309160440549 15.403407986242895 13.078488620865354 6.795187920735984 4.4753136023345075 3.586617713717125 15.660236347616223 15.88740087707391 17.87393691723149 15.083083759451068 6.7428237774555075 18.248703446847884 15.978722701867714 7.2336571466000965 3.252587691830438 9.735392287013038 9.734929484898062 3.0834768762182536 10.088222338513072 4.135131071963018 7.475969831691431 3.3006521073792 4.077160508176523 10.782277200550055 6.753685571795954 6.997832450327802 6.501088329291628 20.323704100750945 7.572839379589456 4.551647869650129 7.2334398560181965 12.223802447067918 2.7962099565421563 2.133321176800002 2.260558304429978 4.472562756120064 15.389189660978102 5.717313947093293 13.505906504150325 0.0 5.542376462834886 10.15775384301004 8.94664804443156 7.60912189322021 1.8087598470096908 
15.691360679175647 13.616737436149272 15.9909486801626 13.384886462520026 7.8164554550454 11.121746201236057 3.449423588103802 11.40492346317777 10.484869238664643 8.546841925867104 5.865522944513771 9.19067623276577 6.099756398759284 8.179267252879596 1.6069129482138633 9.108440775197053 8.577687764017277 3.7624236279451697 10.355954950192269 15.118353020069646 15.973735451853901 1.896073575002295 2.524810305205773 5.176518618289464 15.479448582218083 9.081542336812722 16.32672335363717 20.85864658422711 4.811661960575034 14.837990656595652 16.114839417262207 9.044474383872103 0.35294845558789106 7.461166712696643 14.217274873972373 2.9144184716021186 10.504876552477429 4.983784016872742 7.234817940404584 4.790352660647288 0.978365640415009 10.744737548843949 9.471395139649005 6.714097636466189 8.102828847467784 19.123579984840802 11.042645430833701 6.139738553451074 13.247337304994666 11.327367452560235 1.980622540817525 3.912348773042332 6.98714003819471 3.0467891230084563 15.228083947261517 0.4260275342763256 11.144582664517483 3.069591506456764 0.0 16.97178076020996 9.911895063618262 10.334426626216342 4.637198699258786 
13.638713845144515 9.70798153212657 4.475651764939665 4.15825470893815 12.401775811468077 3.3851767370507835 8.596189767442766 11.282490342194755 1.4709115382129938 8.805164282714028 12.511392473764076 11.057942553010038 8.315295131489869 7.226271320135436 12.31356897169737 14.933574810730303 11.020631801315922 8.629735449080666 12.777317625175977 9.346033969759324 11.590745344018632 12.714341534124975 13.267853123550083 9.847222939425501 1.3420046156749228 11.321602667987376 16.32409669695555 1.434501115175551 15.520174704944825 8.11246764338799 3.84166347049713 8.099638322014926 10.992596765618794 11.446133734953811 4.254448699905223 16.954284702623347 4.15412164253534 13.738880937288407 8.482388997770824 11.934394914945662 12.337192667162853 5.575122954914665 7.368985455119191 6.802119213219795 13.2011827857877 3.8008162296159513 9.046460810253222 7.6137407263898735 4.579219779610426 2.979048975756173 14.480552601504176 16.391839890000995 8.17525515642093 12.356169856774507 9.14114153213276 11.389378413017745 9.546196918176417 12.353019861742288 12.077220057863402 0.0 7.480834749136113 7.32894661552143 13.565381919795438 
7.374525601843686 12.573869313412839 3.1120207488069176 4.1688233455816315 9.27574123136389 4.9684582735556 8.685918470361631 2.591533922412706 5.784381245865836 7.759131895927554 3.676390397679337 6.904016473153021 4.495767518557873 2.508175736675203 12.551480550183808 5.529066624545327 2.5488661142804654 9.028599508269506 14.214629278534769 7.18032029599288 4.284769444056978 8.94292738122656 7.175695483450479 9.082087202366651 5.951738283788238 2.3155754017789327 5.878496461533708 5.679935826733619 7.578073668472904 5.136032197643891 3.338924040099932 7.883252725373808 11.332085568255907 8.658128509092759 2.4231800622772592 7.123737308370276 4.93267338452411 6.171457030866881 9.205835903651483 6.078346473054616 11.039174054785516 6.496227319959134 4.869809349926082 9.870546337624326 7.119755206139181 4.561817105924083 7.145573859403582 7.415701588699974 4.237934297645005 4.234095249849364 9.425707774423916 12.143961664221536 9.18972307926823 9.881513948597968 3.018625758095117 8.665858773671648 6.200496357135426 10.393271721178008 8.091262466142943 5.629257933749701 0.0 2.9292940976294064 8.877101048343624 
10.188609360012034 6.220286967611756 7.081951550264075 3.8641466889014437 8.756841041403826 7.049013766490091 4.604380315405296 6.5135961252010395 6.730259108242553 3.647606092268987 3.0460275807591843 10.46136035214733 3.694516757476909 5.039586642629433 12.25779960611613 6.6027409716548355 3.5645006051572414 5.107436273215281 8.210511478861877 7.436848641827803 6.856593528813418 9.93872639286324 5.342524355433794 3.1862247171955906 5.161621144315895 5.57027256354804 11.457904905127675 8.69324272923967 5.19021271470877 7.593174238307547 7.1507449533940814 4.3111174831719685 10.176188355918129 6.370949565316021 5.261366020460402 5.9364944444262795 4.17431944612137 3.9190186696735916 4.7727411817526315 4.201386066013037 8.039483130339484 3.112963552018966 3.999066836840887 4.454544436058151 5.4782664206180245 6.619298391333922 5.134883908942116 8.531464167011837 3.8929199777615255 4.247363250370675 10.009410609266965 8.792686776073039 6.281836816804576 7.932267504853293 4.661980315068777 11.728351463080411 6.2170652077263755 9.596114673536428 11.095210294827274 8.303541975132935 2.8232925834850993 0.0 8.065452431497462 
11.544189543661906 3.9446190890518147 14.94406603493732 8.14417563763356 1.4652827009640568 17.221147442565112 2.45021003024695 12.133068976770552 8.546824940768332 4.126061091536119 3.627523458676053 9.592321136246104 5.169587458136379 13.058174402320457 6.505372831709961 12.065233639735874 7.089080133040224 3.5034406629303425 3.047963254910437 10.270294360166165 11.782722472016973 8.825128370482844 4.058814300853975 1.3901856367313121 8.825175643180886 11.65575796416681 16.605867375471576 9.783838313248552 5.6028987765671 13.109514448912282 10.102044999353474 3.5761851344138753 5.75180377249694 9.159653926426419 7.431126474814863 3.559065135163519 8.102270741766002 3.3781064781704577 3.1483458188525493 2.1883062518973384 8.392827970432045 5.104220491956738 5.800487598894063 2.841413829841604 10.53474913892067 13.663679253555735 3.3137339952179987 1.7375241285553797 6.188419310845054 7.876954569487909 3.551717363643788 2.389457568690437 1.5732796394337383 6.940902443357915 15.763322983164917 7.967746746491248 12.280961365713987 2.169142705134617 5.575186175149243 11.85014386492162 8.704690559132167 7.317899913983853 0.0 

0 4 18 22 14 5 9 7 20 19 7 18 20 2 11 10 5 21 20 1 15 15 14 19 22 21 22 6 24 14 14 2 15 21 15 6 23 14 26 15 15 23 7 22 26 20 3 2 15 2 21 12 4 10 23 4 24 17 2 20 18 19 8 
