60
9
100

0 66 54 23 43 87 40 52 55 100 86 34 95 55 16 48 12 65 6 32 16 43 84 36 51 13 61 60 55 56 84 55 94 15 32 40 78 67 36 52 27 6 89 81 64 86 20 28 78 69 51 111 28 66 88 42 82 63 49 38 
66 0 13 60 45 24 29 77 74 54 22 46 62 75 54 55 70 74 66 61 71 42 20 35 16 58 65 72 18 78 35 22 51 70 34 49 13 82 76 44 46 70 30 53 12 26 53 43 16 20 42 66 68 30 24 50 53 78 23 73 
54 13 0 47 34 36 16 71 68 63 34 34 67 69 43 50 58 70 54 52 59 32 32 26 7 45 62 68 10 72 38 14 58 59 22 42 24 78 67 40 33 58 41 56 13 37 40 32 27 21 38 74 58 27 37 44 56 73 18 65 
23 60 47 0 23 83 31 72 74 105 81 16 103 74 30 63 16 82 29 50 15 24 80 41 47 12 77 78 44 76 68 43 99 38 31 53 70 86 58 63 14 29 88 90 54 84 9 36 74 56 61 116 49 50 84 55 91 82 51 59 
43 45 34 23 0 69 21 84 84 97 67 8 99 84 42 69 39 89 47 61 37 3 65 42 38 30 83 86 27 87 46 24 92 55 30 59 52 95 73 64 17 48 75 87 36 71 23 41 61 36 62 108 63 28 69 61 87 91 46 72 
87 24 36 83 69 0 52 85 81 36 4 70 49 82 73 63 92 77 86 74 94 66 4 52 37 80 69 77 42 85 48 45 35 88 55 61 21 86 89 51 69 90 8 46 34 4 76 61 9 39 50 46 82 51 3 61 44 82 38 86 
40 29 16 31 21 52 0 68 67 77 50 18 78 68 32 51 42 71 42 47 43 18 48 23 17 30 64 68 14 71 45 15 72 48 13 41 39 78 61 44 17 45 57 66 24 53 25 26 43 29 42 88 51 28 53 43 66 74 25 59 
52 77 71 72 84 85 68 0 6 78 87 76 64 4 43 22 64 17 46 23 68 82 85 46 64 60 20 13 78 4 109 81 72 39 56 28 89 15 18 35 67 49 83 52 83 82 65 43 80 92 36 86 24 96 88 27 54 13 54 15 
55 74 68 74 84 81 67 6 0 72 82 76 58 2 44 18 67 11 49 24 71 82 80 44 61 62 14 7 76 4 106 79 66 42 55 26 86 12 23 31 67 52 78 46 81 77 66 42 75 89 32 79 27 94 83 24 48 8 51 19 
100 54 63 105 97 36 77 78 72 0 40 95 19 74 85 60 109 64 97 77 112 94 40 65 59 98 58 66 72 76 84 75 6 97 74 64 56 72 89 50 91 102 28 26 66 32 96 73 40 73 51 12 85 84 38 63 24 70 54 84 
86 22 34 81 67 4 50 87 82 40 0 68 53 84 72 65 91 79 85 75 92 64 2 52 35 78 71 79 40 87 44 42 39 88 54 62 17 88 90 52 67 89 12 49 31 8 74 60 8 36 51 50 83 47 3 62 48 84 38 86 
34 46 34 16 8 70 18 76 76 95 68 0 96 77 34 62 31 83 38 53 30 9 66 36 36 22 76 79 29 79 52 27 90 47 24 52 55 88 64 59 9 40 75 83 39 71 14 34 61 40 57 107 55 34 70 54 84 84 42 64 
95 62 67 103 99 49 78 64 58 19 53 96 0 60 79 49 105 48 91 68 108 97 52 62 62 94 44 51 77 61 95 81 16 88 72 55 67 56 77 42 90 95 42 14 74 45 94 68 51 82 44 22 75 92 52 54 13 54 54 72 
55 75 69 74 84 82 68 4 2 74 84 77 60 0 44 20 67 13 49 24 71 83 82 45 62 62 16 9 77 3 108 80 68 42 55 27 87 12 22 32 68 51 80 48 82 79 66 43 77 91 33 81 27 95 85 26 50 9 52 18 
16 54 43 30 42 73 32 43 44 85 72 34 79 44 0 34 26 52 13 20 30 42 70 21 38 18 48 48 46 46 77 47 79 16 21 25 66 56 31 37 25 17 75 65 54 72 22 13 64 61 35 96 21 60 75 27 66 52 35 30 
48 55 50 63 69 63 51 22 18 60 65 62 49 20 34 0 60 21 43 18 64 67 63 27 43 52 14 18 58 23 88 62 54 40 39 10 67 28 29 13 54 47 61 36 62 60 55 28 57 71 13 69 26 76 66 8 38 23 33 24 
12 70 58 16 39 92 42 64 67 109 91 31 105 67 26 60 0 77 18 44 4 40 89 44 56 13 73 72 56 68 83 56 103 26 38 51 81 79 48 63 26 16 96 91 66 92 18 37 84 70 61 120 40 65 94 53 92 75 57 50 
65 74 70 82 89 77 71 17 11 64 79 83 48 13 52 21 77 0 59 33 81 88 78 48 63 70 8 4 79 13 108 82 58 53 60 31 85 9 34 30 74 62 73 38 82 73 74 48 73 91 32 70 38 97 80 29 40 6 52 30 
6 66 54 29 47 86 42 46 49 97 85 38 91 49 13 43 18 59 0 26 22 47 83 34 50 17 55 54 56 50 86 57 91 9 32 35 78 61 30 48 30 4 87 76 65 84 24 25 77 71 47 108 22 69 87 37 78 57 48 32 
32 61 52 50 61 74 47 23 24 77 75 53 68 24 20 18 44 33 26 0 48 60 73 26 46 38 30 29 58 26 90 61 71 21 34 14 74 36 15 27 44 30 74 54 65 72 42 21 67 73 27 87 8 75 77 15 56 32 38 13 
16 71 59 15 37 94 43 68 71 112 92 30 108 71 30 64 4 81 22 48 0 39 91 47 57 14 77 76 57 72 83 56 106 30 39 55 82 83 52 66 26 20 98 94 67 94 18 40 85 70 64 123 44 64 95 56 95 79 59 54 
43 42 32 24 3 66 18 82 82 94 64 9 97 83 42 67 40 88 47 60 39 0 62 40 35 31 81 84 24 85 44 22 89 55 28 57 49 94 72 62 17 49 72 84 33 68 23 40 58 34 60 106 62 26 67 59 85 89 43 72 
84 20 32 80 65 4 48 85 80 40 2 66 52 82 70 63 89 78 83 73 91 62 0 50 34 77 69 77 38 85 44 41 38 86 52 60 16 87 88 50 65 87 12 48 30 8 72 58 6 35 49 50 81 47 4 60 47 83 36 84 
36 35 26 41 42 52 23 46 44 65 52 36 62 45 21 27 44 48 34 26 47 40 50 0 20 33 41 45 33 48 64 36 59 36 12 18 48 55 41 22 29 38 54 48 39 51 32 8 44 47 20 76 32 50 54 20 49 50 14 39 
51 16 7 47 38 37 17 64 61 59 35 36 62 62 38 43 56 63 50 46 57 35 34 20 0 43 55 60 16 65 45 20 55 54 18 35 29 70 61 33 33 54 40 50 20 37 39 27 28 28 31 71 52 34 38 37 51 66 11 58 
13 58 45 12 30 80 30 60 62 98 78 22 94 62 18 52 13 70 17 38 14 31 77 33 43 0 66 66 44 64 72 44 92 26 25 42 69 74 46 53 15 18 83 80 54 80 7 26 71 58 51 109 37 54 81 44 82 70 44 47 
61 65 62 77 83 69 64 20 14 58 71 76 44 16 48 14 73 8 55 30 77 81 69 41 55 66 0 8 71 18 99 74 52 50 53 24 76 17 34 22 68 59 65 32 74 65 68 42 64 83 23 65 36 89 72 22 34 13 44 30 
60 72 68 78 86 77 68 13 7 66 79 79 51 9 48 18 72 4 54 29 76 84 77 45 60 66 8 0 76 10 106 80 60 48 56 27 84 10 30 28 70 58 74 40 80 73 70 45 72 89 30 73 33 94 80 25 42 6 50 26 
55 18 10 44 27 42 14 78 76 72 40 29 77 77 46 58 56 79 56 58 57 24 38 33 16 44 71 76 0 80 32 4 68 62 25 50 26 86 73 49 30 59 48 66 10 44 38 37 34 15 48 83 63 18 43 52 66 82 27 71 
56 78 72 76 87 85 71 4 4 76 87 79 61 3 46 23 68 13 50 26 72 85 85 48 65 64 18 10 80 0 110 83 70 43 58 30 90 11 22 35 70 53 82 50 85 82 69 46 80 94 36 83 28 98 88 28 52 8 55 19 
84 35 38 68 46 48 45 109 106 84 44 52 95 108 77 88 83 108 86 90 83 44 44 64 45 72 99 106 32 110 0 30 82 93 57 81 28 116 104 78 58 89 56 87 26 52 66 69 44 17 76 94 95 18 46 82 87 111 56 102 
55 22 14 43 24 45 15 81 79 75 42 27 81 80 47 62 56 82 57 61 56 22 41 36 20 44 74 80 4 83 30 0 71 64 27 53 28 90 75 53 30 60 52 70 12 47 38 40 37 14 51 87 66 14 45 55 70 85 31 74 
94 51 58 99 92 35 72 72 66 6 39 90 16 68 79 54 103 58 91 71 106 89 38 59 55 92 52 60 68 70 82 71 0 90 68 57 54 67 82 44 86 95 27 20 63 31 91 67 38 70 45 17 79 81 37 56 18 64 48 78 
15 70 59 38 55 88 48 39 42 97 88 47 88 42 16 40 26 53 9 21 30 55 86 36 54 26 50 48 62 43 93 64 90 0 37 33 83 54 22 47 38 10 89 74 71 87 33 28 80 77 46 107 15 76 90 34 76 51 50 24 
32 34 22 31 30 55 13 56 55 74 54 24 72 55 21 39 38 60 32 34 39 28 52 12 18 25 53 56 25 58 57 27 68 37 0 29 46 66 48 34 18 36 58 59 34 55 23 13 46 40 32 85 38 41 56 31 60 61 20 47 
40 49 42 53 59 61 41 28 26 64 62 52 55 27 25 10 51 31 35 14 55 57 60 18 35 42 24 27 50 30 81 53 57 33 29 0 62 37 28 13 44 40 60 41 55 58 45 18 54 64 13 73 22 68 63 2 43 32 26 25 
78 13 24 70 52 21 39 89 86 56 17 55 67 87 66 67 81 85 78 74 82 49 16 48 29 69 76 84 26 90 28 28 54 83 46 62 0 93 89 55 56 82 29 60 16 24 64 55 16 19 54 67 80 31 20 63 59 89 36 86 
67 82 78 86 95 86 78 15 12 72 88 88 56 12 56 28 79 9 61 36 83 94 87 55 70 74 17 10 86 11 116 90 67 54 66 37 93 0 33 38 79 64 82 47 90 82 78 54 82 99 40 78 39 104 89 35 49 4 60 30 
36 76 67 58 73 89 61 18 23 89 90 64 77 22 31 29 48 34 30 15 52 72 88 41 61 46 34 30 73 22 104 75 82 22 48 28 89 33 0 40 56 32 88 64 80 87 52 36 82 88 40 97 10 89 91 28 66 31 53 4 
52 44 40 63 64 51 44 35 31 50 52 59 42 32 37 13 63 30 48 27 66 62 50 22 33 53 22 28 49 35 78 53 44 47 34 13 55 38 40 0 51 52 49 28 52 48 54 27 45 61 2 60 35 67 53 13 30 34 22 36 
27 46 33 14 17 69 17 67 67 91 67 9 90 68 25 54 26 74 30 44 26 17 65 29 33 15 68 70 30 70 58 30 86 38 18 44 56 79 56 51 0 32 73 77 40 69 8 26 60 44 49 102 46 40 70 46 78 75 37 55 
6 70 58 29 48 90 45 49 52 102 89 40 95 51 17 47 16 62 4 30 20 49 87 38 54 18 59 58 59 53 89 60 95 10 36 40 82 64 32 52 32 0 92 81 69 89 26 30 81 74 51 112 25 72 91 41 82 60 52 34 
89 30 41 88 75 8 57 83 78 28 12 75 42 80 75 61 96 73 87 74 98 72 12 54 40 83 65 74 48 82 56 52 27 89 58 60 29 82 88 49 73 92 0 40 41 4 80 62 14 47 48 38 82 58 10 60 38 79 40 84 
81 53 56 90 87 46 66 52 46 26 49 83 14 48 65 36 91 38 76 54 94 84 48 48 50 80 32 40 66 50 87 70 20 74 59 41 60 47 64 28 77 81 40 0 64 41 81 54 45 73 30 34 62 82 48 40 2 44 41 59 
64 12 13 54 36 34 24 83 81 66 31 39 74 82 54 62 66 82 65 65 67 33 30 39 20 54 74 80 10 85 26 12 63 71 34 55 16 90 80 52 40 69 41 64 0 37 48 45 27 9 50 78 71 18 34 57 64 86 30 78 
86 26 37 84 71 4 53 82 77 32 8 71 45 79 72 60 92 73 84 72 94 68 8 51 37 80 65 73 44 82 52 47 31 87 55 58 24 82 87 48 69 89 4 41 37 0 76 59 10 42 47 42 80 54 7 59 40 79 37 83 
20 53 40 9 23 76 25 65 66 96 74 14 94 66 22 55 18 74 24 42 18 23 72 32 39 7 68 70 38 69 66 38 91 33 23 45 64 78 52 54 8 26 80 81 48 76 0 27 67 52 52 108 42 48 77 47 82 74 42 52 
28 43 32 36 41 61 26 43 42 73 60 34 68 43 13 28 37 48 25 21 40 40 58 8 27 26 42 45 37 46 69 40 67 28 13 18 55 54 36 27 26 30 62 54 45 59 27 0 52 52 25 84 26 54 62 20 56 49 22 34 
78 16 27 74 61 9 43 80 75 40 8 61 51 77 64 57 84 73 77 67 85 58 6 44 28 71 64 72 34 80 44 37 38 80 46 54 16 82 82 45 60 81 14 45 27 10 67 52 0 33 44 51 75 44 10 54 44 78 30 79 
69 20 21 56 36 39 29 92 89 73 36 40 82 91 61 71 70 91 71 73 70 34 35 47 28 58 83 89 15 94 17 14 70 77 40 64 19 99 88 61 44 74 47 73 9 42 52 52 33 0 59 84 78 12 38 65 73 94 39 86 
51 42 38 61 62 50 42 36 32 51 51 57 44 33 35 13 61 32 47 27 64 60 49 20 31 51 23 30 48 36 76 51 45 46 32 13 54 40 40 2 49 51 48 30 50 47 52 25 44 59 0 61 35 65 52 12 31 35 21 36 
111 66 74 116 108 46 88 86 79 12 50 107 22 81 96 69 120 70 108 87 123 106 50 76 71 109 65 73 83 83 94 87 17 107 85 73 67 78 97 60 102 112 38 34 78 42 108 84 51 84 61 0 95 96 48 72 32 76 65 93 
28 68 58 49 63 82 51 24 27 85 83 55 75 27 21 26 40 38 22 8 44 62 81 32 52 37 36 33 63 28 95 66 79 15 38 22 80 39 10 35 46 25 82 62 71 80 42 26 75 78 35 95 0 79 84 23 64 35 45 10 
66 30 27 50 28 51 28 96 94 84 47 34 92 95 60 76 65 97 69 75 64 26 47 50 34 54 89 94 18 98 18 14 81 76 41 68 31 104 89 67 40 72 58 82 18 54 48 54 44 12 65 96 79 0 50 69 82 99 45 88 
88 24 37 84 69 3 53 88 83 38 3 70 52 85 75 66 94 80 87 77 95 67 4 54 38 81 72 80 43 88 46 45 37 90 56 63 20 89 91 53 70 91 10 48 34 7 77 62 10 38 52 48 84 50 0 64 47 85 40 88 
42 50 44 55 61 61 43 27 24 63 62 54 54 26 27 8 53 29 37 15 56 59 60 20 37 44 22 25 52 28 82 55 56 34 31 2 63 35 28 13 46 41 60 40 57 59 47 20 54 65 12 72 23 69 64 0 42 30 27 24 
82 53 56 91 87 44 66 54 48 24 48 84 13 50 66 38 92 40 78 56 95 85 47 49 51 82 34 42 66 52 87 70 18 76 60 43 59 49 66 30 78 82 38 2 64 40 82 56 44 73 31 32 64 82 47 42 0 46 42 61 
63 78 73 82 91 82 74 13 8 70 84 84 54 9 52 23 75 6 57 32 79 89 83 50 66 70 13 6 82 8 111 85 64 51 61 32 89 4 31 34 75 60 79 44 86 79 74 49 78 94 35 76 35 99 85 30 46 0 56 27 
49 23 18 51 46 38 25 54 51 54 38 42 54 52 35 33 57 52 48 38 59 43 36 14 11 44 44 50 27 55 56 31 48 50 20 26 36 60 53 22 37 52 40 41 30 37 42 22 30 39 21 65 45 45 40 27 42 56 0 50 
38 73 65 59 72 86 59 15 19 84 86 64 72 18 30 24 50 30 32 13 54 72 84 39 58 47 30 26 71 19 102 74 78 24 47 25 86 30 4 36 55 34 84 59 78 83 52 34 79 86 36 93 10 88 88 24 61 27 50 0 

0.0 6.635128990396918 8.165068492821941 4.158886126252934 6.264693785514517 9.805074526299878 7.0694801139989725 9.839683157273559 7.4249834489600355 11.539004052085678 14.476259467228246 5.334062644013496 13.747879070159769 9.72938491360051 3.1532981562201106 4.855166826769115 1.3682302524868006 11.583957262427514 0.9666980859173032 5.975567593266076 1.820527912960194 5.959095505437696 11.666187966248213 5.659938824121916 9.694422172434953 2.367060510717048 8.738844788026103 11.12457684293512 7.291296599973761 8.378180753871488 16.464753568444102 9.16199514053635 15.797636414832471 1.509561062770042 5.951824817175103 5.302551548631888 7.8295047277603995 9.520165315030127 7.075292803682581 6.3317367714290915 4.474038456962389 1.0080839055245423 16.67676554554788 8.14235557734746 9.574818283202188 16.586595325788828 3.899683371517469 5.446640296739449 9.091821092149528 7.857344181192651 8.729711156810563 17.261508489548323 3.8014494390202476 9.457207270679286 10.089328775392474 6.644080217560898 12.13676789311122 6.9447394775808 7.965407930314421 7.408756111528827 
7.1013235587035055 0.0 2.597624960760194 6.717178232150378 6.774764523775873 2.6806354315387995 3.2779623095469628 8.38303327816313 13.747118882723491 6.2233890410823935 3.5768090680061246 4.940295322500968 11.118237665110728 14.679639477237869 9.26826136378617 9.784330519229286 7.26131867296482 11.292053707928964 8.851106480794932 6.270277356600288 10.925688138684425 5.656433439329872 2.4974824369768975 5.12287142994164 3.026209372123315 6.052253657606175 10.076436790825028 14.069639178299374 2.649545870442407 12.172444845308522 5.339974458624589 2.9224618609557824 9.662895521605245 7.534841532300428 5.60180732764432 5.260774136887457 2.339809382996875 14.175054629398954 13.062801311775008 7.3144020416639846 7.833590281259417 11.664201291470079 5.237776881042894 6.638425959316027 1.9356876439596022 4.952961135643362 8.839010580586319 6.898149565899478 2.2355653191227853 3.9108297337224167 5.6337120338519515 7.862450014689596 9.620544074753461 3.6574259351460925 3.0061190192623286 8.254447468679919 9.408844254088992 13.27001542429469 2.899594663445258 13.946205807879991 
9.0888170390533 2.1802992560906707 0.0 7.32578263940448 5.864831134551865 5.643433822286869 2.3817759840674877 9.136443775856574 11.063382107203594 8.993596973057127 6.3070310609645865 5.152379586582086 13.166356726108866 7.813095172754965 7.406737868240356 8.219334483052844 8.963570690425627 10.915211977567576 7.91852089891663 8.90505646231609 9.962775271563547 5.774012698003963 5.608061792088791 4.290447978994524 1.0156680631327524 7.865802969923147 7.7386831098626985 11.532867749973018 1.8928963792855278 7.853526963671891 3.8554997563938764 1.4421761247983662 10.82427778060262 7.766042247592802 3.6313077395945337 4.7260364096088505 3.4406447758987473 14.859939813840658 12.823826664186392 7.3619830050083666 6.453160583540809 8.851476232759717 8.144978267038145 10.182578491236697 1.4113962388920647 6.879071411781879 7.068264386353584 4.214126886133709 3.7787355719229554 2.451770749659717 5.998824221208514 8.976836774099338 6.657190606901519 4.667934113893169 5.397951385047668 6.794272930720524 9.382640859515423 12.86045320498102 3.1755632694600897 10.547500930104427 
3.1617998059099404 9.214078585086181 5.473624693851856 0.0 3.797054926220565 16.138534360727036 3.8195027222870763 13.784141395494375 9.421490544315946 20.32685044482821 14.02585697705682 3.048467376096355 17.021961764342386 13.657644148461648 4.238341859413461 9.394134929550196 1.6741044515908523 15.234455645246761 4.555614835637501 9.240467528747336 2.1305270712490376 3.6784317878295214 15.160000744213638 6.983384594089046 8.091069542532475 1.8954790111857673 8.89298410981026 14.267006146079172 7.063358716362152 13.927076831024362 7.4225346032794715 4.608793013472708 12.347484901939886 6.412459754183065 4.5549377531537845 7.096851262239745 12.067790691527817 9.459783943431217 9.435179943677554 12.283045947141687 2.2313208940426 4.66415399347316 8.947460286273715 15.819552954874048 9.3265356160897 14.686180814347416 1.0515297227750275 5.404612382781716 8.460580808998499 9.267592627124191 7.442319686125705 22.044669795812737 7.812731882320369 8.042736962307249 14.082541649153523 6.208331611564631 17.32430120483316 14.578201999311304 6.745341433735948 8.371066050017456 
6.942073406762921 6.450030018902396 4.3936742105903965 3.9659321651229034 0.0 10.100732370474878 2.380369319691713 13.116754372691375 10.588423017194021 10.797754658700192 8.970012531862938 1.1013068665544294 17.870756403175452 12.375085562603022 5.103128409622903 7.222855124204097 7.10858619914564 12.636048330431658 5.439589309757041 8.60980487720477 3.7446930142646417 0.4068733921488549 8.842503071209801 4.420604058455747 4.580898506042231 4.032504746446808 14.532528037973297 16.28986946689528 4.921648021828052 16.892185311718983 6.71190722271976 3.7839359191788944 14.278256914583181 7.398850738798182 4.374830454114604 11.647096757762839 7.270256580951296 11.753372955338484 8.014778665269295 10.701586237979065 2.7274300670490215 5.162925704896651 8.483755508244693 14.778735077099096 5.717615474384119 10.186601145545493 3.4375488227277686 5.3732090566324215 11.962113147897945 5.042985986730878 9.528392548791174 12.715916482123866 11.978985026794767 5.488900950141115 11.127104169778487 11.455363102158456 14.268955615276976 16.185802387844934 9.011848118999545 8.806005711654182 
13.729239980495276 4.2277173493237115 5.595303763872527 12.923059112787357 11.111855661269917 0.0 6.345350263729307 15.731460939500792 12.597827501277635 4.582737879629531 0.631787687826796 7.696436077524234 5.8738272255049235 8.692712593219213 11.655949358474706 7.952908488321175 12.489128669499387 13.485411414457252 11.59969327082067 12.896024058237145 14.427195239263082 9.042620376467905 0.5402891607422311 6.218590531427058 4.432909015596016 15.37454284773559 8.5379840790423 9.80955692286219 6.062039533995123 11.780373621299976 8.886116264226738 7.95853605378966 6.394220416040857 9.91537022328661 9.999506748161002 9.132071097081692 3.03171394334756 16.85803777820764 13.406480852350043 6.082384419896174 13.175989871377752 12.765545872939263 1.489004435657334 7.380511968299164 6.0076894592576915 0.636119544739755 15.044521585471394 12.154143669678973 1.7753932305139095 5.018918292582017 7.243955885334181 5.562783958121808 12.720358570634458 5.997918667846702 0.42407149586622406 9.774819603137576 5.2847004117048435 16.11315404328436 3.9908993152320216 8.952501062211857 
6.4978060048308945 4.841223883211085 2.6132651681445087 4.568288229244271 3.4057013045694564 7.804907370276559 0.0 10.59667418508782 10.286958033253052 14.867587917304528 7.754775631902324 1.9249830527572156 11.385277748669754 7.076819689778963 4.264199052847633 10.11918239958236 7.321198880779482 9.660041726285424 5.234613851920724 6.4750673876105544 7.3121551087587005 1.8206962838948642 8.380550043293809 3.484981472641162 1.9124758449865389 3.358034284030206 9.24392002947221 12.370776059399951 1.6045510851492504 8.14592641754805 7.140137671624316 2.567133123646642 8.730212186630846 4.832176085480723 1.7718127001077746 6.893819477975679 5.8377827955998 12.077482012244415 11.641350590846312 5.800259637890035 3.088759605074237 5.904309260551608 6.57536373947793 9.604855545731905 2.9925887928755537 6.443721203069199 4.447303753771632 2.6678349187290737 8.396945906875898 3.496170442671498 5.911810438090956 15.009872831040663 7.277509370295823 4.907078797432626 9.669747082200868 8.259422768978236 8.06021315024435 10.988252231286879 3.6257152190961426 7.982634317391893 
7.696282289039175 9.029566967332798 10.772935224726323 11.728038739181468 8.922265007491601 14.828260356040646 9.494214903486887 0.0 1.083175051559902 7.876963817855342 11.344413009126974 10.729182461246804 9.828675700276072 0.5134874527229675 5.106426025773626 2.5331562977433144 11.230663042781085 1.983210412082005 8.841885364923833 3.9382413856154557 10.495616107879242 10.82463789637458 9.255274484037637 7.12378067458196 7.161366547197257 7.173785534139514 3.0079068785301573 2.4810572659915344 12.863157128616514 0.5297032154415522 14.829819200286892 14.926342662126302 9.974143649856774 7.624953206334009 7.3510416973980055 3.5765051034903994 16.991455814631863 2.3146539966873423 1.9505420665853792 4.867128603175452 8.748840902766968 8.960208791299882 10.05442344827571 7.399085247066086 11.398879073613694 8.422102916991467 8.832512400286655 8.424568116002932 12.465825169410753 17.95457703727756 4.3573762334770665 14.390567755002458 2.7973832606990205 16.59494929529083 11.8992648186029 4.0462483885337965 8.29621129748083 1.4763719065579723 9.135855760538318 1.7991970284056436 
7.175757345772847 11.009397798684704 12.988593535486041 10.047779407383027 13.05512165076372 11.600877126042647 7.761945109312093 1.1160131653910987 0.0 14.192997888850943 14.07554560084268 8.149832527238187 11.598629511260144 0.30527090441865484 7.061619681271315 1.8478049771668261 12.151561791536107 2.0703265615828848 5.9530893622298695 2.6466598980855656 8.683815420400508 11.506812749856962 14.864962443308 8.327077318777366 8.557397686776048 6.233257268015091 2.4741851950531712 0.8068977276582591 9.072389838534667 0.7910858841609908 15.75147171091963 8.058657518410746 10.983266403342943 8.008377766175997 9.754287275016353 5.058215025550158 10.435360720253717 1.9542131612121019 2.5773195574483028 3.499278332115736 6.887584665981625 7.024324000325782 13.441748413133087 7.305456976462171 9.86664329154662 14.085213033357267 8.542071953439772 5.795406276811925 13.207425668527506 15.616322683344467 4.490851957722919 15.026459334320577 3.929843270963226 12.376522420989087 9.430976438534978 3.98390737269984 6.975083365646566 0.994886862199982 8.837269864294319 2.5623750894288637 
15.725605776181194 8.03525149471434 9.622030513272652 16.995888308237937 14.811701875891057 4.053151704636681 15.005150736797958 11.14603547111087 10.069103327625555 0.0 6.239593472676564 13.899096209034706 2.238609783937122 13.701921614588624 9.483724503021783 10.123828146235805 21.344138116553182 9.880788899497004 13.600115924524882 13.581951877422696 15.77306072499038 16.67206322105956 4.723726376129869 11.021699431395472 8.858340587857075 18.49949878113297 11.090450143422128 11.72587202735512 7.625030771405669 9.69548121825944 8.800802867572575 12.373995866221332 0.9497166774312726 17.411089219386888 11.855962754543768 6.604572449243557 5.651585356326152 7.81351986267248 12.378255450737448 7.276751334453955 13.450561362348662 18.797927220722194 5.033479041002938 3.117187187466168 12.829052450745976 5.875044071631588 11.37863951688713 10.449434138355592 5.882819708020758 12.2873647190244 5.567079944322544 1.770332581311358 11.520927884672243 10.066189229242093 4.453590210586622 6.384558404322703 4.310120705993947 9.812975834172345 7.773787970121526 8.471982052950258 
14.52120854636005 2.514077926627689 5.890646739952615 8.757746687946492 8.544212040727444 0.6560376046863058 7.474835200810105 9.586337107126077 14.64885999082469 4.610276738472539 0.0 12.19379579546889 10.221044628734024 11.898802960906345 7.418431569564601 7.853773770839712 9.566893518413032 11.482983495861518 12.319359286601589 7.9106689281620906 10.089460231910195 11.792467130847989 0.3088128784464312 10.232479216161082 6.919573152629889 12.29052933001203 9.781240782144806 15.79733419869887 7.450143003534906 10.200348206983485 6.155283487990976 7.521457589073705 7.666020452436573 15.965257650638758 5.943522459680336 6.906470182010938 3.06483455754262 16.535751132175534 9.81677663740173 9.058166773745125 10.633580694837683 12.51063853861634 1.4814087343441575 9.2151146774295 4.2099522740896 1.3577779401762575 11.06027027192968 10.367620203338088 1.3539765922083316 5.3500577943467915 9.422601522572077 5.372583606038736 11.240592224991921 8.58069608442668 0.35592087738603706 7.712280456371232 4.99699647373422 9.637738798374277 5.450296607533176 9.337560694242274 
4.974126180067662 7.954603495205582 4.035972246623397 1.890733074736545 1.0809839813790239 8.104614225192229 1.9431906053557597 14.450127590760065 12.41172886867193 11.70963439466381 11.748091853154083 0.0 18.581363901004714 8.966445988348958 5.222956124980016 10.062926552066505 5.522611312016348 15.328371684367394 7.153918791594138 7.625234133367596 3.9894764098057838 1.29800639366548 7.841849239967895 5.94464115935652 4.592934019655217 3.3451778522099054 8.881641677283751 11.822497327196961 4.572249905653433 11.905062398317082 5.837229129316858 5.165405802009897 17.965920948466028 5.907500083769684 3.4978675062979194 5.547505772942794 5.90402740741936 10.19944642309845 11.405914065792743 10.406816660455615 0.9089069334155132 5.149908845015618 13.496275158362602 9.087628228921183 4.466772976996965 12.589781198881468 2.6913533704154102 4.899531459138811 6.980953752797501 6.979456008917693 5.738184802106645 19.2017111310641 9.638147252731573 6.466386822057116 12.908813116507194 6.476474429268349 16.754342492149128 8.613806160419923 4.5842638879117015 6.402442406236046 
18.92823320034877 9.346567128605296 7.54395455615347 15.511294099002795 11.365709530401796 6.288701903870305 14.899807787872135 10.324436278162331 7.589843127269383 2.6430751561221784 7.039343952552466 18.47692368286739 0.0 10.485272700230095 12.705583547665356 9.27441373320433 16.403148812196434 7.837426311106496 12.6572780501115 10.663749998616373 11.855289884954654 17.483437608835857 8.91657539834329 9.92961240830105 8.56424427460582 10.44657175347961 7.478073787844009 6.359761973288969 12.179642984145266 6.252648119465738 18.84721166751011 10.156104329177815 2.311554156868482 12.48184561190309 7.486926389384114 9.318162408787275 11.99651511085792 9.063998016208423 10.25799071480581 8.287951636269018 14.504561650461309 16.477953143422447 8.043939586415354 2.092821010666554 13.180818984354802 8.705896138936149 13.788128440244478 11.654568810406285 5.392990015369057 12.16044895397355 8.57694459347697 3.517825025625857 7.664371915208499 9.432277558807506 5.485805476383646 9.97462423145227 2.3733015593037763 9.870274279430149 7.268509359222063 11.138440735230686 
6.234341462915829 10.620701646724502 10.561350372412003 10.140778221723227 12.226283218557446 10.928425526520753 11.084319907017463 0.714552050804733 0.22626028005962123 11.414805438761338 15.849767749578309 9.54293212650222 9.581455016758559 0.0 5.017179248717335 3.4177458910411174 8.054076394107888 2.0014920508685745 5.150469246753139 3.7906426609180444 12.573635497452056 16.056943827573964 16.390670901974794 5.790069241278592 8.070373294592462 8.230224342081764 2.705860243195243 1.6012843315105065 12.995268534544934 0.42427815740066155 16.509999536032677 11.494400828412047 7.531939783033044 4.971689763112376 8.523091649775465 4.644587322748552 15.493026798264852 2.1895124671483783 2.9517782216115145 4.775501704928864 7.569082532638379 6.345647524625675 13.236024371509153 7.906042109418854 15.324972025139433 14.87311715972716 10.367629531271199 6.062083276758832 14.600056185213491 14.771561807860344 3.310096055279972 11.596354771234003 2.9816639553717827 11.890866746315321 16.730795125118124 4.136580937612548 9.25065803924294 0.9854214941703366 8.151527778665693 2.2231160849315104 
2.5906478413608025 6.3933553296035 7.924062568892841 4.346911811388396 8.024725363054683 11.148794402268638 5.50351833041738 7.834367171249395 6.72639711915976 15.77751448455821 7.6186193113832 3.7272293808326467 8.398525589248887 6.643427860143712 0.0 3.5027622597251775 3.1271199313416114 10.206143572862977 2.0363127917890975 3.569494138240066 5.001867761264507 7.842712303479173 12.48023466090699 2.4166379847697037 7.464004006418666 2.491021587710887 5.749021658997542 9.485540366124969 8.66346549760586 9.194220183881479 14.045684260898863 5.7373021853321475 12.848356080353824 3.192594770549946 3.5275511493783096 2.9288664738376182 11.448679680521385 6.921866617819768 4.831248981248155 5.491137452314986 3.8191461146747256 3.2896387279476036 8.32126916975363 12.215605149501616 8.59882494811508 11.961692061526527 3.792037789943109 1.9815950297615066 12.639753896387681 11.554825482420846 4.723149985500909 12.962564056308015 2.3467421853441506 6.452841352600949 13.288132943260186 4.918212874399855 8.285160917225273 6.492895517576404 3.752244277487472 5.8759746352770765 
9.33489664841175 5.823400813408301 9.805689605800321 10.960772289392018 11.220813303691823 6.910080740764486 7.260694132633239 2.98839917125842 2.959628214867987 7.894840270011784 10.716395184593829 7.419771146225767 9.527748914312653 3.0430148991294574 5.207696882908883 0.0 10.471592683127962 3.664118279398581 4.858176063278637 2.737642826106899 11.802558127166044 10.990487444449869 8.360823235560698 3.206497935430044 7.990697652765025 10.006373052138493 2.2739121327066902 2.249685795750849 9.417235764274317 2.9053879731656944 12.366568643178022 11.811793440229447 6.369359024065202 7.828559488033387 4.893503916752622 1.872874603363401 8.385893046685418 3.419564685728324 5.502194327736003 1.6762371595322536 10.33254254264189 8.762070644952981 6.814346502640664 6.383240162910142 7.145563650630158 10.11297413730463 8.662594212190939 3.865781440838647 7.973365102003983 13.980784658227675 2.3247344468346838 12.915071780085956 4.372148775255139 7.903964654803896 10.96983790750922 1.1424395162276724 7.497011595656956 4.5177627498071145 6.173868229945338 4.149879139854546 
1.7395764321471372 7.8902556095537735 6.2286045765929305 1.7282728206631204 7.249721656535658 14.733810382111878 5.971082500814227 7.08052270302533 12.779644622525439 21.04696687853509 9.63431468611839 4.281713720074072 16.932112391400377 8.021993052836418 3.539606047134699 7.447441951867672 0.0 7.808951080655393 2.6336776823708257 8.591200099051186 0.7649068505337878 5.577091945799745 10.801085822237976 5.908021610891973 9.81101831703861 1.6606211792012204 7.98780049343053 14.316499001698041 9.676871851093942 12.720056656048268 14.697406570358087 5.92077200125421 11.240617594391244 4.8217131349592215 7.223112972763804 9.915562420786024 9.35422377337743 15.316363745433614 7.365270052209962 12.043184998858326 2.7970439063776 1.939273072663351 18.694212610614176 9.528424673749699 9.53879858762587 11.269045265070032 1.8498386667276372 7.346139828025221 11.997929052400295 12.382031718584372 8.550817914502831 12.080301112302205 4.10509637075611 12.15446329552051 12.477965821540595 6.985924270727853 10.524551007922309 12.015312841397119 5.766143338140124 7.781003531669521 
9.982869253886346 14.389171016350641 9.898502569889594 14.785212955557823 12.259680092531934 8.129751363892204 12.703281640194806 2.892429183790634 1.2806387007956286 6.518450956196245 9.37100667168089 13.066616581511497 8.986111506600416 1.7156393753573735 9.777256543457508 3.796027680072322 14.131441187399485 0.0 7.305714492363856 3.755537827098988 12.874706792952292 11.374364126128349 14.331795021362858 9.132559418459127 6.378880083832312 8.566842000298115 1.3987102680561745 0.7018040176575259 11.463081051836111 1.6877341092550413 19.13739458865832 14.966070493285416 6.762110930242524 9.878306359872205 6.447043293392946 5.650569898303861 11.48260569109664 1.3235418166954536 3.7609224972253172 3.2923215910906363 8.756568570508788 8.099221612471771 13.913956609101014 4.837930112995134 15.174164590307551 13.669246752610597 14.049948882229224 7.924769063028619 9.222380501333973 18.016632761275794 3.4206617779739728 8.546353393652478 4.617148763178973 16.168353198313696 15.729883740086173 5.173818226558076 4.2921332315578455 1.0202402377689563 6.927023985030262 4.155448161512333 
1.0211377106004202 12.572986163706597 6.8794764168123805 5.743068830514174 5.672903771665601 14.48543247764847 7.610202808849947 4.722946039248577 6.1806822650182 16.969993146780567 11.191174441802072 5.575814270498213 11.213609576951267 6.11257285495701 2.370859571652841 6.059863181120732 1.9072378209761565 7.063221162561559 0.0 4.272362901734009 4.079548484790595 6.4924991652525685 10.59751334499143 3.5260535964695983 7.419878192392424 2.752946779355926 8.210676226795321 9.460200176217407 11.141845833761124 8.245333431969904 16.868245377115677 6.690808244539182 14.02676801486161 1.5169987476960434 5.690899404434472 5.0187624275134946 13.877760851332372 6.65213145321659 3.9748796543245435 6.701059511841878 5.426978519182039 0.5945593111079605 16.243277353482572 7.853567230661226 11.891087349048952 9.073803796102377 3.804189719073622 2.9630470961491886 10.379698613676613 13.656308774894008 6.599630910998156 19.317104196156997 2.6707071641219136 9.16138877340912 11.114496966399617 6.7056593110687785 9.678356746232666 9.581577165632787 7.867530744363311 4.117746350149828 
3.2744345723080666 8.923309415796535 8.248376502709167 5.095378225197626 10.132402844657921 9.969876107704184 9.303917622041144 4.163071545178859 3.5894430644590076 14.60316347755098 7.899697892295287 6.620493207877959 11.133641676664466 3.6020294391022247 2.6386025086185354 2.615337583205591 4.469144482614508 6.268062369305159 3.94337281242038 0.0 9.217413711366909 10.972273886043546 8.104549040750218 2.964375278905939 6.972270100432619 4.138098307741459 4.119195977374945 4.601917085322309 9.360323395481721 4.141473207701575 12.624401892460638 11.72604567145197 7.551338014367344 3.710167408076301 5.146360410893063 2.3915672226050586 10.949792542219155 3.640764767440676 1.9897251605914186 3.187132677018666 7.3671282065945345 5.391805508618273 11.325491059734322 9.49501173797426 6.996550150350812 9.864804954987559 7.284377230252668 3.394563407298386 10.916117672675204 14.380339247381684 2.811065167413505 14.776474049594908 0.9138731363633368 14.496273331636182 15.26216186048003 1.73954268247976 10.291936016409439 3.3123143589796697 4.670742936979898 2.4138236610386885 
3.013262998449575 13.94409409286266 6.291707486130538 1.7513048596964267 3.8041809755326352 17.449517461010352 8.376315215710287 7.6274229716489685 7.627166844283159 16.042295433185174 14.667493726069177 4.649240987537229 19.445575053771698 9.722551976893573 5.958924095669381 10.985284404661325 0.4544511354686224 9.813111664748337 2.8736347867433505 8.13588501184482 0.0 5.031194403157057 12.212364783003817 7.331231705726845 9.103921019617673 2.5798394579348756 8.665037432109953 10.096618477710287 9.976428008470473 12.686732568644258 13.303212351067184 8.20846463798624 16.95398949034318 3.5339723816031494 7.62958882132278 9.24053225798317 12.399028309648799 11.5047474562692 9.26041697211519 11.13191357060462 3.5366986347431 2.9365256384122067 16.71326322177299 14.954558127542139 8.294834370124866 12.427669006446873 2.159002473008078 6.213814168655869 14.868896382886398 12.001733295922385 7.970729673752106 17.691045867297188 8.23735177419 8.992956272188797 12.149915728651319 6.817856970010103 13.210729609016951 10.643153763499363 7.653088519109261 5.440330241597742 
4.9508894318134296 6.164141786697795 4.223724161960822 4.192238529862261 0.5852473530462019 10.235561498536809 2.6118378502158413 13.849025117991467 13.83524959106351 12.295889275436064 10.439232925825987 0.9734774955293111 14.770100076465358 14.939579413926376 7.564165440194644 10.92371686489114 4.766374984017349 17.585288016706016 7.519530689547562 9.618139799108983 4.932369845485578 0.0 11.862073190123025 6.890793190124068 3.9640035690162745 4.5600090996456535 12.575839356752077 11.067393369270109 4.096423030145248 10.724466533154946 4.852175976390533 3.404544921197587 12.060545551149993 8.67697795411032 4.20776133858277 10.90600389405068 6.773864832275811 16.334455151479013 8.92993888105038 10.335772796102901 2.4679970883792293 5.194606710585647 8.172342815551286 9.998830152620926 5.598319594407487 12.926705411423214 3.5925208389514447 7.534712740065491 11.127646697710581 3.827041708709896 9.729576236649033 17.163112660657273 7.381179819198207 3.2975183810576776 8.07424970654756 7.957983903399239 11.741787681411644 13.94807593797239 4.8147295518970985 7.432393119577724 
13.559499450744559 3.045688934968295 4.613765497429296 13.19968826390744 9.280652254893523 0.6486216915958651 5.028375388502387 14.462874227001262 11.710060711262566 5.561350572386818 0.36674586250739305 8.280917667289403 9.513521204349413 8.237654419706496 10.403426333077547 8.226339336297238 16.88511140040071 9.80753460473651 14.7787212144642 14.16547788752783 10.837113331255283 11.26554006376953 0.0 7.713970003052729 4.036475487201374 10.389529255484057 8.173912875043165 8.388884175567432 4.970953343463506 10.717837313928738 8.17636133769864 5.694999877587608 4.259200970746844 13.187240823000737 6.2629460525244 11.86092674132686 2.8399873147947994 11.821729851582035 11.897675617828261 6.306479961685398 6.546199797234774 9.259099353122695 1.5837839657466353 6.8725467472601425 4.858290320675104 0.8933541055990946 8.824439073959155 9.189530899356878 0.7211337940180191 6.430459016359347 5.789412812089744 7.501007924404869 8.157128164810366 8.564704542619225 0.45967896159377336 9.110230255671981 6.160990558750112 16.32632385222039 7.082050999296985 16.695399443022154 
4.665501015108406 4.970352596354702 3.8541527160433007 7.582490189978812 6.216871466557961 9.135729168161578 2.800639638897981 4.651568884100075 8.705509405395825 7.505144444612455 6.7222826885272955 4.673673733857047 8.90103574315843 6.192130923583269 2.886425468782167 5.240915758702986 5.697605472267609 9.230425470435655 4.357979903866111 4.5506338909154795 5.543635085309778 7.2428447636532 7.466484387404366 0.0 3.107853545215006 3.3943640105650776 4.982955018498117 5.222128391738618 4.970731058638688 9.146971256659898 11.866099218193396 6.853852048038849 8.53111279935107 4.597385273381669 2.0488224999502487 2.048950314149553 8.385252662172809 8.592376271857512 5.9114765062246954 2.5688747562220033 5.461647215036879 6.102810074176222 7.8463233020328405 7.032466167525923 5.4663780770552695 7.1930821490775045 4.8639959469843586 1.5687162437962525 5.074556708229185 7.942770348365552 2.5211949821507083 7.971947203708524 5.029360940403025 7.596618843923619 9.555285880806316 3.2728301613241193 6.95177618668351 6.058640824519847 2.069670397904951 4.174578521248948 
6.886106150420531 3.1436708952840564 1.2010206861031434 6.180095602219602 7.035853504197196 6.4451030658213915 2.830201637385671 8.468210980580412 9.65241544694948 7.780615041912956 4.9580943115711635 4.1490843761680605 11.99311448973799 8.789555369792524 6.080582566824631 4.314538820004953 9.265434968056429 8.679129012216663 8.168609851822112 4.7286727778665565 9.777209631830775 6.51794241027247 6.751151114312597 2.903761132963455 0.0 7.293137031698285 10.780312325910895 7.668825665255621 1.6814815824576712 6.740038722909885 6.433659353349357 3.205608331900028 5.7444040603831334 9.407374357291925 2.926941599467489 4.7631580643269125 3.256660813529674 13.763101993836866 9.56290841636913 3.7714631237633585 4.323966482223203 9.398806514794416 7.829911456004129 7.871135072857753 3.527190856591627 5.654095102921029 5.5110091425382715 4.414493351920286 3.2458952935769965 4.257816648293324 5.2914648604307475 8.593420603825098 7.146393312995574 5.955077398862119 4.894158979548988 4.108098804032895 6.4448328924373115 12.77099342545738 1.9058300394930614 10.288960044523465 
1.9163830074483326 7.597573434906496 8.685714964479908 2.2586881977851694 4.976866444730026 13.321280603022634 5.237901832458686 6.860575394621825 7.20278163909539 11.328792349313057 12.676531053801167 3.491405478825601 11.492232410466299 9.184615048490354 1.9835922100292034 9.379363096454558 1.3348295730426933 10.399210031538995 2.481839861086694 6.474560955899056 2.049870458736227 3.944057656164902 14.272380515939606 5.049550485151046 5.572407214280554 0.0 6.90487151400764 6.991827778935044 6.759148497740226 9.029717983644428 11.113828036880943 5.0680095535082375 11.48229248319613 3.8425450188700756 3.2802391341435353 4.493223420409365 11.21372608265791 9.426404158863381 6.702767643364424 6.7491410174775455 1.7772956249657406 2.9446906526753533 10.026170754751687 13.799012591174945 6.128060494733012 15.836639325061832 0.9142169521571157 2.8204620289827695 10.582867245307613 6.229038664258285 7.269749402621008 17.08415378163962 4.882298884238446 8.977526977337199 12.709235414005608 7.201054359992846 12.851541704480722 7.991386336397955 6.497632543199005 5.509896420092204 
7.806924687655932 12.019019271830377 12.151227426214016 9.327994067309008 13.947487858106548 9.52521709304911 11.085594752657869 3.759532336161233 2.0706930458444353 10.164666866807188 12.395740158519708 12.684205517978562 8.797612950315841 1.8595322253833366 6.062720390884176 2.4985123775946945 8.702004179901543 1.241949395180319 10.39535069849897 5.683210683079308 10.54231556394541 9.629383409820196 10.962273589345735 5.076693817982033 8.499382259222328 13.039511012691271 0.0 1.3829140373070232 11.335194192946837 2.3325573484279416 16.568498866888667 10.09746610287663 5.510055378228019 8.725567624814884 6.5175948184495365 2.4230410248116154 9.794653130129273 2.1260815320564275 6.0303010273831426 2.9613475969511036 12.609277997786918 10.102863534594377 11.94032266501448 5.130208164565438 11.300255149596198 9.660606135027283 13.457110360289203 6.22624419414144 12.315896520778443 14.451596114370526 3.9917224924440458 10.094913342606088 6.881193623314135 17.473673513580003 11.164463583500343 2.8069089240000515 3.9089972172639276 2.155083102295425 8.352838607475734 5.183902570371677 
10.57312663525945 11.52447606010078 9.509782575285328 8.171310937794427 16.74597408116812 14.125750656989414 7.509067595345719 2.074310787395537 1.0587760736306588 12.97435230799698 10.264083375490863 14.52833397539106 8.799866777118547 1.1010398297071393 5.1712321856689485 1.8036761088593167 11.362146795158157 0.4672757724861085 9.183985406802233 4.644062477215199 11.799516455959491 16.006293043541454 9.479089298326809 4.883280370786911 7.427345823263254 7.552827927596378 0.9689972708742348 0.0 12.896833660239832 1.47348826685833 13.139076233525042 13.614425404813389 7.8759937708466055 8.537045455291244 6.277537120677982 4.950554379829403 16.3927204672854 1.8124873230788925 5.726112774475499 5.590481405804344 11.724059542260289 8.982743183422084 11.496176644323599 5.32762042574522 15.209280772590493 8.007171333485182 7.489309063504533 8.96499660889351 13.50845145418424 14.598955588395187 3.2845883252069425 13.292216797835518 5.094926077006613 10.044631327486192 11.749912761420575 3.3234415608362657 5.994784153596689 1.0310058229490946 9.988130676613405 3.9593804808979987 
10.591827440137106 3.444645845964674 1.8717656427072922 6.757380058935927 4.0919296947178845 7.5598430240775745 1.8317394991429832 11.612292666872415 12.916085035518693 9.386364685133243 7.454490991882453 4.213128574747096 9.197999109738332 14.772786040542886 6.970700488955229 11.121419237259026 9.896460943606751 11.198302041682604 5.921166941359655 9.854127594088517 7.596475642883343 3.6494756317721158 5.945022445769466 5.924688261104702 2.2683312407835783 4.450435470331184 12.00254538278326 9.871728605361108 0.0 14.29809997406377 4.29173714578139 0.44375813697811034 10.998726035885529 11.48521787707012 4.574226708604424 9.28363281919702 2.7482339916493754 11.36314287086247 14.350765878739164 5.577367162131942 4.100104116502294 6.382649675546139 7.950277606072025 12.559957040855895 1.0479262714400877 8.323046306132325 5.702122170192212 5.826418796059462 4.351551615908239 1.9883814668996174 7.4685503283258745 10.740377276076247 9.898311178329944 2.116973122439676 8.231585096713948 7.716022826844393 11.886401775879792 13.26783151818185 5.357628151293358 12.722940068706606 
9.935898087830747 13.218500638395271 10.117572695039705 10.26312586407216 14.911187246265705 12.362081985997026 9.458238849227211 0.4822556360842387 0.6765631902759588 10.439336930112376 12.410233408217115 13.585053808619694 11.334167404406472 0.46186667608153614 5.805222415348008 3.9558341811640263 10.069660620738706 1.862402046766138 5.071856470579923 3.0816494670199903 8.703642261000118 8.91895211086647 10.534068162160652 6.2077275674370105 11.05966005452204 9.833152198654687 2.2784007332188563 1.7287044977650037 13.873061581090706 0.0 13.535486890759975 10.391722019988993 8.147253755628029 6.027200622892684 6.1630856234018525 4.989866447109237 15.174259905087705 1.4649040020420734 3.9401236432735676 5.111452383231796 7.983345740404187 6.89528270030013 11.407682324967434 8.436601107872288 10.526695896106286 11.54681572540369 7.004990261647054 7.798858624900871 15.76380773814627 10.862172450836713 6.6746579357713856 14.941141232866855 4.565663616110545 11.631347363493665 9.435058752321606 3.0935264086352987 6.991904890115229 0.9258737543271125 6.720609186079249 2.061238166338823 
10.304121164615912 5.914281726082044 4.9326452098393005 12.771746989321684 8.301117195528727 5.341590668757538 5.05419362297576 17.56891182478384 12.207252347640077 16.395352738101536 4.706971798351296 7.8455693890270926 11.80729268932949 21.051204007059876 9.385932429141926 17.305863349579482 11.730717806735338 18.65312035670039 16.60650617718769 11.483246701895355 11.930179795120367 4.7282542759871795 6.430415877126531 7.400599779491629 7.521561907351744 8.920215417536754 16.772793434983743 19.363419593049358 6.101572804002659 16.875177085598775 0.0 5.6967724883486675 8.715157023848343 9.663097841850204 8.498318562990299 16.083741446802264 4.539129086416259 13.365683260920656 18.837220440490807 12.073014010582284 10.114024233337842 11.51750371029632 11.159362141605728 10.188090852886218 3.519211610269449 5.740231387942312 9.680367069972018 7.987517996342733 4.662212312000969 1.809038457183599 9.69917309085739 9.849842927192153 16.21885746793812 2.889353148209886 7.016856011689095 11.835800243768897 13.05687523026435 15.435127699607076 5.901682082644163 13.207754300297331 
6.07158675920177 3.6630524546192453 2.1130756022435198 7.04448726410467 4.457178104009943 5.6678348561868965 1.8663946627100043 13.088368898930687 10.01842615593017 8.17007519894769 6.272444241453833 4.057215235202886 9.95469859142634 14.05926311407229 5.186234311549849 8.513365266572157 11.161653159120664 9.670691846740404 9.573013734071113 12.137227674272484 10.113521949687378 4.365965936708157 5.702593246462539 5.302409548356348 2.445936104873361 7.985755368454896 13.574512281614812 10.559596057939146 0.629658732976532 12.812426208536273 3.8760825168635087 0.0 12.327899843806362 11.935319679812615 3.889565657240759 7.7913925615458 3.808920771305011 15.027900006603549 8.030487736601314 7.404054402635177 5.901667188892247 6.691039272886566 8.610042787775889 9.30282476378673 2.2501536481176236 6.1910075779608995 6.359718556215447 6.276869128970368 6.46572727169501 1.6195229095935608 7.294421962367915 8.92024489561603 10.981993540673843 2.4796739558329244 7.917376658760858 10.303279194880277 7.0450504633571 16.35939503697232 4.275106171754 8.735299263599563 
10.588594007250816 8.155668353219315 10.880205114234128 15.242309005571514 15.756847205474472 6.399735135566452 9.047182488249463 7.852166468321766 6.697022508634629 0.6056674721433852 6.851611370624122 14.88891219306636 2.549742610666253 11.342858688287139 8.939463949560679 5.897509503297048 11.02014132883071 11.21101585762801 17.85297036431367 10.044732693713014 15.019166414216674 15.779129523674648 6.119195873712769 9.523431074082877 9.394933985434168 12.827121862261397 6.926143509928888 10.004595450877328 12.719500928771533 7.414414297273306 13.978964987860328 11.868767897964824 0.0 17.902084359004693 13.482884554565072 9.164451019393683 7.154011768724031 13.025228077346679 9.794021560999798 7.937706120527644 15.136119297222837 14.573553189112914 4.884622787902057 3.5409965390268696 6.3831023736879215 4.0603063408169815 14.367463373175653 11.470045572877702 4.51766553815713 8.43456428902613 7.751714522391914 2.871652301218334 11.183791442864052 15.862992319194717 7.285026529678515 6.144680026282831 1.8132492131014697 11.076932704720633 5.258833029330388 14.467697862579161 
2.821411784691736 8.74094184644079 8.93265510524764 5.545407076689065 6.673365300638093 12.840424088909618 5.442422931513107 7.2190182593451695 7.441759743532413 18.01060457996995 10.675809486953034 8.703628696845916 9.583679056191489 5.7106349994666585 1.8409390355169777 7.183712614729101 4.340810598828927 9.812487573532268 1.0870405874527105 3.8938907265072675 5.140489676094056 7.050979342127969 16.89668195325887 5.288318710537219 7.675872162199246 3.968214368052429 9.518262510666418 6.053920712203788 11.189864421934775 4.448365890742225 17.630277194789727 11.211673035391943 9.614135702804374 0.0 5.620922814247336 4.107564773355373 8.740352142120715 5.942411931944864 2.371416833820959 5.931934031959511 7.352221162449254 1.2821672362426715 16.989056319279968 14.738648304844965 9.608533964742723 9.201664937247083 3.520661175649876 3.6655819446156666 11.365221393244141 13.316607846564544 8.08938117140284 11.474789539340616 2.399331791141201 7.7398218456596695 17.644152631806673 5.270728462465168 9.68781950880513 5.6631326921931056 7.501348198718936 2.501199838497337 
6.2372274498558795 5.629084433625275 3.316122810536476 6.127895238427013 4.1688787380326415 6.568345982067824 2.0083265530809484 5.775295638682308 9.450562452885189 12.078178693589479 10.396638824957913 2.661061688067734 10.08650604048735 5.883531766471191 3.527147623088469 5.174171141891714 5.0109022456025665 8.99645910883837 4.488208866300576 5.192168166713428 6.341156072599228 4.568467382288248 8.987815546470337 1.4389260320674404 3.4111971860392867 3.4529911384902037 7.971779594495269 6.281423664098707 2.8202023342768188 7.854755670289899 10.390122904465295 3.9956051374915393 10.709045806218812 3.738465537196072 0.0 4.887386303633745 8.928350379385027 6.895753203613562 9.026829397576362 5.580367826503892 2.678788371423418 6.961070863334477 8.882884475573082 10.21603990174791 5.909448597127303 8.339536081221379 2.622857030510459 1.7996929011183518 9.066533571984747 7.804215986691274 3.2241275641448013 14.157962349743983 5.635911670270602 5.62918441273755 10.358062214034963 6.1620468222032265 9.65251166741666 6.755385428872299 2.8417505082445236 7.931777068810742 
7.383277000914669 6.609924072513795 6.105517988500325 10.185851490581953 6.0956529747783454 10.98617279816397 4.47040198109749 2.9567499483814883 3.6882618744325306 12.10451421178676 11.675895531040279 7.707606831187293 8.967109032869722 4.931304141729065 2.827918358510933 1.5915385064561698 5.198292840112102 5.981332261211513 6.259331830116843 2.0241601628551256 8.645422912528726 8.083783989069584 8.59914486356419 2.789466354137525 5.653262555389713 4.2919340692874215 4.360529443879985 2.7113871837561314 9.138751251256 4.834187456372561 10.737657237776595 6.574898847597749 9.423312939868724 4.362631110012314 3.722402174273774 0.0 6.64942036514295 5.495270679507824 3.923158280373308 1.332920375723442 8.057654060719518 4.216535170843064 10.977136146566217 6.411079887008448 9.041071798446279 6.419046940526074 5.497186182897251 2.8231946357776345 8.62356760590628 9.224009380725963 2.4932739192232862 8.211395593428 4.321569734405262 8.436661129317988 11.836120056525058 0.2947543543810492 8.201435153274259 4.082955390272037 3.2882554304925367 4.420878484910708 
8.47247776588461 1.4843087297516535 3.9161687878540357 11.789393335688757 5.387132661727282 3.308991218274106 6.051304473147589 15.330735986159825 10.915380597532536 11.177868728873776 1.860987005902276 7.003289615284647 9.797276327472968 8.826470657670406 6.724034499379773 11.81692420875796 14.193446684437319 15.534781740015777 13.23517790884629 11.160907568041667 9.245302327816749 5.249901330579209 2.856619641867763 5.745630175365114 3.272187754507791 13.36688699557348 10.545502476845883 11.022450595901812 4.143359436417456 9.79086538329886 5.586573982136091 3.2077898958790727 10.709622775739334 9.868417577156189 8.324961801296519 9.339053318249391 0.0 15.583555023392215 10.104404287760715 9.086852424234348 9.567009052580206 14.03541105064211 4.0982721302405 8.752670084743627 1.7295749512668694 2.7979572366167025 7.201833166943602 7.4009199334974065 2.635645534896714 3.479152588820157 6.6486201057695755 6.841307001018156 14.763944619312284 3.2269792444215377 2.048963242441236 10.576109570132632 11.720643111932088 11.572128396518483 4.6562460484305355 16.164102016338042 
10.681481284928497 12.642248814608195 11.352561896495992 17.10349446742594 9.986234711639185 9.823352141943307 14.791846278916493 2.5521710695863637 2.303122143094747 13.602043994484326 9.598422627815198 16.597639241052256 10.719839245643149 2.009812169301039 6.754009770003526 4.772930357881629 11.099656971814834 1.632764606575284 10.984951964877187 6.207893313239737 12.295565728054113 14.38750647031446 16.646637035384362 8.410881999744893 7.6187831089637745 9.88404112165102 2.2288266036620845 1.1564992720956988 12.556132292262994 1.914541311659407 22.233884948308134 13.8686662959856 7.385551776466702 10.684913549608355 9.669833689778038 3.808353728837158 17.424425396234163 0.0 4.135100143402171 7.387074765615978 10.17644311494692 11.992625325278738 11.827271802504283 5.274955335912652 9.27929846129354 8.716922943355424 13.66066040179388 7.199697646549304 14.859281971975923 14.154682729223971 6.109040996897809 11.571298176834937 4.334256070284059 20.204992432116967 10.056303722597354 5.47694216389256 5.246521324765634 0.6078245087165086 7.670000837417181 4.097311036651224 
6.385665303208599 14.30225917271672 10.123359822646446 6.220549383820596 10.370917884154682 12.2201361448943 7.283236133777313 1.8343698303575762 3.343321659322123 13.457635912760303 14.17393304752121 6.468825041012634 11.68874368483147 3.555105455010784 3.792103944115788 5.339479289960739 6.016992657301949 6.486561001065345 5.481001207823582 2.7780572846492344 6.770303675868616 8.26258877002121 15.128465687357629 6.729118073674545 9.706301928595792 9.06320553735661 5.776941038351582 3.95320712486932 13.932338274025494 3.9562386907871456 17.490143351588618 7.6519011630205 8.30359463545583 3.093449461568648 7.002377013034149 4.960260314417752 9.335137723213684 6.462307880987382 0.0 4.488658847724794 10.259408140727071 5.17362097510646 10.114375686827062 9.306425382384878 13.103943596981798 14.085014310901485 9.178608035087805 4.53428811876069 12.364461421934918 9.369344159742344 4.128270359944494 11.52731214417632 1.7083028117432495 13.51477843416792 9.792825261399168 3.2692923876036173 12.64224583651395 5.993769894614224 6.650580603631223 0.5733657269777384 
9.848340348275142 5.864016979786313 7.256603611416629 11.912838021856778 12.330357572259798 5.852182726972484 7.562012751274285 6.359381579058592 3.1625993783266897 5.5146233877085775 9.640678637264541 9.180852462311314 8.212933804785536 3.4181536928781995 5.051265528629042 1.9820966254267227 9.980120298431283 4.026018771171471 5.943405539118918 4.1437274052071515 9.121262561566308 8.884035753818528 6.790607403132282 2.5857587472732275 3.829894406770221 8.004544213596088 2.608328737018854 4.901921092393614 4.9609606667893535 4.735702754410615 14.666569011377373 5.622274654085215 4.484782053931432 8.471263282112771 3.9806934687360016 1.4757011621844214 10.927691030598362 5.462755727233064 6.082091863880402 0.0 7.590553771084499 7.470517952840825 5.747752153344958 4.1541803012233744 9.331336101506242 6.520903571763547 7.9440304293246395 3.6292366186821905 8.319973845817296 11.518878973080165 0.28829790634064306 7.3131854701862675 4.573074241176668 9.547879490585979 5.355460282678536 1.672921018933645 5.388158638960878 5.9787639455795105 3.025354668161998 6.528192795185517 
5.365105591501754 9.117395522682607 6.57350589476958 1.6102048404143272 2.978129051949804 8.410586709594146 2.3193839426014735 12.567799796420179 11.330475205529906 15.46945482358198 8.795522747097275 1.7849221135340598 14.08114417338384 8.337574300887766 4.230136043749066 6.2341598688309965 4.450870994601844 7.934567555191303 4.753697372395028 5.844300773619906 3.588942105816998 3.304548705188012 11.976994353491882 5.692297665643628 6.552071591160763 2.530321455354481 10.060163927972322 11.361892730104731 5.164998982348404 7.471549407156033 10.528119846329798 5.3399323904316685 13.883974972758176 4.134699157455913 2.651468914767217 4.403621352282997 5.9251798333066725 15.717533430716884 7.223744761661526 5.254421759754704 0.0 4.143779901762154 14.29399657088629 12.422454765518696 5.617923921002422 6.907490234717314 1.3955683571490813 3.3712929180253894 6.484145573230148 5.690284883770914 9.557924065893822 18.9668138023452 7.966784717978706 7.8620529676054645 13.07590152635277 6.7642138464224715 8.39629607079292 8.002319534980861 6.888303652685311 6.302668379247211 
0.7355549289686134 8.127847993600225 10.8541347902408 4.618850551476536 5.196618055368356 17.87099217710916 4.758871786374924 5.190241838680692 8.72567821156612 12.552380057017807 13.708564330228388 5.5590114858577255 16.531950899725455 8.233104482977344 2.005852824491565 5.071044243058146 2.47194721004862 8.867846934977742 0.4515668200864351 5.274768824955712 2.304992295154516 6.184671897792005 12.620295187660872 4.598399019622031 7.891734900283648 2.915756750932162 8.512451621755199 9.874459266211218 6.619108889668828 9.733536006854004 12.740803553679426 6.984336657522591 11.787946219038972 1.6845974682731746 6.146452928055605 5.913621274150498 16.286834492364513 11.637617283053931 6.2845948649792565 10.226482621773304 5.279313576600636 0.0 9.84915637142027 15.779944323279267 10.108133041632824 12.692615375920282 3.2726446497303887 3.3676029454909795 12.078145472618287 10.711379215409526 9.368635917328525 15.668909609767795 2.9387302170772536 9.241951819252419 12.386428250984654 7.030860839878168 14.602831513235841 8.828955061367964 9.261349545985116 4.524580621361398 
15.391702915776168 3.4769514287530208 5.9948812594157435 9.403185996785313 7.9036536132225885 1.1635089256993338 6.480799302624988 16.310193212478016 12.238904271207188 4.455051639802795 2.134863441598904 13.927370730296492 4.552526961664562 14.124700069276034 8.351842301304549 9.035726455986662 18.766787533859365 10.725498253206728 17.21050860593812 13.173300714058607 15.221214802567829 11.7168493505886 1.2367785422032362 6.6520680371291245 7.050770457169685 15.631075385044277 8.857469751319437 8.834476910117495 6.986036285812922 15.75632284714463 7.983219975789879 7.500154806745449 2.7068937492943523 16.108060933180493 7.522205885066672 7.908787435780814 3.6819038996487476 16.07022003564494 15.199287479166959 5.627828169201669 8.890724835739544 13.360292669955754 0.0 7.619256841597128 4.8703321561776685 0.4635270274202308 10.758255457049387 8.530876689682117 1.6465490020969074 6.101628046085345 8.744550552421032 5.669830796302899 15.853764803243267 10.506733425209902 1.2698313326191148 10.887643221843 5.738329021259222 9.600698959764468 7.193744798073079 13.654152018057667 
15.822067834579148 7.39880028022038 8.613894646947703 13.44225096171583 10.62657812170907 5.2740125221773795 11.026716600409905 8.70770908451108 4.702238684466118 2.8957835038471904 5.636642484444781 10.03423058595892 1.6870895045916825 5.884239621464708 8.948859742994504 4.043035921733399 14.017105455859404 6.072757963749321 9.859308831307086 9.22914887214216 11.33100359149815 11.575054081645225 6.809335213997341 7.0215296795734465 5.314643276193054 15.876290731944515 6.367863617533413 7.565842987344149 12.307693054938039 8.596991860360518 10.293028178502855 7.4847372894021005 3.6899184025687997 13.205765133602828 8.493627423764675 6.208427502042181 10.64065549995744 6.239893651763251 8.199374924351169 4.726215278874595 11.063130541387586 10.157051961357435 7.147132699723446 0.0 10.764438579183377 4.8964722136211005 13.190468355765656 7.619084258018354 7.270645074495782 8.740193874929062 3.080647938423409 5.361269894120275 7.972813640650495 11.71425077519292 5.952445509476617 5.087476803811219 0.23777427925469005 6.159481427953912 5.040869735995929 7.579641362646438 
7.956927230632079 1.2338541209120093 2.55023062574132 9.927988343104712 5.228287837437169 3.8376501362881714 3.3587238958914476 12.961220739679948 10.80386612413473 11.769177021647689 4.990829428115604 5.585098663941508 9.926814612136493 11.427756367902994 8.518267291902328 12.107811466924339 12.685632254747553 9.263435562355802 8.09054543690032 12.036461309321357 10.441718251455303 6.30367332572125 3.08148711947761 6.527009599830745 2.265472020945877 5.50707257489089 11.440875505503303 13.870189607866752 1.2110469757154934 16.624844501797874 4.179302792749577 1.2434143590727946 8.8161480615491 7.983091492895237 5.162462177721447 10.579236211637678 2.797538990250235 14.04387224880299 13.412083022076063 7.407221845157599 5.185549803288145 13.345679029518138 8.175985933595356 9.535207566889152 0.0 6.373807922967659 5.406563094200166 7.056418313676052 4.898470176724339 1.419247328532777 8.302803108017654 9.834394591122138 8.574458523439331 2.8693260964394787 4.741193627850978 6.390643277638204 9.526833845025376 12.179107226062538 4.743329317549504 7.866977483973251 
15.213203617389716 4.736290905559677 5.7384095504155805 15.112279118438794 7.403081719488217 0.6991433490839827 7.605818295249031 13.645077953581959 11.603972547741636 4.769767875452017 1.4467873888155776 11.199739538967627 6.544104381039176 9.180302379810696 14.021539392417386 7.131846421745383 13.532578423092446 9.916911830642078 8.846495126846044 12.289436885097073 15.094269807365972 9.42116846999594 0.9857079251882691 10.114420327155754 5.073734950609889 10.584010877768597 8.079368103308546 11.299578952861147 8.489786105798348 13.70463864430683 5.308406826869503 9.222378856989312 4.894238481653352 11.425128545953536 9.750146307436227 8.580361586863583 4.095580138535459 8.635680645886428 8.703814742424743 8.027823226108683 11.739728587421215 9.321224620355904 0.46089827171502284 5.677858947527253 7.142316181148322 0.0 13.158965517610916 6.404155125941286 1.774690051827552 5.657987680691711 7.499438237796715 6.175345135320777 15.164400281125086 8.054585130279232 1.3092335429998485 11.456280309570115 5.4024448511002845 15.416717636862842 5.068032784146477 11.766806174803616 
3.8411356087220487 10.456319325387891 6.672874133177466 1.5990605502806514 2.3462690808853535 7.747478325943408 4.9972248364618 7.328611997640871 12.316162984762357 14.557748130192568 14.567791952012467 1.4090576441240499 10.851703756753757 11.648056654819388 3.6823272429615006 8.552403333772842 2.44485438651639 12.926194534670334 2.82479881460345 7.150517486361595 3.420681021856815 4.402628634996483 10.528522734142442 4.4594464973149375 7.321386594012492 1.3655293199610552 13.087760722443107 13.542831683153214 6.516039067252731 13.30213996086253 7.719972264032736 6.114966790668798 10.205378716982935 4.0833646036740054 3.2194857500793024 8.148635599582047 12.627462549729904 9.186337808475189 10.119329650933341 5.831291146335005 1.045500761392677 2.8417201863369708 12.543737940920991 12.89468541957815 6.900405283373297 11.563931412398807 0.0 4.979130853822704 8.795067492052553 9.867699659442838 9.128334748534249 16.334766101767382 6.805063940234936 9.435334546343686 14.89891307488058 8.04806504655239 15.027443506748057 9.02613905498795 5.531616329719814 6.155445504857682 
3.709857099705391 5.83829623443393 5.762345384278753 4.481551795045936 7.963030613741115 11.923451325230229 3.541137107716676 7.352887077395048 8.000901669600436 9.494000493125787 9.29471740908686 4.592240223587195 11.849400290661917 6.983875702656316 2.287838393078193 5.308229206989154 3.775794245739713 8.29780513443017 4.1251687047826495 2.1223681847992992 7.961361576888553 5.611908890312166 11.019594287552032 0.9390982224882325 5.214032570921329 4.782000793818096 5.128442158016282 8.458052365868102 6.935038750053663 7.769020339126112 13.286378117520396 4.527169318705733 10.780778216702785 3.6893504595952678 2.078351781792398 3.1861153424315765 7.418051276740616 6.9271626533665795 5.102862386482509 4.7709707006485065 3.1397617410878045 3.1526865352858695 8.921423086401685 6.875354233557094 7.574763465824725 8.819554299553054 4.718433712040676 0.0 8.685661557510471 9.197783812545024 4.23204059787393 8.561011782830793 2.96501617302233 9.41558187073155 9.775330828654107 2.0327291691015743 8.491068961736277 6.39366734718834 2.324445733597614 4.52856205133596 
15.128076115515007 2.3430515514559174 3.2892964979041888 11.032127967760099 6.624455400167093 1.2763962176477968 7.493114535476833 10.257078650489127 14.390106859170107 5.571207261333653 1.4730869984142214 9.347411985007717 9.097194507441937 10.537743475227433 10.68539418061308 7.932961124212936 13.051954430234694 11.245781015781375 13.358580891527867 6.825856551353568 9.360489764623408 9.76805703477769 0.8516596456603907 6.576167349008072 3.4867679359831456 10.148902578114965 7.080033289820094 12.788347289021972 4.954906438811064 14.527769757535715 6.856003111793919 5.574262598863751 3.923910985771807 11.203057260242995 5.229986273403641 8.314677483417961 1.823915065464713 13.267597362647507 9.587814865649264 4.9930581560720455 6.8816728061363435 8.612508223242006 1.7745834842183363 7.534506342719035 5.087888040688941 1.8459190637815173 11.363683465113233 8.335214825544135 0.0 3.9751018272826384 8.514233294549623 5.266733061348138 14.053145074049421 4.907193712211907 1.4421667212379299 7.701606069855556 8.58572095313346 13.407895221698936 3.704872183151016 12.492607248482011 
8.254204363420463 2.0211112130443265 2.7846875926229075 6.202371526706004 6.187632893905029 5.386888218244714 3.5699315628254014 15.384810277708553 9.301405722895161 9.392735248843502 6.2595696510891425 6.564243092026656 8.211524154441738 13.879437132121044 11.498590697825467 7.73616011424088 8.368204291864815 12.322686976180723 11.372713729737537 11.296511526419192 12.707568961234617 6.614731378914436 6.403309781141294 5.876202459620183 4.32373712850209 8.63865845021174 16.37288709587866 9.985167499058802 2.6239881755647647 14.939545137422586 2.475175223702711 1.662124595500159 12.230596013561481 11.256494531403323 7.184881355398918 10.385133998411476 3.5471621610486146 18.35366280373216 9.161933959260805 7.287483781353367 5.455159024056381 11.238067806544741 7.751938576585603 10.253755160349796 1.5557085756891853 6.538171867197806 9.796911707564679 6.570061173635572 3.876781626763704 0.0 9.299123959892679 10.514655124974395 9.301391067920896 2.2729772538283903 6.3714067671159444 10.961794159625216 7.7677439657409755 13.715043913293037 5.311294920353761 12.144566681844562 
9.717632210870391 8.21418673711138 6.007013438658268 8.916536065605083 7.182730001871484 8.39812743343731 7.741756343487064 3.9233366022291696 5.2571643334875855 8.210603382732067 8.838974678759712 7.8305561967089785 8.14483838131448 5.598571817299639 3.8582397976047282 1.815695082063365 11.646256664762753 5.848514441851499 5.416807148400197 5.076751710925467 10.489987804150061 11.080086580060502 8.045518405717845 2.0387737702329147 4.519470136161592 8.98051828278786 2.9227098621929652 3.5529904314578586 6.861812044179289 5.724909867197349 14.366593586653305 5.630863261858859 7.386847367621338 5.2509376840555015 4.993165025116928 1.4568630960961373 6.611805350259962 5.44323967981482 6.531132071545482 0.22274289671735803 8.587417108529284 9.270855477334916 9.512452303823947 5.204214873772885 7.3454155307237485 6.131447332978204 6.330341590307358 4.153011261386737 7.762183319736757 8.817679707635621 0.0 10.270567865345981 5.602520135475565 7.151902480555719 8.49244957061172 1.8874565766119011 3.5088624214158695 6.975177083594408 4.095908133569009 6.617098552637222 
17.546645503983708 8.588565989556344 13.379271186651067 19.554383909215296 16.91408615597567 7.348184863328452 13.697215343943592 14.733204505618362 11.432925192730279 2.2689462609825286 8.619391392875315 12.117903458892764 4.257317204747851 10.572498418872573 10.602800794211594 11.101168380998237 14.056318612899268 13.944847427515494 12.93029162085585 9.733066382826982 21.02896912257297 11.07713699047801 7.327944735249568 12.062213686583611 9.619404756862025 20.98563271738027 9.244797204878697 10.549749313663654 13.349554551057699 9.805730173714531 17.463740229929083 14.491389126112178 2.6373890676618017 11.246372519539204 13.807070174315522 9.34381517856414 9.0778092190959 14.599914007136938 12.252239289192847 11.141907843103496 12.740090399270036 12.255248566298262 5.402815321372206 6.576844738537345 13.309390485241885 4.583297007178286 15.607746193779487 16.224819485622902 9.166924930565937 15.85252736960295 10.633030033186873 0.0 11.053286733548743 13.37139844042057 7.395937126258625 7.445085263417415 5.811502337068641 13.115440341291514 9.086286429319648 15.077766258903026 
2.8644728864822433 11.68814928332133 8.393814895892179 7.505892631344622 11.767851345205772 14.575722648064446 8.407074403485293 4.4370966520011486 4.539804820300214 15.55442577037194 12.263416192457779 9.481321245827312 10.753402802896419 3.3373032527815645 2.8988353494099504 3.7024833316205097 5.405327906675703 4.440328689027271 2.217797130627586 1.0319806539068443 6.48180820410688 7.191378492254595 13.92759777278448 4.489248244676601 8.321243668838562 4.523216070066508 3.9218544987409993 5.307368717298387 6.965335210777089 3.332413838253786 11.326556110362878 9.436886095717814 10.834239079503622 2.5591750379799256 4.725994133902718 2.9056828480019887 9.59254216320846 6.18635962002128 1.7789173374789573 5.765334110142762 6.429611570799743 2.8102075287266484 15.757978693571026 11.004558270287506 13.483500553141067 10.179544270560775 6.109890514435875 4.262667588565147 8.761035342502058 11.976648901390558 4.695363292990651 11.601489558733705 0.0 14.503218345016016 8.980477894181414 3.2560205393842514 11.885464108929462 5.543372943640068 7.568042265991148 1.894537139850109 
9.160344188271875 5.002946508246424 4.47895647361493 8.424008521502719 5.256316441890023 5.6601598484147875 5.185980519122872 13.048441927493347 11.800072881718581 14.186149208109676 7.257134596691286 6.553888796687604 18.07961683829121 18.17356024435174 7.881853743204581 13.269017173016506 10.387852562459576 13.113067479381284 12.44461338925555 7.63891822454395 12.548280619321565 3.8445763019496617 7.856709837005912 8.799076734833344 6.1363408323816575 10.042624073628447 17.607052158637288 13.178649457039118 3.0412818100442545 17.021814893520244 1.8248157991610443 2.2239428728030632 15.859129395861 13.632551767777848 4.509570863082946 7.323426079945734 4.992450100000695 12.163132447404095 10.82191626916988 7.297052300858498 7.753008644264564 11.458133968744196 8.072932811204076 15.527045433106853 2.0427347897927923 9.891530595277192 8.105126347567346 10.166507193828846 7.707293581969693 1.8791247556700017 8.072382780170212 18.38729181958449 14.077255896139299 0.0 6.4310667694425305 8.527202113746139 11.182744015720404 13.947010990331648 5.813155083985533 16.2981257473809 
13.879148704149337 2.9922449409949206 5.005649288412487 15.60303502246078 10.885796705691018 0.40993755035319 9.242161908796279 15.977404893424897 11.249992593048622 4.008569439470835 0.3377346619600808 13.93376677652095 9.047606869663552 13.031595847370422 9.225425489594869 12.566896970833337 17.657311852511434 9.691515591694177 17.141355845787956 10.98359031145359 12.44338418031049 13.06831280174649 0.7374222592721571 7.382732832375381 7.323299361702222 9.101969088319052 8.413123937997806 10.580571792510842 6.78153295422395 12.81438776859138 5.417777916991329 6.107939960289086 6.58185480513582 11.951816270637316 6.913122568686106 12.28820891034276 2.126721172240574 13.102278378597422 13.403198332457258 8.056287523216245 12.103432480363937 16.133890386739402 1.978398728746933 8.421774798766592 4.734015193969839 0.8222310830493913 9.363540179958237 11.952353159761353 1.5687830074968108 5.885650513382528 9.320387842356201 6.475938244311275 13.9789683278717 8.682626032148411 0.0 7.109472488086054 5.532384762795027 15.970810587177489 7.523736571994894 11.743838397407657 
6.79768303091539 7.9229428208266395 4.588955310480058 6.542407112567789 9.998101217691309 8.781089239976954 6.055568947981499 2.8586810464350476 2.693582470769025 11.728671393222406 11.164656062346983 7.35100906415155 8.365064659240614 3.446026023893842 4.820635207794378 1.3647814703588539 9.364634441873585 4.455708323340904 6.649284002809268 1.8703963214765573 7.899327940629593 7.235226393844407 9.417994717299191 2.6777898291911266 5.9549079872191655 8.145108377789562 3.280680990838251 4.623634768749246 6.712910976848796 4.568708453565474 13.932042581139996 9.763429215213495 7.528499002142196 3.5687398444604583 5.262583256065104 0.22597660187379787 7.200212202518457 3.9530868525496654 2.8963839610541893 1.8538488186236046 6.623081623386325 6.462561651526443 6.599652225727623 5.814481338643425 8.276977477915763 6.582583118241564 6.731027766494352 2.9528080142424273 5.5280375203154515 7.719744431492638 1.2003957876732905 10.162251288809438 2.5785119855023995 10.220947122849967 11.643555016015743 0.0 6.533520734422979 5.005950399235369 5.134480102367792 4.245253460040113 
14.347609325939697 5.7887861838460655 11.172355031229618 10.326893133045226 13.645038083148684 4.810706109448969 11.68642127454196 8.35982757611393 8.267069433697582 2.7111297022532943 5.423722042333553 14.355054243205839 1.3206961414325575 9.116680192505953 7.124062844941106 5.68544431333897 16.20848611682025 6.425556543851439 9.252940574191502 10.790578616257351 9.604976463731237 14.31528586404367 9.271659017003504 7.071024576661047 9.48945611360406 13.335134687450562 5.889464246962515 6.3602074226937155 13.132059625636277 5.258938224155228 10.08632298899235 9.13059392893188 3.1487479083686045 9.136720222827899 11.231507203267114 8.335632755050693 9.356498108151186 7.387567558398746 9.072893213566356 5.194793719195786 10.228873095877121 13.94392556824062 4.806760509423517 0.31746322890010625 11.216768166179328 4.411511989342419 12.398853607319339 9.321584132221783 7.07116509513485 8.952060130844735 4.516137448137924 4.226819656081893 12.254830142974113 10.30956725913245 8.324083410060654 5.416254969658266 0.0 6.983708778105472 8.375759411480036 6.251450819108032 
7.483163459389 10.924875884232431 10.367019196386515 9.490144544969311 13.137797899023251 9.568660910574858 7.7467563278789635 1.3569907263240018 1.5584536977412717 10.13543411626179 8.575348863347301 12.301264671686921 8.921856324893922 1.1030810285156125 7.846323111015841 3.736610240977855 9.679103792702307 0.9498289674072676 6.910254297764279 5.6080534792430985 10.19340157671801 13.597292031084152 14.962987655187309 8.735295754667735 7.642150720936314 12.265226092679466 1.8230372574707239 0.9172464307740975 13.272522426308313 1.0229034810198594 20.619200153727334 16.76743466026732 7.531931944428669 7.9457024884556215 11.97990922758895 4.997475371429082 12.79958850441437 0.6950098764331745 6.154508801279423 4.04182048302453 11.151389487975868 8.977611180220352 14.09526917957593 8.168949673991758 15.912945611217301 8.348697018454533 12.040091635760588 6.753126397671276 8.548604901178752 16.22740391942769 4.422907953705468 11.881772123874656 6.66873723157286 15.779455436641769 10.1315633834493 5.376549412982533 7.128209022247987 0.0 6.234445478182378 3.570618121709851 
5.14312050043085 2.905091630366134 2.631644787017343 5.898682858009327 8.954784590766867 4.392354804700038 3.86784320528996 9.723733019835162 7.8144727462550385 9.41389650022779 4.881927685374576 7.516149495206774 8.57991297049124 10.2711129936018 6.014444714700584 4.695626960322613 6.730106804300424 8.363210382225978 7.327129199329699 6.686819540135027 10.606532438026726 5.011331569903763 5.386333486387101 2.1725875926186076 1.3264489762282226 7.46079248999856 6.643045306380305 7.319729687044015 4.549724045627428 7.36068818084424 10.812610009870738 5.024648557689543 9.342750126146502 6.404710558402357 2.812340787684602 3.2597936244084114 6.8826219139931455 10.912872023357892 5.328346101174371 4.341254236556402 6.338761934269959 9.744138636892746 5.232750273029941 8.1530901203958 5.160267827624786 5.590925779817956 6.388220060491834 3.107241441997101 3.429401004343905 6.63781539023643 4.100588923311024 10.695056831656519 7.983191929966884 8.232027465015998 4.856231376397557 4.631650211018983 7.238110961495052 6.715818856966555 0.0 6.819123492189628 
6.059870599698247 8.289206138599202 9.43712806877327 9.537032854559376 10.04567177674912 9.160253217749236 9.255928552847534 2.3320941953159293 3.0846862945907523 11.543494870761334 9.509471536222456 6.47029131482287 10.071771155355467 3.0804238331432154 3.205278270747664 4.684996540967548 6.000818623621274 5.542193135589851 4.634733871206119 1.8031684390611953 9.547030720826925 8.365470494243482 12.058478288813935 6.772607257666085 11.539609338620274 6.200458852090435 3.5192986485016977 4.513975468953539 8.061579497945516 3.274407067720338 19.01171355849146 8.213500379188558 12.81940812330115 4.5442059823042555 8.852329466942118 3.6204117689639146 15.131880556155448 5.9757539397225 0.47205665087082455 7.0164251883579585 9.523361921578793 4.602013988580711 13.857759487036823 11.470988125781421 15.062504149598201 8.405072995145499 7.079559766775043 4.822066020485867 9.692312007174731 16.413717043334977 5.330553775897324 9.776639758831903 1.1718584940585512 14.59742921424272 13.075959964433295 4.007541869522047 6.601861677584923 4.143217344727706 9.041905788097576 0.0 

0 16 2 7 11 9 17 21 23 10 6 19 18 20 13 5 11 24 2 3 1 5 20 23 24 18 19 2 17 17 9 11 2 6 9 5 9 2 14 19 11 21 20 21 18 48 1 17 42 2 4 24 18 21 11 9 18 22 9 23 
