61
9
100

0 38 55 38 33 61 48 14 51 10 42 33 25 14 8 36 40 22 45 17 48 63 28 14 30 39 36 51 26 59 42 36 44 29 30 38 64 56 43 10 37 50 34 31 27 61 72 36 38 44 15 11 39 51 71 13 48 31 30 49 30 
38 0 79 71 66 82 66 50 71 29 72 14 51 40 46 70 14 32 27 50 65 61 57 50 61 55 70 53 19 66 78 22 81 66 15 26 69 89 75 28 58 68 72 66 13 92 94 34 20 72 44 30 34 71 91 50 46 34 43 80 16 
55 79 0 25 73 8 15 44 9 56 19 82 75 68 50 30 70 77 63 38 18 47 75 44 27 24 72 39 77 33 34 88 64 47 64 58 34 26 22 63 20 13 49 66 75 23 17 48 64 13 67 54 93 9 17 55 46 86 36 18 80 
38 71 25 0 48 34 31 25 28 44 6 70 53 49 31 4 67 60 65 22 33 62 52 25 11 31 48 51 64 50 11 74 39 22 59 58 53 18 4 48 23 30 23 42 64 23 40 50 63 12 47 42 77 28 42 34 54 69 36 12 68 
33 66 73 48 0 81 72 33 72 42 54 55 16 26 30 44 72 36 78 39 73 94 11 33 47 66 4 82 48 87 44 53 22 27 62 71 92 61 52 38 61 73 27 7 52 68 89 69 71 59 22 44 48 72 90 22 80 40 60 59 52 
61 82 8 34 81 0 16 51 11 62 27 86 82 75 57 38 72 83 64 45 18 43 83 51 34 27 80 38 82 29 42 93 72 55 67 60 30 33 31 68 25 14 57 74 80 29 12 50 66 22 74 59 99 11 10 62 45 92 39 26 85 
48 66 15 31 72 16 0 40 6 47 25 71 71 62 45 34 56 69 48 34 3 33 72 40 26 11 73 24 67 20 41 78 68 48 51 44 23 38 30 54 12 2 52 66 64 37 28 34 50 20 62 44 84 6 25 52 30 78 23 29 70 
14 50 44 25 33 51 40 0 42 22 29 46 31 25 6 22 50 35 52 6 41 62 32 0 17 33 34 50 40 55 28 50 36 17 40 44 59 42 29 24 29 41 23 28 41 48 61 39 47 32 23 21 52 42 61 12 49 44 28 36 44 
51 71 9 28 72 11 6 42 0 51 22 75 73 65 47 32 62 73 55 36 9 38 74 42 26 16 73 31 72 24 38 82 66 48 57 50 27 33 26 58 14 4 51 66 69 31 23 40 56 16 64 48 88 0 21 53 37 82 29 24 74 
10 29 56 44 42 62 47 22 51 0 46 26 32 20 17 42 30 23 35 22 47 57 36 22 34 37 46 46 21 55 49 32 54 38 20 29 59 62 48 7 37 49 43 41 20 66 73 28 29 47 22 3 37 51 72 23 41 31 26 54 24 
42 72 19 6 54 27 25 29 22 46 0 72 58 54 35 11 67 64 64 25 28 57 58 29 12 27 54 47 67 45 16 77 45 28 59 57 48 17 4 51 20 25 30 48 66 20 34 48 62 6 51 44 80 22 36 39 51 73 34 8 70 
33 14 82 70 55 86 71 46 75 26 72 0 40 30 41 68 27 20 39 48 70 71 45 46 60 60 59 62 7 74 75 9 73 61 23 36 78 88 74 22 61 72 66 57 6 92 98 42 31 73 34 28 20 75 96 43 55 20 47 80 3 
25 51 75 53 16 82 71 31 73 32 58 40 0 12 26 49 59 20 67 37 72 88 6 31 48 63 21 76 33 84 52 37 37 34 49 60 88 69 58 26 59 72 37 20 38 75 92 60 59 62 10 34 32 73 92 20 73 24 54 65 37 
14 40 68 49 26 75 62 25 65 20 54 30 12 0 19 46 47 12 55 30 63 77 17 25 42 53 30 65 23 73 51 30 43 34 37 48 78 66 54 14 51 64 38 27 27 72 86 48 47 57 4 22 28 65 85 16 61 20 44 61 27 
8 46 50 31 30 57 45 6 47 17 35 41 26 19 0 28 47 29 50 11 46 64 28 6 23 37 32 52 34 58 34 44 37 21 37 43 63 49 35 18 33 46 26 27 35 54 67 39 44 38 17 17 46 47 66 8 50 38 30 42 38 
36 70 30 4 44 38 34 22 32 42 11 68 49 46 28 0 67 57 66 20 36 65 48 22 11 33 43 54 62 53 8 72 35 17 58 59 57 20 8 46 26 34 19 37 62 26 45 51 63 16 43 41 74 32 47 30 56 66 37 16 66 
40 14 70 67 72 72 56 50 62 30 67 27 59 47 47 67 0 42 13 48 54 47 64 50 56 46 75 40 30 53 75 36 84 67 10 13 56 84 70 33 50 58 72 71 24 86 84 22 6 66 50 30 48 62 81 53 32 46 34 75 29 
22 32 77 60 36 83 69 35 73 23 64 20 20 12 29 57 42 0 52 39 69 79 25 35 52 59 40 68 13 78 62 18 55 46 34 47 82 78 65 16 58 71 50 38 19 83 94 49 44 66 16 26 16 73 93 28 63 9 48 71 17 
45 27 63 65 78 64 48 52 55 35 64 39 67 55 50 66 13 52 0 48 46 34 71 52 54 39 81 29 41 42 74 48 87 68 18 7 45 80 67 40 45 50 74 76 35 82 76 15 8 61 57 34 59 55 72 57 21 57 30 71 40 
17 50 38 22 39 45 34 6 36 22 25 48 37 30 11 20 48 39 48 0 35 56 38 6 13 27 40 44 42 49 28 53 40 21 38 41 53 40 26 26 22 35 26 34 42 44 56 35 44 27 28 20 56 36 55 18 44 48 23 33 46 
48 65 18 33 73 18 3 41 9 47 28 70 72 63 46 36 54 69 46 35 0 30 73 41 28 10 74 22 67 17 44 77 70 50 50 42 20 41 32 54 13 4 54 68 64 40 30 32 48 22 62 44 84 9 27 53 28 78 22 32 69 
63 61 47 62 94 43 33 62 38 57 57 71 88 77 64 65 47 79 34 56 30 0 91 62 54 32 96 12 71 14 72 80 96 75 48 35 15 71 62 64 39 34 80 90 66 69 53 30 41 52 78 54 90 38 48 72 16 86 34 62 72 
28 57 75 52 11 83 72 32 74 36 58 45 6 17 28 48 64 25 71 38 73 91 0 32 48 65 15 79 38 86 50 43 32 32 54 65 90 67 57 31 61 73 34 16 43 74 92 64 64 62 14 38 37 74 92 21 76 30 57 64 43 
14 50 44 25 33 51 40 0 42 22 29 46 31 25 6 22 50 35 52 6 41 62 32 0 17 33 34 50 40 55 28 50 36 17 40 44 59 42 29 24 29 41 23 28 41 48 61 39 47 32 23 21 52 42 61 12 49 44 28 36 44 
30 61 27 11 47 34 26 17 26 34 12 60 48 42 23 11 56 52 54 13 28 54 48 17 0 23 47 43 55 44 20 65 42 22 48 48 48 28 14 39 16 27 26 40 54 32 44 40 52 14 40 32 68 26 44 28 45 61 25 20 58 
39 55 24 31 66 27 11 33 16 37 27 60 63 53 37 33 46 59 39 27 10 32 65 33 23 0 67 21 57 22 41 67 64 44 41 34 26 43 31 44 7 13 49 61 54 43 39 24 40 23 53 34 74 16 36 44 24 68 13 33 59 
36 70 72 48 4 80 73 34 73 46 54 59 21 30 32 43 75 40 81 40 74 96 15 34 47 67 0 84 52 89 42 58 18 26 65 74 93 59 52 42 62 73 25 6 57 66 88 71 74 59 26 47 52 73 90 24 82 45 62 58 57 
51 53 39 51 82 38 24 50 31 46 47 62 76 65 52 54 40 68 29 44 22 12 79 50 43 21 84 0 61 13 62 71 84 64 40 28 16 62 52 53 28 26 68 78 57 61 49 20 34 43 66 43 80 31 44 60 8 75 22 52 62 
26 19 77 64 48 82 67 40 72 21 67 7 33 23 34 62 30 13 41 42 67 71 38 40 55 57 52 61 0 72 68 11 66 54 23 37 76 82 68 16 57 69 59 50 6 87 94 42 33 68 27 23 19 72 92 36 55 16 44 75 4 
59 66 33 50 87 29 20 55 24 55 45 74 84 73 58 53 53 78 42 49 17 14 86 55 44 22 89 13 72 0 61 82 86 66 52 40 4 58 49 62 28 21 70 83 68 55 39 32 47 39 74 52 91 24 34 66 21 86 30 48 74 
42 78 34 11 44 42 41 28 38 49 16 75 52 51 34 8 75 62 74 28 44 72 50 28 20 41 42 62 68 61 0 78 30 18 66 67 64 17 12 52 34 41 17 37 69 24 48 59 71 22 47 48 79 38 50 35 64 71 45 17 72 
36 22 88 74 53 93 78 50 82 32 77 9 37 30 44 72 36 18 48 53 77 80 43 50 65 67 58 71 11 82 78 0 72 63 32 45 86 92 79 26 68 80 67 56 14 97 105 51 40 79 34 34 12 82 103 45 64 14 55 85 8 
44 81 64 39 22 72 68 36 66 54 45 73 37 43 37 35 84 55 87 40 70 96 32 36 42 64 18 84 66 86 30 72 0 20 74 80 90 46 42 52 58 68 16 16 69 53 78 75 82 51 38 54 68 66 80 31 84 61 63 48 70 
29 66 47 22 27 55 48 17 48 38 28 61 34 34 21 17 67 46 68 21 50 75 32 17 22 44 26 64 54 66 18 63 20 0 57 61 70 35 26 39 38 49 6 20 56 42 62 56 64 33 30 37 62 48 64 18 64 54 43 33 58 
30 15 64 59 62 67 51 40 57 20 59 23 49 37 37 58 10 34 18 38 50 48 54 40 48 41 65 40 23 52 66 32 74 57 0 13 56 76 62 23 44 53 62 61 18 79 80 20 10 58 40 20 42 57 77 43 33 39 28 67 23 
38 26 58 58 71 60 44 44 50 29 57 36 60 48 43 59 13 47 7 41 42 35 65 44 48 34 74 28 37 40 67 45 80 61 13 0 44 74 61 34 39 46 67 69 31 76 72 10 6 55 51 27 55 50 68 50 20 52 23 65 37 
64 69 34 53 92 30 23 59 27 59 48 78 88 78 63 57 56 82 45 53 20 15 90 59 48 26 93 16 76 4 64 86 90 70 56 44 0 60 52 67 32 23 74 87 72 57 38 36 50 42 78 57 95 27 33 70 24 90 34 51 78 
56 89 26 18 61 33 38 42 33 62 17 88 69 66 49 20 84 78 80 40 41 71 67 42 28 43 59 62 82 58 17 92 46 35 76 74 60 0 14 66 36 37 34 54 82 7 34 65 79 20 63 60 94 33 38 51 67 86 51 10 86 
43 75 22 4 52 31 30 29 26 48 4 74 58 54 35 8 70 65 67 26 32 62 57 29 14 31 52 52 68 49 12 79 42 26 62 61 52 14 0 52 24 29 27 46 68 18 37 52 65 10 51 46 81 26 39 38 55 73 38 7 72 
10 28 63 48 38 68 54 24 58 7 51 22 26 14 18 46 33 16 40 26 54 64 31 24 39 44 42 53 16 62 52 26 52 39 23 34 67 66 52 0 43 56 44 38 17 71 80 35 33 52 17 10 31 58 78 22 48 24 33 59 20 
37 58 20 23 61 25 12 29 14 37 20 61 59 51 33 26 50 58 45 22 13 39 61 29 16 7 62 28 57 28 34 68 58 38 44 39 32 36 24 43 0 13 42 55 55 37 37 30 45 16 50 34 74 14 35 40 31 67 16 26 60 
50 68 13 30 73 14 2 41 4 49 25 72 72 64 46 34 58 71 50 35 4 34 73 41 27 13 73 26 69 21 41 80 68 49 53 46 23 37 29 56 13 0 52 67 66 35 26 36 52 19 63 46 86 4 23 53 32 80 25 28 72 
34 72 49 23 27 57 52 23 51 43 30 66 37 38 26 19 72 50 74 26 54 80 34 23 26 49 25 68 59 70 17 67 16 6 62 67 74 34 27 44 42 52 0 20 61 41 64 61 69 35 34 43 66 51 65 23 69 58 48 33 63 
31 66 66 42 7 74 66 28 66 41 48 57 20 27 27 37 71 38 76 34 68 90 16 28 40 61 6 78 50 83 37 56 16 20 61 69 87 54 46 38 55 67 20 0 54 61 82 66 70 53 23 42 52 66 83 19 77 44 56 52 54 
27 13 75 64 52 80 64 41 69 20 66 6 38 27 35 62 24 19 35 42 64 66 43 41 54 54 57 57 6 68 69 14 69 56 18 31 72 82 68 17 55 66 61 54 0 86 92 37 27 67 31 22 24 69 90 38 50 22 41 74 6 
61 92 23 23 68 29 37 48 31 66 20 92 75 72 54 26 86 83 82 44 40 69 74 48 32 43 66 61 87 55 24 97 53 42 79 76 57 7 18 71 37 35 41 61 86 0 28 66 81 21 69 64 99 31 32 56 67 92 52 12 90 
72 94 17 40 89 12 28 61 23 73 34 98 92 86 67 45 84 94 76 56 30 53 92 61 44 39 88 49 94 39 48 105 78 62 80 72 38 34 37 80 37 26 64 82 92 28 0 62 78 30 84 71 110 23 6 72 57 103 51 30 97 
36 34 48 50 69 50 34 39 40 28 48 42 60 48 39 51 22 49 15 35 32 30 64 39 40 24 71 20 42 32 59 51 75 56 20 10 36 65 52 35 30 36 61 66 37 66 62 0 16 46 50 26 60 40 59 47 13 56 14 55 43 
38 20 64 63 71 66 50 47 56 29 62 31 59 47 44 63 6 44 8 44 48 41 64 47 52 40 74 34 33 47 71 40 82 64 10 6 50 79 65 33 45 52 69 70 27 81 78 16 0 60 50 28 51 56 75 51 26 49 29 70 32 
44 72 13 12 59 22 20 32 16 47 6 73 62 57 38 16 66 66 61 27 22 52 62 32 14 23 59 43 68 39 22 79 51 33 58 55 42 20 10 52 16 19 35 53 67 21 30 46 60 0 54 45 82 16 31 43 47 75 32 10 71 
15 44 67 47 22 74 62 23 64 22 51 34 10 4 17 43 50 16 57 28 62 78 14 23 40 53 26 66 27 74 47 34 38 30 40 51 78 63 51 17 50 63 34 23 31 69 84 50 50 54 0 24 32 64 83 13 63 24 44 58 32 
11 30 54 42 44 59 44 21 48 3 44 28 34 22 17 41 30 26 34 20 44 54 38 21 32 34 47 43 23 52 48 34 54 37 20 27 57 60 46 10 34 46 43 42 22 64 71 26 28 45 24 0 40 48 69 23 39 34 23 52 27 
39 34 93 77 48 99 84 52 88 37 80 20 32 28 46 74 48 16 59 56 84 90 37 52 68 74 52 80 19 91 79 12 68 62 42 55 95 94 81 31 74 86 66 52 24 99 110 60 51 82 32 40 0 88 109 44 74 8 62 88 19 
51 71 9 28 72 11 6 42 0 51 22 75 73 65 47 32 62 73 55 36 9 38 74 42 26 16 73 31 72 24 38 82 66 48 57 50 27 33 26 58 14 4 51 66 69 31 23 40 56 16 64 48 88 0 21 53 37 82 29 24 74 
71 91 17 42 90 10 25 61 21 72 36 96 92 85 66 47 81 93 72 55 27 48 92 61 44 36 90 44 92 34 50 103 80 64 77 68 33 38 39 78 35 23 65 83 90 32 6 59 75 31 83 69 109 21 0 72 52 102 49 33 95 
13 50 55 34 22 62 52 12 53 23 39 43 20 16 8 30 53 28 57 18 53 72 21 12 28 44 24 60 36 66 35 45 31 18 43 50 70 51 38 22 40 53 23 19 38 56 72 47 51 43 13 23 44 53 72 0 58 36 38 46 40 
48 46 46 54 80 45 30 49 37 41 51 55 73 61 50 56 32 63 21 44 28 16 76 49 45 24 82 8 55 21 64 64 84 64 33 20 24 67 55 48 31 32 69 77 50 67 57 13 26 47 63 39 74 37 52 58 0 70 21 57 56 
31 34 86 69 40 92 78 44 82 31 73 20 24 20 38 66 46 9 57 48 78 86 30 44 61 68 45 75 16 86 71 14 61 54 39 52 90 86 73 24 67 80 58 44 22 92 103 56 49 75 24 34 8 82 102 36 70 0 57 80 18 
30 43 36 36 60 39 23 28 29 26 34 47 54 44 30 37 34 48 30 23 22 34 57 28 25 13 62 22 44 30 45 55 63 43 28 23 34 51 38 33 16 25 48 56 41 52 51 14 29 32 44 23 62 29 49 38 21 57 0 41 47 
49 80 18 12 59 26 29 36 24 54 8 80 65 61 42 16 75 71 71 33 32 62 64 36 20 33 58 52 75 48 17 85 48 33 67 65 51 10 7 59 26 28 33 52 74 12 30 55 70 10 58 52 88 24 33 46 57 80 41 0 78 
30 16 80 68 52 85 70 44 74 24 70 3 37 27 38 66 29 17 40 46 69 72 43 44 58 59 57 62 4 74 72 8 70 58 23 37 78 86 72 20 60 72 63 54 6 90 97 43 32 71 32 27 19 74 95 40 56 18 47 78 0 

0.0 5.875802494521114 7.359866984977 3.8375053005553665 5.546090923332436 8.25755393959026 6.397687778584278 1.6176926939862117 6.938693057929506 1.0504930856044201 4.801220549408445 3.8292429824382004 2.990304523987945 2.440305351220795 1.4603172252761973 5.109034118717321 5.274966049932256 2.7318274092670407 5.176841128279504 2.541271561963912 5.522555581863965 7.0129507730177085 4.86426528513786 1.8629111826401261 4.090040523135541 7.040667897420358 3.7501471515211753 7.02480811221426 4.4205529102521925 9.13744665765866 7.18912765404723 3.956782942503258 4.589014226155915 3.662900500057992 4.153894180581196 7.537589605538862 9.207469828607374 9.815247115186022 5.793776705556515 1.8825700399633887 5.209604626472765 5.314211308752246 5.456316718418499 3.8199135936102477 4.725015763072333 12.109085200133297 13.03279116273832 5.270990836620525 4.677400987056463 5.947687540076364 1.7990066452542264 1.877939780942035 7.793722563134937 9.881142997818165 8.101565410625104 2.2117828432756967 6.233049133181459 4.65072867807743 3.492872717431352 8.318776477609093 3.2659067660530234 
6.594977951854208 0.0 7.9175165818240325 10.205307763077307 11.173953282632887 15.240600758187146 11.458799944066591 5.915606883295704 10.721542152089516 4.943658835716194 9.59237430779525 1.6531832592011126 5.88234095531314 7.109544801997718 5.809456243269926 11.271208032323152 1.7202127418928503 5.193733182556182 4.067268361248276 6.200100489556992 11.812443234351466 11.937586738709996 7.387094792826913 6.245309674667707 10.54686215712819 7.338747985629858 12.383596475887328 6.290202422969715 2.8947346634082423 13.099082419937483 9.63627587841935 4.2389445824147955 9.272372405915842 7.184457185807988 2.8761100054252724 2.6275618707536643 7.153106435913389 16.337986368572224 8.85644126336605 4.513093080949437 6.76869811037689 9.878358913116436 10.586467702243194 9.62138181756292 1.9094292415229732 9.290163122154608 13.076689353221202 4.895503609361789 3.6618886304409597 8.839438288002494 7.2094308220460555 3.945406325131617 6.516768486482264 12.003027477209145 16.061900278524956 9.284664410757784 8.141365652653679 6.266730171637102 4.7219012890947685 8.371541548085467 2.2095524084418496 
10.450071418087076 11.628884528752563 0.0 2.820694396065509 9.688896512042275 1.4585048640279188 2.164519139555546 5.645857044103967 1.6836784811821666 6.225370293957164 1.9081938038467916 12.914646875583825 8.996657767059995 10.060357634304973 5.990155657301482 3.4426749571183413 7.761755273797881 7.940318109624995 9.83069663738268 4.208808455677379 3.392048031227992 5.335324097734587 11.737296780513724 5.562270665840759 5.047910772736417 4.030469801781382 10.991347924819788 6.202470791266979 11.494695267802834 4.258795238657228 5.134729340299099 12.309303270954345 6.525026324576236 5.292399010026574 10.309931683648795 7.053514303288955 3.635797121043234 3.853041277414753 2.244007664353538 11.764006256933342 3.012738937976539 1.4643672614637269 7.9443630754902 8.804000389273508 12.403603858550396 4.515780084178981 2.50230157073034 7.391446517499564 12.226630921551413 1.7660620081877523 9.469327623246558 7.205049620485613 16.304392077368362 1.0977486602314424 2.092940865543363 8.756088215738579 8.27831747049666 14.730209944606708 4.453795200865718 2.758411794915581 8.581244232735157 
4.99814590004433 13.356544502503318 2.6712897145644003 0.0 8.464905843009785 3.4603755345174814 3.851146631130872 4.008657384027072 3.7298024046657727 7.700802149954157 0.9462120749451575 7.223775969544832 9.537647645135255 6.634755568094769 4.591455512546272 0.5657613189170398 9.38668359358261 9.850138808532833 10.902614460485688 2.422186837245694 3.447746379518712 7.886271484996341 10.386632989828325 4.363823386964365 1.1887782179407649 5.987006544480407 8.558404789067485 7.681096730179295 12.454738238422882 5.08444731858733 1.7194001822511256 9.258708177477438 4.240393908440042 3.164395807466321 9.685890793456982 7.526816799645365 8.788751502550053 2.5557466395214603 0.6883532937884461 7.152700438442942 3.746856637754846 5.200596307997095 3.933937209708089 6.268242893875808 7.0712905637952375 3.734598766732865 5.716865543404229 5.053357131550554 11.657942423210265 2.1503075785076255 9.364895509830465 5.412770008597414 9.574629031222953 3.3702714111049974 5.440061189369587 5.534640887959041 6.148147089159893 7.950740927357398 4.148681034256193 2.241653786782144 9.617584308814827 
6.492309119360664 8.829986309540923 12.70989554090879 6.222867960769002 0.0 15.993348159037634 12.622220146939256 6.2772464792162985 14.186295346628548 6.182060561762186 9.663212704576747 10.105480529851379 2.847317200052157 3.855862154128086 5.840871669239677 4.789803654425028 11.023429948612582 4.158138982348687 9.300952677605906 7.422903399780008 10.296149293801829 12.116369063200848 1.4574151633167554 6.022848669105192 6.023058876924453 12.46521244679317 0.5493486878581367 12.809163906732131 9.568002815952841 17.22920426807402 4.408649601884974 10.09893388315604 3.383726046881851 4.088976587874047 10.628675861854859 10.556726082371318 15.552180595407336 9.897900458881267 8.572833039103683 6.710042360834663 9.319166462870674 10.931426887465989 4.154257980870445 0.8903161132743893 6.632744023034589 11.458740906022093 17.602186946769244 12.364606022710912 8.912805642078785 9.663681603069593 3.2339821385476712 8.309402966314076 6.330287687171435 14.116909324545382 16.875565215187574 4.097889176342273 8.370385345551751 7.609303878310966 10.590028373005643 6.108011919885294 6.027889574889364 
7.8936224210002095 15.543668349438256 0.8059653033654821 3.572313582490782 10.658960953566057 0.0 2.2175179760028003 5.476097197197245 1.304439804352914 6.816429796841382 3.532619765394405 10.690820356881023 9.081435858986236 11.094507864119052 11.341061563376755 4.957035449536394 11.439425794486652 12.026726391660038 9.115779725458669 7.669099106995303 2.7867259677443132 8.188111304915253 11.010651976810903 9.450924942371381 4.970628268095071 3.348979804550332 10.935309995930552 4.630322364062363 9.639662997069433 3.6183724258043157 7.449087171144608 11.191295063912454 13.67892531779593 7.103651326640421 9.424218209908801 8.84175348152663 4.033461711681576 4.404903919251499 4.59861483543124 9.392456230070263 4.757350964954674 2.60484297389044 7.059107511569342 10.33657687658484 10.367687610750743 3.0023947146478047 2.3177188424530044 5.067782540999871 7.295668857642757 3.33390914968018 13.215390125320226 8.336971448232388 11.738227280130376 1.2611767154065139 1.633765682085611 8.026311966397635 4.621860702842253 13.146105279711724 4.9595831197821925 4.316306726524947 14.98900194651755 
4.949441722117743 11.820006670267327 1.5316787517814694 5.163802530868082 13.114743483177236 2.2962814579846467 0.0 6.579067525181559 1.1144961639138995 8.744301429097192 2.765848370711215 10.622950511772526 10.817360232202407 6.349146503075613 6.6846971974691645 4.646795087101488 8.625523587355259 9.061310253005976 5.913883954164108 4.054617721743535 0.5643642472867834 6.4033615242584965 12.197001533096437 6.672831496034385 4.495354017425925 1.183616717620103 11.315993762817897 3.93625156640926 9.896242107756002 3.3387058996399643 6.505001824890364 13.162651341360386 9.80618171262916 6.796190144336229 8.123363070986265 4.634816706941777 3.1956869468283853 7.103546883556715 4.66164323007918 5.4936760581977415 1.4331827113412683 0.25378249529761987 9.371954784149224 8.357394627655532 12.559015799875587 4.636845990155852 4.364787557038736 6.152134412047537 8.574523852699095 2.536006416792442 8.305891029958126 6.650276047713556 10.994318826094526 0.6830504418852144 2.5898615640468208 7.124050497372453 4.812892443585193 15.390738952560152 2.4915610249406703 3.638079548922396 7.143759618498665 
1.8145332782199173 5.143666341580059 8.523587574489568 3.817810389684011 3.4933761716068203 10.082652395230038 7.6013181700719725 0.0 8.303560567701613 4.0723182656038315 4.588518103338538 8.229287382718454 4.52639638411483 2.84483263583227 0.8621534769050523 2.2656121763045958 6.220560235188116 6.323732909257524 7.414124594549014 0.8368217874455222 7.12247158436523 8.58420553128628 4.269181885189443 0.0 3.3825188049989587 5.786288552704528 5.474843572243319 9.679392275483547 4.612170077350307 6.020307977404524 3.5363026322318176 5.5797865389139645 4.562229378118602 2.625940131951646 6.881120419386738 8.382320980253084 7.240849660281641 6.524828122456518 4.211989839259167 4.011440914302478 5.265574071854131 6.712114803530914 3.6625063737857957 3.596908665146987 7.233797388457063 5.775645182878066 10.673014284876299 5.865902288460192 8.956473325229876 4.467581123462076 3.9218709892897117 3.165649051956475 8.38417974504846 6.096737431618336 10.374226541094902 1.7919222637906407 9.24341437001055 8.300010346994876 4.456150490042903 4.096332435464056 7.284224950977709 
9.957489747932929 8.641039205804862 1.180760127306899 2.975931575531825 8.508304791954092 2.160718849654651 1.1217383178785099 7.537730239437351 0.0 8.393548592696282 3.323631179850172 13.352325474515743 10.803856579153063 9.731135895871683 7.937716166328746 6.1428082119548 6.6040385689711 9.552653168286758 7.065545639944406 6.651254999506179 1.4018593572879423 5.5130506813985205 9.62566099486424 4.732259338961606 3.3294329085251735 2.922388166597405 8.359943335583441 5.194707728178716 9.715596233893807 3.8115462993976807 4.427732163327608 13.830210557239152 12.36611731187675 8.625461029295161 11.232046729021569 8.812654408851653 4.558339498249737 3.521858103031856 4.528098594645672 8.786983204189966 2.2666186526255965 0.6557175757861802 5.896239127336489 9.246835360225418 10.286547968120754 3.8921457494566902 4.114630125971022 4.6041485293335445 8.80926093209673 2.6799205207450694 11.768415437619659 8.357029483927306 16.921201293626822 0.0 3.8212073987531325 7.933677951183503 4.196284387382452 14.426727415868694 4.108778476716405 3.798711730860257 9.850944931986497 
1.3850152738112025 3.0553838727847484 10.20702025214849 8.15829830619911 4.33150296178467 11.3977289871575 7.197651730135664 4.34680324194953 9.683125731256593 0.0 8.234531686659082 3.0237448320424876 5.10905740525267 2.7629151785139494 2.365116041210282 7.7626699024244505 5.700608545609437 4.17834813715555 5.248925270571608 3.1121824630851185 5.6966641797694 10.81814407985722 6.94385958378341 2.4445463116573305 5.53803821392576 6.0454716426281845 8.346259118720859 8.814807361402508 2.702372214947685 9.589635824782071 6.779915105861899 6.221039359202663 10.61479254496743 6.496563657116994 2.9288355247512046 5.364089805432384 10.423701513420763 11.5814039790583 6.504535588086382 1.2815204019074886 3.887282318634397 7.3208762567749375 7.251824651621891 5.107299656140955 3.436811633416575 11.787149353800576 14.200553523072527 4.404396145637778 3.9162684871604045 6.407935899778446 3.0841674309953566 0.42638821745608746 6.215558736453701 7.158475551473005 9.257616966986749 3.6028664151112877 5.619415206159907 5.629484785883047 3.086666831640517 8.317116726929887 2.6242972177513684 
8.071760101247486 13.161240136403656 2.13403226228316 0.8706689406650578 10.534305197174984 4.160681533185352 3.016013814527876 4.024348527271318 2.836286378969752 4.715865425346588 0.0 9.638408639025826 10.591219105321317 6.488344013840081 4.379354772150184 1.6773150386069526 12.916604720008857 8.23252722360936 9.933439155552026 3.6896223480276884 4.326527749076265 8.653842931729423 6.519752609640288 3.131514941029251 2.0450466702055987 3.5883269748240907 8.87926139529381 5.636699070273938 7.826225720088562 5.0911281212918595 2.4747700150318233 8.99262261943117 6.155133367998751 3.6731967266019927 10.478708548281222 7.341266271172923 8.618488099256574 2.489075485388055 0.5366383167010449 9.109939514093377 3.860855205716341 3.4362683750031473 5.353535028213848 7.453486374074394 9.39697825099139 3.560974153062764 5.420007539880994 6.659789141443991 10.592202768652868 0.8785676605094441 9.24851571562949 6.203203779770971 11.342673027130717 3.987764257397717 5.613263567689058 6.822956276707613 5.104388611418309 11.522544084528384 6.625554593934675 1.3015492635232455 11.900996640604276 
4.002183944362749 2.7611828777251297 11.97336959246667 11.383036392458221 9.905071366981758 10.16536662967809 11.978594034045123 4.614572573967036 9.99268450039256 4.3532051274893835 11.388143264260812 0.0 7.050308885946025 5.214272617852281 5.979784023818933 12.124377044799335 2.923324490875338 3.4245382510173705 5.1153896320451455 4.8265356740537 9.824849878992463 7.455741701868333 5.008379269351322 7.552441600474889 11.289221932281336 7.942749212936618 10.072808727784363 6.472660049583347 0.8169034708758278 14.20069866940096 11.138679493473607 1.2213104526706098 14.151735429538878 8.949343661956462 4.114792206787084 4.064043908328208 7.8227617426948415 14.445827941430633 9.711348155235031 4.101104346975116 8.447254088428355 13.003471906433226 10.495726680077222 10.580988335956597 1.086541845235534 10.509578950653257 10.265950793686809 7.5267929746483455 6.1953739947591195 9.565319406315659 6.693673757357372 4.361127931298679 2.401938315791776 10.461389321841157 11.3919084537124 6.009156566210987 8.43143052451263 3.7626677188233764 5.861958840689403 8.635468048467967 0.5103355673505601 
4.167428035843397 6.636442247125776 14.971533004802982 10.063985327162115 2.661596489050292 16.39217312439111 8.549962263430768 5.551131457266866 10.04334443600848 3.8991405167644992 7.191249050181032 6.822293346342502 0.0 1.8539911412879846 3.072731856323334 6.802860905879999 9.363876263634356 2.078483291911502 12.291696840443377 7.087824960786273 13.339597621514008 17.408934573572004 0.6582644747438416 5.18819497101649 6.933470373646411 12.199405612121003 3.2547241171064396 12.279120079266246 3.6881936212009947 14.983690410581197 5.433387354516716 5.072447338192778 3.9349036109427376 6.542233809561568 7.915286590832463 6.949135089799998 15.786173392587019 9.437925314779994 7.743982671055129 4.8749961522092855 9.887282728182512 7.488770516302268 6.855705469497728 2.355546275777116 6.1509576522375955 7.989992260208646 11.05390357087543 11.078635639114651 6.245718468501195 10.113336815348912 1.1416270371360087 4.202071648327471 4.182183578002598 10.514380067487602 15.961121929431908 2.3133028009087724 11.199893817704346 4.045101135006063 5.745430106783569 7.137544353742589 4.241342944804551 
2.7248857649651352 4.0641688940091925 8.9129699598666 5.270525798122213 3.6412066450770766 13.723617320062978 11.76314563383647 3.8975541777078764 8.211363737472992 3.3370278630500474 9.327936985275644 3.906390313186277 1.7159434025035012 0.0 3.2063709133771785 7.0873468505888155 8.821466957345113 1.5667470424414611 8.27645688098647 4.2042957255765545 9.452060739694227 10.738383056794179 1.941120634193319 2.841396328658928 7.213569768517388 8.445404737627506 4.653650685256309 8.204791530979092 3.0777657994986947 12.188348450190645 7.127719813253282 4.093455153216411 8.27399600091151 6.4701551236179675 4.474336605720318 6.496632343130379 8.581677922130517 10.560657665812407 7.0447460271900635 1.744628139652065 5.359738696867411 11.350446991594227 6.661597962449376 3.062142971708052 4.717950016066272 10.631517689805744 13.573388252621633 8.906011478232148 6.021863374830728 9.46563412136004 0.5545847816088595 2.2669899032637066 2.9510566160110914 10.25433285852537 13.712228850390645 2.4712517506235674 8.951322088567792 3.3819616806246917 7.1378513642982355 7.710684210271603 3.2224693691102164 
1.4213340677114177 9.013984692893402 8.792333952127647 3.289218761052847 4.189297725255356 6.669985814713142 4.801932715872612 0.6558699581293489 5.684727098794986 2.9203602768300647 3.8402422833881578 5.12897774033182 4.291772539701051 3.2558781379482884 0.0 5.5913201520767535 6.336217478866796 3.928428365563886 7.681942975931031 2.063057848296232 5.890659284353357 7.7002171611379895 5.299463128169571 1.1583725627931458 2.483980012907437 6.266549625198206 6.29207231981077 10.00873986592919 3.6550726938304603 8.968564411627355 4.204773903463433 4.4378368392917755 6.067369877681072 2.281536829985353 5.399773749235368 7.309564009733263 7.333380649341147 8.928698565204115 6.977086105253795 3.1938849099508286 4.922486261445657 4.6727042073603595 5.009920898207628 5.253180821639784 6.9672275820003495 7.5604501474402035 7.861148117844595 3.9645946090052777 6.638404387734204 6.219035717433784 1.8252891279642118 2.587734343827229 6.202147662086756 7.476631811893256 11.082565686830463 1.400951243430352 5.244986128902439 3.8279135952052417 5.43854640149663 6.02086883972499 4.584312714443756 
6.154222696859229 8.494556577816075 3.936333478107188 0.7095621842784579 4.474313458832188 5.885926752159487 4.344266892330378 2.852620940861576 5.37477771241527 7.783729351920671 1.914803172841601 8.894198979947069 6.172262563914222 9.1581912837391 4.0216693118260745 0.0 10.422576246616288 6.145433578840214 12.649040535629286 2.1738882932772103 4.909330925319574 9.12925890192357 7.53075274075824 3.930843627715298 1.7540961713186376 4.247362138146136 4.814918209231914 10.757663785099325 9.457905381106487 7.759970266743013 0.9835140097845446 11.468993111944936 6.143541045650153 1.8500970254688425 11.413094672110667 9.550505963962744 7.152528201705953 2.2297459623534266 1.3361381325554909 4.621461756234587 4.55693527882525 6.453134376825664 3.6411160296121796 4.718415926781354 9.825353889785191 2.8707142278625666 5.179033995666407 8.029210136970375 6.604894880968725 2.6124959258551366 7.6000982485509105 4.356885195641672 9.243317342785872 3.499821937216641 6.194767122181288 3.2409319728253876 7.867320990188524 10.107115581847665 6.936095837012125 2.6078823547712413 10.44731782308458 
6.048101959171108 2.0604234199677744 11.712182848218868 12.611677334464638 10.006702061431572 14.312560250639262 8.143684882578238 5.742994115183728 9.652670189421524 5.358942075892818 10.480601940576404 3.800945318616491 10.305202150110713 9.066282806565594 8.193111230474157 8.992472383124197 0.0 7.5638117664862925 1.9223820315406905 6.213757800527889 9.731189174705465 7.233784717797868 8.36542571936835 7.417939384763994 9.881720292766598 8.033967791037162 10.095359767238511 5.367243517394067 3.3207442083595393 8.423446340932266 14.98632894642094 4.121640435483929 10.529362336983528 10.224201217648794 1.950331635403518 1.8100649596450338 7.314862531430263 13.411671289447533 10.958232567274798 5.676085907744378 5.710508698748938 8.197550768364978 10.898825622399325 10.493100161441925 3.534836661947388 14.927067386400964 8.58519988568822 3.278756356557272 1.1953476316007596 11.805830559968228 7.173938536871763 5.792529393170444 8.716950796394276 7.989595078609577 15.170572415630485 8.955890961555676 5.6946882729775785 6.787468123126999 5.627022995482186 8.184320699871803 5.220733062616484 
2.9118739600113552 5.762448626464658 10.190584556993402 8.603212375564382 5.385236314872092 11.42034714057193 10.267116586790102 6.857989231421393 11.270113549549203 3.81260447611332 11.158640640137467 3.6216753458571063 2.6228759760102722 1.3196206560462103 4.706847494124676 11.067281947544469 6.295963199031737 0.0 6.430544582217242 6.848708701207964 12.868476704523747 9.600266254054889 4.3443499180213845 5.493336044847887 8.31620687424517 9.051596953468593 4.504876086785225 7.961586387302253 2.587364287326632 12.507354997569614 7.377083667007568 3.5129188308020263 8.93325787102432 4.655453430531256 3.890059139862391 5.827668716546386 8.245981329918076 15.472933010611376 8.584112510599383 3.087248826031536 9.675846798792406 10.800822357148942 5.376296894645504 4.682439995504828 2.9606001956487207 16.3796999950897 18.240208158544853 6.842261104125853 7.536870096990473 7.725326907385949 3.0863246160793487 3.986493793706536 1.6567862054755385 7.925145415042431 16.852317033754073 3.560311655920452 7.992272185588305 1.418786490514238 5.478654214419876 12.927889182898015 1.8863854362741748 
5.104936386954229 4.7534392716100236 7.350935811417815 11.545757551592505 13.489805498060122 10.000553752826548 7.40686789260446 6.406470114474976 9.75297666191306 4.509086232419432 6.587264125280871 6.672839392680949 13.044305873495706 6.776649862309626 5.549357169611019 7.548490905616986 1.478513745294232 9.489872795438382 0.0 7.577584770827192 4.64873031593443 4.070841756572492 10.34369047834855 8.937230074660878 9.791227257180857 7.7610017683195185 10.891514777474546 3.61698716054748 7.530733481815155 7.887213285680733 14.009879067252665 8.18853200756432 13.994024206991607 10.18467733845772 2.3023973469871946 0.9126636338328855 5.74196291505441 13.849084244165748 9.330362043587215 4.747755885168128 8.298014542890142 7.917536058850507 9.829836828234058 10.481418069841375 6.617210159160774 10.01173412044964 13.205465246126659 2.7225204603562063 0.9126246318768331 6.585019565488592 7.983814407079651 5.545063465884892 10.664585632990534 7.4001269858890915 8.48182996243329 6.571335037218335 4.043401074032159 8.662857611521558 4.723000037238777 12.972422799455392 7.975211180789591 
2.0852242522105198 7.5668078162287635 6.363847600589024 2.4763491891904987 7.421206741253225 7.025294983992065 5.85146712036679 0.9316665166453335 5.455446074087639 3.8689051128543888 3.1234168953294335 8.538327901505406 7.36680753195485 4.2839961433722396 1.8250847261028433 3.777400470077704 7.764325607170258 7.039030192997548 5.620678045107532 0.0 4.463470005165181 6.221764552876853 6.131711369815614 1.1021517462924526 2.590357168927876 4.682514204231671 4.213070607311749 5.363889099564619 8.335989532116997 7.392010308894864 3.02415125993463 5.871180439923223 4.122373895229888 3.567858091897473 4.386297837591316 4.493782876380752 9.378692943284427 4.747992366145106 3.986223281307772 4.268215472694452 2.773974316092518 5.338944053640567 5.063934142246915 4.344968152008376 8.130581472525053 8.734956550452743 7.730381048689201 6.029729923984731 8.34209658469201 3.9228203279032003 2.8194750760748555 3.0570681292913786 7.62826955618095 3.7902010694950192 8.833309510065863 3.5098101173098764 8.64459257974594 8.00395260869951 3.4946831746140266 5.011943535224247 6.7896533405012685 
5.314022735066063 10.05092103620668 2.5389453589772453 5.0800554200710755 11.248510376918283 3.5923197326876344 0.31854613003912874 7.868283614555393 1.7494018017008126 6.9913530343358 4.64108933621634 12.667405899513541 12.489481330567799 12.548489525012727 4.796255626802986 6.411519571661849 8.031461472268376 7.097270538958874 6.140711493716445 3.525126297693923 0.0 5.7286524965525825 7.407184018192458 6.269799102579145 5.3619791404505595 1.3987931961302613 11.47681556022367 3.1600253879420404 9.328188099004212 2.0269886368813057 7.418232442738462 7.818474337921215 11.485844866706044 5.864309606515995 6.72800978729715 4.6749865790640115 3.267266707785116 6.077792198396066 5.657489036591166 6.402819238703388 1.5520252794039284 0.4297599720367363 9.996825525396993 12.013561810888632 6.901519208388113 6.222646253156249 5.7276832692893045 4.400888028904755 6.125970891804709 3.98017004695642 12.354628108898975 5.318572356605693 11.732235539596427 0.9911838760807629 4.5541642800433575 6.96805777188021 4.301533286893278 8.733041328567845 4.01544871823744 4.231739668145581 12.516188103034072 
10.468891177777579 11.453316824158733 5.772838237657458 11.416732665378827 14.119730047484017 7.990459204904617 3.881739839934067 10.888018833350042 4.938807354209498 8.457657893386758 9.416275915444029 7.715226881111278 11.247205077482617 15.106301721432134 6.508223284297137 10.674462734727285 8.50263890811262 9.736867590480118 6.2945955630823 10.209324948768998 5.882893890550314 0.0 10.406384237199081 7.644581598842494 8.29164477200385 4.879184104913651 18.88160363791129 1.4905879154053445 7.877950906789434 1.7027539554579323 13.819030454860464 9.574460676209132 10.782816959570969 7.912069222675238 6.078838783623876 4.5515857187412925 1.6652086822243308 13.741739594535947 8.818553907185969 11.535171463549029 6.843945423170741 5.352377337944893 9.073246993692244 9.184502564112945 10.41387376765988 12.552314210856387 7.904193596024136 5.696092692150214 6.9709862873684925 7.903417202483196 13.05233838729118 6.763132178363457 11.876029739039321 7.153209171980565 5.610877628057639 11.465049127248186 1.985163704685001 12.760606039441601 3.582772152529002 8.877562026736069 7.551945357404476 
3.229578124403459 10.24231662464064 9.617111021331556 6.685027548516889 1.9166441651823856 16.441509951430213 8.057356945678848 4.145210877729072 10.330553258429921 4.562823427440338 11.379892598531814 5.609972428083626 0.7926188935630926 3.259780683815059 3.7930311659355875 5.754780137503662 7.657260105201834 2.960104815810937 13.84632849145439 7.553914855194829 9.5992651195934 17.608120073929268 0.0 3.6185029130453255 6.0576379136521075 12.583215500181833 2.1873640376125123 15.13498377658279 5.472726480060704 11.387863443424287 7.075810440269601 5.731791106170112 3.2942194834681255 6.2079442195213534 8.948093954571855 9.932133943924734 9.326455429537738 9.010447519473693 10.301429693180747 3.1525528333044925 11.776407022770861 11.349169641793402 3.9142726924666715 3.17616667921398 8.574846730314741 12.888747612604053 12.614577547056282 10.32562984040715 12.241916816417374 8.794485595776429 1.4310974770590104 5.788994227320198 4.926266207628721 14.111668626180666 13.072215025794069 2.3398073803656207 8.074490480491706 3.654310857736503 10.542274393812901 11.356343143298336 5.967653568339614 
2.544576261351639 7.496626162777318 7.473101917929942 3.569947395032189 3.761728713062563 6.993439708432405 5.229242746683271 0.0 4.730605303990154 3.1532721515400115 3.1413198861545926 6.401165160006414 4.675227523036484 4.232803524697398 1.176706624180928 2.580555163216426 5.18079581628407 5.2035647738264315 6.714701764893257 0.7114826791894038 5.593355394392732 7.48072363873321 5.706584354301159 0.0 3.120293274118051 6.2582128082064115 6.0402988970232645 7.020053795011972 7.964511412354557 8.944293365318206 4.591445621971147 9.422128910510395 4.408367377755141 2.2542791122181787 4.395888068996504 7.045039621404111 9.653645026363797 7.587931303803133 5.263716142008347 3.5776073246670994 5.252721043278854 4.195016130258413 3.657476937881512 3.7335594931785696 7.941867347098562 5.992743206440644 7.1161126049583885 5.138852365948729 6.604911169961332 5.487267184450863 3.9135472101998987 2.591427002690674 9.37900728303443 6.108854316312664 10.072087040261358 1.5433309134186723 9.748123100031087 6.714859575367022 5.530899370093332 7.1018318011521835 7.750125614100945 
4.63561779131524 7.866016516415102 4.719204679288539 1.647021579541506 6.854234696695547 6.22684448159652 3.11235914523803 1.713814065507651 4.66630625345379 6.408990682231668 1.5388891978294106 10.657506510406185 5.80791429065965 6.762622451233945 4.145683591742497 1.8588094701444486 11.1808245944197 5.529812940473764 8.587838543133028 1.7732692520646496 3.856072164085792 8.43962598246266 5.42157683696833 1.9521939681944844 0.0 3.33507789059862 5.668280769551161 8.422227854843342 7.2503406224827005 7.621176121035324 3.870600645675764 7.444816886838512 6.576001865356843 2.310375992763644 4.8115145651918265 8.207033231540544 5.843973049111275 5.352791360713178 1.7323373518106786 5.133506877364429 3.175941099302781 3.105145178549308 4.447434693859371 6.84524808582977 6.120192206764357 3.615671289395337 6.059056062914783 5.433014566118484 5.541342486757368 1.8256177555826099 7.706089850472509 4.2339580822075025 7.250708397722118 3.4968035178588925 8.361673724595944 4.776355085942668 8.784661667154442 7.470233791969642 3.3205865064098288 2.4034483575097725 7.720725523394423 
5.05474753477328 6.0729943687920285 4.076644194946235 4.356007393217157 10.83832019259551 2.9026740137564313 1.2851122605199161 5.840700659844261 2.721307997671909 4.975939863545299 4.034515741930236 8.777353221912257 9.133332051450417 8.547577140797415 4.783736931089527 5.243451101393925 5.701416165687995 8.599427352980767 4.802854643983868 3.2768574148782057 1.7005084511821424 4.3401391718186515 11.857999651472218 6.12752760871229 2.3437465004714912 0.0 8.014311900887925 3.8640607577987005 7.2591202703449405 4.341710509774821 7.559063559886212 13.04872605540562 9.329157378626158 5.951569707005916 8.179221289496981 4.572117450167744 3.3134237961333604 5.33998041439637 5.491744348862829 6.441983378821766 1.2465410537530874 1.5870505106598034 9.752033252377391 9.871850614999833 8.031288246244422 7.315544175580953 4.316015457880464 3.4262433820289018 6.281417103116023 4.154503429676451 7.951445875464886 5.980360682702692 10.690750936901653 2.5210304694163916 3.6934611356226976 7.778340500564628 2.5424344918331685 9.019536624613465 1.9740122730025096 5.953508254783039 11.39542743704457 
6.067271930398831 12.067709688667495 10.072923128534727 5.3366258615243325 0.5118949422080925 15.643804540065968 9.381100677947853 6.76244587847827 9.665717229197774 7.457684581059128 7.654545156323201 6.375692008176017 2.882818826900257 4.975273560871626 4.043325257120649 7.46857642259437 9.91410914685477 7.281335455354627 9.76154020290127 7.937216145562757 9.900519609070265 16.424612148796456 2.641260163752382 5.364170781838005 8.308429572277838 9.63617527443726 0.0 14.228180536375032 6.452894993543807 15.731784820803046 7.308987662495083 9.287812811921325 2.0049785888437266 4.405102930783854 10.011757944313112 7.928642734504439 10.466855382990886 8.423940703057468 5.4700891520426325 5.274846873017477 10.134444071713812 13.741257722207319 3.3838829516108797 0.7514520546917816 6.224062845556786 12.546423403392865 8.811769231835212 11.366691455515646 10.822161554180255 9.478493186463684 2.8117063337097843 7.104044197729747 6.026809260771192 10.726833931324496 13.053952442478767 4.103277431269075 13.728986945801136 8.588174294883128 7.87355691531661 8.149744271354447 8.577162881636118 
7.653960302067803 8.547697054077835 4.043785610874325 5.862617694879681 9.564440095570387 7.1202562452993075 2.714748934759085 9.67849151454397 3.146335038055197 8.978477472119936 8.544690844301794 7.279761854448747 14.39058390415407 10.974702006074864 6.74529588738787 9.076083417158074 4.237158488190136 12.534599791069404 5.270141203310853 4.452543143602567 3.9944151574412516 2.364020930260148 12.159511707184258 9.292167769296775 6.001737829953206 4.013401110471858 16.713307368158453 0.0 11.325284834715315 1.6609983374157404 10.42597186462702 8.622112800161503 10.533958269373274 7.664730934659921 7.497438435810885 3.659396533213276 3.0561007526966826 11.30844753336983 7.178480502484018 10.47944782150108 3.23306752630142 4.102178377204293 12.140799386238989 8.40590895206192 8.704980651521073 11.394909414647454 7.060153509690744 3.860856764672576 3.589628890807765 4.635443993172351 7.368187449928639 5.457001664513495 15.189700257370358 6.00608859479998 5.50039380344197 6.283623479014922 1.062145241126826 7.570449056683706 2.915298310502898 8.14967854380814 10.914430763325186 
4.97366288635979 1.9348214922354818 9.914456139644908 8.377748452371415 5.162007470817215 11.604656367881933 9.102654164273014 4.403200055398541 9.084984747119673 3.7117191036229737 9.399788360568746 1.013871962843636 6.1537427467402175 4.554853895273753 4.455768096971701 11.16194105707532 5.864771798863375 1.638437971883112 7.578773428148126 5.3986464805491785 9.306265263001558 8.013023718707258 6.464369076940098 6.3209024206329145 10.189815244020233 7.472466390515468 5.973966515909811 10.827864639872544 0.0 13.333023555573913 13.402753375988468 2.079977349341112 10.52568016515331 6.307222381046585 3.0268609965325 6.324950407498765 14.24818363929063 13.59571934738684 8.288101094250104 2.5884480952547735 7.29133185657225 13.194129545920028 6.88318866277652 6.201925075083713 0.8374308522002586 13.328699172105452 15.178802800458124 7.284543686089596 4.835337461344788 7.20414273281868 4.417984059732948 4.041753686009143 2.3239336331742644 11.097700912721008 17.966332565908335 4.6115978511228795 7.076181911743558 2.8975578355705274 6.330572969598062 12.178990868811464 0.7333579622806441 
9.755130718300167 11.987546344067663 4.282520915651154 8.540576047354296 14.285395606911308 4.836300419219378 3.055519967562166 9.709144438767822 3.794117175592913 5.925787689307332 7.162541999994745 8.977891103126183 9.828577787032998 8.674115237149199 8.391810135588896 10.371484572914856 9.121946859519623 13.303201311755547 6.157482701605415 7.132428710867397 2.541171049495789 2.6832701304175544 12.782692000068689 7.7475904609726625 6.628278721935594 2.4311110456947844 15.940129248695468 2.159543628508808 10.44183655629141 0.0 6.650895956761794 8.88161165668821 14.889660081991805 9.6130121735571 5.431493219403389 7.261743656442533 0.584515964420429 10.669070175232466 6.77050705624417 7.445785068650698 4.686028535539218 3.745207261384592 8.417581009826717 15.942778675308872 13.229443979594471 9.728146160379982 6.376763342057601 4.299668066763669 5.050931933927213 6.697359628287528 11.89340606184198 9.671636331257767 13.213060107626566 2.9068085776407018 3.858663105516735 6.754566081507567 2.7240498650278284 10.178163910472152 3.5769693524346033 7.916546118963822 14.639691791413183 
8.139280680570323 15.014565351737584 5.5409078051749 1.3469230908348047 6.517434121151068 7.115362303096971 4.5874750192902995 3.2408476836141373 4.027255906545644 5.885241399784448 3.0607565709436746 12.898563234104842 7.691192871084061 8.810315050784702 4.430025262894677 1.0042390529619616 9.41525368535845 8.384729077571256 10.479477860194296 4.7900643818417326 8.360019707342484 13.359885105697622 5.382617751169462 3.279710538764807 3.3362013175406684 7.8070811342282695 6.354588308793296 7.537222104788269 13.040803616597298 6.293906195041711 0.0 14.684594725514174 5.4607527605268995 3.3601533385369247 12.96623855338542 12.587674211941554 9.840151399653136 1.775016651119145 1.4065632971967843 5.322755280762483 3.879292522685086 5.100323221556853 1.9606108718914714 6.768792021510359 10.235592279568632 4.41350248755886 5.180032947864488 9.098481076595377 13.890643585356177 3.751893579624275 6.603259077558343 9.279211106205487 12.368788619572335 7.048200040635572 9.02431540645934 5.683981230577849 6.653342130169542 11.899523087024772 4.764902504784734 2.9751585927613426 12.599166791666466 
6.278566453491242 3.425003953163003 11.677183299894631 7.8973288137493425 7.140471707607722 11.126153752134414 13.783107832579038 7.006227096139858 9.118806168081523 5.895084786120932 12.439043274305611 1.4236788528484623 5.046129284309899 3.562605039362621 7.570545136814479 10.268699177796382 4.147332162146263 3.2616020705371107 8.342300217231994 6.924538687410995 9.156200788378035 11.733698752097458 4.628032262423095 6.421907709583392 8.483488256070586 7.588152221503891 6.600076102417627 13.556321315627272 1.5448201916701618 9.811939111517493 15.457741607426158 0.0 9.534999341754354 7.370302856980827 4.287685408579864 7.04923317443568 12.423827947172084 15.927195154596678 9.945047712594697 3.37568394603462 9.321492312177359 12.172179080527293 10.06484435161438 10.754460624249528 2.1359219208641695 10.070501560485631 13.147519293929 8.32141459872245 4.090748226425227 9.332392747901633 5.36432505969325 4.357008945624482 2.1190891212756755 12.21675107472948 16.476215476501025 5.988273185383578 8.471007495740949 2.6211726296306574 7.006374811704703 9.946480566589134 1.4057087968699908 
7.409208366169026 10.064299780817025 11.784467190530505 4.879702202160053 2.931536759342097 9.02472248098312 10.528835805890584 3.915998116941018 7.94433873157822 6.695790103888388 6.642509123688216 9.008329121148128 5.881893782095997 5.450604807398858 4.944087976392605 5.505175535681106 12.414092859269143 6.631556552192431 15.244160533556443 6.381844760547345 10.561525098380145 11.160620668162569 3.4030164353634635 4.3009943912190245 4.830774052560511 9.169238380143211 2.4840974928136763 8.855446054703469 7.580679012855064 16.78093670748823 5.25454070544003 7.253449543571294 0.0 2.043668799460054 8.336145338427048 13.277370520887185 15.40844245900141 6.399930886939544 5.777532452420184 7.854336720962674 9.61240286162867 10.758987767499194 1.6392412527638383 2.8661679391046353 7.76630312376574 9.331957409545181 11.723097449921436 9.329276718753706 10.433392494448459 6.722024138823865 6.278981608498722 5.947398479892091 10.419623233322302 11.704353970396285 15.647290243455647 4.991444672668405 10.219726835677202 9.574721435830103 9.16498069531664 7.337345937189772 8.644996770497668 
5.2903694100016265 10.539886997032752 5.524378132152488 3.9791822077588916 3.035256713698686 7.308705158647022 8.466060860632835 3.1840887561185056 4.835906464769085 6.017878590897038 5.474966667925834 12.04925986325695 6.335000674256588 6.621442681630217 3.76720298979803 3.1772145674313585 10.70222232925401 7.77851073543666 9.781930489170847 3.515174807623329 7.815144225279862 11.568454475279577 4.49835618310716 2.4315643737969275 4.255703627348758 6.814483113090403 3.5139246799201143 7.083876463242052 10.335522562157806 7.39580897920581 3.197161846019927 10.336782291131012 3.8154465370265784 0.0 8.092878876256771 8.457029220804339 7.532520064857398 4.672179771167548 3.976771581473541 5.563075744187567 5.6041139516985865 5.735833022279677 0.9769257691471741 3.1223028749147677 7.482751488203739 6.233319576672989 11.71503019024644 8.023474245896121 12.22688111433973 3.6956640670414824 5.204282709700058 4.307595955592297 10.441802845971544 6.539705148908313 11.55869254920986 1.9735470332450604 11.050068104713878 6.119464015822954 4.480600754654907 5.586629330678461 7.96600430124977 
5.798617681869679 1.776891720159939 9.266051039361562 8.573699061545302 9.551455511351701 11.253048257379579 8.57022170140722 7.133926199910464 5.964851959778441 3.1957053953824053 8.433613652729209 3.963203994698094 5.571996147502922 7.037162614241803 4.696864920636407 6.667109494342464 1.6801083618149704 3.7677553535287744 3.1765715250203312 5.135818171018823 7.805379038425102 5.545785352255491 7.818209887620454 7.906572992334754 6.795118661004693 4.42717561475798 10.812839733345152 5.404095573284074 3.144377815334638 9.97228047696193 8.955966290974022 3.854542991862803 8.383649423076317 6.326698449786164 0.0 1.39720287812758 10.609655248764058 11.896888615020508 8.259875860573176 3.309509209746814 5.013260798381734 7.723772486868137 6.4136039117327845 11.762393484725965 2.2983008092061814 13.98827266868026 12.690264202324508 3.6329486600883967 1.2089093801301647 9.2641264588075 7.438135577671055 2.682891365757571 4.998738316788886 6.751271584151489 13.052016688907315 5.674415884155031 4.133720229348413 6.951215636043828 3.579671836137196 13.015432241044689 2.736194983084745 
5.346331447217301 3.3718825092793323 9.322790175121018 9.246491397336285 12.334855999249084 7.371798922541345 4.951400563240738 7.609797555060855 7.5068304943314015 4.826845061542684 9.568748742266397 3.8604151783429614 11.20221368620693 6.666210521720015 6.235069241186634 7.173872744868245 2.0200694743202305 4.983091776271225 1.3546151388389105 5.916708239668919 6.74968570376206 6.021396301233292 10.214159759520573 7.434681487061047 4.963040592768757 3.520310469548415 10.792672985181275 5.053861726968146 6.640844454114455 4.505340378585867 10.94318672134926 8.93971071181521 15.671068812841595 6.599851570001192 2.041463007436242 0.0 5.240190100249017 13.038820094972703 8.06539524302375 5.007557219411892 4.354774313043196 5.975467211448524 13.335067212443338 9.285107567015139 4.741531003024766 13.558144854489894 7.350572476921731 1.7034364950841363 1.110348491036505 10.905159201519037 5.905951095409812 4.794231412397229 9.492969469479727 7.856614332022722 11.927013233156226 8.007652053338077 2.321067050794323 6.762100612834617 3.534892393550522 11.497733733818825 4.150781521119748 
10.911629403328739 12.874016812186031 3.4181380948604714 5.952945616625069 13.418305328668076 5.894755712902498 3.181494941333775 11.17917818145737 3.3472947301035174 9.57784910137266 8.070784225584188 14.71697277139059 9.024790009459998 10.680756742129203 6.363687929605069 5.777210003133506 5.908724223452971 9.713704230191597 5.1809438392019365 9.239036531262856 2.637978167870541 2.117505654078051 10.72057915971265 8.059280282694791 6.330390722998133 4.222396776955014 17.94402332930353 1.650941795557703 7.730205225195452 0.7517373965074801 7.931573776754554 16.67942927732767 12.142457428331516 13.697821494521339 5.710986312072167 8.26678246976301 0.0 11.34155801324724 8.505129527149663 7.923447361508326 4.515167527092352 3.112667247740414 13.091648247562372 8.924378308108041 13.818803765421626 6.993642961541376 5.417321207306782 6.937017656727551 6.1525002337670385 8.334166923987404 11.109991079294147 7.1361732194419325 17.93959179393891 3.689705072297391 3.5881256846013097 10.484832999116978 3.03341847864424 10.706756896695207 6.771982391405135 5.830988831688118 12.878746954055558 
5.728940934882017 14.181734808985606 4.922002713197243 1.8097133619749473 11.655688935805044 4.110748272564435 4.6099144958012195 6.051717277516467 4.1845890779715615 10.174048482542055 1.9695589164959801 16.44795235685192 10.896074935616006 13.096427494792799 7.973663581967256 3.4186995496300594 12.995525652175166 9.906926033543296 10.716328893784032 5.723072407476604 7.795872471146865 13.349883856025706 6.959529926035005 7.54045861399353 3.2389208407533014 5.787424641784044 9.655871847192815 6.596735429243116 10.113160926826552 8.837263799704818 2.1841702932878 10.116576273429189 4.601379337439764 5.686388130504694 12.503013915733144 9.29422308006679 8.89826120981227 0.0 2.7315688812394825 7.759649060849959 6.073915958795068 5.099458451178682 6.1452719233663 6.147632193839945 14.237892231967962 1.1460658759479174 3.591497642778187 9.08004213597205 10.2192228622165 3.596729648645719 9.172324722930973 6.111054896259185 9.811871984405117 5.477089259544803 5.173010191666449 5.6608057712121935 9.042723211999046 14.227774041934417 5.491954260764042 1.9447171036561353 9.139010230323073 
4.428878096716051 7.9275426034315455 3.156510976141861 0.7483318637619333 10.016714669546651 5.186556947324359 4.780725824841893 4.3315488364101675 4.270629915246666 8.805071915757345 0.4485536035221334 11.08896002247367 8.039749381526178 7.316939202465862 3.540314537416611 1.203932596627539 11.044687523150863 10.341441199342487 7.526712710581147 2.775354117586912 4.322100185427024 9.537800625554635 11.386314550810415 4.594792914903507 1.7169830722812618 3.960084247293868 9.352679396279338 6.061665506324018 7.323571237425901 6.753007517899727 1.394415773877871 11.94169466459716 5.827655303060085 4.259375523760478 11.759729592286945 9.17330386267173 7.931538095743729 1.844082327172434 0.0 7.230896854642582 2.852234855917797 5.365943674297686 4.710340757250082 5.333568444368801 9.926589126839335 3.3810522415815827 4.201892888854981 10.063982684161598 12.499558411865209 1.313949026657487 6.571191600246026 4.665034798386988 9.004482208782218 2.8069352898594455 6.484248998183162 5.50872881240183 6.3638638052795145 8.02212288683919 7.237394424859361 1.3636747752400051 13.507869945641428 
1.1003355269427144 4.798959942112546 7.504424977465553 8.149614423773963 6.843400915385001 7.730537783764524 8.695337642776202 4.238928318459569 6.25497472086318 1.0141096665659883 5.422882180442804 2.806140274354399 4.709047892134571 2.4821472924516925 3.2921359867348765 7.34463067980886 3.849083104958862 2.9600475104738004 7.298543974503303 2.6895293941899348 6.7719499623276205 12.277978788835206 6.140250020045862 2.686113160743674 4.7804023881496125 6.59258291382253 5.283667672322908 6.261825404932358 1.7531310536276314 12.269120458834173 9.789435664369371 4.1170145663179385 9.301811811573437 5.0797549559495465 4.578459128885825 4.724286855881756 7.894077588132028 11.29151995378532 5.330439438701534 0.0 5.015065337048101 8.24920403867206 8.388085938106611 6.852518775960049 2.0113396537030575 12.431903458860038 9.6958307363576 4.175887040320668 6.038864771182419 6.6175884644896055 2.2814011668162784 1.7458683814357765 5.5118275970984865 7.448633141622587 15.000478501730559 3.3507565971666518 6.9558486843185285 3.189405454279015 4.9776119688743945 8.688163157292657 2.9000707404249675 
6.514963031151201 11.409079982953742 2.6432062229239026 2.7830315906638425 9.429462165030625 4.5709159289209715 1.885000989273589 5.164162430113247 2.5507343718929603 4.586248433326485 2.3844066287934726 7.909377574093228 11.191383176880866 5.776855894347912 6.115332857954908 3.030321952321054 9.226965486684044 9.595222032402422 6.707664939362343 3.657216678266519 2.128110867009622 7.430212056111584 11.228889225080763 3.5723835040441725 2.831563073620328 1.0943750480893517 6.781155276085048 4.119192802396762 9.790657356672062 2.8519846515348553 4.033853049309462 9.931431705813335 6.429531463216909 4.67972473468715 6.049899468977401 7.163152052220765 4.607240213508659 5.950407993820308 3.9177563587137283 7.580785025635518 0.0 1.5381857543366892 4.653414168859388 9.567354856306185 8.968554312394932 4.947578954277909 5.007313295822118 3.059159207520638 8.554772515002007 2.3799629219302547 6.359669125579509 4.248920856862579 13.907604576931469 1.828752589634051 6.229909914358034 7.330753408676116 6.168115842868637 8.688697020143296 3.1699568661715274 3.7311192387413845 9.696736890213915 
8.06939388621683 8.515818876519779 2.5950365398944086 3.539892902266803 8.814311747724664 1.4158838230307327 0.31666583835833373 4.38719201273268 0.6775305803959586 5.387582882413818 3.599907494435048 13.789092891507572 9.046701675821142 10.525397775805054 7.439022829620012 4.732478394155182 7.598366810888743 14.158469929822328 8.242448102669204 6.112813049113221 0.6492248226943835 6.145977124007165 13.36674428836714 6.049510885228596 2.93656905811948 2.1825908790436817 13.214412193607291 3.011418145187121 9.310109670620179 3.620114794074549 5.448485825350849 10.109458073336732 7.245185959734851 6.922626255254535 6.363736292043533 8.570812179135071 3.790117149553618 5.74622597759627 5.194956046326384 8.814764787234093 2.5517284635875965 0.0 8.080450989704644 11.5898533080803 10.64283924517029 6.093569654155997 3.7744737351541837 6.2254513203782835 5.722707437002105 2.6464554458021534 8.976895607812262 8.048529421158948 12.021294938888754 0.4208721379159832 3.241012415573197 8.094974038441489 3.7376232198281354 12.283875093172666 4.495673730751346 4.778683980559146 8.527982083013448 
5.124088289986626 11.940186873708532 6.5508517076852675 2.941402550020818 4.0866670401233876 8.2443850431829 7.578514889020049 3.4429778121677472 8.66095479879868 6.298116214227862 4.058492896946855 6.6314547284113665 6.995614692081963 6.805271458092516 5.156186090343225 3.2105624684390297 8.685950881441597 9.815272835375476 9.598774908194661 3.458211327399239 8.14755401331526 10.172174978508135 5.519892376832869 3.836940715385781 2.8347157487677754 5.44071911679312 2.75102255690071 11.685375286090522 10.073682235138087 10.336374752461596 1.95824914555417 7.778043804251629 2.675518505509074 0.8217302054074862 8.363708935475328 11.607548716778826 7.724331292458195 5.2302213580399055 4.328751953282379 4.882419393753473 4.587466902611522 9.12536737964221 0.0 3.796601692017264 6.784007099387761 6.343054598593543 6.486050744247682 12.162498141155162 9.341625797808021 3.9085568198187 4.691387706706278 7.551265169428818 8.63515145825254 10.146328731313838 9.63053255428129 2.6570451036825116 12.64900102129733 10.412824158989594 8.689469421034158 4.251048654826214 10.330771215469948 
4.533379874052028 8.015846749019893 9.500834832238802 6.1958310136696415 0.7153379536078867 9.613511326094633 7.695447840245909 5.392750942601548 7.711536309184399 6.001264771050113 8.263384460518854 6.548641772683833 3.393325308385103 4.53118565040037 4.0696056457158925 7.358736664393483 13.815975859209065 5.759145061866041 8.588701071576505 6.407130787251628 9.668171279984342 14.9961209798238 1.736445714249855 4.7041251200410965 7.350304893426044 6.978777254987856 0.6233862930371049 15.32711268856646 9.595761041046245 13.776705488181708 4.369025274796524 10.319477756385755 2.3226736505611028 2.3738344667165903 6.957610507230044 7.559210828255492 10.536123708830404 8.488656071394743 6.986961405283214 5.912388680837886 8.908135844798922 7.737134553866849 2.337069441073547 0.0 6.443126915097796 10.688199658501517 16.247642366261434 8.303484217926663 7.729433604116312 5.480331420521935 2.4968632962285717 4.287220218117537 7.6888079456269995 8.409429571082237 8.607601092086728 3.039158334102546 10.482844945024983 7.448599386192697 10.099770511611222 5.922630219564061 8.866030924761434 
3.0398917475420655 1.4040733933342961 8.391305686654556 10.311975646498837 8.06787279250707 14.008670135296338 12.127553771991362 5.090508393939273 7.500590540209035 2.238090033207581 7.21272781210182 1.032031953305311 5.418856974735757 5.012728434228251 4.987295759988302 7.758308163100526 3.1904165122005574 2.864267496092798 4.050041124842011 6.925791058509223 10.919575528319282 11.625848500876515 8.130517121465674 7.284840280311875 5.533217278711854 8.948819050152844 8.805245090575955 8.39289986773352 0.7666551478156985 9.055061074133476 9.82332748901242 1.6641018084041819 10.324280071324667 10.784858016932475 1.8731145459909722 3.7822263026144753 13.31208375110522 14.611272583373403 13.097687803339964 1.7850387216519061 9.339575172006448 7.398240113715562 12.197386811703243 5.6526358494346605 0.0 17.039500800441562 11.092324211729697 5.428817883339376 2.8553678146444383 8.778338503233716 3.1799736914568273 3.265002959788496 3.012962143201386 12.110821703006177 10.45621778988085 6.623152627231811 9.832960745056752 4.1385134999751205 4.759443561307135 13.150635300308455 0.7031016842105675 
7.62119964946185 18.39490299304476 3.3586829544839407 3.3504949351278936 7.074589447928375 4.866910847092212 5.775466537933603 8.62079637018495 5.192252478951474 11.165396747667184 2.7551439898904837 16.952094377613022 8.957892234334539 13.192958720417568 7.453778080757153 4.4437643265506725 17.18321128717774 9.663295680562936 14.444081325532824 6.026551756919298 7.612301665149933 7.9965000287529024 13.369271249379198 5.924172134288313 4.456258017468166 8.272745731121997 6.854582227461779 7.020354725544669 11.724303454013587 6.463286800532411 2.77430362595712 10.448890344924639 8.061304728331134 4.639328973005593 14.958838795914843 14.651418729059774 8.572106470459545 1.1038762210322814 1.9116781439269153 11.7450402082751 7.2542235284129575 4.035251914003788 4.891404860892009 8.790956906090027 12.580541254145665 0.0 3.943927236637293 6.693591063597839 10.863059741898626 3.4144376827834875 9.414650831740282 9.252043423414303 15.737142075427448 5.917900640623365 4.3962784575616976 8.49769326744255 6.768774036991183 16.781141440279082 5.76147727349859 1.986043146351571 13.158186226212328 
11.24937754271626 14.971301483255377 2.8571197801048123 5.174209191005273 10.962345259239036 1.885569122349001 3.2249716441902505 10.862700796120244 4.5647407069399115 12.326923311961716 6.282109361641065 16.315314079496268 18.292900415848877 11.744151826831894 7.013128001618141 7.614103266884794 12.254764291483609 15.799285716450072 12.136916094569909 7.80594109959104 5.586464019509892 5.574440277259089 13.103222830876549 7.406287898451535 4.570367306423369 3.9754339899229887 9.200225035942797 7.290177531833823 13.627441802134769 7.706467065996234 8.916209905356084 17.954065991080622 15.285916438156157 7.770496330780262 11.674701581229122 14.339853721293672 5.981057630665112 5.383072928887376 3.8091585581762644 12.764587238769957 4.918869766766481 4.119741485414128 11.720024249600193 16.123902076705917 10.146099962768552 4.445796347792176 0.0 10.715018017440407 11.25606052993774 5.4358394037118085 11.21442639432968 12.130277162707165 18.2805133996757 3.7482387849125782 1.119146278195728 8.372632247879455 7.543559373713148 14.626627023288966 9.26831636763314 3.0896289077887302 19.039245597761095 
4.665672387171714 6.6716862100440295 5.858457321385625 6.657894830750758 12.524789088853527 8.681976837748977 5.651432409740164 6.713155871234112 6.543830779071752 4.780831914317535 5.082643398844332 8.177464618652124 11.782844515312163 5.802505378507356 4.3050769951600305 7.069488507585884 3.4060439296152616 6.37221400939615 1.7804167312304748 3.724847967006838 6.197361639809366 3.2208091049000616 9.441777872305877 4.495602853217626 6.680750933917915 3.5064158829917504 11.464901505371113 2.8074656272415197 4.673157717434695 3.6281219860026974 7.071921876691549 10.114605507055268 12.357101976703895 9.927917842350267 3.160339494112218 1.8848651661297255 3.766346547589678 12.913296451500878 8.159259884878296 5.624328218786452 5.739978203414248 5.092173000693437 6.364484937081817 6.986015859581262 4.633863479099607 7.270157273191574 9.507425728749674 0.0 2.1671215049742565 4.885145338453495 6.956293400230119 5.061599572124466 8.480204022380326 4.224143744581526 7.332838736500776 8.800371984290232 1.9456767098716958 11.192466002808978 1.4597440947327596 10.383993638322185 7.568728321041797 
4.144708433487858 2.3915756303559643 11.026995017667812 6.832863793494506 12.191802552852213 12.51250505364044 6.1698968357641375 7.679002711438226 7.7969035785211105 3.010234071833639 10.561266153055897 3.6795707853439517 9.138746903537763 8.505525594063554 8.789794645832115 9.321540154276553 1.0594073178249395 5.876652602644047 0.9970783343500383 5.3062362474376865 5.310029547703612 6.3974398426932275 11.512350934579247 8.35809385092502 8.344378410868048 7.5505778464616045 8.065985039841205 4.824847225217297 5.187184556425999 9.231449354188882 12.104937980269497 6.674472181115821 10.84089845077685 8.927541879097568 1.3695553580050466 1.1596289549413963 5.60844829714421 8.757420818958854 11.802849785011492 4.171893478962232 7.4182446998266975 8.065623881858603 10.13652596064158 8.235383003381502 2.7414549355289366 15.248818809104314 13.17242146667601 3.071693190856986 0.0 11.23513476606099 9.284263230340741 3.6871830413850484 5.8144534627429465 6.988631456550951 14.642043341945367 9.944058014776836 2.733860367721632 8.984913490876494 3.9935914584852505 8.534991623930868 3.337115878548838 
8.546956138511597 12.283527323456669 2.0196822063235116 2.3917403544151696 6.629881447790431 3.784285028667914 3.6753262322907343 5.555118679834024 2.4909695148783673 7.307796351165992 1.1707765245856856 7.439336055444183 6.768026851359219 5.951706946106887 4.4076721309636255 2.8984132337698867 7.766218438910708 9.0671653305739 12.102286635130033 4.237383996767193 3.7298096718437743 10.249882077153071 6.750336085115364 5.277807769573448 1.4432702266477337 2.6517091748626442 9.925226786597939 8.249985066821662 10.350974067497486 5.574187645927122 4.150347066540667 13.857972112587927 9.372677756403277 5.010435550174979 9.030026899357932 5.740047514844454 7.1235618883707215 2.1301837764535287 1.0627857110136696 7.8363566358823595 2.8646681326954755 3.3784031417868308 5.65573668681419 8.70389194546734 11.650355363212743 2.5144032523517543 5.5019936757738845 8.58036944263339 8.236375374317197 0.0 7.351297530734133 8.828111586286548 13.951953027899389 2.457241137839058 4.754578981220957 7.732141101149614 6.803142306222854 12.002586517801689 4.064560191902628 1.3491273210875574 8.034580694167753 
1.7059187515324647 7.051687342255301 9.98815822225785 6.146475118117161 3.6225210495472338 11.196797615054948 10.422519455650276 3.8974562885740864 8.460305558392987 2.281408642314908 8.178304028580808 5.553380210762338 1.3802695325624512 0.7659760952467325 1.8464378252273215 6.504584501075085 7.608953011890588 2.279313846337448 6.393395672983433 4.321111132995098 8.671061991441949 11.005602372675433 2.264674655670957 3.545451924492736 5.140408102195438 10.319292231943512 4.104679543747092 7.827537584358256 3.342769066485126 11.118423275934722 8.402338541960452 5.25997367748643 7.251656460413242 5.9327240089885285 6.767191036459824 7.950207945069645 14.24477054437001 9.236363981544477 5.730106198749306 2.553959079601373 7.094852749096529 7.261709281470857 5.749044745205616 3.444844469734618 3.8399220034986197 9.109910489675553 9.69870080917217 7.341916708181101 9.408028064007212 5.65330032971792 0.0 2.4690888629742918 5.9506943907349665 11.541397994950763 12.386063045259444 1.6598721631524342 7.874612532722682 4.3920664702855605 5.325170545101955 8.834753374704116 4.139251843034469 
2.0531046647863644 5.733975221981455 8.532309455728772 5.197227097981464 6.751918288001434 11.284171968524998 5.927587238495855 3.413821086282557 6.892142995905246 0.4779977781135674 4.776883009187575 5.401874416240167 6.1653219636977745 3.2004164415692475 3.3102878200075456 7.701469463202209 4.344210836742622 5.051285487542715 3.540379086310574 2.2160524900394023 5.790712301945172 7.443286941861788 5.942195178775968 3.700854127475499 4.518358823766422 5.560871471949502 6.047024661764661 6.520585149042042 2.4449239809592536 9.30151550947231 4.862121224138403 3.631642140726814 5.41002170012861 6.695983833264723 2.8769169564850006 4.127369639207705 8.239229951558373 9.218838924662306 5.655354976089743 1.2986393008900219 4.87874577180521 7.174613247086844 4.411602588165643 8.20757898902452 3.809856002994315 8.806649988999403 10.722928837248592 3.6068261033402735 4.585719629227204 5.142912849470889 3.939830197410866 0.0 4.829070515294919 7.852878680753937 11.401405115668709 3.682826322260289 5.6747887953395395 5.302588470778913 3.2776659460034594 6.420714453289126 3.5858096790904472 
4.626182910330681 4.842552530719602 18.389317922319385 10.818931261494248 6.798340102983582 14.315434229965623 9.797805762239175 7.885615314258695 15.284424754240458 3.9365487105782386 15.098260288530977 3.4699781971363066 3.943319272938195 5.045847632202916 5.784460492967787 10.934270110211678 8.425265731115651 2.790112575636918 9.326576246483551 9.974586033021312 13.436700793306738 13.49143716601655 4.622181265428011 6.06422244956709 10.434740107469388 8.8418032383873 9.380619540766762 15.096102663846386 3.5287375925506894 13.001883125855302 14.836610110457185 2.138359445464515 8.16072284126873 11.967958409730947 7.730782786050688 7.6072567650146 11.292979287049043 9.513812739037414 14.877579978003158 4.411102286147789 12.498682552069816 15.149892024139461 10.389633033059845 7.194507727409132 3.1300190052872683 13.093563050987104 18.137570307955123 7.652322331736816 10.132683960826213 12.682921377899365 4.535769826505164 5.606682440097741 0.0 15.46747133512559 15.575643547030989 6.46536918996716 8.566976848732274 1.090453518915855 7.494500930165083 9.152476180259182 2.0332136960762 
8.02629725056686 12.432682083824336 1.7810173950909332 5.468009358649351 11.1347813623224 1.5638411180824137 0.7547902754620017 4.365852813679556 0.0 5.603041941433593 2.629258587713971 7.739827166863932 9.394750493013136 8.353462709120627 9.261503406150327 6.224224856259693 10.588647134419894 11.810276179570513 5.787516881104967 3.9002164760272153 1.5507864889417335 6.321222342294432 14.675601064048251 6.340036715224982 4.733246865310721 1.836350376351334 13.392759218816 4.2713993243771 12.433053878513304 4.301187318860032 5.76038948978807 14.815893978527246 10.447161065420389 8.395537461897824 5.947851298969784 7.705811186900958 4.911651567624084 4.01975722355119 4.73299913092394 8.796674768846565 2.0360883671920247 0.48211886808432347 9.962105669295273 10.431680078323016 13.171812919283129 4.779174591421528 3.7830421656472417 4.177902458883192 7.405474062086678 1.948074664219729 11.110188880939164 6.962639593655048 15.805267677515957 0.0 3.253715117727814 10.157746356120317 7.19371226112044 10.388887526238326 3.715342511700186 4.06267828281516 12.059064492503751 
11.68845682714931 12.07811740124599 1.888785620327783 7.488300388854421 12.298420764675324 1.0934669565020299 4.838581198800862 10.759505331570004 3.1539240024031896 7.445783668146073 4.444503607742472 17.329814537588952 10.813946218203757 16.09445386907699 8.49541994220548 8.000178023566281 12.664342454866055 12.84191816176487 12.274900193124076 5.814198568705101 3.2359245266522145 8.652151751982304 17.580808105700157 6.532663817297103 5.405249917091625 5.3738340535717475 12.143242898313204 4.770429922110614 9.594971128275287 4.216592679413062 6.562644204881335 18.691594039544956 9.652319190353467 8.253190066092195 8.314541063685787 10.280620415347952 6.454321403205627 7.268215733322779 4.403990660366265 8.222105528627587 5.63174472692053 4.577340204741633 10.103863188523317 11.233620975108238 10.030796934387011 4.8707058333177615 0.8723056259756072 7.655820685648188 12.158786852138412 4.635643258651175 16.473520341988376 12.843947873767597 15.176909515996677 2.2559590546422585 0.0 14.031937708481198 8.344133212116148 16.866668339807223 7.353110558181916 6.562751103361347 14.945492560418513 
2.4896676686148256 7.482311096371532 7.15641892457918 5.87945036324719 3.6573062097363263 10.735574888297565 9.235777931506274 1.483796554471954 9.931541206380405 3.538911546690498 5.692652732055879 6.364341682980184 2.2210727125966754 2.423991076517145 0.9862191325891023 5.358588845583139 6.052954897620071 3.3431477732062866 10.737338291069985 2.949380648183425 7.4933348952673615 13.622962535624119 3.203710596301933 1.6150499403499925 4.949125298103531 6.092480348521356 3.576819714161932 9.508643187657487 5.937713003329484 11.882456632284693 5.404480990564838 6.7174177972590146 5.86538141446851 2.0521959016077616 6.49157208592476 5.094947366087127 7.289116405929709 5.734006375792112 4.399553601716853 2.3174079724698498 4.446043787444567 8.754489918965989 3.530426642182011 2.7541549092491246 6.090384754657727 5.674049977140108 12.462041619213458 6.736884060555179 8.097420267526 4.921054251556372 1.8948053825465982 2.4042819941610376 7.423414495458385 8.623654703214852 12.331999269476473 0.0 10.385886069795935 6.6561875330124325 4.668289490775589 7.820265149955996 5.81416520488146 
8.258026158497806 6.299342647151372 8.833550891430225 10.79977928314515 12.896656380242037 7.373793108502765 4.218713874059475 7.345920096366202 6.378671662363649 8.08446505288204 7.067672913356097 10.695743401170889 14.07497160819511 9.502556017530784 6.432426034209101 6.516061322688442 3.9519589871118077 6.35713922762566 3.884384137814873 5.325378193047601 3.9964880818678763 2.1205631895685917 14.285572963595216 6.16500245732222 4.840921601120354 2.9796922728401336 15.136899289521622 1.033380200149972 6.090149179323013 2.5887964632656835 9.790624029553708 7.83897565720639 11.17796735828717 10.62970675955271 5.460696090318882 2.8422657214089124 4.418391858954941 8.643572649479568 10.861935307208244 9.494375813041371 3.169073966497983 5.354617938088733 11.08412651937854 11.934442078816607 9.738813887969052 11.50788104092819 8.460091156802111 2.513479619136854 3.472804049101609 5.040142505139865 10.714747713506005 4.341791982458854 13.778595504224207 6.85953328441996 5.931284369721856 11.474715263657195 0.0 11.324776675606941 2.6561667698495097 8.301626382149864 6.633340007110483 
4.408969434292806 3.7957164577280302 11.922115295722065 7.62306710577699 5.147850333301003 14.914833048504388 8.20200447431592 7.270483888748158 11.0352216796825 3.223473713686846 14.092121370974422 2.810318531201488 3.6352376973820553 3.9792490337435744 7.159588445914144 11.95453183875589 7.148451755729994 1.6204899001702924 9.691718425343286 6.58061839048689 15.513052784869952 9.419899961016263 4.913024085417088 6.278151067723982 8.975547694343135 9.45701877032111 6.185435146901124 13.460093033424561 2.907686964488753 10.367162248805183 11.047387263444705 2.6867031198565803 6.888487444584828 8.804554849851048 7.621960559226055 10.272685624234924 10.195839326740169 13.479609623987042 8.111366178160026 3.253440093276461 7.322764680696313 14.995193489315934 7.025909655289398 5.591360170039267 3.1963573938584613 13.531390108979982 19.12930988105791 10.016928964754147 8.062291609900731 7.857382645499465 3.2492311094587643 5.022773710104265 1.087647391615658 11.535798430080192 11.194265151569503 7.097219332310901 13.427779017518688 0.0 9.491022813190817 9.626525988074832 2.3716232928146845 
3.138732978729612 5.353036533793505 6.2549302814950245 6.885911395114859 7.715210089147923 4.360116786955445 3.773584311955367 4.747116358630912 2.929388464926205 2.611135061478436 5.374556235171476 7.522622537093976 9.115230809878385 5.366061539536624 4.193092104206624 4.834812449111274 5.6262784388106875 8.425369346991324 3.6576014747189154 3.558380324539165 2.490939386996713 5.40463274501859 7.425391664972531 2.9069363566786186 3.3608062262255904 2.294438592899117 7.304883687092677 3.8462522094611966 5.681431421885612 3.0808839743540446 6.023956377248461 7.591998689334396 12.179030123298178 4.768324944769557 4.700562395732965 3.7301821105490944 5.115824600041489 5.445641451957072 4.251200381544774 6.3610774392472065 2.29011901136912 3.5749748522374674 6.55487508026927 7.532268082240475 7.599880275281469 6.703995346721277 7.972129346447375 1.6294789470120281 3.1168705531168226 6.122232537689744 7.3050325685141075 4.554844520950937 8.342414328359492 5.402687822092169 8.268461442383986 4.183180948217918 2.675747267437603 6.304233127585694 0.0 4.426534073542685 8.492750513652377 
5.449144321899246 13.297132211622461 2.850865747318247 1.3966070711769238 8.630463967328959 4.339089822714014 4.956558113464503 4.795945647251184 2.5801079526406094 8.39361875204417 1.066820076461509 13.795240473388722 11.325419608248893 9.104091488304572 4.562994459147045 2.2165866753276604 9.987381900881733 10.018992970960348 7.373613936867038 5.613733415230857 5.240156603847142 7.980981245890799 8.129843581925652 6.852081094161537 3.1870064748251394 5.262225384457441 6.181031450158373 9.313227997476215 9.491469944719327 9.57220753321419 2.7126683839033174 16.979797721405085 8.706961871306396 5.048354278959392 10.751172178219289 11.836864736483971 7.130687204080364 1.0450576402096818 1.256193387028648 6.503197741147812 4.7344263670495685 3.5679341782553013 4.332748018353054 9.831146722121439 11.551025459202771 1.290234285335268 5.982668773853045 9.162837885505857 12.087324967482147 1.5704812928875636 10.312813481238843 8.84053108451306 12.139617083106526 3.7030884756855027 3.4143346851294187 7.985840621251936 9.226638668458001 10.326837624331567 5.587493460466739 0.0 14.061508215885937 
3.870961906991564 2.873733754596655 8.249860903401833 8.733556692150465 7.464290153429937 10.628758910577929 11.597134325219244 4.7583939030355165 9.84413682992278 3.5481223919532816 9.462787008398053 0.5926504509188768 4.042910126099852 4.741511173264022 7.54389224337023 10.764651683231012 4.048344225103303 1.7398777718323373 5.697555675600952 6.737901573818588 7.06018915809586 8.789085044958114 6.203525132804503 5.093601171598083 6.012934852825252 6.621324195363841 8.713443314037233 11.770245673224426 0.7107984647499195 7.797857758978863 9.245422477429518 1.3412935157455137 9.0730478583769 8.686764758742086 3.4604513511941652 4.439327433584287 11.729398563169521 14.979536354150325 8.824571881493704 2.603221943862274 7.546244799144708 10.116141492125815 12.514771237023044 5.544943162909017 1.1203059117804988 16.995751729258384 12.745549663402263 8.315995152972876 6.375560349286754 10.938444042487912 6.282573278018163 4.151843412956791 3.2728873327658725 11.858906414959932 16.751876661427676 4.9232067962454185 9.486516574731686 3.2426391463497586 4.7514058688430705 11.456648621282135 0.0 

0 23 17 12 6 22 3 24 24 11 7 12 8 14 20 16 16 4 9 18 14 10 19 22 19 9 18 2 18 11 19 18 15 4 12 8 18 12 72 2 5 14 11 19 16 19 3 12 10 20 7 13 16 23 22 18 6 12 27 9 15 
