64
9
100

0 62 96 48 68 76 6 109 75 50 13 44 62 35 69 35 75 60 50 51 47 95 63 59 58 22 86 68 69 23 58 79 48 30 61 86 100 62 42 89 100 23 38 64 88 32 78 92 34 78 87 51 31 46 76 75 28 50 88 75 71 49 49 89 
62 0 74 24 52 55 57 53 77 45 64 19 16 67 12 28 85 3 36 41 40 36 33 40 75 41 25 10 10 40 18 44 60 40 45 24 53 39 27 41 53 68 48 8 36 33 73 88 39 37 50 39 75 26 60 37 77 13 66 41 82 70 33 75 
96 74 0 59 28 21 92 58 33 46 86 73 90 68 64 74 43 74 105 47 51 64 106 40 51 86 69 65 82 84 58 30 51 69 37 72 38 39 91 41 38 82 58 82 48 72 26 27 65 38 27 47 80 60 20 37 85 72 8 33 44 56 52 13 
48 24 59 0 33 38 43 60 55 22 45 14 36 44 24 16 62 22 46 18 16 48 50 20 51 31 41 23 34 29 10 34 36 20 24 42 52 21 32 40 52 48 24 31 39 17 52 68 17 31 42 16 53 3 42 28 56 14 51 30 58 46 9 57 
68 52 28 33 0 8 64 59 26 18 59 47 67 44 45 47 36 52 79 18 22 56 82 13 34 58 56 46 62 56 34 20 27 40 9 59 42 13 65 36 42 56 30 60 41 44 22 36 36 26 26 19 56 33 9 22 61 47 20 18 34 35 25 24 
76 55 21 38 8 0 72 54 28 26 67 53 71 52 47 53 39 55 84 26 30 54 87 19 40 65 56 48 64 63 38 16 35 48 16 58 36 18 71 32 36 64 38 64 38 51 22 34 44 24 20 26 64 39 6 21 69 52 13 16 38 43 32 20 
6 57 92 43 64 72 0 103 73 46 13 38 56 34 64 30 73 54 46 46 42 90 58 55 57 16 81 62 64 17 52 74 45 25 56 81 94 57 37 83 94 23 34 58 82 26 75 89 29 73 82 46 32 40 72 70 30 44 84 70 69 48 44 85 
109 53 58 60 59 54 103 0 82 68 105 67 66 98 42 74 93 55 88 65 68 18 82 57 93 89 30 44 54 88 51 39 84 80 59 32 20 54 80 23 20 106 79 58 21 77 76 84 77 34 35 64 109 63 60 39 113 62 56 41 92 93 62 68 
75 77 33 55 26 28 73 82 0 34 64 68 91 42 71 65 11 76 99 37 40 82 104 37 20 72 83 71 87 70 59 44 28 54 32 85 63 38 85 61 63 56 40 85 66 61 7 16 51 52 48 39 52 54 22 48 58 69 29 44 11 28 46 20 
50 45 46 22 18 26 46 68 34 0 42 34 57 30 42 31 40 44 65 4 6 61 70 11 30 40 57 42 55 39 28 32 16 23 11 59 54 14 51 45 54 39 13 52 48 28 33 48 19 34 39 6 41 21 26 30 46 36 38 28 37 27 13 40 
13 64 86 45 59 67 13 105 64 42 0 45 66 22 68 36 63 61 58 43 39 93 70 52 46 26 86 67 72 26 55 72 36 25 52 86 94 55 48 84 94 10 29 66 84 31 66 80 28 73 81 44 19 42 66 69 16 50 79 69 58 37 43 78 
44 19 73 14 47 53 38 67 68 34 45 0 24 50 26 9 74 16 32 31 29 52 36 34 62 23 43 24 27 21 18 47 47 22 38 42 62 35 18 50 62 50 33 22 48 15 66 82 22 42 55 30 57 14 56 40 58 6 65 43 71 56 23 72 
62 16 90 36 67 71 56 66 91 57 66 24 0 74 28 32 98 16 23 54 52 48 17 54 86 40 36 26 12 40 33 60 71 46 59 35 68 54 20 57 68 73 57 8 51 38 88 103 46 53 66 52 80 37 75 53 81 22 82 57 94 80 45 91 
35 67 68 44 44 52 34 98 42 30 22 50 74 0 68 42 40 64 73 33 31 90 82 41 23 40 84 67 76 39 53 61 17 28 40 85 84 44 60 75 84 14 20 72 77 36 46 59 28 64 68 34 12 41 49 59 17 54 61 58 36 15 38 59 
69 12 64 24 45 47 64 42 71 42 68 26 28 68 0 34 80 14 48 38 38 26 45 35 72 49 17 2 18 47 15 34 58 43 39 18 41 33 38 29 41 72 48 20 24 38 66 80 41 26 39 36 77 27 52 27 80 21 57 31 77 68 31 67 
35 28 74 16 47 53 30 74 65 31 36 9 32 42 34 0 70 25 34 29 26 60 41 34 56 15 51 33 36 13 23 50 41 14 38 51 67 35 20 56 67 41 27 31 54 6 64 80 15 46 58 28 48 14 55 44 49 14 66 46 66 49 22 71 
75 85 43 62 36 39 73 93 11 40 63 74 98 40 80 70 0 84 104 44 46 92 110 45 17 75 92 80 95 74 67 55 30 58 41 94 74 47 90 71 74 54 44 92 76 65 18 21 55 62 58 46 49 61 33 58 55 76 39 54 4 26 53 30 
60 3 74 22 52 55 54 55 76 44 61 16 16 64 14 25 84 0 34 40 39 39 32 39 73 38 28 12 12 37 17 45 59 37 44 27 55 39 25 43 55 66 46 9 38 30 73 88 36 38 51 38 72 24 60 38 74 11 67 42 80 68 31 75 
50 36 105 46 79 84 46 88 99 65 58 32 23 73 48 34 104 34 0 62 59 71 13 66 90 33 59 46 35 34 48 77 75 47 70 57 89 67 14 77 89 67 60 30 72 39 98 113 49 71 84 61 76 46 88 70 75 33 97 74 100 82 54 103 
51 41 47 18 18 26 46 65 37 4 43 31 54 33 38 29 44 40 62 0 4 57 67 9 34 39 53 38 51 37 24 30 20 22 10 55 52 12 48 42 52 42 14 49 44 26 35 51 18 31 38 2 44 17 27 27 48 32 38 26 40 31 9 42 
47 40 51 16 22 30 42 68 40 6 39 29 52 31 38 26 46 39 59 4 0 59 65 13 35 35 54 38 51 34 24 33 20 18 14 56 55 15 45 45 55 38 11 48 47 22 38 54 14 34 41 4 41 15 31 30 45 30 42 30 42 30 8 46 
95 36 64 48 56 54 90 18 82 61 93 52 48 90 26 60 92 39 71 57 59 0 64 51 89 75 12 28 36 73 38 38 77 68 54 14 28 48 63 23 28 96 70 40 16 64 76 87 65 30 37 55 100 51 60 34 103 47 60 38 91 87 52 71 
63 33 106 50 82 87 58 82 104 70 70 36 17 82 45 41 110 32 13 67 65 64 0 69 98 44 52 43 28 44 48 77 82 55 74 50 85 69 22 74 85 78 68 25 68 47 102 118 56 70 83 66 87 50 91 70 86 35 98 74 107 91 58 106 
59 40 40 20 13 19 55 57 37 11 52 34 54 41 35 34 45 39 66 9 13 51 69 0 38 46 48 35 50 44 22 21 27 30 4 50 43 3 52 34 43 50 23 48 37 33 33 48 26 23 29 8 52 21 22 18 57 34 32 17 42 37 13 37 
58 75 51 51 34 40 57 93 20 30 46 62 86 23 72 56 17 73 90 34 35 89 98 38 0 59 87 72 85 58 58 54 15 43 35 88 75 41 76 70 75 37 30 82 74 51 26 36 41 59 59 36 32 49 35 55 38 65 46 52 13 9 42 39 
22 41 86 31 58 65 16 89 72 40 26 23 40 40 49 15 75 38 33 39 35 75 44 46 59 0 65 47 48 2 39 64 45 18 49 65 82 48 22 71 82 34 32 42 69 14 72 88 22 61 72 39 43 28 66 59 42 28 78 60 71 51 34 81 
86 25 69 41 56 56 81 30 83 57 86 43 36 84 17 51 92 28 59 53 54 12 52 48 87 65 0 18 24 64 31 40 74 60 52 3 37 46 52 28 37 89 65 29 21 55 77 90 58 32 42 51 94 44 62 35 97 37 64 39 90 84 47 75 
68 10 65 23 46 48 62 44 71 42 67 24 26 67 2 33 80 12 46 38 38 28 43 35 72 47 18 0 17 46 14 35 58 42 39 19 43 34 36 31 43 71 48 18 26 37 67 81 40 27 40 36 76 26 53 28 79 19 58 33 77 68 30 68 
69 10 82 34 62 64 64 54 87 55 72 27 12 76 18 36 95 12 35 51 51 36 28 50 85 48 24 17 0 47 28 52 70 49 55 22 58 49 30 47 58 77 58 6 40 42 83 98 48 44 57 49 84 36 69 45 85 22 75 50 92 80 43 84 
23 40 84 29 56 63 17 88 70 39 26 21 40 39 47 13 74 37 34 37 34 73 44 44 58 2 64 46 47 0 37 62 44 16 47 64 81 46 22 69 81 34 30 41 67 12 71 86 20 59 70 37 42 26 65 57 42 27 76 58 69 50 32 79 
58 18 58 10 34 38 52 51 59 28 55 18 33 53 15 23 67 17 48 24 24 38 48 22 58 39 31 14 28 37 0 30 44 30 27 32 44 22 35 33 44 58 34 26 30 26 56 70 27 24 37 22 63 13 43 23 66 15 50 26 64 54 16 58 
79 44 30 34 20 16 74 39 44 32 72 47 60 61 34 50 55 45 77 30 33 38 77 21 54 64 40 35 52 62 30 0 45 49 21 43 23 18 65 16 23 71 44 53 22 50 38 49 46 9 8 29 72 36 22 7 77 44 23 4 53 54 31 34 
48 60 51 36 27 35 45 84 28 16 36 47 71 17 58 41 30 59 75 20 20 77 82 27 15 45 74 58 70 44 44 45 0 28 24 75 68 30 61 60 68 30 14 67 64 36 30 44 26 49 52 22 29 35 32 45 34 49 44 43 25 10 28 42 
30 40 69 20 40 48 25 80 54 23 25 22 46 28 43 14 58 37 47 22 18 68 55 30 43 18 60 42 49 16 30 49 28 0 32 61 70 32 33 59 70 29 14 44 59 8 55 70 4 48 58 22 35 17 49 45 37 27 61 46 54 36 19 63 
61 45 37 24 9 16 56 59 32 11 52 38 59 40 39 38 41 44 70 10 14 54 74 4 35 49 52 39 55 47 27 21 24 32 0 54 44 6 56 36 44 50 23 53 39 35 29 44 28 25 29 10 51 24 18 21 56 38 29 18 38 34 16 33 
86 24 72 42 59 58 81 32 85 59 86 42 35 85 18 51 94 27 57 55 56 14 50 50 88 65 3 19 22 64 32 43 75 61 54 0 40 48 51 31 40 90 66 27 24 56 80 92 59 34 45 53 95 45 64 37 98 37 66 42 92 86 48 77 
100 53 38 52 42 36 94 20 63 54 94 62 68 84 41 67 74 55 89 52 55 28 85 43 75 82 37 43 58 81 44 23 68 70 44 40 0 40 78 12 0 93 66 60 17 69 56 64 66 22 16 50 95 54 41 25 100 58 36 26 74 77 51 48 
62 39 39 21 13 18 57 54 38 14 55 35 54 44 33 35 47 39 67 12 15 48 69 3 41 48 46 34 49 46 22 18 30 32 6 48 40 0 53 31 40 53 26 48 34 34 34 49 28 20 26 11 55 22 21 16 60 34 30 14 44 39 14 37 
42 27 91 32 65 71 37 80 85 51 48 18 20 60 38 20 90 25 14 48 45 63 22 52 76 22 52 36 30 22 35 65 61 33 56 51 78 53 0 66 78 56 47 24 62 25 84 99 35 59 72 47 64 32 74 58 64 20 83 61 86 69 40 89 
89 41 41 40 36 32 83 23 61 45 84 50 57 75 29 56 71 43 77 42 45 23 74 34 70 71 28 31 47 69 33 16 60 59 36 31 12 31 66 0 12 84 57 49 7 58 54 64 56 11 15 41 86 43 38 16 91 46 37 18 70 70 40 49 
100 53 38 52 42 36 94 20 63 54 94 62 68 84 41 67 74 55 89 52 55 28 85 43 75 82 37 43 58 81 44 23 68 70 44 40 0 40 78 12 0 93 66 60 17 69 56 64 66 22 16 50 95 54 41 25 100 58 36 26 74 77 51 48 
23 68 82 48 56 64 23 106 56 39 10 50 73 14 72 41 54 66 67 42 38 96 78 50 37 34 89 71 77 34 58 71 30 29 50 90 93 53 56 84 93 0 27 72 85 35 60 73 31 72 79 43 9 45 62 68 8 55 74 68 50 29 44 72 
38 48 58 24 30 38 34 79 40 13 29 33 57 20 48 27 44 46 60 14 11 70 68 23 30 32 65 48 58 30 34 44 14 14 23 66 66 26 47 57 66 27 0 54 58 22 41 56 12 45 52 16 30 22 38 41 34 36 50 40 40 23 18 51 
64 8 82 31 60 64 58 58 85 52 66 22 8 72 20 31 92 9 30 49 48 40 25 48 82 42 29 18 6 41 26 53 67 44 53 27 60 48 24 49 60 72 54 0 43 37 82 97 44 45 58 47 79 33 68 46 81 18 75 50 89 77 40 84 
88 36 48 39 41 38 82 21 66 48 84 48 51 77 24 54 76 38 72 44 47 16 68 37 74 69 21 26 40 67 30 22 64 59 39 24 17 34 62 7 17 85 58 43 0 56 60 71 56 15 22 43 88 42 44 19 92 43 44 22 75 73 41 55 
32 33 72 17 44 51 26 77 61 28 31 15 38 36 38 6 65 30 39 26 22 64 47 33 51 14 55 37 42 12 26 50 36 8 35 56 69 34 25 58 69 35 22 37 56 0 60 76 10 48 58 25 42 15 53 45 44 20 64 46 61 44 20 68 
78 73 26 52 22 22 75 76 7 33 66 66 88 46 66 64 18 73 98 35 38 76 102 33 26 72 77 67 83 71 56 38 30 55 29 80 56 34 84 54 56 60 41 82 60 60 0 16 51 46 41 37 57 52 16 42 63 67 22 38 18 33 44 13 
92 88 27 68 36 34 89 84 16 48 80 82 103 59 80 80 21 88 113 51 54 87 118 48 36 88 90 81 98 86 70 49 44 70 44 92 64 49 99 64 64 73 56 97 71 76 16 0 67 58 50 52 68 68 29 55 74 82 28 51 24 44 59 16 
34 39 65 17 36 44 29 77 51 19 28 22 46 28 41 15 55 36 49 18 14 65 56 26 41 22 58 40 48 20 27 46 26 4 28 59 66 28 35 56 66 31 12 44 56 10 51 67 0 45 54 18 36 14 45 41 38 26 57 42 51 34 15 59 
78 37 38 31 26 24 73 34 52 34 73 42 53 64 26 46 62 38 71 31 34 30 70 23 59 61 32 27 44 59 24 9 49 48 25 34 22 20 59 11 22 72 45 45 15 48 46 58 45 0 13 30 75 33 30 4 79 38 32 8 61 59 30 43 
87 50 27 42 26 20 82 35 48 39 81 55 66 68 39 58 58 51 84 38 41 37 83 29 59 72 42 40 57 70 37 8 52 58 29 45 16 26 72 15 16 79 52 58 22 58 41 50 54 13 0 37 80 44 25 14 85 51 22 12 58 61 39 34 
51 39 47 16 19 26 46 64 39 6 44 30 52 34 36 28 46 38 61 2 4 55 66 8 36 39 51 36 49 37 22 29 22 22 10 53 50 11 47 41 50 43 16 47 43 25 37 52 18 30 37 0 45 16 28 26 50 31 39 25 42 33 7 43 
31 75 80 53 56 64 32 109 52 41 19 57 80 12 77 48 49 72 76 44 41 100 87 52 32 43 94 76 84 42 63 72 29 35 51 95 95 55 64 86 95 9 30 79 88 42 57 68 36 75 80 45 0 50 61 71 6 62 73 69 44 24 48 69 
46 26 60 3 33 39 40 63 54 21 42 14 37 41 27 14 61 24 46 17 15 51 50 21 49 28 44 26 36 26 13 36 35 17 24 45 54 22 32 43 54 45 22 33 42 15 52 68 14 33 44 16 50 0 42 30 53 15 52 32 57 44 8 58 
76 60 20 42 9 6 72 60 22 26 66 56 75 49 52 55 33 60 88 27 31 60 91 22 35 66 62 53 69 65 43 22 32 49 18 64 41 21 74 38 41 62 38 68 44 53 16 29 45 30 25 28 61 42 0 27 66 55 12 22 32 39 34 16 
75 37 37 28 22 21 70 39 48 30 69 40 53 59 27 44 58 38 70 27 30 34 70 18 55 59 35 28 45 57 23 7 45 45 21 37 25 16 58 16 25 68 41 46 19 45 42 55 41 4 14 26 71 30 27 0 75 37 30 4 56 55 26 40 
28 77 85 56 61 69 30 113 58 46 16 58 81 17 80 49 55 74 75 48 45 103 86 57 38 42 97 79 85 42 66 77 34 37 56 98 100 60 64 91 100 8 34 81 92 44 63 74 38 79 85 50 6 53 66 75 0 63 78 74 50 30 51 75 
50 13 72 14 47 52 44 62 69 36 50 6 22 54 21 14 76 11 33 32 30 47 35 34 65 28 37 19 22 27 15 44 49 27 38 37 58 34 20 46 58 55 36 18 43 20 67 82 26 38 51 31 62 15 55 37 63 0 64 40 72 59 23 71 
88 66 8 51 20 13 84 56 29 38 79 65 82 61 57 66 39 67 97 38 42 60 98 32 46 78 64 58 75 76 50 23 44 61 29 66 36 30 83 37 36 74 50 75 44 64 22 28 57 32 22 39 73 52 12 30 78 64 0 26 40 50 44 12 
75 41 33 30 18 16 70 41 44 28 69 43 57 58 31 46 54 42 74 26 30 38 74 17 52 60 39 33 50 58 26 4 43 46 18 42 26 14 61 18 26 68 40 50 22 46 38 51 42 8 12 25 69 32 22 4 74 40 26 0 53 52 27 36 
71 82 44 58 34 38 69 92 11 37 58 71 94 36 77 66 4 80 100 40 42 91 107 42 13 71 90 77 92 69 64 53 25 54 38 92 74 44 86 70 74 50 40 89 75 61 18 24 51 61 58 42 44 57 32 56 50 72 40 53 0 22 49 31 
49 70 56 46 35 43 48 93 28 27 37 56 80 15 68 49 26 68 82 31 30 87 91 37 9 51 84 68 80 50 54 54 10 36 34 86 77 39 69 70 77 29 23 77 73 44 33 44 34 59 61 33 24 44 39 55 30 59 50 52 22 0 38 46 
49 33 52 9 25 32 44 62 46 13 43 23 45 38 31 22 53 31 54 9 8 52 58 13 42 34 47 30 43 32 16 31 28 19 16 48 51 14 40 40 51 44 18 40 41 20 44 59 15 30 39 7 48 8 34 26 51 23 44 27 49 38 0 49 
89 75 13 57 24 20 85 68 20 40 78 72 91 59 67 71 30 75 103 42 46 71 106 37 39 81 75 68 84 79 58 34 42 63 33 77 48 37 89 49 48 72 51 84 55 68 13 16 59 43 34 43 69 58 16 40 75 71 12 36 31 46 49 0 

0.0 11.125301136154215 18.01181457749064 5.417591428447477 6.853082057268711 14.076017035008299 0.7015526160720689 17.45850876831777 9.959317953181039 5.527998318658462 2.3710647173939954 7.156203373622847 8.401491024120608 4.233063263823042 6.964333976673225 4.797009756412034 13.223512219040302 9.141175512055534 6.718079870652641 10.164810136612282 6.962839854076624 18.68576290085535 7.383505620941429 7.668928488519952 6.1220498704482225 2.3338994170330367 15.171859235449126 13.468807820989621 10.607961368340092 2.6603816030315746 8.418891183418525 9.189291219111654 8.38710597501477 3.0523945491603603 8.380290484731699 14.660582244108895 15.381327749260665 8.53223733895733 7.081953962261138 9.943511743190003 15.147988544382482 4.2056800387611 6.798270894712421 8.114151809124698 13.327440830232195 4.5938360876127975 10.813295797346731 9.485390918424358 3.5228523768355906 13.321406322511056 16.987577118118494 9.602041452312472 5.343077015271236 5.631472434513396 11.355981718934821 7.650444316462142 5.466793498453688 9.9797445914244 11.68436858326803 14.750092669313158 10.996190106855972 8.971306557758336 9.635585963971158 15.861117349618507 
10.391705715279922 0.0 8.173007680620737 4.632614985413952 10.230448891004027 6.616879229573871 6.3879653028363474 8.387526655058373 8.087048654830728 6.08175644272258 9.499268027104954 3.1037121433451027 2.744739216952813 12.601914521909936 2.325619991712022 5.561884761848288 9.464092783333474 0.5081236104835879 4.897755514794484 7.099734984521151 6.111799863940304 5.7241948850760185 5.815390199423894 6.7431069519806766 11.045475849890554 6.9262942540953265 4.899319217538246 1.3828537124214049 1.0838708722753458 6.918786314113498 1.9579986361408872 4.485587212922649 6.2424994521739094 5.71197961616812 5.675712937171408 2.499925238502686 8.134675448995601 4.055130490875566 3.7186655734744916 4.2330570141116635 6.025219789648375 10.149924863910115 6.052024513542366 1.047525728964999 6.286108417952203 6.545532085535662 8.034125324571486 10.327574947029749 4.735373172439086 6.393769667556189 6.975177725593854 4.155912557173964 12.21822312997417 4.237271510744802 8.616896202808093 7.319713758684621 13.127754209347668 2.5946595963203647 11.17306824093022 5.542474098420917 9.789152566524113 7.494564235968371 4.378835933516489 10.009583314400457 
16.783796081205512 7.96462837299098 0.0 10.215235271762023 3.3626997370998204 3.4856837322728946 16.84724567186018 6.842705840733817 5.939788839045973 5.180220944100874 14.088131712456425 8.012171551421252 13.87703173600893 10.91936782704658 12.549419145987631 12.767524521421223 5.920680380664491 10.020517295076367 20.237815545172257 5.416074406542799 8.799667383476844 10.919135143425915 15.34132769868269 6.232856018982323 7.362473065172857 15.677928918131567 11.173837762792703 6.690212720001387 9.026552806127592 10.564871197098846 6.540878497168449 3.646347931311454 6.076958274228382 10.618340282887655 5.830815379645937 12.830730173278948 6.442181338161101 5.568619011842744 17.2178038278403 4.4295232973768845 4.624667395553087 10.150043918354504 9.561447163565992 14.04300854088814 8.61931731434413 11.673508338802531 3.5943691322379254 4.583813723009414 8.780378893683125 5.8137916232376075 4.804496324549723 8.27268203069027 13.216809548316084 9.774529191993725 3.7735940465131415 6.864937812391948 13.972951152937434 9.441637024139718 1.0883360057833422 4.703245802367133 8.508080593504685 8.922292967046834 5.811196398898661 1.3398480210358221 
6.059301445608844 3.848330433186609 9.833402266870392 0.0 5.987423846567689 4.080319442948023 7.813622035483636 6.288869593928827 7.131508787460847 2.707704418356568 6.443571660169665 2.418872445008442 6.546481444938726 7.707607320787238 3.3159485531022184 1.6762173643842653 10.773847313096159 4.391760249396156 8.651883970736534 2.1000201865090333 2.886232355800191 7.463361812587191 9.720078057442514 2.2180553377260632 5.7378575047727045 3.9226627866507875 7.322110942496313 3.3934754642314564 5.824300229187685 3.5958134948493736 1.608049473362371 3.849848980101164 5.831600933668337 2.236732212957759 3.27362417663531 4.614257793762043 10.240937109463342 3.6065878901792803 5.679749101286253 7.280418263483487 7.839366758435608 7.109312637333542 2.593473247262541 5.491877274197592 6.432878162851191 2.8112160323216817 9.11749609387478 12.65132467880932 2.3517262330247037 5.873698448918892 7.041037004432997 2.2685432248523787 9.582577190505592 0.340641318337784 4.599116509552028 4.64156882036017 8.540683964885822 2.567858622750985 10.119318192893429 4.087570782901734 9.203549581747533 6.589916615141627 1.2117600760503433 6.8881509603168425 
8.20734893706267 9.025496806801188 3.7830905657394647 5.225671822151085 0.0 0.914308585745271 7.415716306121151 11.631239491141045 5.090555295367457 2.058325117178396 10.23098745358493 9.276550094446986 9.490889647555498 5.524907582695456 8.762289514742095 8.589698739769041 3.6692343357457484 8.508251776775113 14.088712356205994 3.3056934837887635 3.183509896641108 10.74150746957773 12.637046610327562 1.9232135932215528 5.1155362182155475 8.363824082211764 8.298778661671069 5.002183857764933 8.156109006772471 10.865199869973246 5.154711442150502 3.7711588865584234 2.7447664465653774 7.617709344474385 1.0402846513717106 11.1205759085049 4.802743392997189 1.7197591289004075 7.474309575528526 5.689240489888538 7.241440710255203 6.759184067138176 5.770477105794203 9.969804166191178 7.981278360456134 5.9185670684056495 2.6251680072264145 7.105618534966898 4.154452390064534 2.648635073091638 4.935835866471547 3.3844418451562133 10.257174250794854 6.58244215362442 1.7074634456221651 4.359367391650296 7.3240736341567025 9.254692316560432 3.4273080141449084 2.3230514832635007 3.4254672570737363 6.222392191102638 4.96994304842337 3.794960865424751 
8.424987824491552 6.12574513380415 2.4846214050885123 5.668631096175431 1.191735518523686 0.0 11.027259865204694 6.174841373840141 4.004948436468421 4.681338363077485 7.816699855906447 6.924893859371432 11.544784865692538 7.306994948928928 8.828399611716938 8.665063024197083 4.73959722507636 8.776661395337314 16.422005711228884 4.3040457303678545 5.4705081301195655 10.265462465051701 9.834031505860944 1.9779441961753679 7.7259730153174 7.683034403103095 9.752767723022114 6.3515448158898735 7.068705124325376 7.360900763377806 6.920704026911554 2.5703972382224354 6.566331398618393 6.653352418383075 3.1951028154672683 6.009604835226276 4.938160997224187 3.019090520941654 12.438691261819358 5.570004520510116 3.877610123861098 11.191338228918681 6.888082578954116 11.008687919038856 5.740445619333869 8.678345433186688 2.5781484387775984 5.730508925879706 8.540646162585556 3.106702438655411 3.0614327385965154 3.0300197203105013 10.932544807878543 6.88916490518131 1.0489872550756032 2.7180546209382 7.935303807545697 7.356407464609163 1.5928160385732746 2.5100142490801804 6.143928313467407 7.5454716829257915 3.245948847690848 3.037117467288847 
0.9374640410172974 5.815699595042565 17.04393645625839 7.208582374863443 7.9525033850149605 14.113156430810143 0.0 14.933429096361431 8.182207741788378 6.335387196702178 1.4774316740314455 5.700883113590481 9.444646308664394 5.507401171087714 12.17052912986666 3.0477692499349156 7.456386502176368 6.931886462994976 6.919856158165851 8.417712637227114 4.695773742633045 15.418753810637332 7.17970474401154 9.225695080912104 9.395548729463524 2.398249628407515 13.295191510841782 6.286225417483322 10.296520390619351 1.80460371290288 7.83175535266084 12.751955571086858 4.623424130215857 3.9618958920481115 8.283061331617517 14.023079394150278 16.046772015826434 5.776642903770483 7.245049865725946 8.404390940819097 16.945800676092592 3.6090777396296376 5.725406678311748 10.021109451990792 15.417480630313168 3.2541587176010647 12.600445552244045 11.219100625013368 5.771373179420311 7.9732308339746165 16.09694206297475 7.997777303630049 3.85549708862833 6.022831262077878 12.624739289223143 8.511243768410504 3.034601198193195 8.557696274930006 14.729527480180426 7.490924547675377 13.345822499066518 5.793674208229232 6.276622003299772 11.284019080513112 
19.228806540104884 6.1516731728310745 6.445530235852386 9.380229398008446 10.737169193057653 7.394716627838543 12.744564525134914 0.0 14.168941021962176 7.274597586193512 19.59563186830154 12.814706480227304 8.70390437726817 12.075645604451154 5.3760925631047956 13.133569332846271 12.705512400084299 10.873337849577325 11.966488946542533 10.145499771023326 7.227571183596581 2.6102727800791916 8.654407456959431 6.070723947582851 12.294536778930363 12.213053382490656 3.995227669090093 7.237371152457349 6.594593916272862 16.413104991356782 8.148838198427871 4.844402970823948 9.789002257737893 14.681790786172954 10.454869584421033 5.482878887373582 3.266024918199706 6.1852082950684055 14.551765381708918 3.958682719174246 3.389050197141914 11.054242671777548 14.25801761333152 6.902569551673961 3.86538786873915 14.069523723864709 9.582832627133172 15.64727581687259 8.050080998143049 5.239635520209318 6.7218731747960385 11.54792773795156 15.278306074288103 9.72588317389437 10.192701293195855 7.019109340491768 12.581671137206015 7.379345012122973 6.285744790559141 5.997360088980593 10.196980802496785 13.738852835293741 7.970065008914292 10.431693032926578 
7.803390171416897 11.123117032896026 5.954565258168481 7.059698378673825 5.184852972175432 3.6917153267860994 8.607119737665462 9.44555294300103 0.0 6.37836754490335 9.12599747262802 12.016096044192395 11.426426800177797 5.331451306431571 13.095987618349946 8.15676145581425 2.1365458461386524 12.175847962770325 12.881587581791305 4.899996638526421 5.875597778480941 15.370162920290756 15.303707597463406 7.232538745112629 3.149905064214354 11.006571147734142 8.864894631738615 11.623517323305533 15.045922276293295 12.00077004809398 7.075335471357426 4.527796623188592 3.86875004858872 8.462694966800472 5.29334906294647 13.358671117805574 10.04378416682151 4.748187833588959 9.261801098589526 6.624329310517089 10.296561978405045 6.924175753703256 7.222261313910741 13.756776031047302 12.905470592967259 8.20867806898836 0.7287568292438211 2.936617467498092 9.593832183009201 6.812875826970668 7.176565151300238 4.219533299542552 6.36044469561452 6.856519856258601 2.3827063216665474 8.708908000401522 5.830434289220436 9.78923505836551 5.152463800620385 6.560289640292458 1.5938064811965562 3.3281998206765855 8.02136873665371 2.328324714971866 
6.905059647362189 7.951129949493103 8.747782460226091 4.299677579765371 2.277537914338249 3.7905601222083094 6.58796486520012 8.887759725813908 3.8453013066025106 0.0 7.4087809772883 4.873310221912277 10.10970645901243 3.7022143122693647 4.306129825219079 5.021547007080469 6.952136006354722 6.671355584525326 12.937359036516582 0.4613066362982035 1.0541497138889964 7.300494441328302 7.719659771433361 1.5981108907391357 4.549807828794727 4.892971240856955 7.079602607556656 6.839979869099487 10.161301895750176 5.520521504995918 4.256428798864022 3.48924097144673 2.714464946054358 2.4984346030983704 1.6987810765724758 6.02914105704708 8.253198639495887 2.3040731157673218 6.431760234742004 6.760570057325911 6.069082408278762 6.592659622434034 2.2237937922564255 9.419075083248025 5.264417839568342 4.453422877943285 5.814895926778988 9.517272899419233 3.4814438266242846 4.726144217897817 4.589210437912341 1.1928406080804674 8.074062139748378 4.014075870160417 2.9864569273187787 3.072613173063297 9.149626161316176 4.743553560656302 6.888845641701023 3.518277106154718 7.241995599194341 2.769337708819706 1.3993431287303735 4.10037323999679 
2.5600210326060546 11.452440403924742 13.146814089834582 8.823678189454512 8.209082212148724 13.215484775432454 1.4525950454961483 17.616771957865286 10.00310664794729 6.373229955517176 0.0 7.690511140721657 8.078008949638594 4.148836486137101 12.803850971509826 4.086087568350154 9.880192028217197 7.860042843298065 5.817752637947857 8.249654780380915 5.806762582498823 17.276733422263852 9.277047803215073 6.7725266562001964 5.862486778507237 2.6534734626203016 12.151066107465713 11.759871823282428 12.579647807237135 3.1898859397169135 10.49806773614841 13.353122253785152 5.722270179115894 3.3888344392975385 7.970211991506002 10.221284934815992 13.130906482402798 8.684404945798214 7.6401020647719555 15.311876847997826 17.067228868238203 1.2001343661019959 5.712160721790106 7.496363549132753 16.612049438389434 6.177336134246634 11.955672079176558 14.812035616619298 3.71440118315018 13.678834031334095 15.264735860580078 8.439487075971464 3.5089838390379864 5.531978515818346 12.625276931791335 10.15184581090557 2.6409927691310475 8.872149476729971 7.98386314023136 10.349616267688425 10.777518276021205 5.608714560832363 7.363140793459341 15.49640417774773 
7.540598109997184 3.2712883994538595 14.585950826367029 1.7314076727859027 9.024639317591111 7.220576774896472 4.32514130252784 12.232195125452296 8.473630545209003 4.721803848105594 5.170157106380601 0.0 3.75315983014799 5.112106627072906 2.963335190287304 1.3037277990187148 11.88424039345888 2.3702704281568696 5.95137411177058 4.991456270103228 5.507972221795118 6.803321491698005 4.699919375602038 3.9597032960682697 9.45743829743595 3.62525959112466 5.756550996754427 4.637713206877378 4.290060888437917 3.444679478486024 3.3886085917537585 6.830437946379385 7.195918538788688 3.9082039970999225 5.366458731275274 7.918277090681455 10.643101501835336 3.500458843475375 2.0482195020455176 8.191374739286418 6.475219278891206 7.985823871449407 4.914464918434973 3.9785598455310636 8.07579336679618 2.118012093823408 8.276773399060085 8.295923269277955 3.112911023386366 7.301496649718699 10.990449144941982 4.581132969462659 8.553723148304881 2.4308250047805844 6.7171019621661054 7.024832284416998 8.066386968811798 0.9948031507093512 12.116951348347062 8.09141421587104 8.028272711581563 10.140205693796387 2.9110066620889237 9.091454892494124 
11.03359391983367 1.76405301917304 16.567041700992757 5.566061087313378 11.525392313240808 8.694882796368628 6.787922301358339 11.162189747891762 11.87945588295186 5.7479943981146295 11.657838688601304 2.653186221318862 0.0 9.331150679472255 3.3907006777266853 5.993127924037988 18.749849052793856 2.2907918940524854 2.4317195765998267 8.740640643893588 7.416041399254329 8.601106195351639 1.7542971746086988 10.259312174048615 8.831654285885996 5.671244994078096 3.6272417322744763 2.9537373769199675 1.2639695238563722 4.6496245771314175 3.8278403036110733 6.014875626324571 10.74633723493563 9.063602323702067 10.087037620022727 6.638787401372715 7.417462370521118 7.276697939485921 3.572032795597816 8.886739404198858 9.23621287077396 11.172934930337489 9.481349507659845 0.9414301609955704 6.112920046722838 7.289416699504024 16.396760618086038 13.783340842161094 5.99594020007453 8.617960847729936 9.169823396120233 5.258248316456646 12.359055302223146 5.924436306458699 12.520271788848145 6.993386160290299 15.847685359190642 3.520183298918125 13.228758414549157 7.202512772349758 9.774013611438086 11.7376437279169 7.050308832100461 15.395100459132438 
3.9180695105284777 10.59282183464662 12.494014019686837 7.7635953759686345 6.65415304873345 5.377903871952158 6.466726176567289 18.376017540103643 5.649174545487112 3.3063339614952536 3.0045781892127064 7.458675295903569 14.495318049846086 0.0 8.404680450410343 6.995134438410966 7.890815691230657 6.605439990843488 8.026471277206072 3.3534534987009614 3.8517645620962773 10.124605109000433 11.037275186120297 7.581377023823161 2.641494740405718 6.90580557547681 14.017806973433938 11.283058542964287 14.229308479843638 4.273000471023495 8.96359454288892 11.491842485592832 2.6907881558132414 4.3667452658726065 6.868389287429982 10.706369775275412 14.619561224563224 5.843816919841429 7.699142596590056 11.223915435580675 8.82135654842575 1.747162429813368 2.8110472931766743 7.204273452405523 14.996477834703471 5.661150880485854 5.300638777453834 7.621721419595925 5.27561544783925 10.399815108327124 9.875766797852386 4.722805326382787 1.313050538467413 5.362755045387497 9.076478242700937 10.164857843622798 3.353104558432147 9.592419311516714 7.775666720987112 11.540738018870195 6.001666684803629 1.84304234993763 6.435854618361656 6.011842481696635 
6.933624574307509 2.0376187981353744 6.714565786990347 2.7833910373146926 6.302336819787643 9.049065414495958 10.541213591389866 8.061701025146606 14.053570377967148 7.9164594784600855 11.945243986488904 4.109945214950269 4.871394530784685 8.819308025076902 0.0 4.456933959800063 9.749334405173293 2.116869941553431 7.340362353437109 6.984343830293055 6.792544966092595 3.8443755099298746 8.88110117178044 3.9027623011331585 10.098226910409934 5.47722992945455 3.1693121620729565 0.3034525109124954 2.4485672252461126 6.202835410583328 2.5350206682111214 3.4891929085087705 7.940517459356721 8.37939654728971 5.939713589699929 2.7782501482393744 4.245447687552129 5.605869075890513 4.821155600241905 5.6375282313059225 6.924426555366463 9.915315322139946 5.660626872485893 3.4660017205585305 3.1591280531726005 4.592024430523319 9.276033500403841 9.605392640613138 5.192299803171847 2.733369454132942 4.4298164028482185 6.417794523027231 9.97244017992834 5.3946456739477 6.126250556928719 5.211926599856348 11.774312260481697 3.5444709939508403 9.53812257712496 3.6214905938135336 11.109326865835328 12.28431143955235 3.1102410465002825 7.884965778016806 
5.451726004994672 4.668350317138154 13.687043117791792 2.678313460955735 6.59663377283379 7.805319652827594 5.383456446267708 11.759840296281954 8.868838650263669 5.711132022069277 6.532998988637907 1.3750735935220684 6.158252577354242 6.11901379693003 5.1456686888813765 0.0 10.979052167285111 3.048464141224217 6.660693254008015 3.9537318604577183 3.3742538242691906 6.958486252396565 6.379888742330606 6.267911276335312 11.065603312348157 2.135139384566307 7.445046952357421 4.887324326426449 7.004688461365005 1.394799272557161 3.8279595713347785 5.931497908972572 6.635157904572917 1.5483309735147406 3.9655712540147494 5.777521426798838 6.875387367924868 3.6654901360433256 2.6106495191045678 7.045608425844244 11.05791603776823 6.998104115639084 2.7809945911919702 5.585664072609423 6.41670911535745 0.7279755428274461 10.939426271731335 12.330779474826882 1.9623985539956392 5.65743402382578 11.450389383899733 4.757505815748279 8.914365491011104 1.8746757181712645 5.542100549428107 6.9946939798995595 6.996871744616154 2.7187496072181547 9.725401717493423 8.97851083208063 11.062713917831097 8.13915285513021 2.558037509078652 11.124920602065174 
9.606718157102147 9.831780323195671 8.408463970934775 7.465612439847768 7.149328846929718 5.743792830961466 11.901659457906852 10.723795642075775 1.9019403219681554 6.047275056820435 9.530172672172167 11.867310634238573 14.395404223294813 4.025311240393032 15.574634129900925 13.422670475124796 0.0 11.77153325734584 11.466926100892849 6.147321495309212 6.1576522145141785 12.80948839111708 18.499238969331124 6.769963036057641 2.144393631494 11.040139372867786 15.419801752489688 12.849309263910447 16.168798404904834 12.824530545685448 9.701656619386931 6.767146952182736 5.1711833458019045 7.796756613602997 4.321130541492031 14.173460773313696 14.609360099921812 7.39795139409431 17.193098844427965 13.776338620547103 12.204473494770886 10.629648336726119 7.109354190149858 17.395454026199747 11.209674599260445 8.511928842079376 3.5710626425858862 2.5623657905722133 6.311523536301198 7.909255638172198 6.486637536364193 6.03165436323197 7.762373428577003 7.969956475729545 5.492294680292671 7.61876741526574 7.069720335496524 7.858132989081736 4.71999381786002 9.8270707901025 0.43499685190184423 4.6358433122179985 6.255982393373907 4.021544113945575 
9.542818456792773 0.32087084229631746 10.789538145632251 4.144292798879154 8.264597385313762 9.487331212058205 7.6199417321115845 9.159170093507445 14.486011705080214 5.56122129668241 11.90687925344975 2.360653193898899 1.7964446804897047 8.8197532453949 2.461837824432747 3.779543403622016 15.547890605502687 0.0 6.140498257580187 6.203135038775214 5.207309250675292 4.284647096042064 6.1342873870151315 4.576408733173491 10.133539482567196 7.108488042981312 3.136260147905081 1.668575867471639 2.254497573369152 5.916191656483916 2.0941581574952277 6.369633480401615 7.413998640861126 4.079777452572864 5.365462019202686 4.118867214649416 10.362556676390845 7.304309114668371 3.967599510815847 8.245991915483508 6.98207282185254 10.671637510403961 5.698621296963653 1.0987725632882155 6.258272689307959 4.007383616084134 7.4045030357724615 16.319509889794578 6.2395592128889135 7.125176912807216 6.9737694248377755 6.609760579236985 13.71962518985757 4.715719873366678 8.79162221380711 7.450939536499941 11.03532999335395 1.2408892433528715 8.846556031496082 7.806969261049527 10.710886114272451 10.028042260743963 4.455376123908873 12.603857908446852 
6.730420357474951 4.7732991205295985 19.472417502487936 6.2742534038678786 9.194283766389159 15.229098100341298 6.415246090373043 10.967631520514107 18.450456193593403 7.042056496293407 8.081708191985253 4.761518875201755 4.5089176184331805 11.037241580358511 5.651395449635174 6.07675872262711 18.869493769904437 4.6350226287004554 0.0 9.447644190773332 6.513198583415628 11.931079778671883 2.3886294950755707 11.964832221274595 15.783970668061187 5.893938522679321 10.717184455684674 4.967137290821163 5.016801464903666 5.683991677081359 7.655674084936361 12.86250752989466 11.234076239799721 8.118561221822427 7.887717835586649 9.697505779026642 9.204365341235164 11.474788710420562 2.59814528540302 14.047944828915623 13.315721140195532 10.801566529878734 11.260786223021714 5.493901141472664 9.108863423451794 4.0102838283505085 14.518295121594711 11.908823020961364 6.647044002700236 7.574847415023145 10.076123508608667 8.128617497712868 10.69610327701222 5.7436029125097505 15.422421436220896 13.42239528730726 7.697374149250876 6.068054534735145 11.38771824479475 7.726725754843599 15.656011333428518 9.276438453315674 9.278126862422758 11.146975821691198 
7.051379703423817 6.7388159800960175 5.071717610715072 1.9705016487667957 3.0582559905161606 4.903584520759015 8.6094543108083 8.868600563007497 4.575714395569961 0.5402531530154976 5.5429911797942335 6.030732159185682 10.325705122901462 5.398256114664996 5.108453920297473 4.582276115894932 4.4242774709436015 4.665123554287798 6.983537638356067 0.0 0.553438962433294 10.262101071134417 7.097673788892506 1.397750391575879 5.28757956295027 6.7304981450871875 6.564422646887253 7.40762768943374 7.966192152953333 5.312979183177043 3.685872413733584 5.632275776575089 3.9384226794089936 2.757081434505789 1.3155917574005023 8.195856260313473 7.842625090762111 2.1818196549239413 6.170336656198319 5.389078098014668 6.482083461806763 5.041514361646124 1.6994064556930626 9.119562861123512 6.65363082839829 4.685027921554183 6.977804352247201 8.677251427111193 2.128360351677142 3.174272881314636 6.853557581556431 0.3898822439450767 6.0017241624721205 2.964311631359796 5.196028811715013 3.7221463448022623 9.294650720170718 3.2388242933000932 4.201155750113524 3.955223255148261 7.629981378110941 3.1679483109432374 1.1189243476964108 6.866227325210001 
4.894492730752487 5.278866162977575 7.824973775091294 2.5698716514935396 3.861976456175987 4.319698679185152 5.02669678397566 7.593936343727203 7.4304743525888695 0.9736964645967743 5.121386101748575 4.036741339332286 6.7378358669043275 3.245855751955274 5.103402820098204 4.265449765165894 7.936253306024294 4.1058662076352475 8.134125699779283 0.7412293920418553 0.0 6.862285286382241 8.260992931629183 2.5658097943231937 4.619574852579289 4.618442183439439 7.234905750944898 6.0229689598133325 6.2773676682544535 5.57850033220457 3.6088684566556393 3.8046032121657114 3.9286599912907896 2.1327195069742166 1.8328411281519343 8.77910127749603 9.494387454220597 2.4776019741216455 6.86027092672957 5.33681062073238 10.457618815185516 6.441179118610965 1.839282920150934 8.785356430577792 8.101047762277796 3.3698290282513867 4.247551995119192 6.668740228799714 2.4928290107137583 6.236131696611601 4.5511542475226 0.49590942752796097 5.202803139441416 2.2032841140043318 4.546912937927766 4.886397392264947 8.38590714538629 4.52045998112229 6.070081745637388 5.659979737450219 4.368130297436599 3.2136108077106766 1.3590683028126262 5.991426111822918 
16.16244564132641 3.6420949599862324 7.182668974009356 8.591195931885501 11.17585540321749 5.932477063076294 16.382319782485744 2.7194788036186863 10.562727837358214 8.632968246388442 12.9588137256011 9.846564228622777 6.466948493595417 17.041985987084225 3.2012394239114106 11.486059020072528 17.89412459997024 5.795982356899489 10.821053185776078 9.00164515176544 7.260474157754512 0.0 8.08521538881412 7.06333979470665 12.792065729990725 8.25376249632773 1.9018246146032167 3.2601548261443773 6.147017455514938 7.893763614404852 5.433867267743664 4.290666177317108 8.317794334930182 8.68953252522337 8.88937347512616 1.5562784543582024 5.533514683201951 5.732046684992764 8.39305573508826 4.544689725366053 5.140883629768648 12.081606482758184 10.098165812140289 7.683328928311748 3.0705353452234445 8.537267215879039 10.719673609111101 16.77619151605684 10.769705605583969 3.845084499672798 6.743258400962164 10.591811355694018 13.663100053654638 8.448813673606395 11.903330676463558 4.5018772001874625 16.246541719268553 9.285447957162203 9.300765710596309 5.5840639838487345 15.521427608871438 14.27031237277516 6.5984561691414525 8.560888340658085 
8.254702371012003 5.0116232148848425 13.525375480256145 5.899374206953751 14.069097599783106 12.138754242245035 7.646863356989703 14.31310005989184 14.0419693935911 13.877186118314333 12.19560810500797 4.747723718406699 2.9796535336961867 16.032650986422794 4.8256072046765075 7.477373127475593 20.216203810424968 4.853557647816196 2.001265573067882 9.561756958488651 10.847813358387246 8.533648307074117 0.0 7.650896966362966 16.562065394102042 5.659902820770922 10.301107274732797 7.474308339899738 3.057833878222643 6.072642325264344 8.443787158368288 9.511131715391777 14.337326086649776 7.261288445310134 14.14647380764947 5.4145001772977395 16.533217372898584 11.911060071570919 3.542388135624323 14.268679447408484 16.59044915697812 13.126868559356222 10.315133726075716 3.1457364175872127 9.068505495578409 6.332444234629875 14.784945581591717 13.83594719158192 9.992944936158619 11.398780003512172 12.024843295583338 7.148825929203465 10.282633841977916 7.6740197322032735 11.195847973312263 12.40919409702273 12.952504379478354 5.762999354891021 17.98701156130369 11.932813200673742 13.321555402513045 11.903512686808925 9.665226542121049 20.168901663793037 
11.306060364855549 6.250806804930722 7.961525511355293 2.4686992414584297 1.7890597000340236 2.9516313560004734 7.841008878760664 8.506732882952706 6.131979991333012 1.2095844241920535 9.817645913459865 5.509344195586923 6.3669504958876395 5.84247579600607 6.8820788858419135 5.2664227138265245 5.89414035933812 6.096246651059725 11.360962498250098 1.5792476231298402 1.8493799599132767 9.138107861687303 10.062523521782518 0.0 6.7825559720579065 7.179167132205873 5.324237184128673 5.291119717793983 9.242813806726023 7.7792873808675544 3.256426946477274 4.154876418643385 4.769041665205101 5.740193469498481 0.7073823593776954 7.534902250083572 5.37437590033816 0.48293255200882523 7.452910037164701 4.865901613418396 5.191249731831214 5.858726371987588 3.951857365916042 5.725681480762687 7.2108204599352925 4.99760657310708 6.154083396355416 8.434793432429828 2.9512432349146613 3.2083533807460674 3.863334886149799 1.1379425525865328 5.484514491031582 2.3259069370152092 2.511660750978924 2.19016336898115 7.228582800907786 3.7541963170931325 5.778403250996746 3.3211352377203296 4.738426345493434 6.114984882339993 1.5135666347727608 6.1800487292013155 
6.95287700387102 11.774870766345419 9.45455776151622 8.243888423003845 3.853931462417192 5.074698778232921 6.071799450058736 10.947357818871147 2.2915560290542873 5.531136098541062 7.849409779647718 6.921087232408882 15.527210659483458 3.887761714866139 7.783237063360466 7.33170348128193 2.6030714660699656 8.712011397623348 15.458933923939558 5.764472361398468 6.339834293923593 12.078955241148336 10.192653613565062 5.808517887563282 0.0 10.940297670838376 10.053989408210924 8.105087730697472 11.355943794279202 10.82005955462704 6.716122049918792 6.619295970125661 2.74223446686758 5.390561558086144 6.958722010776482 15.444870888196107 14.768764492005765 4.382875001057512 8.215749765672232 8.87483182842694 8.620037972925873 4.1469203972648065 5.19709772014712 12.960925217171614 7.58102902949029 6.950316371008233 3.5624731454682 4.146318844800336 4.962691721020319 6.738302539335093 9.928589495089028 5.652787479549337 5.337435715297083 9.490408110833593 6.531171818858027 6.121551772206474 4.5718283087765785 6.959675511619768 4.997750565827084 8.874928626786252 1.9318468257668107 0.9292666695472764 6.832928487596096 6.96301006087744 
4.3996228382053255 5.953754614723391 9.28152553205515 4.574834953795669 7.953169648552715 9.67965690992832 2.2092816511171978 11.218281341832123 11.56352704377683 5.499054983994963 3.7738942578059937 4.07345952324457 7.4190222179218885 4.457033450574247 8.249325788153829 2.4664086929533866 11.008685579967237 7.244269637896014 5.143126302565935 5.613628681867066 4.426933138363729 12.4744967759365 5.382625415436365 6.709135815604588 6.715573564272624 0.0 12.626858598408504 9.107178021244835 6.430832968350334 0.29283935427685553 7.660234795140864 9.500913350486476 4.754804274887268 3.443743906944844 7.2659643906428 11.865749850147289 9.629787838508857 9.464285855432054 2.3516741091232105 13.469674395997034 11.846372796675002 6.458660917220154 3.6464164060195605 4.472231825937 11.240821626007504 2.5008329414562356 12.91555430802357 15.72015674286116 3.4608758701322975 7.636998742466373 11.58302553771425 5.2668343348818745 6.795701507453343 5.385344630190042 11.848909631616653 8.345752933601581 7.992622520037812 3.324969331997614 11.347363174293088 11.660255948950873 11.653148008711208 6.97432375196629 5.240140856559389 14.631082527037206 
15.956844307846787 3.4686004076200527 10.59390768343615 7.0908816419197835 6.895315960867927 6.7065940415666185 14.316663361642169 4.559151456458537 10.074596962746883 9.7876710092966 15.369620709560653 6.351167901710262 4.04774984898612 15.260434654800996 1.991415096011239 8.64632951247351 12.991395992445153 5.3558082346307145 9.957834019834973 8.02775991119518 10.010220604016375 1.2879158087165028 9.274226232388244 8.31215085400257 10.55899007841867 7.444974937871139 0.0 2.3461931201699686 3.8467564755071 8.369696087712754 5.297395267982239 4.7362880810877535 11.350719454966683 9.730170579372189 6.945886718810927 0.4874076072591407 5.404840811886062 7.409069490254468 6.134102003672251 4.858091539649916 5.220255686905524 14.530869295477665 9.392779666739813 3.9358559612443664 2.461008808979528 10.044609532427955 8.549031274931584 12.003295670809845 7.994092571036808 5.469775877338064 4.818934337153284 5.435084758218685 16.521774336362647 4.787704934422332 9.896248875706945 6.48120761157261 16.913715968390054 6.645299700908383 11.975147410291425 7.30793014989209 14.759325547103536 16.132176188220107 4.9261858911834375 13.904032662003393 
10.382114431542327 1.6020909974094466 11.556633640402222 3.090621511429123 5.2681858544854885 5.721867774285408 11.799845420638515 5.851257443898369 7.535513783602783 6.471163821176916 12.182060004051158 3.205235017558854 3.9464828919246333 9.753867422677148 0.22077234839389226 4.905967387701493 12.11616667718889 2.2999487327808943 9.172859280487032 4.060486873539033 6.920937526011082 4.091406389263307 7.682357431504594 6.817092306353843 13.15975653678848 5.974977408733598 2.5138568946231805 0.0 2.306833634749723 8.61777348537877 2.6200733302522625 6.849631027009164 10.630716689029697 4.398448710683671 7.148534346172377 2.372525975358316 6.359447255083471 5.047735101745867 5.378800031298528 4.451087356162413 6.655188262610903 14.062945953199321 5.332848571382309 2.7343562174627696 5.02744978396109 5.375690412689911 9.857405356203381 16.117219939380924 7.618272054337512 5.083215395228644 5.186051584026293 6.401746707447662 8.385062547227824 3.51925691315449 6.580937469202083 3.398704415776886 11.18621821519192 3.2668252748831854 8.759517958262435 3.7233869068252616 13.724267936744777 7.332861768364846 5.92073918328717 12.870506413402794 
10.566626418640165 1.151443875130623 8.865490808212343 5.490310620522186 8.466036997223439 11.951133263090435 11.39116584403283 10.501803014700766 14.692014816957407 10.682999176293249 8.076292130298159 5.233226779698439 1.8912757113403753 7.668348133154236 2.219388523506361 4.343239635531868 12.489986611559408 2.2756317066274305 6.448249010870608 5.858640929535727 5.683313606488338 7.175589834541657 4.537165799453055 7.027637906993505 10.862895965724919 5.931405883830316 2.810542146380211 3.05507390282259 0.0 5.419546985641653 4.57056420191697 9.986230584868865 10.8402897144307 7.731029093179597 8.219675423278499 2.7814697333917513 8.50241679274724 5.2909459939746295 4.269110300806902 5.515217038864768 6.1967969334363655 14.797659167686163 9.206287421256583 0.7456711047462651 6.391729524991884 5.654263327732407 10.26808312376179 17.203340677573625 5.210190111462786 5.745267420111557 5.961187143580203 7.798711866775463 16.71861079522423 4.769144851654542 7.191883508966137 7.333575417098299 12.384302338626384 2.295388568276419 13.445293734605954 5.191233483803412 10.623817867913054 9.066710005660568 7.997675085984412 8.50550214044335 
3.8513717529272022 6.805070371224261 12.33698920788725 4.205775121236934 8.380477973003712 12.577072425061262 2.9489993859780244 15.652830344808265 11.306095468554062 4.78444316877634 4.6232249409224835 3.4615983278775184 4.032986054985145 6.062270411341078 7.215124543770127 1.9349422291618594 9.419432035069406 6.978896554318393 3.7561991982692016 7.343441307892833 6.510215688575405 13.933275568582808 4.513878243342962 6.091715655818051 11.448271745909722 0.3847692069147691 12.566153319978396 5.327948789996267 8.917487828540283 0.0 7.043587688846161 12.133075261438332 8.049107672031873 1.7634766715205923 5.196029741486046 12.738001151758874 14.389908579025946 7.594279831027118 3.8235526042554095 13.266145478487875 11.590078166346931 5.211287164383694 4.028622188121772 4.644234331568107 11.943397809314604 2.0133722710664044 7.156671592245685 14.770546963674152 2.081110273609838 8.605381196442307 9.855509041363888 7.146125979590714 7.527042464489758 2.7839178993136624 10.901739206188783 10.542209212705256 7.481335672863462 5.123974916283922 10.760433126163582 11.122150989690976 8.005268647360932 5.321208076011271 6.3907833543269135 13.504248868723934 
9.165478340203647 2.356188240557847 10.121351932828482 1.6504354936247214 3.489091092022081 5.7422297107321585 7.703509407059032 8.605372749553542 11.033412477673455 4.726783750632133 7.715651951198868 3.38753846215623 4.037592000663934 5.576327243839146 1.8630422540661882 3.893503405515041 8.715819389936627 2.987370528310077 5.72247766846376 3.045152019528086 2.809087411190288 4.945743552955348 5.415551664136211 3.1367645955400945 11.413585775847405 4.506311831171935 3.863741383550079 1.5429503101852438 3.84315942586636 4.007492127211786 0.0 5.988691530278776 8.394650752852083 5.37515018487032 4.7189647090373725 5.692121042031917 6.223835545165946 2.205989585420007 5.609287514562887 5.742708311129304 8.223374110857039 10.267919194594715 6.4501467921206 5.165745274553375 4.712443934172654 4.917921708797982 9.268159411282703 9.31023957052035 4.338385094619085 3.716845709661807 5.364008891429345 4.019453199416111 8.908839796907893 2.4773849858551724 5.269608410963937 3.5094878664989544 8.000515975113412 1.8565194759770183 6.926237391864886 3.4945812980341886 6.719545165746127 7.115684325824598 2.326394208142055 6.767508408473232 
9.661071916168629 5.301847873804018 4.580598777663585 4.044190947704008 3.71408575005283 2.054690203794593 8.447818141598512 4.870815250730869 6.707865995059031 4.451634710842501 8.474347198419066 6.52849582424885 11.171785513939515 6.864314824035382 6.365175230757534 5.939231544653235 7.1141894308088975 8.995579655435591 8.357252253751412 4.31290563229402 3.7185137620413675 7.225710690455688 11.306143145820094 3.3888180135570725 8.02970909333752 9.383870932378176 5.264581162968185 4.17789552499861 9.252564768832418 8.19677635194015 4.422524418894218 0.0 7.347588880729097 9.217691142144314 3.844082404279764 5.574129992957902 3.5969057316520043 2.2876831412014793 10.42717263341801 1.6742228627060471 4.424455549842959 8.89294427344135 8.144053627426658 5.711196673475209 2.2933164857537407 7.42533718478327 5.136645206896871 8.308411198864517 8.600894383376435 1.163390281744538 1.058908737580721 3.458665946084957 13.136279191248825 4.2127731843753615 2.6346149463381234 1.0464721737328104 7.800929288702275 7.148530358571197 2.405545250583693 0.5761104467678072 7.710158288947714 8.58332730476776 3.43946378982957 5.226426512749394 
6.999379350152514 9.442140159620283 6.497518107288043 5.388011158449428 4.960924814670801 6.684531069639591 5.740657943479654 8.785155725750355 3.4225634706805823 3.1236763497368636 6.764656565931358 7.214291948339711 9.414398501109243 3.130522487406812 7.318105896535682 6.686100626238267 4.97944570142764 8.851643413706288 10.246266797075869 3.906429489654605 3.7158943326969034 14.286947849906221 8.477399282925827 5.013236947741985 2.1956618196218574 8.500220307332341 9.799081001927268 9.764868856390633 12.336664102164594 4.464844348465564 6.771873988124356 7.757178377751851 0.0 4.06017827720083 2.693010491650223 13.539154226960363 7.616818390854256 5.111122601503201 10.884401294628287 11.43558144475785 13.426840710244438 3.119160303898064 2.685385516164377 9.604329550537688 11.55280521755239 6.448425571424457 4.815571582480221 8.124594142317386 4.406462422415386 8.315415009581468 6.753803158528103 2.438640576989736 4.599179624248667 3.5442433375691613 5.011811511768561 4.760631764887797 4.823211697821535 4.939484179755267 4.899041794545038 4.967021329129715 4.790230202563524 1.6056664968922636 4.715098890178338 5.136440208701593 
4.663385757965171 5.340345532240091 9.115047042372225 3.475470748919048 5.170687943178583 7.130198746115919 4.786429062646106 15.565152672868582 9.24196235582936 3.03878878657508 4.790069854224088 3.4795230028553585 6.032548272257932 4.182969636346628 6.864818205581105 1.748899411388524 10.755382153653525 4.923411933844116 5.869751168497386 3.485435654195472 3.236079517364262 10.257497453235597 7.097759518983 3.5068136241726355 4.591002682768092 3.1225787608862117 7.849389358514664 7.5151580530464415 8.049262046969586 2.312543313891112 5.125020740334919 5.082896260017451 4.711220647868108 0.0 5.699125153266458 8.813763974605711 8.550403763657913 4.616944391034916 5.5135298308411 7.725792523095263 12.394861026321696 4.106406101751833 2.7392962706927424 4.928674136682127 9.002271732352755 1.4072062987592857 7.079647725630984 7.18241893291357 0.5033573624391914 8.830619607228208 10.39607412859528 2.4245527490568644 4.853097207896244 1.98932090149982 8.80988134680745 5.679057489893757 4.313275461568618 4.066719536673791 10.402933383505912 7.1068982518288895 7.653822886072572 6.853880747773213 3.363596900632932 7.294781104106988 
10.516151796229263 8.665813024955604 7.060241574966332 2.630395795267225 1.401066558267643 2.2279830082493666 8.907056500919019 8.155642708739686 4.400443138259341 1.7179678534388736 7.04359759321391 7.480936019652086 7.899962312799077 5.530871321285009 5.62484696212157 4.265496898181151 7.824530647708277 6.695503728957478 11.279811047368895 1.6875463782172613 1.780261626495916 6.400016756645969 8.979540961717843 0.7804375964141693 4.326887192206579 6.735162619550577 6.362095806166349 7.70812857640847 10.71908058421026 5.171318373611151 2.762037392594492 2.449664680279375 3.7554732308661416 4.018895784872982 0.0 8.169700333041412 7.832835518651157 0.7828912669459042 7.326574819014763 5.236843301969423 8.633952164157488 8.352051396537187 4.599316670156719 8.064761393563693 5.7007273674916235 6.0722860589189125 4.830574315598848 8.667287997977615 4.422290691719253 4.128116724630329 4.0626921479591545 1.429565926178139 8.014565812564925 4.200638137354999 3.3916954965413018 2.4820394847462914 5.742432218425802 4.513117319909612 3.9804241813767276 1.8989130418922873 7.277797967037064 5.4895022186111255 2.9845830225782213 3.591461511510101 
14.225432176639018 2.592321394212662 8.73262720117449 4.4254605235467555 8.867804485816096 6.252298594608897 11.086789394870413 5.240264337209956 14.986632051647065 9.637676734774942 16.78939926034489 6.698529638762491 4.498570137863739 13.56727192311817 3.198238295425692 7.460105436399131 18.435037127100415 4.990226142174647 5.851109370294362 8.188825557212029 5.750756008423559 2.7595563953480013 6.591851358243942 6.360367389587689 10.616813378087286 6.6293427540602945 0.5921931574286565 2.355807315051952 4.2866325013319955 9.276369478781271 4.618990852993232 6.426041776587585 9.529181802537654 11.633585294843662 10.655136183513232 0.0 4.054752782439374 7.500072894275212 6.580024222137299 3.1857171594464564 6.526144296658964 16.90357801916995 8.495409033579083 4.378609795036764 4.78026460185784 6.968248482915785 11.487435702526124 10.919413357414928 6.196223422467301 5.766401300266402 8.690676196111797 7.191688427016212 15.899207403094461 4.552687152658209 8.786667637170174 4.443643848311966 13.068279905285557 6.854499982605964 7.458319756384302 7.560551310489658 17.210158272602136 10.684199047560348 6.725008111443435 14.278500520109928 
10.387765699569583 8.543262627798482 5.247055116259921 8.700357687740084 4.518349101287198 6.60852270535737 17.65595854818669 2.2442964195994395 7.075345556051103 6.332340560466511 11.177205785958831 6.815615555408824 13.017605107936319 15.051755485075224 4.1846757482735955 12.705147770857707 13.253954377524348 8.852246059085278 15.95886978188668 7.096044005302334 9.707527991590226 4.182484624471344 14.388700992606028 4.945029028816372 7.84392363523727 12.338664043356843 5.342047555606706 5.956524319056884 6.837393381114504 13.99176452176854 8.276052671825347 2.618764046323262 11.533926171809732 10.002615889106782 4.645124495812637 6.413519772677412 0.0 6.903946892343921 13.956469291466036 1.7808216215024095 0.0 15.642338136724351 8.55886441974678 7.7097719147657395 1.951192475420685 12.23032774924433 9.80911417807313 7.942599501171835 12.989583119680361 4.297584895506825 2.2914141261594256 7.205876113847865 18.480106456529008 6.188561807063218 5.736014112400358 3.231088991001874 15.220471416794627 10.51982880015577 5.359236842573534 4.801779063548671 13.175918077946903 11.142893561699294 9.055812127952777 8.021658983395184 
6.878404969909362 4.661330885647515 6.073359288726371 3.944100572473971 2.367931222429337 2.8573165840895003 7.6586610245524245 8.947366415747014 7.340187049382015 1.7830506363069283 7.140795667892679 3.998599250225417 7.606339391836276 8.704103759640287 3.526389065432469 6.106536197388213 6.3310787074768085 5.50095204116615 13.182729685909116 1.347395272124609 2.508090371810961 8.178761767963964 7.088538292919045 0.5500661929998815 4.854013901517876 5.117637395772142 7.030194624729605 4.453553939812647 9.696839272447583 7.887430611929842 2.7030036252907044 2.2179429695134827 4.623431851650556 5.899358470586173 0.999912782599202 7.4094660899412315 4.3543227242846765 0.0 8.423612316852765 4.123832750516414 4.32339278123758 5.687791409099617 4.615953731051457 7.3835211490226715 3.895086657797488 5.256686103631671 4.271735760198044 5.057091878601795 2.986176264623219 3.198825711792539 3.1856864148761384 1.9928564987073933 10.391572562622127 2.3290814752148856 3.604628742832216 2.081071594673014 9.904142887716487 5.705583254212442 4.458524542601564 2.091427166567013 7.517499178295993 7.119022709082797 1.9391409015162617 5.218137651177798 
4.8990929246764585 3.0933795610745127 17.457180891198774 5.552203156123624 9.22902453799492 11.814891948704751 5.9780012814279715 14.03419960234637 12.119279078103498 6.477226473667647 6.231039173975644 3.0379512663499333 3.8004354746684825 7.772071762542286 5.019249616757875 2.612683297132104 11.517285736014482 4.858009235456995 1.9526823800632718 6.165548583618797 8.777034849938438 10.438970912609175 3.6232578535344935 5.632406896294883 14.768188187894681 2.477444177056256 6.060096698837336 4.623497812538568 3.0604671964564725 3.341855542277554 4.875612271501643 7.834749632162738 11.221349926734534 5.628118597584656 7.749508268071098 6.6830193050641284 13.044117747862018 8.930465039809445 0.0 9.272886366006823 15.347924345464623 6.569229320516838 8.319306851933357 4.444221535920713 11.883347728756094 3.2854309975277745 9.364874902721258 10.662623014029196 3.6611405961501013 10.545189723846347 13.943739489035018 6.821578613377702 11.459712349305745 3.680829322773256 12.795694261363195 7.090418294868413 12.40184959669191 2.2554669820786613 14.263036559848077 9.478082416708775 15.622643022398451 11.671056346702969 6.616738362777051 16.739105700832447 
9.882798333251447 4.928324413831447 6.979348644703997 6.936744393552428 4.374972164996584 5.079039154677525 9.986277112178254 4.368410940511451 6.918228182381335 6.822985638419837 8.589460224010665 6.41295008896031 5.714306114995918 13.474865932844146 4.971463471014713 6.36882133364642 10.455901069075452 7.601548553930513 13.394638843533812 5.732161772108878 6.0748705866976485 2.9765113194386488 11.41203359337112 4.937752427904372 7.494500587252476 7.612905352726738 3.827024871932264 3.8235995456206684 8.637411339137671 9.361147569833216 4.372646705812592 1.7061937937357186 8.94772284612823 11.108742747086541 4.90896036673921 3.7551667689538117 1.7736665840351415 5.328316991522958 9.698953495716246 0.0 1.9299801846282243 8.519308219178017 9.4601282449681 6.960182961500723 1.1472306527132656 6.552095851793866 5.637571729748309 11.465622838368104 6.194020099031047 1.5723889276769323 2.291583153883318 6.06011828070541 10.720805451629637 4.720694753331289 5.783828677154763 2.381340026313898 11.754525940195977 7.825753677565036 5.0718830160849855 2.941345136790207 13.272801231390542 13.011173184453082 4.271234218481419 5.441571829347465 
19.73315665297291 6.92722179734184 4.7138876150669375 5.568833230787894 7.341546655877583 6.660056293946887 12.256085536127685 3.662169215142221 8.870492680864963 6.30829756954855 10.837172612488173 8.30605417189987 9.11861493651025 10.330876818778101 7.190376979897202 8.930024144704097 11.645797840549216 6.016800339258873 13.509357878270476 6.002939273982469 9.344951029246658 3.42610215610918 11.903418307024179 6.745317015709106 9.516526042154752 8.523152594701177 4.622101934928407 4.376075468789608 7.899952735733913 10.801894463295177 4.625988352906189 3.870930039554537 12.19375356091123 9.369140937047447 6.03098606732581 5.599760208553141 0.0 6.789889580847509 11.332991459723631 2.33050096205075 0.0 12.289933506577416 7.826401511276338 8.670725240772482 2.155901587652786 7.800447949410339 7.5279892038800424 11.332954413579552 9.739967536770337 4.351952014740061 2.12286078847966 7.127823442481297 16.14499392271001 8.835107215619356 7.760268884043727 3.1089568169838837 18.420578388292412 9.135265929135382 4.4970367565542055 3.6881509127082843 14.05412207204158 10.941535317443169 6.131472291883359 7.8116211948552055 
3.334409695366023 9.44447903536128 16.310564720377762 9.250085746111024 7.197987058523539 10.871896743804808 4.222145236624868 19.33313973483881 10.936078848541568 7.66403703537951 1.2489192253111192 7.091478823792356 7.917870219852194 2.5457532133390366 11.111151406899715 7.415408261154294 8.24191115384206 10.309742376898901 7.558583493002428 4.202824322784344 5.457459122834911 14.418547910914 12.769487979222763 7.078146478370597 6.391102899716379 5.7488735352686735 9.484734932983223 12.172677270857175 11.163208979354073 4.170243420521788 9.892840323750406 7.552307921709233 5.911426175153845 5.54253312638648 9.050767589216028 10.409892754349515 10.209479647290099 5.494275653802797 8.996061472817388 10.696083527524996 15.05360320069947 0.0 4.00745405756076 10.179239103722887 9.090829612588696 4.6229609594712 11.58627022589411 7.8193554988694265 6.0305103646609055 8.691778916135226 8.374691021517068 6.55763192687528 1.77007787257641 6.024596964446728 8.571177331255925 11.082195114923003 1.1767699004645977 7.3947843677157685 13.405296984691311 13.248690852278656 7.34957307953702 4.447161948203035 7.728176893896563 12.53327253696713 
5.427329080364139 5.484123901789928 9.047793684782233 4.205155457315145 4.059262924649055 7.27248591748484 4.992360937462817 15.550720862841235 5.437828261616642 1.3136264178433388 5.1624283944545315 4.96805411624123 8.420678068566891 2.0850594526951314 8.722209573963806 4.271259640696911 4.841108626656562 4.712819155984049 11.293625753433851 1.5244396745962843 1.254889692636382 9.906371604356973 9.704363966670375 3.7103415651864973 4.960788457240886 6.398107471373105 8.039319633082554 9.116036624026721 8.207683888999004 3.794105476412459 5.303568092614321 7.210796959723146 2.3909534654603477 1.5362607762977838 4.044663990511593 7.723474043108852 8.883872849378829 2.7999629891057087 5.814098013869519 6.45986590475493 11.897813590886743 3.7371012536675967 0.0 7.467395826032165 6.660144985276522 2.975328718183734 5.599155196578238 8.350517094095672 1.676872568436711 8.967887155611784 9.792328761403724 3.1779553811164503 5.318444670015907 3.0792839393857854 4.9679563736180645 4.369414353973662 4.570588069717617 6.498993147925248 5.994451428482192 7.614006084122463 5.902005325810506 2.747299296966032 2.8494680579514418 9.29355014603096 
9.744079705545056 1.4485709031749427 14.36703722718709 4.787659078394199 7.599075375620024 10.18367088259037 9.59342851241815 8.42880689621001 13.898256107774127 8.076972967603082 7.636612583860259 2.854080188327931 1.0950469732079327 10.229121563336875 3.943202782025448 3.2640421948393765 13.097705371569178 1.194199604859245 3.111439003600717 8.445414858353322 5.111883245200531 5.041163466016025 4.339491372871691 8.157385763133291 14.798122338915192 4.321127910555751 4.007609297027551 3.467941703570248 0.9367163844393085 7.8334375915585195 2.744074435935953 8.172096672424434 11.260931521158655 8.058605830266117 10.573973675438857 4.9110167366216215 10.48358835154268 8.951491306509233 3.4804420579746003 6.074899545135513 8.589977449258196 7.796154249505156 5.933991766841841 0.0 8.520875468098051 4.831133459029659 15.47149501570686 17.972926554668632 5.887866557716006 4.929082849156854 8.18946011751202 6.009946905286759 10.112605417187662 4.666260252739227 12.171234121107794 7.033786473000694 11.687617286515326 3.1221090788379264 9.500597462122856 9.419826664580246 13.685365618126077 7.901331663504808 6.880148732641084 13.336140039287326 
14.10331362510927 7.075494409330961 7.597072193998901 4.416166779545991 6.813454644806098 7.3096131385121765 13.605088983474404 3.8759770334491828 11.450330264590566 8.492790795115578 14.803982898041596 7.10497613076481 8.905708696993443 9.938992565086881 2.629649245414947 6.94336302931028 11.504324282280793 4.1391062396872345 13.145592112165822 7.082386898966575 7.822378910079584 1.8018581964486815 9.182745355000002 5.223616290796896 7.533769987561852 11.83357978118163 2.8359521863308506 3.1518592893745065 6.844631218942863 10.997903610742508 5.503341818139985 4.160110949164605 6.955116463312891 7.482631670208439 4.028479027322525 3.484040297230824 1.9929133303993303 6.577774156824233 7.321861508941421 0.9310868329078316 2.3524881183154736 14.423593108810586 11.242440702201854 4.633161838843732 0.0 8.238833644023012 8.649831391042078 9.109912375483711 8.00038597870831 2.909895445416019 3.8596465662369965 6.076546950864458 14.25825451151643 4.871035848503432 7.8756235806982975 3.490929885377447 10.06446301201123 7.190031697848206 7.111454378837141 3.720008824091222 11.729072956838008 7.709475179276668 5.828795206242446 7.576379744238759 
4.244530212342202 4.253701884890132 9.49510354513366 2.474936962930438 4.5201420771976935 10.10638133660441 4.14782862692928 10.575772044827922 6.667802517751611 4.319280040239699 6.145103184146807 1.5181377578310447 4.807545005710777 5.728376881252384 3.8099370460767448 0.7741562127705937 11.75281224617993 4.462109341918303 5.8053489045736475 2.9478288879773045 2.484846820174007 10.720353524602388 8.982920000920128 6.494693310586954 8.891088318355697 2.3060475931188815 6.8919009250400585 5.599218119806731 7.305909063225736 2.076684001221985 4.604948601642274 5.348292948491836 4.235887671187189 1.2504787668080872 4.026678423483746 9.34984992517565 7.657124023041819 3.7018829405414935 3.0632659158262343 8.36697544759257 8.846543272976984 3.963095847485231 3.649975457296523 4.770148104796188 10.447464113392945 0.0 10.303804382885483 11.3588068470285 1.0159979683783762 6.7114777656251725 8.938770245332465 3.056284050696108 5.9876070457784465 2.0681988389925547 6.02094202852787 8.680884627498902 6.609071536045619 3.403949659374078 10.402762185721617 7.396857509321658 7.798622792544457 6.59331343156377 2.379546764898313 9.784640346217865 
13.029753015609145 9.895171332809689 3.9205048278740073 9.606449098190787 2.716197541611006 3.2896645066970547 10.880052706066703 9.16316255330067 0.8079064271649954 4.112805564435004 8.168972513251749 9.264474785205397 15.672450669681512 7.555068224942559 8.322914201665212 8.336232904886812 3.0532721038355186 7.548573932450729 12.784036304608648 5.759612168199384 7.285192114407991 14.620678503597262 19.818886599388502 4.448518061144598 4.089976920409624 13.314389495928271 11.496339169639395 8.108058545799802 9.157392919043465 7.300907773192063 5.6161124958026205 3.8327401455261487 5.357322323762877 9.096459297849965 4.125290293849632 12.85587712762236 6.703788855626072 4.01149853884669 10.679747446297434 6.466325583485933 5.742375566324153 10.049529575867139 7.527918443043334 8.497354026046267 9.059398030332044 8.031157757204815 0.0 1.7078444526113519 8.490011233587989 7.219514170691369 8.025274045948251 6.080412516660865 7.753348837225676 8.102385000713099 2.490842162195645 4.810607580126648 8.067724999129956 8.26309476045624 3.2572103339889074 6.394123695004007 3.1572413838640827 5.066525517592715 7.9425718028968255 1.5682790168279883 
13.44739855101291 12.424435429207875 2.7265900922393485 8.931047902485258 3.8522987025329307 5.558896474842561 9.978215509967471 14.566809859101314 3.046694397048708 7.316396193114603 8.124612407939452 16.398621580018567 19.364613978818177 11.374483467158747 9.8106392094265 8.534176666502514 2.206080281781203 11.970435137609458 18.334404750956658 8.868456287429577 6.920428326054908 8.916806792458228 22.254348739464366 7.556817009645284 6.3871370684795155 13.736003806331212 16.17622055947514 12.859210073102592 13.459871707486803 14.99448726380639 13.731024854944646 7.186491520307753 8.207228012640009 7.294160302209713 7.706863908012197 11.155875398836368 11.214283331495732 9.268129874315132 19.114466410612174 6.902029255531614 8.446999633139123 12.9339626240818 9.1053547765763 13.927750028532916 8.223975115650127 12.940479199045422 1.705114059010966 0.0 11.308599509751806 9.057922576283923 8.868027875671752 10.384678671694862 11.228293866027304 11.63684161454243 4.964592713304803 8.310033033871793 14.673719404592838 14.610306647094394 3.380271216958883 5.136982730999772 4.6622280086083485 4.829741665307631 8.01568885761874 2.5331797145131216 
6.487983110852252 4.520891168012697 6.680249747441875 3.086117234355996 6.35682273935047 7.888310730773061 4.180908381031319 14.28097265892224 7.150555167369387 2.0369065403633217 5.319952535836098 2.7731818104549273 6.491064517985397 5.2515656348438435 4.394129486002948 1.674340401773376 9.666130177639976 7.187455319466679 9.274016045196184 2.7593473565672784 2.527769905242528 6.812995756670866 6.31204746179851 5.184348095066443 7.459391056756557 2.242109583038029 7.239122974056871 4.4633692532388025 8.476581359458379 2.4498204731809348 3.7931495007853453 6.034922241478826 2.6346069265392713 0.6294481035404613 5.317421755562975 9.033004243519756 8.60899733506904 4.2548459532584 6.193448019383591 9.59704569345458 7.985233235551654 5.618366071605513 2.157816009331364 8.189208290505274 6.243165856564852 1.1663237704103455 7.613260747877616 10.994373193024511 0.0 5.729190342924218 7.436682389686462 2.2879198858419745 5.8319458664246575 1.623159784104996 5.506704094388351 4.162643836557868 6.208168197190993 4.551944354506152 9.700324124110185 4.201642247129498 6.155303644578158 5.599707965825877 1.9235871938985425 7.215385774248016 
8.822161760285793 5.675908230679966 4.32891477744777 4.8088314907797365 3.980564434232872 3.2734313850052046 8.888007884120078 4.244153809244725 6.815979834425435 4.822616854993052 11.705936806471298 4.378265109110286 5.386189189013171 10.489735463934755 4.731307755182314 4.850856414353398 7.74517407250332 4.385053001356541 12.051195068937876 6.056594813236746 6.568482597545396 5.284298352938645 7.2224321197926775 3.5868107400767997 11.31634902063177 7.559079040686857 4.203822222754741 4.676983601692286 7.361683375288646 10.27749127794366 3.47376088639463 1.6231172584256472 4.930926220611624 5.860269468571743 3.7918266365020514 6.745043937976435 2.476348197565155 3.5077151432395928 7.90534978711184 1.2732625233883588 3.5414547285951206 13.751406207960233 7.9484293726792705 5.501806305472996 1.864033902009014 8.586139794260314 6.494834345276699 9.68168077434401 4.68105312406256 0.0 2.344418405289126 4.200530619388768 9.101226086485072 4.33135178339459 5.124206959651979 0.7576902633577108 9.954864340597005 4.608432563790626 5.6399747991342934 1.3505456199594374 11.295393907171075 11.541742706593464 4.144151756437714 7.783989974718095 
14.745857169875064 7.447650517655084 3.584782174385894 5.193586489296145 2.816577819183992 3.0554969469977773 10.294521332678666 5.818594575888541 6.857003682902621 6.654731477717698 16.188868304185696 10.339823894437108 10.972425842411283 12.7753956608764 5.355502263180726 10.65430905182607 6.000296301579187 7.679497517344467 14.97437941175098 3.857519531082968 6.127813944680153 5.2254099968243075 16.387132954065862 3.219414421991753 9.13200445479396 12.93103802571559 7.895880815022112 4.487951328521104 6.810463150059819 8.864954193329885 5.890576145924312 1.497648572231898 6.917350647476648 10.807220650146043 3.415101675928071 7.429049624929881 2.819038061767699 3.7927156996994182 8.719119264827428 1.7563341028062265 2.935353952278789 13.292052404262279 8.42031716988513 7.243922462183379 3.289813015301743 8.85629858859137 6.879370500575556 8.382729576263849 8.207274476961967 1.409609517298528 0.0 5.726653537010537 12.2841516628333 6.384190777078559 4.514762284539194 2.675275705737282 12.095229584648171 8.62120397098086 2.465487862750756 2.38254806269964 9.598098222954984 11.536751038260356 7.270738288131815 4.564099972874286 
5.813145119116653 6.929525168750715 4.764893870736585 2.217294373307582 2.2418935618873252 2.6757334413170897 6.41655842088417 7.631356845356062 4.758924613120963 0.8846455351385449 5.053486239755694 3.7997089071032555 6.09827287875651 5.2472770468905265 5.568221605109686 2.944492797601126 5.658806241632254 7.479833600955362 6.646225978088249 0.22005539213970077 0.4999913612149769 8.299449677575154 9.041929442242921 1.3226297647899363 7.1483948522572565 6.260611648671123 6.536425866834612 7.199369269361933 8.182046178582901 4.638162621369744 3.8746151104142594 4.0651466712762305 3.7662154641730545 2.3516118783729403 1.4075556617591038 8.223324124446204 7.822487210010362 1.6002951454296797 4.702300255374991 6.164030896871335 5.658767485098172 4.448653823524504 1.8442063550209995 8.31252092166538 6.226759043489428 2.541224565433998 3.969558425243702 9.348865138935729 3.1269806252716226 5.88640545511506 6.263430231774743 0.0 6.200389752821239 2.410163465749748 3.4001482942126167 4.256580863187846 8.740987921547028 6.0078283627058235 5.741479532273996 4.942575678133132 5.874558029039714 3.933681975189084 0.9624706900096955 6.065187297818112 
4.687624039005478 12.945760453599181 8.691125561886093 8.445797653897047 6.434421961790262 12.541976696877704 4.926445073986506 17.028875342677647 7.012202767776151 5.895874500873214 2.54368583880006 11.035229994299485 14.058096605215436 1.980937860997818 8.4531124844 5.763609022819041 5.351424348131401 10.674799591848041 13.566609850293922 5.468009706931534 5.773341042762656 16.019567905583564 14.838965206954459 8.556718500823742 5.885573234560526 7.33166691406732 12.534650161341949 10.571618308030384 10.137777839858119 5.977807972567119 8.36605327915004 10.879815360408008 4.785218478249323 6.564249223540694 8.753059706514914 18.29676481429239 11.600845489588984 7.15023330653392 8.996341767251277 10.09839437219622 11.514012970444334 1.7440117199148084 5.699129715788902 15.728933549648886 16.09445918905871 5.682960467027362 7.62367052599923 11.716248921402087 6.181496542358662 12.583868909365599 13.983902634274838 6.219325147006341 0.0 9.215478316209857 10.479510541460476 12.315994219237357 0.874765646112715 10.679089392023126 11.011778678601152 8.272760086256358 6.165935662790041 3.008993294435503 4.913256879811389 10.217353096394774 
8.721000201868918 2.6730636119650493 11.603355553845194 0.5447276884222322 4.688224051028062 6.0021815823813185 6.752362376899799 8.86089097717619 6.507263949339917 2.668333488565282 4.655445237432262 1.6010069968112381 5.715725108307563 4.38613932490803 4.746948702463973 2.7748264983000723 9.435742881779245 4.308191376346889 5.9512052036396454 2.393199549652654 1.7460452876437462 5.430706053139732 7.856513361857312 2.6753715819391393 7.732281961883925 2.9023209590037555 5.990443490757052 4.972900218312731 4.378227529589578 4.007914479649682 1.4916622219861733 6.602971875873751 6.813855029888634 2.6722570205370886 3.9090314498608976 6.823146338582411 6.951425039152468 2.3561833063246707 3.951178732168298 7.539117767661848 9.616358762083303 5.457009099306947 2.55864224921207 5.899223596196258 4.410395803435847 2.8105339721253544 6.251907714259392 13.448264242302749 1.9885396798463393 5.936313722781495 8.238130123020902 1.711497304248048 7.092619186706786 0.0 5.124177016075272 3.7088502249540545 10.079812250174097 2.4070046867073707 10.129264869585395 6.1431969874491745 5.972459904614856 8.396429190708997 1.1344280349704268 6.818836198085032 
14.774170413527433 9.09081007362516 2.951161313871606 6.934462346197343 0.9526597960042961 1.1375914021808637 14.155130225433581 9.30527624106457 3.172209025836704 3.6011179524278365 8.4562300447562 10.905328759647391 8.353862589343613 6.374411655615963 6.577037953017614 8.63311039172872 5.684237460642561 7.436118025247986 11.69195766803572 4.788729955026804 3.809367273848659 11.255281411791186 15.391593053777385 3.8227084552419908 3.7261283639930753 8.08984336312497 7.652012685012746 5.591608727055744 13.388837253626782 7.8085405192303785 6.828450994879217 3.96461296208522 3.963997915041931 7.248553125276443 3.089491590310341 11.826010571506394 7.041470574509132 2.4026082410936174 10.641368165162202 6.242004652013355 4.385270662249083 8.119632511809074 3.972502841538142 13.419818691772573 7.652654192067019 10.270210463309802 2.270111931140903 3.4945415405291564 5.739183475899011 4.110787053403055 4.5247625652138215 3.751893747865558 8.673958766258682 7.0096654827731975 0.0 4.933792890635797 7.182935203698889 9.465155082914897 1.88058284740502 3.1277160943310225 4.228109123622068 4.700659732090664 5.762930117420318 2.488326660237464 
10.57151243554941 7.187059549768562 4.413343049349616 4.54149655608182 2.83950324169229 3.8848218385690516 11.594421532195932 5.0466783780521265 7.212909441036004 5.1438114051025625 13.778881256496227 5.95823527670046 5.427048824557893 7.42112218874145 3.757499000914905 8.341470112385117 8.585345020079144 5.765457115957001 13.459219680305178 2.7342107940978737 4.083315640656903 4.756921462610223 13.690818265137985 2.7509291825395996 5.973059667174733 8.050123814660946 4.879101023024915 4.095563492976286 8.93761835758609 9.144365753761868 3.59383818569645 1.3469310868162885 6.877223778944538 7.795409037683155 3.419314872886268 5.589118917287631 3.490569021641177 3.1630620697700564 6.6076843091514235 2.1722877608841795 3.4172792534234904 7.413678547464552 6.073253754309809 7.305792713232627 2.4141699619831214 7.688662929776475 7.5219387205315185 7.955710342498355 7.006480598149217 0.6783453835055009 1.5966285063863317 4.466524512903256 11.491105843338778 3.244407828316593 4.357524540249631 0.0 9.118212764934194 5.786662021840067 3.6962691305402586 0.5128071009858737 7.473109685250232 6.5645896542671425 4.0332492852054616 5.593015157667599 
4.695800414303108 13.624771447793137 9.861701436043688 8.154192619715504 6.3514518922397505 11.674021053052796 3.69394794151257 19.079504972298245 6.691974292014067 6.874624715952459 2.7879675349528936 7.4097916952660965 10.910409383788524 1.7826931189456376 15.843336869932983 9.465150665794408 10.699790893783653 10.95175758671802 10.9515703828724 7.54963453103663 8.541517860171274 12.005375666896574 12.482405232497857 9.76016880481512 7.162420268162483 7.524608060646289 18.317166708642358 9.605634691742159 15.767346323190022 5.634969576645388 10.293438355159267 8.23248756800173 5.830364114586638 3.9235706766121803 6.285380907808921 14.114094104001026 16.69868293131629 11.336118824912532 10.667732236018521 16.456583062756756 15.498448098056993 1.2868850417608375 4.311110257657104 9.536429549602275 11.926693086233415 8.51139149392354 7.598192781868141 10.533157057182258 6.375077430226561 8.845333315536108 11.137951016082326 8.22275742336317 0.7253093317462748 6.278164711923999 7.834677715377812 14.762121135290238 0.0 11.114641839646623 15.049245993899905 12.241187970971115 9.303936344689959 5.106502643846285 6.502687846231225 11.127907791433326 
6.468722807094876 2.5232524207675606 7.754622850863014 1.9145348913458922 6.867960176050667 10.223043815372854 6.0866735663860325 11.295970353462273 7.008238097560076 3.7545372582749845 6.916552879523344 0.879202677881187 2.6359267803221584 9.488482265704802 4.141165578091806 2.75646278348019 7.8955457755512555 2.1005303243559688 5.634864539148281 6.267808371593879 3.8611071604365095 7.77706389843536 5.225863916282346 4.118758808463057 10.989015755841509 5.248600860731479 5.18335619580982 2.1122129976324238 3.244789490345076 3.1743875406752364 2.5122404048543787 7.684193915568423 5.5178192294719715 4.236643550745406 4.1688209909639555 4.437908421680386 10.888170823345344 6.272829208790133 3.1700911179482327 7.271100705504882 9.36760691941516 10.40843038438799 3.948741819350653 1.9324636827977668 5.494674946174322 3.459525755847842 11.165011214341117 14.907695417474667 3.1185146820608836 6.866544855449426 8.4865180815372 5.450825327506902 7.8707090955382775 1.8371176790531687 6.512213599270114 6.223444156777347 7.715348539456512 0.0 11.504731304246466 6.196969001643115 13.43187293548599 6.618585778069275 4.087448164264743 13.289976846388347 
13.205523337009577 11.011903904994782 1.0386772315134272 6.823258140256041 2.920653658258545 1.625614786519145 8.873449194582165 6.152610408740082 3.1731055207156884 5.86148116499386 9.437366327772562 7.375549865030758 10.394443113943563 7.465870577866651 8.194970412177348 12.54494505966925 3.931994867359578 8.710086506782533 17.89522893892 3.848441768573612 6.788121883510188 6.45243690505571 16.219394479276268 3.469112496470733 5.754366984028271 13.963323882652253 8.210453996936113 11.282379320478858 12.985835290963802 13.83833978825577 8.210113580630475 3.1907756426285854 4.617080641496639 9.279353116760458 4.703626638519197 8.310702996188704 6.772820052851147 3.6963059547898576 14.320281530463522 4.504309205062777 4.35728963653741 12.760876693559549 7.9236671151094615 12.585921123710598 4.473321308794564 8.683021375103122 2.9046438614453844 4.353591873603225 10.740886714183048 4.882428737737175 3.2453532096365225 4.587199235778659 9.369439103102378 8.157299867547433 1.8844918819844076 4.125902001188608 9.626638179454657 7.262055847128291 0.0 2.9036703391976513 4.149139778857274 5.929778297666076 7.1380036743161215 1.4224279804813884 
13.229649886293839 4.96660952121665 6.158718952354937 4.193324373828654 2.227524517905178 3.102713354686197 10.339955264750786 6.234631406499206 5.771072394584877 5.099689253341124 13.058307566035289 6.778781758698569 7.703389892264285 10.601219804134892 4.992981015332582 6.9152887507553675 10.578033485009238 6.881624598468802 11.079610751402054 3.111533968852992 3.4393290866409374 4.360304234759645 13.335275794394764 3.071848739335507 7.086803649503306 7.838543857495637 6.178866568479313 5.91054471928134 9.994869066666192 10.004794725749957 4.847785768427801 0.6505377979270581 5.429164424815126 5.142711737165083 3.5449601657792833 5.375906373020443 4.160553904318457 2.303453290055061 7.427022850035195 2.699647775664168 3.030202821610244 9.679746323261012 5.219657397539333 8.708740532274115 2.6096697075391404 4.628151578330435 5.674432909699112 5.517951829352177 6.15803282176489 1.1422074329789695 2.373543915047789 4.437434203619624 11.53751235104539 4.75062977900055 3.5596252413179217 0.48567924476335306 11.124500058844113 5.143579105632741 4.02519257531539 0.0 6.990875449049825 9.111702018909444 2.86254869900413 6.807246091192338 
9.275174666865302 13.597374244639706 6.781636634466189 11.065644665749783 6.163541051864735 3.886181772578827 8.186279782823771 18.112251255169774 1.1419721782736516 4.19707042938985 9.659349308806915 11.159353893036279 17.701099235226224 4.561077950781157 14.75875137010917 11.331322508554008 0.5542850166033737 9.493205321634804 17.658296791051356 7.491439589612164 7.737060603258136 17.131819983938566 11.99285357306378 6.534618132610355 1.8251254029735273 11.098981511507247 9.76770441786096 9.889408005913287 15.381874267796453 12.769828546873025 9.257191241028774 8.387398571613746 3.9148233403491757 6.91503862740816 6.254187704063769 12.81574295688717 11.385052607453058 7.332577558590701 13.082045983584178 12.101634925855954 7.575488850176197 8.129583625895746 7.274512645422329 14.651204034898683 13.970319521302283 9.630761911152579 3.095107975074111 3.964980949205798 6.80087932377244 11.162164348429851 8.110461891061384 6.184556223591754 5.833657935008416 10.961769601056549 6.195625025731548 9.546085607051168 5.746012644394791 9.495566572871562 6.993661564907066 6.621978790192435 0.0 3.483944698189691 5.179838223139919 4.898364931727246 
8.02696160769891 11.955906700630381 10.266935442419552 8.465239613051398 5.454029111627803 8.038656258989171 5.137169533308372 13.801658774254772 4.544560929313863 5.250392960793501 4.459061901373015 9.369932020849639 11.715046032283027 2.010388189189466 6.841511206979889 9.4422753411976 4.430083880361927 8.58101588778955 10.325251258160158 4.913436356657788 5.7082125680834865 11.884310897304882 10.474731696531162 5.502446058583022 1.677371692587271 9.455213313300249 11.148241655334658 12.933790390493996 13.569069451080257 7.283043074110598 6.608548211504461 6.158692003369437 1.312683274081991 5.151952903441068 4.837254978549533 12.741459923186667 10.153418712277329 6.41983214083957 10.050539846623852 7.042599732122536 12.112880666015744 3.0935384763097953 3.9242404877391994 12.97752594237308 7.712621938936823 6.454499594308443 5.850718545962254 7.057588595921253 3.607281412044069 11.77225079623815 12.11052315185107 4.979789304854268 2.7257407745071496 5.715900320966334 5.8608289993562295 10.85584218525267 4.999580177917365 7.501923841133936 9.09002808976752 6.961839227575914 3.1775251210408517 0.0 5.04177366038577 5.754465276674639 
5.333846796848955 4.789334836905864 5.373831432073183 0.9537335548280318 4.323571219821652 3.223342340059144 6.121188198043608 9.605124097762785 8.858959625087936 2.215712020397519 7.474845537037553 3.418507672730094 6.286453971448683 6.567951957652577 5.531536971020749 2.7410820944777323 9.43578196515794 3.157792613341966 6.072164515724621 1.2059438796753839 1.034986656366409 7.993890084810104 10.537836295131012 1.324677902481525 7.874559444476943 4.7824065159920455 7.726051019351903 3.7327394790181976 4.729607341135258 6.011102246442348 2.873532710254361 3.8187232024306517 5.434071470903832 2.4206404293527006 2.1888828821824133 7.018294742616542 6.180585634364298 2.078345746258384 4.945542948408995 6.061765835885028 7.025502077336452 5.9880425576978995 2.876895145576416 5.386582619875921 5.098028903716386 2.6702515781842004 7.473862818865166 9.698047387680925 2.9108988660742625 5.744661573189273 4.0642151999603024 1.2098060718130093 7.318275202364685 1.0178576137148627 5.766090602248237 2.732874621048979 7.43938513022546 2.3165993320551896 4.94477999393024 4.621962582523634 6.014334388415632 4.9682541285958814 0.0 7.786039245709454 
11.898267837011886 8.63808135010088 1.6176510797112464 9.147316421300479 4.791054410373853 3.8089217524919787 15.466289987289855 9.312774840365087 3.695363997126117 6.546641099357408 8.248690366447589 14.044048250718912 11.043790198392045 10.474244560651707 9.673234785591882 12.736220430825252 4.395001804519024 9.220741467676257 11.111609138887008 7.932839032013071 5.87934565348605 14.000453126329269 15.453641049181709 4.116443778207156 6.803173900305461 9.436377427954012 8.947511486959426 8.94510444847878 12.813870931915623 10.353108725323706 9.028898037095159 3.7955806951580855 6.31580972387634 9.93701893250936 6.195769144620659 12.05655935029424 8.015374224537226 5.228978443125529 13.318599519282474 8.83964770399129 6.279242995735252 12.849258480183623 6.1564831856051105 13.372446220282566 10.42696639180474 12.93236712997916 2.3969448754676446 1.801298910486585 8.926859863870746 4.6797382865036505 6.655210332353899 7.993363465390699 13.651527030781068 8.869388745425045 2.1195348217454537 4.599099174347779 10.268650185048408 14.169609923099948 1.6465775434133678 5.150190086544389 3.292437060740102 5.904958738986258 7.179385567667703 0.0 

0 10 15 23 23 24 17 1 4 2 5 18 9 8 23 13 4 18 16 26 16 4 23 8 26 16 5 2 21 23 8 5 8 26 12 8 3 8 19 16 2 3 17 7 5 8 4 12 19 19 26 24 5 8 22 9 18 19 15 5 11 12 54 8 
