63
10
100

0 63 76 63 21 45 94 40 81 80 36 62 82 25 54 34 54 16 39 55 15 43 57 49 42 26 24 86 30 26 15 35 48 83 63 84 7 57 24 61 24 68 73 28 52 59 55 56 5 40 21 51 9 44 47 73 26 42 56 35 56 44 21 
63 0 17 31 82 31 42 45 39 19 47 87 23 80 12 29 30 56 30 42 71 42 70 44 53 37 80 41 78 40 78 64 90 64 89 39 70 34 86 15 40 6 41 86 80 15 43 81 68 24 67 71 67 20 36 68 40 84 70 46 40 40 66 
76 17 0 46 93 48 26 50 27 4 63 89 6 90 22 44 31 67 46 58 82 46 71 47 57 51 90 28 86 51 90 70 96 57 91 26 83 33 98 30 53 10 54 101 84 31 43 84 80 39 77 74 81 32 39 64 51 91 71 62 39 44 76 
63 31 46 0 84 18 72 65 70 47 31 106 52 86 38 34 56 64 25 15 76 63 92 67 72 42 85 72 87 50 77 79 103 94 108 70 68 61 87 16 48 36 12 77 98 16 68 100 68 29 76 91 62 37 58 94 51 97 91 31 66 62 75 
21 82 93 84 0 66 107 49 94 97 56 54 98 10 72 54 68 27 60 75 11 53 56 58 48 45 9 98 19 42 8 35 35 88 55 97 17 69 6 81 41 86 94 29 46 79 64 50 16 60 20 49 24 62 59 75 42 30 55 55 67 55 21 
45 31 48 18 66 0 73 51 67 50 17 91 54 68 32 18 47 46 8 15 58 50 78 55 58 25 68 70 69 34 60 63 86 85 93 68 50 52 69 20 31 37 29 61 82 19 58 85 50 16 58 76 45 26 47 84 35 80 77 16 56 49 57 
94 42 26 72 107 73 0 59 15 26 87 89 21 102 43 65 40 81 70 84 96 55 71 52 63 70 103 11 96 68 106 78 101 44 91 11 100 39 113 57 70 36 80 121 86 57 46 85 97 62 89 76 100 52 49 57 67 98 71 87 42 53 88 
40 45 50 65 49 51 59 0 45 54 55 42 54 43 33 33 20 25 43 66 38 4 27 9 8 28 44 49 37 20 49 20 45 43 44 48 46 20 55 53 24 47 77 68 35 52 15 36 42 36 30 26 49 28 11 35 19 41 26 54 17 6 29 
81 39 27 70 94 67 15 45 0 29 80 74 24 88 35 56 27 68 63 80 83 41 56 37 48 59 89 4 82 56 93 63 86 32 76 4 88 25 99 54 59 34 80 109 71 54 31 70 85 54 75 61 88 43 35 43 55 83 56 79 28 39 74 
80 19 4 47 97 50 26 54 29 0 66 93 5 94 26 47 35 71 49 60 86 50 75 50 61 54 94 29 90 55 94 74 100 60 95 27 87 37 102 32 56 13 54 104 88 33 47 88 84 42 81 78 85 36 43 67 55 95 75 65 43 48 80 
36 47 63 31 56 17 87 55 80 66 0 90 70 60 45 24 57 42 17 20 50 55 80 61 61 26 60 83 64 35 49 62 81 94 92 81 39 62 58 37 31 53 39 46 81 35 65 84 40 26 53 77 33 37 54 90 36 75 79 1 64 55 52 
62 87 89 106 54 91 89 42 74 93 90 0 91 44 75 73 59 49 83 105 49 45 18 43 34 66 45 78 35 57 60 29 22 51 2 78 64 56 59 95 60 88 118 83 9 94 46 6 60 77 41 16 70 70 51 35 56 25 18 90 50 47 41 
82 23 6 52 98 54 21 54 24 5 70 91 0 95 28 50 34 72 52 64 87 50 73 49 60 56 95 24 91 57 96 74 99 56 94 22 89 36 103 36 58 17 59 107 86 37 45 86 86 45 81 77 87 38 43 64 56 95 73 69 41 48 80 
25 80 90 86 10 68 102 43 88 94 60 44 95 0 69 54 63 24 61 79 10 47 47 51 41 45 1 93 9 40 16 27 26 80 45 92 23 64 15 81 40 84 97 39 36 79 57 40 21 60 14 39 31 60 53 67 40 20 46 60 60 49 15 
54 12 22 38 72 32 43 33 35 26 45 75 28 69 0 23 19 45 27 45 61 30 58 33 41 29 69 39 66 30 68 52 78 56 77 37 61 24 76 23 31 15 49 79 68 22 32 69 59 19 56 59 59 10 24 57 29 73 58 44 29 28 55 
34 29 44 34 54 18 65 33 56 47 24 73 50 54 23 0 33 31 10 33 44 33 60 38 40 9 54 60 54 16 49 45 69 70 75 58 41 37 58 27 14 35 45 57 64 25 41 67 39 6 43 58 38 13 30 66 17 63 59 23 40 32 42 
54 30 31 56 68 47 40 20 27 35 57 59 34 63 19 33 0 41 41 62 56 16 41 16 26 34 63 31 57 29 66 40 65 38 61 30 61 5 73 42 32 30 68 82 53 41 13 53 58 32 49 43 62 21 9 39 28 61 41 56 10 14 48 
16 56 67 64 27 46 81 25 68 71 42 49 72 24 45 31 41 0 39 59 16 28 42 34 27 22 24 72 23 16 25 21 40 67 51 71 21 43 32 58 16 60 75 43 39 56 40 43 17 36 12 36 25 36 33 57 16 33 41 41 42 30 11 
39 30 46 25 60 8 70 43 63 49 17 83 52 61 27 10 41 39 0 22 51 43 70 48 51 18 61 66 62 26 54 55 78 79 85 64 45 46 63 23 23 36 36 58 74 21 51 77 44 9 51 68 40 20 40 76 27 72 69 17 49 42 50 
55 42 58 15 75 15 84 66 80 60 20 105 64 79 45 33 62 59 22 0 69 65 93 70 73 39 78 82 81 48 68 77 98 100 107 80 59 67 77 28 45 48 20 65 96 27 73 99 60 30 70 90 52 41 62 98 49 92 92 20 71 64 70 
15 71 82 76 11 58 96 38 83 86 50 49 87 10 61 44 56 16 51 69 0 42 48 47 38 35 10 87 15 31 12 26 34 78 50 86 15 58 17 72 31 76 86 35 40 70 53 44 11 50 10 41 22 51 48 66 31 27 47 49 56 44 10 
43 42 46 63 53 50 55 4 41 50 55 45 50 47 30 33 16 28 43 65 42 0 29 6 11 29 48 45 41 21 53 24 49 41 47 44 49 16 59 51 25 44 75 71 38 49 12 39 45 35 34 29 51 26 7 34 20 45 28 54 13 2 33 
57 70 71 92 56 78 71 27 56 75 80 18 73 47 58 60 41 42 70 93 48 29 0 26 20 54 48 60 38 45 60 22 33 36 20 60 61 38 62 80 49 71 104 82 16 78 28 14 57 63 38 8 66 55 35 21 44 33 1 79 32 30 38 
49 44 47 67 58 55 52 9 37 50 61 43 49 51 33 38 16 34 48 70 47 6 26 0 11 35 52 42 44 27 58 26 50 34 45 41 55 14 63 55 31 45 79 77 37 53 6 37 51 40 38 28 57 31 9 28 26 46 25 60 9 6 37 
42 53 57 72 48 58 63 8 48 61 61 34 60 41 41 40 26 27 51 73 38 11 20 11 0 35 41 53 34 26 49 15 39 41 37 52 47 25 54 61 30 54 84 70 27 60 17 28 43 44 28 19 51 36 18 31 25 35 19 60 21 13 28 
26 37 51 42 45 25 70 28 59 54 26 66 56 45 29 9 34 22 18 39 35 29 54 35 35 0 45 63 45 9 41 38 60 69 68 62 33 38 49 36 6 42 54 51 57 35 39 59 31 15 34 51 31 18 29 63 10 54 53 25 39 29 33 
24 80 90 85 9 68 103 44 89 94 60 45 95 1 69 54 63 24 61 78 10 48 48 52 41 45 0 93 10 40 16 28 27 81 46 92 22 64 14 81 40 84 96 38 37 79 58 41 20 60 14 40 30 60 54 67 40 21 47 59 61 50 15 
86 41 28 72 98 70 11 49 4 29 83 78 24 93 39 60 31 72 66 82 87 45 60 42 53 63 93 0 86 60 97 68 90 34 80 2 92 29 104 56 63 36 81 113 75 56 36 74 89 57 79 65 93 47 40 46 59 88 60 82 32 43 78 
30 78 86 87 19 69 96 37 82 90 64 35 91 9 66 54 57 23 62 81 15 41 38 44 34 45 10 86 0 38 25 19 18 71 36 85 30 58 24 81 40 81 98 48 26 79 51 31 26 59 11 30 37 58 48 58 38 12 37 63 54 43 12 
26 40 51 50 42 34 68 20 56 55 35 57 57 40 30 16 29 16 26 48 31 21 45 27 26 9 40 60 38 0 39 29 53 62 59 59 32 32 47 42 4 44 62 53 48 40 32 51 30 21 27 42 33 20 22 55 1 47 44 34 33 22 26 
15 78 90 77 8 60 106 49 93 94 49 60 96 16 68 49 66 25 54 68 12 53 60 58 49 41 16 97 25 39 0 38 42 90 61 96 9 68 9 76 38 83 87 23 51 74 64 55 10 55 22 53 17 58 58 78 39 36 59 48 67 55 22 
35 64 70 79 35 63 78 20 63 74 62 29 74 27 52 45 40 21 55 77 26 24 22 26 15 38 28 68 19 29 38 0 26 53 31 67 38 40 41 70 32 66 91 60 19 68 32 22 34 50 16 16 44 45 31 40 28 21 21 61 35 26 16 
48 90 96 103 35 86 101 45 86 100 81 22 99 26 78 69 65 40 78 98 34 49 33 50 39 60 27 90 18 53 42 26 0 69 22 90 48 64 39 95 55 92 114 65 17 93 55 21 45 74 28 26 55 71 56 54 52 6 33 81 59 51 29 
83 64 57 94 88 85 44 43 32 60 94 51 56 80 56 70 38 67 79 100 78 41 36 34 41 69 81 34 71 62 90 53 69 0 53 35 88 33 94 78 66 62 105 110 52 78 29 49 84 70 69 43 91 59 40 16 61 68 36 93 30 40 68 
63 89 91 108 55 93 91 44 76 95 92 2 94 45 77 75 61 51 85 107 50 47 20 45 37 68 46 80 36 59 61 31 22 53 0 80 65 58 60 98 62 90 120 84 11 96 48 8 61 79 42 18 72 73 54 37 58 25 21 91 52 49 42 
84 39 26 70 97 68 11 48 4 27 81 78 22 92 37 58 30 71 64 80 86 44 60 41 52 62 92 2 85 59 96 67 90 35 80 0 91 28 103 54 62 34 79 112 75 54 35 74 88 55 78 65 91 45 39 46 58 87 60 81 32 42 77 
7 70 83 68 17 50 100 46 88 87 39 64 89 23 61 41 61 21 45 59 15 49 61 55 47 33 22 92 30 32 9 38 48 88 65 91 0 64 19 67 30 75 78 22 54 65 61 58 4 47 23 54 8 51 53 77 33 42 60 39 62 50 23 
57 34 33 61 69 52 39 20 25 37 62 56 36 64 24 37 5 43 46 67 58 16 38 14 25 38 64 29 58 32 68 40 64 33 58 28 64 0 75 47 36 33 72 85 51 46 10 51 60 37 50 41 65 26 11 34 32 60 38 61 6 14 49 
24 86 98 87 6 69 113 55 99 102 58 59 103 15 76 58 73 32 63 77 17 59 62 63 54 49 14 104 24 47 9 41 39 94 60 103 19 75 0 85 46 91 97 26 51 83 70 55 19 64 25 54 25 66 64 81 47 34 61 58 72 60 26 
61 15 30 16 81 20 57 53 54 32 37 95 36 81 23 27 42 58 23 28 72 51 80 55 61 36 81 56 81 42 76 70 95 78 98 54 67 47 85 0 41 20 26 81 88 2 55 89 66 21 70 80 63 25 45 80 43 89 79 36 52 49 69 
24 40 53 48 41 31 70 24 59 56 31 60 58 40 31 14 32 16 23 45 31 25 49 31 30 6 40 63 40 4 38 32 55 66 62 62 30 36 46 41 0 45 59 50 51 39 36 54 28 20 28 46 30 21 26 59 5 49 48 30 36 25 28 
68 6 10 36 86 37 36 47 34 13 53 88 17 84 15 35 30 60 36 48 76 44 71 45 54 42 84 36 81 44 83 66 92 62 90 34 75 33 91 20 45 0 45 92 82 21 43 82 73 30 71 72 72 25 37 67 44 87 70 52 39 42 70 
73 41 54 12 94 29 80 77 80 54 39 118 59 97 49 45 68 75 36 20 86 75 104 79 84 54 96 81 98 62 87 91 114 105 120 79 78 72 97 26 59 45 0 85 110 27 80 112 78 41 87 103 72 49 70 106 62 108 103 39 77 74 86 
28 86 101 77 29 61 121 68 109 104 46 83 107 39 79 57 82 43 58 65 35 71 82 77 70 51 38 113 48 53 23 60 65 110 84 112 22 85 26 81 50 92 85 0 74 79 83 78 26 63 44 76 21 69 75 100 54 59 81 46 84 72 44 
52 80 84 98 46 82 86 35 71 88 81 9 86 36 68 64 53 39 74 96 40 38 16 37 27 57 37 75 26 48 51 19 17 52 11 75 54 51 51 88 51 82 110 74 0 86 41 4 50 69 31 10 61 63 45 36 47 18 16 80 45 40 32 
59 15 31 16 79 19 57 52 54 33 35 94 37 79 22 25 41 56 21 27 70 49 78 53 60 35 79 56 79 40 74 68 93 78 96 54 65 46 83 2 39 21 27 79 86 0 54 88 64 19 68 78 61 23 44 79 41 87 78 35 51 48 67 
55 43 43 68 64 58 46 15 31 47 65 46 45 57 32 41 13 40 51 73 53 12 28 6 17 39 58 36 51 32 64 32 55 29 48 35 61 10 70 55 36 43 80 83 41 54 0 41 57 42 44 31 63 32 11 26 31 52 28 64 4 11 44 
56 81 84 100 50 85 85 36 70 88 84 6 86 40 69 67 53 43 77 99 44 39 14 37 28 59 41 74 31 51 55 22 21 49 8 74 58 51 55 89 54 82 112 78 4 88 41 0 54 71 35 10 65 64 46 34 50 22 14 83 45 41 35 
5 68 80 68 16 50 97 42 85 84 40 60 86 21 59 39 58 17 44 60 11 45 57 51 43 31 20 89 26 30 10 34 45 84 61 88 4 60 19 66 28 73 78 26 50 64 57 54 0 45 19 50 11 48 50 73 30 38 56 40 59 47 19 
40 24 39 29 60 16 62 36 54 42 26 77 45 60 19 6 32 36 9 30 50 35 63 40 44 15 60 57 59 21 55 50 74 70 79 55 47 37 64 21 20 30 41 63 69 19 42 71 45 0 48 62 43 11 31 68 22 68 62 25 40 34 47 
21 67 77 76 20 58 89 30 75 81 53 41 81 14 56 43 49 12 51 70 10 34 38 38 28 34 14 79 11 27 22 16 28 69 42 78 23 50 25 70 28 71 87 44 31 68 44 35 19 48 0 31 29 47 40 56 27 22 37 52 47 36 1 
51 71 74 91 49 76 76 26 61 78 77 16 77 39 59 58 43 36 68 90 41 29 8 28 19 51 40 65 30 42 53 16 26 43 18 65 54 41 54 80 46 72 103 76 10 78 31 10 50 62 31 0 60 55 36 28 41 25 7 76 36 31 31 
9 67 81 62 24 45 100 49 88 85 33 70 87 31 59 38 62 25 40 52 22 51 66 57 51 31 30 93 37 33 17 44 55 91 72 91 8 65 25 63 30 72 72 21 61 61 63 65 11 43 29 60 0 49 54 82 33 49 65 32 64 52 29 
44 20 32 37 62 26 52 28 43 36 37 70 38 60 10 13 21 36 20 41 51 26 55 31 36 18 60 47 58 20 58 45 71 59 73 45 51 26 66 25 21 25 49 69 63 23 32 64 48 11 47 55 49 0 21 58 20 65 54 36 30 25 46 
47 36 39 58 59 47 49 11 35 43 54 51 43 53 24 30 9 33 40 62 48 7 35 9 18 29 54 40 48 22 58 31 56 40 54 39 53 11 64 45 26 37 70 75 45 44 11 46 50 31 40 36 54 21 0 37 21 52 34 53 10 5 39 
73 68 64 94 75 84 57 35 43 67 90 35 64 67 57 66 39 57 76 98 66 34 21 28 31 63 67 46 58 55 78 40 54 16 37 46 77 34 81 80 59 67 106 100 36 79 26 34 73 68 56 28 82 58 37 0 54 53 21 89 29 35 56 
26 40 51 51 42 35 67 19 55 55 36 56 56 40 29 17 28 16 27 49 31 20 44 26 25 10 40 59 38 1 39 28 52 61 58 58 33 32 47 43 5 44 62 54 47 41 31 50 30 22 27 41 33 20 21 54 0 47 43 35 32 21 26 
42 84 91 97 30 80 98 41 83 95 75 25 95 20 73 63 61 33 72 92 27 45 33 46 35 54 21 88 12 47 36 21 6 68 25 87 42 60 34 89 49 87 108 59 18 87 52 22 38 68 22 25 49 65 52 53 47 0 32 74 56 47 23 
56 70 71 91 55 77 71 26 56 75 79 18 73 46 58 59 41 41 69 92 47 28 1 25 19 53 47 60 37 44 59 21 33 36 21 60 60 38 61 79 48 70 103 81 16 78 28 14 56 62 37 7 65 54 34 21 43 32 0 78 32 30 37 
35 46 62 31 55 16 87 54 79 65 1 90 69 60 44 23 56 41 17 20 49 54 79 60 60 25 59 82 63 34 48 61 81 93 91 81 39 61 58 36 30 52 39 46 80 35 64 83 40 25 52 76 32 36 53 89 35 74 78 0 63 54 52 
56 40 39 66 67 56 42 17 28 43 64 50 41 60 29 40 10 42 49 71 56 13 32 9 21 39 61 32 54 33 67 35 59 30 52 32 62 6 72 52 36 39 77 84 45 51 4 45 59 40 47 36 64 30 10 29 32 56 32 63 0 12 46 
44 40 44 62 55 49 53 6 39 48 55 47 48 49 28 32 14 30 42 64 44 2 30 6 13 29 50 43 43 22 55 26 51 40 49 42 50 14 60 49 25 42 74 72 40 48 11 41 47 34 36 31 52 25 5 35 21 47 30 54 12 0 35 
21 66 76 75 21 57 88 29 74 80 52 41 80 15 55 42 48 11 50 70 10 33 38 37 28 33 15 78 12 26 22 16 29 68 42 77 23 49 26 69 28 70 86 44 32 67 44 35 19 47 1 31 29 46 39 56 26 23 37 52 46 35 0 

0.0 11.96049474457525 9.91415924001301 10.843528304765758 2.1294921876181596 7.099209636818321 16.196532864013733 4.697715367538096 9.022698253483462 9.098247283796097 5.789102378586618 7.037842782851906 13.38246330233228 4.42828024887122 7.637255466314569 4.164635183206487 5.89248589377544 2.6928100095049254 5.014292151374523 10.786307294825807 1.736461862184369 7.657855678880742 7.269237700973233 8.661484014205746 6.852419097421974 4.657934840970581 2.58013561271229 9.798918922314053 3.6937346652945013 4.297889003943448 1.925192341914897 4.423815766192336 6.896334377826484 15.042936512875727 8.886304975344142 8.820595603462781 0.9425632373297516 10.479655944563264 3.0584207381246653 10.345695870735316 4.733801399660407 10.781782001726087 8.60441407419081 4.594097777136714 8.564977942328852 11.755589316593115 7.0270052940969645 11.118092746017368 0.6258987292898873 5.958369263509998 3.8453845623971867 6.354548109824211 1.6062745537445164 8.346444766334937 7.6819977680600235 11.71681197289763 3.6043362044439275 6.913743377425133 9.884029759728337 5.8278068176216475 7.345043913845798 4.994999319370921 4.055418796806705 
6.785578078460941 0.0 1.7574398531231181 3.5069869436226266 10.780341347673147 4.121796349824495 5.866257242450385 4.655707529568648 5.057551525747698 3.53068879849698 7.124382370522893 12.88545457786436 3.501723348989107 10.953522726513693 1.8489303754357533 5.117035549317905 5.625701304190997 7.28431089442302 3.1059391525172115 8.022030161208162 9.07880390950676 7.225598744196293 12.593223071218082 8.744496129770333 10.286866639799829 4.953063064940736 11.854046054409901 6.6041759381767955 7.8879810627532105 6.754760390659423 13.610271592201677 7.4745871861328155 9.83564028762189 9.610010013568537 17.64936901558739 7.7777697729352395 8.411667533961795 5.094982553238949 16.417827909992358 2.4933155737106674 5.782531893727201 1.0735215668775093 6.670063819469388 15.388075565750771 15.25873738607438 2.725178417337105 5.030186477631247 10.43965237627586 13.317440162094172 3.1751915095263334 12.49345968241511 12.643106018861614 10.100465629499585 2.2386127260220805 4.671238793396768 13.342636302830769 5.956584455925 12.98228050787569 7.7265472502792365 5.0456180785646785 4.954216528753613 5.491090778948952 8.460035160632248 
10.817867655964244 2.1503924708635824 0.0 5.700743835263413 11.214523237771974 6.408837411136486 4.562467897119276 6.600029699200135 3.657996322646663 0.6844088605907299 9.425815159472315 10.071982520119429 0.6186100600720341 16.599524634520023 3.0465243285520733 7.026042021183147 4.375873048763824 12.251781766741914 8.667856422713093 7.4409426410563615 15.135292564632756 6.569026170729261 9.14678603836098 5.795862646249771 11.1552910742219 7.975325240353335 14.202509587645354 3.4027189050481264 15.97899297976106 8.775498240831796 9.606656805446255 7.233182676676523 14.749989429656972 10.59279062250221 14.838824900264715 3.3973507527163447 13.646949844578337 3.4947961645604604 9.80087731830373 5.728752929660143 7.280714224033992 1.3246886640222473 5.876378789399521 10.976991616144097 15.482492249817895 5.113564205429672 6.62504181918036 9.349901205092342 11.419073550642993 6.76645514201592 13.544834177381246 9.230964009913228 14.336350058396224 4.769267054775788 5.634814222033184 10.55755910772234 9.129280258095395 16.084978625624554 9.315169541748947 11.599485566023173 7.253287470687123 7.103281387217986 15.129051987726761 
9.510733365644844 4.5474172512086115 7.822703863737242 0.0 13.702583841105872 1.9848323079814087 10.576710829705814 6.629911572083447 11.13775445620134 8.546082354113835 6.18451078202634 20.85736815502753 10.250738035702426 16.147617441335186 5.7008493151111725 6.021412559158861 8.087497143505876 7.691119874292787 4.89588270989751 2.8614491843857213 11.472275025888147 11.644794725229207 11.559823227169886 11.564351728584487 8.760565234051526 6.711880679610897 16.40837586044911 14.16601446583724 10.276728200958612 9.146966959532753 12.1583664995237 15.376883033795732 14.722446142451624 11.820994975438403 18.168528266024513 13.659060865755094 12.699010134818995 10.875643683223592 14.746149194704316 2.588431302540828 7.003612641750908 5.941722916888011 2.364566352735231 15.362215222620337 14.853939803484819 2.1711585299561023 8.705152047308443 17.773336573779275 12.651366301938829 3.6474584617396015 10.921937125047627 15.50606311791946 6.236718178216478 6.012323402873718 10.482427479401192 13.60468278753566 9.706392812785943 19.269130197845236 11.809450282335277 4.337755474242879 8.360751191832607 12.003755136986673 13.097375476851393 
3.4560457883882147 16.028335989241107 11.588245324802413 12.671086237859873 0.0 9.206057886752216 11.10525789433291 7.022849521778429 18.7832271019171 15.39454749213813 11.026360021946594 7.307336355320083 18.662346051508585 1.7814206934311367 13.536006896653547 9.040091650663616 13.075455743046572 4.1509109427879665 6.678532253433248 12.323564434915898 1.554446411605599 7.952542535917106 9.857142956656876 8.120131731017684 7.733977695507693 8.547355022784622 1.2857814204638982 19.298302581280964 3.109506615550962 6.140522048044243 1.3776897423713623 6.790593971446782 4.472821563024497 10.35545898378331 8.397577061749303 16.484874175211857 3.2092480634742486 7.482347394308676 0.8191605132928952 14.002533487023621 5.745672353428549 9.249194840578093 14.419239043889108 4.8210263584477415 9.050717378816293 11.767923405436239 9.455838465995566 7.562150509092826 3.0856670137433757 6.993857413285473 3.7338812140563964 8.368850812574033 4.605294136927114 9.149088475635534 6.782826734528254 10.314628464902405 6.998604515321056 5.370872714258546 10.532629575694084 8.728455195167514 11.211040562935843 9.73283432025343 2.6947186478877927 
5.158212150592349 4.129710679331826 8.885432005316698 2.9934649141814216 12.156306188625972 0.0 9.602479514101647 8.417386364960542 6.747620119341306 9.932015318534269 2.294197680992768 14.025119616813651 8.89853742269695 12.990252493469239 5.121218418979258 3.4519921343257636 6.420576774308914 8.369297925821584 1.4495007719701412 1.5553044955713866 10.43068591378444 8.505529403853759 9.93877880241406 7.105027314752737 7.623826109987986 3.7894634078253437 13.451891451358795 12.970126623095435 8.792687029339397 5.1268882622429 9.386196798107543 10.705494665382405 10.59419090521335 14.181772831728736 12.86204703406163 11.209098977792213 5.447212203529798 7.501456577314308 8.569701451013369 3.319593119768724 4.207384649449762 7.271479091739403 4.950182635244667 10.045229257838413 11.097735598228706 2.0456247328479185 6.622798801918003 10.731696659587705 6.955565510830286 1.793408018420037 5.966851475500683 12.507771621293871 7.843261644190204 2.7650790792647304 7.006360956413372 16.0156334209435 5.063822874910365 14.210515729068081 10.439931708218166 1.9448643584745795 10.213863550888956 7.024790617586527 8.820699461572758 
16.122525476920362 8.04538619480147 4.781689947123796 7.6512162994789215 11.975150419856018 13.973780340951595 0.0 7.726908831380092 2.675493866676706 2.7641148179934745 17.283487293449582 9.93238802848013 2.6063507304976095 14.588694019996696 7.928812952634287 8.3805376210318 6.689638732713133 11.530396915070666 9.135069661799927 10.210042243898906 14.963725303383526 10.49094934547439 11.437837085193685 8.389008306198704 11.360765568118326 9.1473976356133 13.255398189080761 1.351786431432978 18.64201660871847 7.728610147629746 16.730720311827472 15.214629069728012 16.878604350482814 8.742371179213409 15.106422839723834 1.7058212254227425 18.160574046486552 4.3188023959265625 16.696506365408844 5.824944811706719 7.208092391497743 4.991017276875731 14.156082908186772 15.284210483977235 16.974906613287263 9.694800877990042 5.924985423453441 14.400919379321596 14.186716491077537 8.207972903044613 13.232665852608143 9.332817776682896 10.700090111611802 6.870095974775266 9.688591279090423 10.915565568454653 13.391233799136362 16.083250965212496 13.260887487435355 12.955462429236338 6.65983891702384 10.120435805276216 14.914223680331268 
7.959266892228219 7.57687575168746 8.881037428529025 6.70780606214038 7.906892061371478 6.610072079029425 6.078834134783642 0.0 8.806325012135648 6.836773331834293 8.790996731399085 8.346567263702365 9.995925726847105 6.569508787845837 6.507292821570923 3.6249759571195375 2.126842616481068 3.521102559526595 6.760296314385437 9.04563330654882 4.710058247383575 0.6959727491619927 2.8425958428577482 1.6222407713799365 1.276599233656564 3.0391398351194954 6.89190154992682 6.510511170595668 3.837266627270323 2.4301521463871225 7.7173816343414385 2.400773943262182 7.064718714200476 4.6281895483692015 8.24681382878104 4.856331832581759 5.100871493224285 3.7891674879575565 6.135227936666392 10.575113631345248 2.4819386901091858 8.057425712867513 9.71985688755953 9.528379734527729 4.012667145810603 8.547425329033414 1.6472927846365288 6.2756356523974715 8.350255515768755 4.68538469217763 3.3373284754919395 3.759573397413173 9.06805759046211 4.148954915966623 2.020075315280419 6.8621987862253135 2.2297774586667645 7.584805958547646 5.1365165747320525 9.333323953786586 2.4735363158835435 0.937185924733285 4.31687768957093 
11.886308033426184 4.830021005966495 2.8613012129450333 7.714689370642793 10.656003318783682 8.176675974538737 2.9055201955074903 7.279019667636613 0.0 2.9888997640134813 13.543685461640482 13.066503472420193 2.9868025144920973 15.644682287728797 4.8810658658911805 7.25685848173147 5.086588390933649 6.957906923992041 11.054720625391518 11.580572076295978 11.908233840536273 5.944861352586049 10.632642059956906 7.205556941254981 4.97805677766564 6.645891842028629 10.154144334839101 0.4784648457115552 15.440268162448897 10.806068943960595 13.219503153919222 8.617613891029329 11.723171763259224 4.447206987848332 12.639237849137027 0.6922362518663312 17.429268904028653 4.859870312332125 11.889458831823488 8.716763570759507 8.379832059749807 4.583614932294357 12.881800035667887 12.017658720739085 13.176224216319014 9.62979350475126 5.300764659531448 11.94189305571414 8.846885814585105 5.486649724382528 9.437803894346908 12.102082715834289 17.48084207036803 7.844499177460187 6.547251885625975 5.713027905453675 5.809514979709987 14.805095445342289 11.12788125109266 14.983515260469888 3.149131122594726 5.5580199496994815 9.628629539571207 
15.846442267411526 1.9752989590180752 0.6876312697809517 8.996598679645537 18.918090861635704 5.028313539560761 4.738340193740999 8.791138800199848 3.646011653146585 0.0 6.792630698784123 11.229963746869283 0.9526230825485711 14.694584626852617 4.962654803035003 5.40664910102374 4.227943422983177 10.70571405290858 8.260404018228618 8.913949425020952 13.98563410982193 8.126387308689925 7.642482559975465 6.956579883416023 11.992484096720212 7.878932994914948 13.799643828566929 5.700832639917703 11.197059937438933 7.210100651909064 10.39469156108797 9.773818943440055 10.841729653961426 11.843501555595022 18.304304849305076 3.430306312963497 13.843669792810875 5.931396259243417 19.69908546610411 4.113956822311723 7.1314824599172315 2.4443656284095745 5.530247966571354 10.94574576468696 15.200127003372248 5.999802611356692 5.429587060132608 17.001113964977662 12.458504681748902 6.374367352204606 11.765087080892783 14.417165227555671 13.787784497043928 7.005436574647661 6.227902671707062 11.088530831531294 8.331956561623878 12.638735301180626 14.148828204717294 11.83496604338574 5.638960582008096 5.19760067565714 8.073228833149944 
4.901029597503208 7.576982704904753 7.925829113123765 5.1840969014835 7.27763273989983 1.857015389563498 12.438378334747044 6.125625541446064 12.633245446725994 11.324073543295704 0.0 15.366806129410639 8.97473058766 9.45105766836129 7.103932130576181 3.7854657445063036 6.843729470557935 5.578101120298971 2.816604304465434 3.0320880078337535 6.512504195305475 9.112883501517649 8.481884039535068 7.66121255080304 8.500657950007088 3.057539955440538 11.260771439335748 14.712590602896935 8.515418725730438 6.069796581931232 6.733458406765505 12.204798031285204 11.865807080260744 10.477447043170907 10.480351115800332 14.404607054853908 6.278471884676131 10.673946023451968 11.462148250292135 5.4253735965247145 5.3124712776608085 10.409022795679164 5.800660504834133 7.564358441485574 12.927567189902863 5.917639340537377 12.634919283788674 11.175266280168778 6.226865916661329 3.167585932157979 8.111363451028696 9.128199976746528 4.633377160642548 4.434227927328659 6.982878304537353 17.324745565317848 5.2676976235929 13.657884361370932 9.115951866595566 0.17776660101001113 9.12989021065528 8.902327718674304 6.084598661287575 
11.073606826063738 12.906449243914377 12.868736101055422 19.179371007023303 9.098954983274938 9.384470257122384 9.303962663005004 5.831912630316722 7.947755040681767 13.075673803320107 17.783108089628456 0.0 14.631806147247772 6.597649267106893 11.875595019378263 7.571557540955343 11.617470930579596 8.962447433519724 9.307732371667623 17.61530529937322 7.14383525963984 7.265483988681009 1.9651241924698446 4.855474156196921 3.871422455562624 11.099651979419512 6.1613182121315795 8.14378856204726 5.643866938414639 8.899346935033918 10.187377192988075 4.396401204531776 3.64231932359211 10.0927705474915 0.340612724524167 11.278438278882136 7.38381619671101 5.856726814409705 9.725775605215654 14.620182204435075 11.974856536221093 16.247704734657262 21.10256272302227 13.440451846780302 1.6601523689392796 16.88918834270278 6.036681262217744 0.6843657817910755 11.967650691452622 8.468257927912791 6.399779498711975 2.7782324323548764 12.934330689541945 12.99746841497975 7.158662220469792 4.930774565765275 10.586899746873161 4.787614311322196 2.5427112382836023 13.354063330620559 7.195582088660772 6.234462441763718 7.13449229352516 
14.56444385668307 4.221424882205447 0.8233400006423988 7.354432025589727 14.712968915751564 6.596526304653942 3.083898535667169 5.958775272079357 3.2340646086704083 0.7499467661918222 13.373761546219257 11.539096967130295 0.0 15.124239277628824 3.7352858621189418 5.093283437001835 3.6653426927495105 11.901583568520156 10.287741647463685 12.349004020798786 16.16955888853728 7.328592996697613 9.639191995526224 7.436821876789784 10.646912499959566 10.330814672872151 13.435220972308375 2.6226579045628666 17.665878443814172 8.618477686924834 12.683789991479442 8.918209420126734 11.312257005206012 8.798137930724423 12.62099021108526 4.350890516495831 11.063509236209256 5.05892466236882 14.190287519179456 4.287518932806623 7.8491447514462145 2.6334675955471747 9.568726016377145 11.904358084798636 10.32845889401437 6.8257309275047735 8.96794999218254 14.687272677814168 15.90468619987585 8.922229519172937 9.124786319779194 8.105489827177976 11.962618936916536 5.122310063874308 6.526500103100547 9.464143191010193 7.656301875484713 18.493931067570387 10.238862517422884 8.460867648983376 4.691127097723104 5.136532789089361 10.161502807814951 
2.8800188292220383 11.153095512008768 11.416456646648783 12.706795745632899 1.3493568859638625 10.499824574802062 11.783012742269323 5.572478085166406 12.046047747615855 14.435286344533392 9.217295096685255 8.195877339615691 10.463529964521063 0.0 9.462796596732833 10.438930241340454 8.074599609896701 3.634108140733175 6.78699203025471 8.152634229114405 1.0019156083569798 8.0396589322736 4.865746569455813 8.105689639229093 6.509796151764192 7.976571275675722 0.1282997684425205 17.785090074543167 1.5125529015168921 4.227045946114719 2.3650931138203024 3.757688112269107 3.6294816002306884 15.236651885082052 8.624049148414546 10.77744110938639 4.559132845191968 12.303546469150072 2.339541594029314 13.126719557976493 5.96909025202264 11.639138446701107 12.312735338449631 5.214069691947834 5.749173433645298 15.683437966341685 11.29086104687034 4.3448958721582756 3.82364749407476 7.953586251773025 2.5336932155845338 4.030500524164636 3.5915601820396046 9.294615313563483 7.430431718767572 12.458849559071297 4.985622184852618 2.4344978733340255 5.48316349947928 11.23095555999717 6.004545877255712 5.428110485102564 2.4277430216211817 
5.487105611476494 2.299024707941636 4.1846008051160535 6.686959397418083 12.78553148468866 3.2458736155402597 7.875503240399232 4.286684897423612 4.565864941115139 4.6363864532472405 5.5215011349283385 9.054685766746184 4.988054061343133 8.938643328243211 0.0 2.38987732231888 3.6067285721187456 5.0246410443762715 3.0074795484415295 5.748012566008107 9.728371053375355 4.581095614625473 7.241744569971116 5.726234130777854 6.733455275436691 3.050776465717978 7.004556606184047 6.334407342892453 9.517244797732499 3.8534852591468667 11.341339517915987 7.968503506114019 11.33865130875106 8.463445919096916 15.228217899528278 4.520668837479292 12.187373543824862 4.0975981465441045 9.12073542797123 4.253625831841834 5.539039206566343 1.5756132775647933 8.76062952354103 15.36412732908653 9.711660533614687 2.7012009889557715 5.870377622643618 8.526476696302336 7.807525967597035 2.7620021847039378 10.754616048798237 7.093860317538307 10.793990720648642 1.298341015175866 3.6145335970867825 6.064916972788861 3.7609801843004798 8.33688489710197 7.329928981526799 7.7113664094207905 4.650891885481555 3.6644429729898538 9.773590099069624 
4.460668265581422 3.227339883799643 7.524026288984267 6.269979938333348 5.819989024953938 2.79176109185587 7.377461510533272 4.033663023220344 10.849296065729934 5.513893555487579 2.781295122746797 7.4589829790452065 9.740646958628174 9.266900415249857 2.3250152935116453 0.0 5.282172106235371 3.3057496541212057 1.6420395876075529 6.209320528352838 4.636079987732839 4.207344665081001 9.981742278447395 4.836493341803203 6.95324919353756 1.3800465526893155 9.660896518522135 10.742947262428647 9.897441846916871 3.191347288194701 9.33641679591993 5.0504702343828605 8.566427378624976 13.080365507176374 14.435509300821622 7.79858632714759 7.696463674488011 3.895793314355446 6.505714864081969 3.773930530230163 1.7410781708572545 5.834429674298157 7.873941912029577 6.720064118666291 9.856611135358078 3.132492742882765 5.527570702368156 6.711986696357144 6.905366225880886 0.646032438417809 5.5865587163078985 7.9008487919717325 6.192900666251761 2.492228852359526 5.632741176748333 12.666119415021061 2.138780828717517 12.401271266928026 7.347016542213006 3.1022275648217157 5.2556973071228015 6.386014770783383 6.667135618505451 
6.832742806409467 3.5678899888465314 5.209052130233096 10.42059611683419 11.639030312522156 7.599307596413658 4.704545632276551 2.861580747972414 4.9178149634688335 4.7503311275612985 7.123074250263061 7.139320609865307 3.8343274101862206 7.154874910724825 1.9523033802660683 5.877482830704691 0.0 6.173505086604419 5.293047294696363 8.571704207221469 7.50178986489895 2.970323221771815 6.005134726558644 2.5151359962833597 4.289339326805817 4.598743657375482 12.16522738083966 5.695627514921953 6.068457390543794 3.4746839072903293 7.052046232813245 5.698837970905759 7.277443300916017 4.746420749342266 8.906899196130588 3.5197504620074618 6.562483109840267 0.8319151899812967 7.6418341686776605 5.053826930637192 5.516265738661222 5.939226222329795 10.957946770522575 15.516537671932582 10.206671174287987 7.082024778372793 2.4323408306788723 8.954341517285007 8.190364750413796 4.660006709465807 7.969025111842903 8.47723522144658 6.431453316958729 3.8537942427225147 1.6862870386621123 5.144242442777412 3.27205450408216 7.985747442951968 6.222803504012525 7.341587982351172 1.1327125361817136 2.3125611413855016 6.442681438498154 
1.8722403745531777 9.398896939626598 10.93195931592621 7.6226404492773225 3.7095716639421186 5.6332645987631125 15.617205878440046 4.73598058931081 11.19378920253348 8.953678799958391 5.792811615891308 6.527280654322077 11.406090431684149 3.9392826053732697 7.290705729688213 3.6253972197952518 6.327250689669315 0.0 4.598216389049555 7.219319948849037 2.079411287382387 5.065060968747202 4.788905155898825 3.8138545351231707 3.90173094392187 3.506521210969191 3.7262457719231086 13.673420111087577 3.2799351979792246 2.8203292970246556 4.663395641246572 3.0454491728516357 6.542156244864547 13.346096274584701 9.213512804763173 9.19470949442262 4.176569369832908 6.927933487460953 4.113223839627347 11.315024216606144 3.1532888428534562 9.328845327428734 8.208733928697535 5.639096036228553 4.7915706740793125 7.978190161614283 5.670003669879479 7.849233363929655 2.3844918813106855 6.997341104703988 1.6850208123678803 6.9859937827327165 2.5931416301052903 4.578544850707194 4.511592037430305 7.025981208282847 1.7501773403005294 5.356467232445472 6.044307285461706 7.685516342022174 7.5633754295552045 4.126882724025797 1.2801312572834718 
6.306662138129921 3.9527681742537935 6.418599651924305 4.734271919766875 7.508019581682689 1.5723340737427813 11.290584695476891 5.376646337640954 10.08204069480083 7.750300193913382 3.369874887069323 15.679055678607241 7.540355365696485 11.547749528226454 4.938590073460331 1.256142369231671 6.026059172216125 6.512080139300249 0.0 3.413709354075177 5.583986106761353 7.839866843083062 11.836134220478076 9.265410366929313 7.908177958782435 2.7721277645352824 11.88556986464787 9.971420914199475 10.406492949295837 2.6179312657262517 5.67043480657931 7.518122108268764 15.566170556137472 10.063818348566642 16.87900231977132 8.350704332600078 6.59038517748195 6.116220450612956 6.556940247491989 4.3680785049690325 4.090083186096359 5.452830621512917 6.179123547981684 11.34058331236643 11.693170830895008 4.178074891757353 7.050974470722855 9.946099784773658 8.465320337596282 0.9803309737568793 8.71657083285843 10.186146720867237 5.830345561455152 2.0947750595613197 6.449772620504558 8.441594380109398 3.41515361372909 12.62056131349523 13.255692649177849 2.5056240047720455 5.075911212390726 8.039097320148999 6.092764817412227 
7.700294673688035 5.265977568894534 7.2438331550591375 2.025251193572163 12.263192770577984 2.0740543302904326 9.18300585276482 12.523365424780762 8.338001225110315 9.727126972067683 2.2510670807136783 15.916557726398025 8.758747326332925 13.00277520376763 7.8490363599875925 4.648548663160462 8.890691223792672 11.278077382904248 4.398636479950886 0.0 10.988233133320449 9.72338802941373 17.509779400534043 12.236010034128679 9.885277087619613 4.61708059583286 9.432250288678365 12.029531365247044 9.142552934999214 7.046339276002389 8.737012610363443 12.425551572280593 11.30823558988899 14.113904852338443 11.234986597560061 12.342443194984053 10.649238718599404 12.499748804816495 10.865073820658326 3.8825871676852715 7.413403794424955 6.555279151025084 2.0568987285411895 11.472222921305127 17.19670314286084 3.062824364577662 13.995268680308996 10.87180863831728 7.993962298194356 3.061245416728826 12.830811753456317 12.030438338659568 10.007048089873418 7.653331135531684 9.720412438732156 10.858283210193663 8.911318228077546 16.190554471050042 18.01106477539399 2.503049970114421 7.266121838390013 11.82572603754421 11.335096143791656 
2.1970085906106593 11.326036461831006 15.803066262808652 8.916360921285904 1.4440326122781024 8.418463388818214 17.308347578850373 7.5551813615141 9.723200563425587 13.008181572842354 7.490842424853194 6.293930750771998 15.345429238236934 1.427188400487378 10.711662244046984 7.797055777705808 10.248953751374001 2.5775424601366583 9.764047863830623 12.892152037934762 0.0 7.72450923102636 5.564917273899773 9.111217041908551 5.265215650963748 4.104096860281781 1.363189940095155 16.804342259485495 1.6418312197083345 4.861003809129981 1.4469895372879578 3.2492310613015274 6.6073079205958205 8.79101170310102 5.179226902326949 14.4434213273394 2.3722009389239074 9.105914105020704 3.369913633642983 12.508349086282855 5.839073414651937 9.033197831715286 9.925621219640702 6.440051758618169 5.073868985559966 8.575223164087845 7.289659485331249 5.702381374760227 1.9177554576084899 6.771808923648859 1.7958323835316492 5.045738409033976 2.753739860701296 8.695349076220474 9.06872352501681 7.99215764714648 4.930545335827432 4.434944396436599 8.492278634251527 7.410373029010349 9.159358260347025 6.001147352279907 1.7859290387860514 
7.246978831231554 7.814477761846653 5.516000809212167 8.408331650709826 6.9984672805961745 5.851439754573041 7.732055245175231 0.483001264817691 6.9107459393047375 9.408593462114236 6.33653227633798 7.954328891033571 6.076474432580227 6.018982581671603 3.999332798602591 3.9334248029508525 2.670612423202522 4.36119485963153 7.9230924533784215 7.255814664429098 4.7969220658587 0.0 5.595733488179915 1.0445351052498202 1.11422908623587 5.6050263048898366 6.293197044443545 5.043690345979317 5.508479182253928 2.6224396982616223 9.445922478677499 3.241736507751413 5.915255513818872 6.6121403650411645 5.490477012569256 7.130741821325524 9.381663005917845 2.8448248717253777 9.415200833946873 8.500268724789404 2.8307168761877026 5.5468584220539245 9.213572213061273 13.991218824831718 5.482816844330905 5.331394972663457 2.1637914642703127 4.5647552669188265 8.92999832487537 5.755884259850646 5.224506293790605 4.464958502364907 7.260931152356006 5.08953590350416 0.8587168730149632 3.606047251221365 3.3337446524892815 8.804404042983371 4.660605130755914 8.51249646227171 1.8120706526240191 0.24157573799500423 5.919402586890694 
9.903046140827836 11.988637128367632 9.78081861406792 12.956596498810983 11.072879096197255 15.390137422816267 8.579859932853427 4.2114992848676485 8.683474265405795 7.919325052720751 8.878876324745502 2.276241495591218 12.71922313119526 5.903102438904789 9.014996162974 9.266940070631993 7.059577336147139 5.11327426658291 9.448154427526731 12.218129184949058 5.536654336846253 3.6128390756065967 0.0 2.9456772559433375 3.2006152238858308 9.296569940260405 9.234436751311053 8.345366494041087 7.450757470708561 5.719188370348844 6.608253674436282 2.304363869407566 5.488718690146047 6.5171019633165 3.1219207241402773 10.02823694395262 6.781469751768829 5.987739708248638 11.456599074824396 9.140178916714964 9.410676725210756 12.575797503511698 10.63282274071502 8.623409699337241 2.894421815051605 11.912612991005807 4.64531690915699 2.1393321924086903 9.312923531317502 9.109321943192747 5.940855712328741 1.5623958576755679 12.744618030562012 6.210714655490238 4.60957548107178 3.7252556943041557 6.645627616478486 5.724462478758291 0.14484192646489602 11.28018574164502 3.523877272217693 5.353106254508653 5.690477186368281 
5.878941251473513 7.838838898744495 5.47346635925209 10.002012915779336 9.843900780500984 10.677123089800862 7.7845401266519705 1.2533444411006713 5.56805398329388 9.133356773946154 11.203998584890448 7.970492081810427 7.340689859583409 6.59343164863947 6.45803447011433 4.893803917735474 1.9851940043348755 4.255396824899763 6.334354561475983 10.792536006691595 8.789990812699898 0.8658457651495224 3.110071312960699 0.0 2.0693948253367416 5.539860057150349 6.784767340782072 5.793806745092776 5.545945306120205 4.427637292802478 10.206152031553678 4.83401218244089 7.469365312554444 6.755905690162471 4.907229860107063 5.632085052504708 5.908096380742092 2.003070453112114 9.967778102254263 10.046840659164719 3.9238719918955587 7.54275804936645 9.572077473891643 13.321007045444524 3.8942477459460587 8.541889829408426 0.6069907339439037 4.707767822904368 7.084420201230702 7.633265060487407 6.7645564942135135 5.5402303782963465 6.291163742529305 5.6421227576147075 1.5041741772588382 5.13456692463887 2.75347259518855 8.024736192365351 3.3840738177317067 11.612950625589445 1.321977472705673 0.6346567289376366 4.0756701201508285 
7.179563547542141 8.41887295122481 11.238110698020261 10.069018499513824 7.059495629554677 7.826473228914683 10.578162751589117 1.0984034522611996 7.916291126610471 11.55084060494537 11.293374532772287 5.655628168523291 7.84791323346677 5.642770278256992 6.6765928468212765 4.4498493553835345 4.368949201140656 5.0052671979344305 8.190825008745346 7.521486995780616 5.040078415623745 1.7044381687667909 3.927338220482747 1.7958320259604938 0.0 4.551219227715226 7.38121025014957 8.79024998382702 3.6991729717257593 3.9688881587565277 9.552255884853128 1.6608889825577053 4.078325742252201 6.712154398694114 3.811089379776367 7.742541743065002 7.352178215019437 3.472555104478028 6.784043907262291 12.101711448525464 4.0559407602852495 7.278387129196435 13.25475107116906 9.972889704344587 3.463185051165837 7.600118467500614 1.7857065294107137 3.006545436617394 5.8295094442433495 8.331731424926474 5.449393264784677 3.3332900228191322 6.972534773503224 5.2076866196822085 1.8163485531784478 3.138186172976506 4.8331437169915885 6.139142384452498 2.7097624636024795 9.806451961189543 2.5102435400993492 2.4019422458890203 4.33251240309923 
2.678908219042713 3.7211750622008513 8.247918922453305 4.6854719716946125 7.637198159984452 4.110093254411083 13.921511883383676 5.013648051451387 7.244170051217745 6.193606034100902 5.1241350853277705 6.88407685947465 6.163954555085906 5.1597962059950016 5.30572052336235 0.9708818749486077 6.091283563766506 3.758503160731754 2.878802486086694 5.110383486522753 5.555333955563661 3.000656486297366 6.007108256946102 3.628284672325776 6.4686381583082255 0.0 7.835363172054819 8.898932698087851 6.147263413324004 1.6979282458396034 4.450287362747871 5.685328556228676 11.363498488532525 12.295277884941921 12.983054882938333 7.1036367658432695 6.22986052570481 7.0500141810281916 8.497653266825559 6.498069503517019 1.1954204458955893 8.1645624198073 8.796982495630267 8.993678340031437 10.41057539729157 4.195583643381099 7.418730755521151 7.716385745227561 3.663988106412918 2.632107692539288 5.434168407025412 6.582907143698991 5.687315469550541 2.673151856510264 5.591870375129419 6.513709358452332 1.7841107287307425 6.718383046894592 5.415358464060471 2.8928273782405887 7.372658799749043 3.465855546319851 5.542778587293853 
4.50554455475268 12.433422395454187 16.081309217439696 9.568652132007916 1.402018713668409 8.839882037441898 17.46077674834065 4.888454876361033 16.060640209166944 17.53660388392087 9.467878677495682 4.972957057789323 11.436533482654015 0.16737890172897896 12.440359776973732 9.322523785680382 11.811206497745552 3.2870319573915165 8.58373195968598 7.862558558800256 1.3711616309267658 6.924038879761154 6.80749467671215 8.186337952931424 4.5408166758413575 8.195940092232615 0.0 12.194207886550592 1.4084684857995855 6.91518117570587 3.108167642027467 4.632619300404735 4.005164546045496 8.212835747600845 4.912264428453897 10.950716299316332 2.451991393597696 10.505914627953127 2.0431044737137123 15.109902743059472 6.4519590528343 8.501690867416297 12.354915994050177 6.607994659603834 6.085717995435215 10.34104783193246 11.002915748679829 7.670578211089751 3.7174064440703862 6.757886786450271 1.4202598260718868 6.562513492168799 5.572029987313419 7.301974110215032 8.905652958241486 10.153075863716222 7.7802335412111 2.770480618139048 8.83386276968304 6.1774943986494995 7.6788528314710485 8.345147751297551 2.0590170464776345 
14.333643893796381 5.50418717052092 5.560876373950391 14.203356938125168 16.336438318298555 13.719621614138365 1.5776041904180893 9.494514524021216 0.6458247772296132 5.683287520785383 10.781529877120086 11.225662604604178 3.167442404614226 12.099774809477086 7.408589712883546 10.50894247398081 4.354140233277999 13.897659884781817 10.292008327702977 9.44423193227003 12.67407188094609 4.760386144664806 7.763848424750256 8.103669649691726 9.201171623257377 9.620623833645993 11.594056491790509 0.0 12.086902654879793 8.324856837677865 17.43856936646621 7.036483435259871 11.727570994885095 5.074933438914819 13.654837251348399 0.21277366542298753 12.320451848992679 5.581958839552785 16.722807518040014 7.62092272829179 10.75282497007866 4.740995564873252 13.541283194714566 17.072235140165276 9.205970911800058 9.462316955701525 4.579189951462063 14.638191714968698 11.741142430236243 7.130296717503136 8.2963434676623 10.792691553980047 11.809896210641057 8.059039604864243 7.435492578361172 4.683410621247045 10.18391299337852 9.582767440778062 10.094424449417831 14.089674890723462 5.017458506418416 6.681428173612886 13.905599290563146 
5.75374548131385 12.702271995412989 8.653623448699262 17.39832973600392 2.439971303709321 7.167517560333615 10.391443503087432 4.980556433858377 13.094491329553852 11.98866376075643 12.711502591624374 6.231559578813588 11.952839713630143 1.6418355522769774 8.238618241461733 7.118465354047239 10.197780045220377 2.765485128476006 10.060588184635174 11.68399054668354 2.907538645417309 6.970312186638681 6.3986899725610975 4.912068819111174 3.4115440229854146 7.720568955565765 1.332761404066913 13.472288976688837 0.0 4.704065078470192 3.351442634822811 2.669329165270317 3.3020535908105595 14.08514000806882 4.552205033194639 13.504535221838122 4.11483567460958 10.006402935606179 3.7302972311467677 9.555398757781393 6.387695944333659 15.24643297363197 14.067939937072913 8.906072549487801 3.826845454693006 8.661010212391504 6.135095093898142 5.126259432879105 3.914176804949684 6.844732591659088 2.0757915870920454 4.443276381823323 5.475490483606341 7.994989266752167 8.95766901184935 8.758976772213375 7.119842239745808 1.3931600263404482 6.990293349419009 10.718358744949354 9.104395218932991 6.050880361742625 1.3763190778492391 
3.4856631082534424 4.2159716662741635 5.271499611098758 7.409069295180121 6.978640932677944 5.182513664919952 12.340488185523483 3.131284195164457 7.4614459099064305 6.005383623530721 5.465526061090721 10.752262670353776 10.451073802476731 4.604296040999639 4.636116521309702 2.6987780722913346 4.419069779644383 2.105843881725259 5.17396062266827 7.55960715326348 4.6509195064003634 3.4979569280760296 6.304789617009723 3.747140163036433 3.100836350015906 1.2049616323786512 5.9170737354233935 6.178760922743164 3.808024970157092 0.0 5.353577376896161 4.151955863130601 6.328686190671256 7.35912870711306 6.278266236884981 8.73299989218208 5.387290226961799 4.209807658527181 8.269008103191094 7.355328785540499 0.5261124056630732 6.770022321655578 7.730163506709629 6.097351957313509 8.322652432185787 4.137450697693422 4.256733169439808 5.648535036292936 5.885961675925705 2.702044034519723 4.330250019743651 7.583149109547926 4.495467305524574 3.6062823059791396 2.2728285621359836 5.670923721545921 0.1744591054100261 8.938590710960952 4.551721734018222 5.5356750527796965 6.594629271546776 2.2807408865020973 2.608166430076633 
1.80979087501983 13.87880823768603 11.867259855748273 11.788307806625618 1.3708703280534198 8.764852465946145 19.707375671756996 9.191846091904786 15.913185084306214 16.651067158746756 6.449820953159741 9.586507967328721 16.479712653272777 2.0544676025728217 10.543886926305788 8.126570179510544 11.658905936678305 2.9903435349281895 8.736886700144229 11.563616256682543 1.7234102750626294 8.721553674388861 8.496291186424447 9.645064916178992 9.3831235178369 4.694701150670657 1.8872779656695609 13.312494193223065 3.431265938699308 6.180199535764059 0.0 4.770505377621564 7.47168242758861 14.873369003035261 8.49499440835583 17.828401951155108 1.3882732207156394 9.887294766194358 1.1017307218886703 10.831825867853912 6.90027894855845 13.035812014111094 10.20051637534599 3.260449149022949 5.548446382333121 13.28916018327935 8.65082307750409 7.854332086634165 1.7259488942053727 7.184578742469762 2.5409298456704934 8.952546643774982 2.4847440280199162 6.285474997882124 10.35216296168408 7.848838799062911 5.560491473458509 7.167211884237403 8.698954117012336 8.189629081521456 8.223597054206458 5.61887607930609 3.5941614976811214 
6.794545651795201 11.172831550843577 13.261461064024605 14.57650324553487 5.182806071494787 11.077231546673524 10.464508441256232 2.199637366257172 12.230951157276552 9.34467733213913 7.156088260470005 5.566995375531397 9.347370829157605 3.694497665156885 6.715273355782089 4.681794959802006 4.475308422337324 4.048247405665706 6.224382760811676 8.822479291804068 4.839888200191595 3.9920202231680415 2.7576231894577052 4.515256286253567 2.3402247340314677 5.3126677163092815 5.506561256060747 10.849307069128676 3.137738057273403 3.322128122516121 4.510117401902422 0.0 4.53482662245859 6.550159885569448 3.5410005356552006 9.971339884098311 4.382014640354339 5.429821139781474 7.5168708420569015 11.976916812604806 5.794026928492382 9.116293106464212 10.281772789303618 8.288437330896501 2.4801956707507 7.4785045863651645 6.013312777144859 2.5247180762807497 6.576269472653225 7.806625912162766 2.2850260098906596 2.0001996204730577 7.986231597206683 6.790920740693578 4.6919130133237 6.74056286757439 3.6601711691325303 3.244546566243688 3.284640319140233 11.772543147733924 4.2416776398259035 2.677621171496549 1.7217886865514227 
5.9091175302865 13.36862927634556 13.476513755525167 19.2811734507247 5.754251986757114 12.78185691404957 15.819339607407509 7.802908347579214 17.052752497737426 11.00391516662911 9.626250789235549 2.455425248260721 15.728202103435109 3.742725320553812 10.522641875288492 9.520549430658004 8.839750169380789 4.770917666505142 13.119302139935545 12.495429370578716 6.114241617272193 5.5168850819426565 4.2973950683233895 5.964175799762134 7.491228106274394 10.01777862537649 3.0758454919033253 9.470486897715565 3.175425991077293 5.377269863135522 8.169859164749369 4.04043745811615 0.0 11.323761286781053 2.5797332743014785 17.376599031952452 7.335822983522231 11.205675423763573 4.348825626949631 11.935028522018888 10.759077763023077 15.075293980541629 13.622453888839846 11.941515688719111 2.08457955519058 15.30444872525636 5.745874104168509 2.524599513056142 8.988572315567112 14.57602071165848 3.020769393151449 4.505266514091692 7.149669704760441 9.02756098806342 8.854752554446035 5.557481573773307 5.984736445703286 1.0280065312157038 6.412708233158876 13.744419789376998 10.944988439718134 9.155203990875503 4.583455398546126 
11.248131909934656 11.230364806279063 6.319797163679146 11.535196284417257 11.607318223707017 16.015148226549826 8.467338217831362 7.579799958957722 5.072324377689124 8.713018829714848 12.621861846722947 7.449167990658737 8.21898691556259 10.628800887571604 8.953891059112706 10.947571859651852 5.583990568580199 11.664123658636772 15.71202452264905 13.932935079710278 13.649472126735375 4.931309394916322 6.492774760312663 6.0141722635741806 7.615838529782371 8.896817783099866 12.97682396948679 4.727716492963859 8.733458846013859 7.760328210151619 10.199662221960157 10.390735496754125 9.21318135819281 0.0 6.4847934653199015 4.400341774454876 10.760206488263247 6.157960894177167 18.69261769440193 8.354008553543968 11.155846092988472 12.323049125954089 18.887795414328714 20.900229827881777 6.382745823469957 9.56866731521037 4.436784457728084 7.690857785075748 11.717374496691145 11.266658235069348 12.169753193415838 6.393663591017644 12.015438883006512 11.218246604473702 7.0836041322817715 1.7152166509307432 9.446868790898028 10.18035132429761 4.685299515606848 9.446187461639024 4.711350842323084 5.463626852351712 9.779379138113052 
8.86921309949132 17.547741177276052 14.413543276220958 11.073928698496296 7.979417122039345 12.04948256705588 10.67926861571552 6.501001016157706 10.860703565287649 13.210076700344224 17.846533718208427 0.2181284412518565 17.27911890683773 5.517610215237134 13.429966471461498 10.013269889799835 6.690971356776292 9.730830174139454 10.101475656237504 21.287648176342515 5.298498901826357 8.886116399651232 3.992372563321714 6.2654581492429475 6.033483433285112 8.143495832978765 6.770112077451012 12.265512571837816 4.088419648131168 10.575655766766236 7.895165913713464 3.6688676661027873 3.8602541095669816 5.908616535946738 0.0 14.20082959648196 8.040716689406779 6.909903590644927 8.609833192626603 12.498609009825456 8.231380638872471 15.00075579902716 23.543435121388384 15.78146245833719 1.9979883829456333 14.956577267719448 7.88695899807585 1.5496086314053095 11.532731120504089 12.089380901896913 4.645856042778881 2.132068677037878 10.932074670206905 7.4252385634039735 9.730442172372516 7.323796385563764 11.122194757407996 3.9047640909105574 4.1747239099925775 18.008945408735897 9.255271100610823 6.597147442966563 5.833965441191857 
11.703612313334514 7.039341344483367 5.171525108748049 12.825030431680617 16.697432876885227 8.701062273457374 1.4803582855466761 8.838233511864942 0.6657462132252087 5.0864076651311425 9.926510423629528 12.851514663626272 3.8052221750082893 15.156477847422824 6.092201098160107 7.662387180156614 5.684189175408918 14.141817498408457 9.609689163738746 14.098781924652457 13.603075224773498 4.814693698147048 7.639727189922782 4.537553041130726 5.768819783659441 8.603987038832255 16.104610129692087 0.337453881754031 14.74678405559191 11.039805381012695 14.665835235958667 7.232058904073519 12.391464376026171 3.6614842264522136 11.547403305613003 0.0 10.16591088227412 4.815013791987321 10.394696341104599 5.561522279325407 10.059575828717094 5.4919423623467285 10.368688426715055 16.198486085914446 12.71147509939103 9.298301093593672 6.438037870002343 13.001687083773664 11.124956799500088 8.661147733818185 9.01239370050671 8.483186991175318 11.563740489802367 5.45295851171287 5.4864409512295715 5.431152732322159 6.078592046121275 11.983812388477324 6.9710487589744154 9.05762000389548 3.248760920714582 6.957147528759867 9.218975609337088 
1.360086901454237 11.999816918748323 13.371966522526675 9.87984028404533 2.7688777913825926 7.430913124198952 16.69281461566974 7.031349010759529 10.721929818378348 11.932182511497647 5.7115510673758925 11.367045209025804 16.27026729360351 2.6220827430393125 9.536133889034698 5.137530604447788 10.414893576635196 3.5880028035991494 4.65258828494337 9.120942407206572 2.7879455146465117 7.785291268394213 6.748783269110276 9.60777844304312 4.8636411830653925 4.694111484588854 2.759055745828828 15.387289783666487 3.079197615333352 3.541470211018435 1.2486642841311695 6.65288480125449 4.929268068807675 13.128216965759364 9.685208658925307 17.01046403092738 0.0 7.29521719018881 3.7133785202034275 12.593933523130717 4.765051967742013 8.80964760694391 8.373460370810733 3.0377397962828794 9.175040555351595 11.856174458507722 9.967170308554131 10.830188783750106 0.4611285168881573 8.735255294956264 3.037817987404442 7.143531365183737 0.8005912009095884 8.991225234584995 8.971494945004936 14.333820797571931 6.368147411631496 4.804786568328418 10.89281477238858 4.195523590231803 11.745447117157408 7.862963899524224 2.8772045773856925 
7.62910376491021 4.8257585732279304 5.898201273948832 12.154367857900368 9.812182143247366 7.279679043509384 7.580328117181181 2.2161389375229907 3.6238563761227223 7.100764782711492 8.583654986531467 7.3256639205468925 4.93423085765373 6.822298466020799 2.947254780084148 5.145524684772805 0.935100088456968 8.575306005899222 8.84491341922843 10.25708135427062 10.777651257493755 2.384648233306579 6.844954649312026 2.35626431092272 3.6618206034789282 4.311141424164653 10.118710659241781 5.623142670658007 10.265145922636279 5.542544910826703 11.606069216011237 6.200553431847888 8.543537094334702 3.5325765433898884 8.150900583705685 4.085929148837066 12.605016131805115 0.0 10.003049207126914 7.5837209978936055 3.8461541690750978 4.85648669787977 12.534580286417771 8.7758374149045 6.541815405083128 8.976929219425582 1.1346367171402774 8.110856242128612 7.517367176742247 7.3968020483995645 7.740987614243022 7.136737842694609 10.542065528321306 3.2377736104895964 1.7981329306699703 6.6471008030853795 5.035499107307819 11.612359035090176 7.531332354544323 9.036846462581934 1.017957728954188 1.562587725355909 6.065561461658638 
2.723168406710946 9.106603045580286 18.268023782845432 16.20473103457121 0.7344483719750334 13.798248482049884 12.996268441512964 8.709574692537998 13.836195793334454 13.178612196042106 6.509099802143711 11.321800551026815 11.671033086409226 1.5160811052183545 11.850216500272971 8.450651436545058 13.473524048338698 5.293103721404057 12.586109269284126 14.86293906530054 1.8602967040589247 10.665342740910926 9.729778601833688 9.502377181395618 6.318976687524575 9.386923923915443 2.6525259735567417 11.93633884296072 3.427386731916793 7.19037473091844 1.3326793210337657 5.261609116602694 4.21813414982402 16.38281663620571 11.631998771838584 16.722266794515257 3.46906951409039 10.360743015638857 0.0 11.224511238725322 7.238065999879982 17.6002243017429 16.93968902677615 3.4488482506207587 9.148837808920852 9.282177604205883 11.82106748519366 7.248497368677386 2.718478212486908 9.311643089815657 3.3243324410191235 6.336663402653295 2.8518257237807036 7.982957415081191 10.432936298221033 13.149982398141791 7.71699962938557 5.393287817173635 8.292232246800392 7.859810772237276 9.303972945400645 6.684190925308149 4.308692551576206 
9.476323979060423 2.4389838192972335 5.258270856293725 2.0140566016597283 12.840770841566135 2.9405557294656806 7.780611525992677 9.238507979440433 6.97988990950658 4.589794401036152 6.838384454105892 17.597330286840716 4.147978533099417 8.26221473119803 3.2262650642521686 3.7813313571132863 5.791111060930556 7.753799581083445 2.5845486795037043 4.311705512685565 13.691649992325917 7.244924540251821 10.777435624739365 6.527222884893174 6.27607806278202 5.233431726881092 15.838522873267742 6.833151835124629 12.38774614643333 7.4114304457704865 8.75854120959344 11.647858013753567 17.155122176582406 10.465129316883015 10.367001221558299 7.756256889463826 12.149549974681094 8.187711124066844 15.585586088168062 0.0 5.677351733920901 3.3920564948572283 5.096651379587936 11.869280015960314 14.638932769545956 0.2825292236980595 9.394177293787035 17.18685875287901 9.36621236209225 3.313671568344807 12.67381582959308 10.599708240984477 7.044772674618269 3.2574227118411327 8.290216596304578 12.536190600682637 7.578717671132461 16.263660346574273 14.419315673012575 6.912551194468904 8.667672840801579 7.903221966743995 7.906695922724717 
4.192718582188071 6.195101983705213 8.330474056258742 9.361741110145061 7.387694820720371 4.7332373133843495 10.966089992178178 4.329359634194062 6.982490231770336 10.56009492011296 6.171181912746636 9.30322223841518 7.31360427981336 7.01693253412481 3.698853415348764 2.784390132875129 5.946231291114242 1.8640574752097272 4.016814719583421 5.364658011950332 5.361909388841857 3.291901702941142 5.255420451280781 3.2374977469244492 5.685435423963253 0.7458327968246858 6.964059577612884 11.57533427581114 6.853629246399999 0.6033366396332325 6.957454885474439 5.059678553778852 9.181297204143249 13.174828173986683 6.878595240889275 6.294116874719409 5.1775192924465925 4.801535215835278 6.540751478628387 4.826814806810977 0.0 4.521086467308816 9.496881009799594 8.930472497158805 9.940684175713617 6.796052869808143 5.31997878489223 8.767934643465473 4.243395894468753 2.7377513566065956 5.092919171483678 7.206122320392218 4.778919683236143 3.8663679065687937 3.2923079854494466 11.25028681929155 0.7846460577737541 9.367052314741937 8.627424490768579 3.3894797929612985 4.2267640299964375 3.653744200840273 2.906915258085765 
9.311572702405279 0.7509701368467415 1.2711410779545398 4.062606474790949 11.606911259641894 4.402623784703443 6.17910761099654 8.463207739832857 5.918229844223896 2.466945112651291 8.679214423809583 13.169649970895454 2.5548696064197127 16.026650158035995 2.128437400485341 6.305972932475873 5.9354126077278035 9.947368061104951 4.097089704631275 5.815714540095913 9.103412608545895 5.476096935212128 10.621084862150667 5.6721671384687085 6.009779035874384 8.354193772907433 9.435928353837381 4.831023291806706 10.080502643634091 8.602468705970038 14.72344045252212 7.453734489359014 14.117758332602776 7.20320636083505 16.741665803707626 4.637985274524679 7.7492033735495625 5.3071156116648055 16.07794622680236 3.8441822671008037 6.379033239650774 0.0 6.227845781096407 13.714617260734695 10.151056332803485 2.241164160168898 5.778505078929199 15.529235135884992 8.905844025508793 4.129363058328009 10.75172047876181 7.821235104517472 13.757643997850185 3.627383239690294 5.205338916430008 7.42142225614063 6.387360832828584 13.338725159188654 9.021192026820877 9.521770625773918 5.00862819551713 7.5466596176104375 13.69118595661033 
8.566902627327899 4.723722263300704 10.558752601840803 1.5808823669568044 14.508585231773129 5.357166906393165 15.18998284751667 9.023705537339165 13.549717185260459 9.552875407295474 3.959652361784619 21.39902343794557 10.738982486242383 14.664078397452416 5.108732480257753 6.280140924009708 11.565893885853937 10.34519131029981 4.548494593173944 2.6052625963076186 16.389323564844137 14.51826632489597 16.7630885873621 8.934972637718964 13.637325392631414 7.797077116317865 17.15284565895758 10.252288385828768 14.213015878292826 8.185254427147498 15.537940743602597 13.22515964997647 17.827494103034567 16.142316074178257 16.381057982942956 9.626278929952337 8.318034969890295 8.96270645185786 17.50385135296434 3.7675756856409626 11.348488685684803 7.851154475592138 0.0 16.851294409794395 20.292964652018536 3.6730857590783503 12.152911080667726 17.565291612724764 12.963917992528867 6.8288990036485275 15.89925457335944 11.84965509850664 8.924606135415189 4.916223644199952 8.444732654815065 10.783499582289418 10.686376695975822 13.156522318670323 10.496389949493263 3.9032894352286083 15.263162667704638 7.761774430183835 16.033580703832506 
4.39746676290607 12.182188698030174 17.00652496456034 14.179946708667558 3.95848587653094 11.810500743161876 18.998042339992868 9.961532239461333 15.601494993081563 18.527935948113203 7.744529939711638 13.699104077587528 12.848206680536144 4.093640902269019 8.830143887095245 10.744871845017387 8.362368231087945 5.303108658412382 5.967837249526559 7.529620376777792 6.568765028961389 12.919476352307766 13.848920704637933 11.469574769594743 12.717528875691293 5.1543794982307825 6.220123313447377 21.594500546900363 6.821324265534331 10.202256747998529 3.909024826193664 9.526451413653827 10.68028305869835 13.429103354913313 16.395472570277512 15.038687318578292 2.7239282757610788 16.48877102918524 3.973965972461765 10.019942971102672 5.014028046802877 13.912444367260283 13.304924444028078 0.0 7.7545257430524135 10.174346700871208 12.015964192002578 8.70316486620573 3.559908424348869 10.468963295841007 8.687706108374602 14.002085299795496 2.2077118778398637 12.738417028990796 7.557506634210383 14.38316550560349 8.33201420103874 9.505807577155206 13.542984889556164 7.0502604899402765 13.233994087695695 13.392900952016973 5.242308472943431 
5.899348743160424 11.686784555461287 14.5990432099415 9.869376920608097 6.321734023192326 13.966526283622203 9.282775852425022 6.671151110795641 12.544366117596425 9.53933438758589 11.307167366812418 1.3597073166893239 10.173957849631677 5.904401057604608 8.66418739535941 10.409686679312856 10.109517851359252 4.8555759313272215 7.475385073966852 15.605097652262359 4.508047630513193 6.9287230280799665 2.4685567211338575 4.658986590733633 5.259600330568224 9.018519202902644 4.67075964468997 7.734153040954389 4.084004432114854 4.927151796938893 5.462654954031376 2.927466145634928 2.659636102663532 10.0902776420164 1.2659377389038262 7.566802066339347 6.909238701667798 10.014133612782011 6.3849047811013495 13.547746448315966 6.68358049512723 15.3113841490532 21.572092491528057 11.348154843388603 0.0 9.861533026191188 5.443065728652913 0.42995055651905933 5.3042383254977725 7.4723012023764905 4.437407414791521 1.0371527701616317 8.151439792973344 6.307562429219951 8.833354114446095 4.039634987157443 6.009228594575189 1.8972513455908306 2.6388560318163536 8.272081960166421 8.128520964068027 5.967544049951173 4.515715301745748 
8.957778504346107 1.9918303259526207 3.2502280869021125 2.3412582382929767 8.286546438844635 3.3806929227120284 10.05801023148708 6.139534878339155 8.293061607009088 4.309345386726473 4.556591507785543 13.592193069767568 5.699390160632545 12.16263883529028 3.4247315240996112 3.412685794162971 4.674991119898057 6.244878457220229 2.4646607499350592 4.570258688929967 12.31730322735155 7.524975625922021 10.772091003025992 5.537451954518717 11.99398552918121 6.128025090345755 11.230234988153226 11.152393084186674 13.72531793701173 7.368604012575195 12.847763961278527 9.666817170891035 14.472600808612706 7.986161565942674 18.952099422956064 6.207462695567575 11.956451192742733 8.107338834647834 15.338066383494372 0.31908757477064786 6.7922266059301535 2.5062304507126347 4.940467480083171 11.934514307283289 13.609818882670684 0.0 9.155808476020702 10.07080143395232 7.225689248688139 2.340366986904575 13.332674323608526 15.210705019587735 10.07644877408665 3.328545248946255 5.83483654333711 15.147354368054824 6.604759244576896 14.729025633645051 10.543535971629804 6.580439967457471 6.6911771860544915 5.185510706625349 11.47237226622563 
9.349583526796406 8.194265292086692 6.060695415632921 10.556253389882476 6.743338742236282 9.581382320736175 6.096929696794534 2.4836988446586927 5.156445141268586 6.878857903724697 9.671422127567126 6.305134878491005 5.395979567707345 7.732647784052179 4.720180659833748 6.115113884419786 2.2846240698713274 6.355126601069238 6.773141309820086 11.594801659638808 9.39692042586153 2.3340776488142643 4.519899844518159 0.95746730840437 2.4754687767825034 7.184904487736617 9.491769706757491 6.572916479931564 6.960080942973151 5.337945230440294 12.478676547181378 6.2499712733743005 8.349379573916316 3.0268941114519343 7.960034503297944 6.777039627131615 9.3874659494195 1.5055923939808922 7.437180510140635 7.065237063635835 6.010603688384005 6.182008513530583 8.79454820721355 12.926168268603348 4.717856821080189 10.559706168114658 0.0 6.119168384954529 7.826616285509187 7.730285719179934 6.429232558767537 5.268173468050103 8.936498463028641 4.979027711868295 1.998645032913767 3.7042798130281627 3.3747247436984087 9.544760469892736 4.935787812641351 9.597373164255792 0.5160783104869534 1.46470509537359 6.089374762362483 
6.793590181077825 13.69286952986537 11.179970733945524 18.695772177416643 7.601698102917062 16.0421639142315 13.647697617664505 5.780497963056213 11.825728118755812 17.14198373057755 8.811282625941539 1.1426376922207173 10.5026477817488 4.250087159837548 12.899274182440877 12.420416935794316 8.652250880980791 5.29279925086085 13.559225905858419 14.472317206290441 6.5260440635524954 5.28730145375369 2.310571011962085 6.426828297557561 5.185415629892188 10.91505902059858 5.476988029734576 11.834287357322582 4.072893680640544 9.60699043801306 8.633369604838396 3.4057789242033207 2.8561153851040304 8.292331801832002 1.5345083197386455 13.515826217039066 6.455729808735638 9.938855306799407 5.675419721280306 12.594808803868473 6.144773717998286 8.70422301142344 20.175801148608635 12.229171552664333 0.45101197093642126 12.329756230222085 5.071717900893891 0.0 6.740869188021302 13.374521566211552 6.350627307905497 1.8181136504340338 12.825824803960632 6.658319683213005 6.7018866159249075 6.367121163969609 6.499359472650887 3.7157020604692246 1.8002835197515452 16.31483447068205 6.095756314347403 6.5258148680051615 6.186168796527023 
0.9084835117929997 10.311098217385132 8.220874005774705 12.946919040078628 1.6084539288246509 6.799680537176727 10.09615763240622 7.0450795275621 15.459346191251528 16.08313420850458 4.933209487203301 6.225510764201971 13.877070012143761 4.117495073849095 8.049798351213665 5.249097220321069 11.198647747603225 2.288217738009973 7.441742279123783 8.014289643422364 1.9901032055817032 7.177961654315973 11.052484597836518 6.78336762723529 7.327589149836407 4.351019260685669 2.046292528394602 14.868452103800088 3.0432154500712723 5.89088287282585 1.1664634531240232 3.5811581370589267 4.510789503449073 12.18728443529131 11.269388816645343 15.329733406313105 0.7336444730648222 8.49758787277317 2.085827385472412 9.481865134716369 3.64668660762206 9.307054042324053 8.0114227376868 4.961764569594119 8.731040432740295 9.982888530762505 6.233126771940581 7.474917716065182 0.0 5.029447949777145 2.9699296035414537 5.3079832067947335 2.0781191833779626 9.42969484006661 9.018397312901081 7.766696113771939 3.3239118748546628 4.140711545534321 8.651968727327588 6.4470315185713165 8.596799372713926 5.163390611246339 1.9068185540815112 
4.700042952373745 4.393727210213143 4.760019759729671 5.272437501938366 11.388488960005379 1.9225478252311803 11.593883695841274 3.8532134175751054 8.878620506148641 4.409869161717115 4.287551229154801 9.840003047147054 7.1671666598575 8.531785569161023 2.6673003356764244 0.6810104856130763 4.611896856054326 5.878912748096363 1.5370587394274924 5.855234327917974 9.567809193504056 4.623544253135721 12.189959552458657 4.784049045889996 6.4047986354383015 1.5342914864073371 11.433788571349984 7.280604816230886 10.105727300796346 3.5702224950515373 10.689663960054848 8.642112079017766 12.032491876470846 11.692611558543625 8.387943785509044 6.815450684815901 8.259504077816372 4.498232501111563 12.252978019525646 3.3070967881363003 3.526193670899416 5.2002816407695915 4.495142371435853 8.018294349032889 12.194332895781447 3.173648327143801 5.657430684398541 8.182010386664972 7.912291728346879 0.0 5.905558655237999 6.79480617488928 4.4282800564608875 1.1659879128395119 5.875813479406187 8.580992640700494 2.461396104275826 9.275948640627279 9.91237441727003 4.697276479944366 6.614864773739534 4.595649494990931 8.3159020888647 
2.1696912880651844 6.8411622423475436 11.622616031913994 11.645365900218355 2.8237674361317837 10.33334711265127 10.793153691624138 5.315102560555992 13.445343651833923 10.719770501066689 8.229742091523951 4.138608688072492 9.56770693074301 1.856900697807375 6.52518612589165 6.898056048696229 9.25254403008524 1.476080140210335 9.387167419751698 7.242219001113341 1.5138173643503854 3.5619335435051855 7.173602947834047 5.011122487041133 4.916351863440163 5.260069882810189 1.6644821523805116 15.368232216559292 1.3204339437479513 2.7955495924562626 3.6029166776447816 1.6699439683708066 4.938789985849368 11.884369516717037 4.9691751778059166 14.839944089519188 2.891279927232888 9.582847030047905 2.5390630347355905 9.551521902278267 4.53624843620815 7.886033368278101 13.277671198395078 4.699065380255111 5.38223368590888 9.189083937233185 6.803063817201201 6.951968741395069 2.6148169818290095 5.545536139263297 0.0 3.7898531559898316 5.063500232045097 7.686326988774898 7.184660259137031 8.729518390045339 3.551214777271297 3.140471314003458 4.112049483843369 9.514410222254558 5.121569631255079 5.3088583866542685 0.10042236217996588 
9.138840439343408 8.925145796232965 12.694706798032168 16.84817104054216 8.8075763835542 8.994432349337936 9.492236092985507 3.7526072330317395 7.56397031549755 8.322064711919042 12.353929291144565 1.6478166263018124 11.112571167606802 4.542122534287875 7.850705912283324 11.54040187442637 5.957361058177673 5.049613496511853 8.41795469015496 15.0132975760162 5.801204303449596 3.9118828643540713 1.0200064738669108 4.538066516147762 3.6082631077056453 10.123822099438513 4.816130057891728 12.788561375319116 4.719957092979814 6.0807698966810015 10.329688208637279 2.901894806491007 3.1381354960959045 8.286237615724762 3.1237124851683244 11.222686807511035 5.874646867932797 4.9438880674545045 10.335143233758457 8.553024791398808 8.013874776073282 13.727559920378711 17.164007935458685 12.072015355677864 1.2517075166263707 10.6706688380414 5.0508779336099305 1.0307787930925771 7.552721250597278 7.5568872364949184 5.697487336170853 0.0 10.608928736135224 6.257239721092388 4.658594074575179 5.389436399672348 7.584241792983308 4.9798523197362545 1.3237820888464977 13.149637328054602 5.450376318272164 4.7566717385352 4.312187001862359 
1.1620493845709516 10.116687637346578 8.930030403076866 10.182494824032652 2.5211777784239113 4.6455892596193715 13.130528741027534 6.134784563233343 10.821764926732989 12.194852703943225 5.198361286864148 10.356494594065213 16.656245485732995 3.90511657805941 7.98367833295706 4.5937737502783085 10.129121444908183 4.68131125572191 6.0107709310089055 7.655859678224568 3.840892586450498 6.327777327710541 11.08475234836154 6.5435856534196954 5.778762375863784 5.258640995715838 5.30653593564332 10.574349676801306 6.195963493660243 6.05504474817797 2.5900969294720593 6.747358724644929 9.464000089948463 9.649889199509763 8.01723395207272 9.53610781556187 1.0580322318590485 10.845495488381259 2.7160922265055953 7.664614472987731 3.8517920012947324 12.772540144491131 9.512971734142893 3.6452535824837584 7.314835121388362 11.206199570483756 12.050594413713448 10.380308698345521 1.665234666069828 4.384601691270503 4.555120297641767 9.397201381008088 0.0 5.438862759221202 5.598720145527075 16.010004974391947 6.321481555816861 6.354034690616833 7.990965324772876 4.919705284733731 11.47270617007887 8.546419982783162 3.797357618036897 
4.416943917248105 3.7833589048101985 5.493677624234143 6.025703182894031 7.384469326468828 4.619953644362623 7.565836012258839 4.389761351076084 4.433802448705992 4.036810014291295 3.8175857763401715 11.231653289911218 4.0866028701755095 9.910011301609982 1.161450013452462 2.023170312217065 2.3248070124712408 6.15082016718819 2.046071617895961 7.544153996156046 7.414429760761877 3.902509088860491 9.561732656264564 5.456909154254234 4.555214381940947 3.278424415709659 6.778599199762088 6.073413108096625 6.9527186565446115 2.916815296079128 7.547110406703985 7.027894122424142 11.850252598464976 10.589766771559614 10.559713948458825 5.586033287038404 5.425660921715587 2.886471085634142 7.672992283975745 3.4438237636860576 2.3018645332594647 4.803232696885033 7.194471382203451 12.047926227200469 11.17992442956108 2.9663760582943675 5.3514764515627125 10.817876489185807 6.279383413131281 1.5385933516070913 5.695173789088843 8.470683846913264 7.983416866145415 0.0 3.34094515824383 6.566962308058614 2.2384603590124006 7.554104405736972 8.600229012228041 5.959838070316819 4.65550576397873 3.3580373557071472 4.608191056799924 
4.849056711230382 4.428826132254682 6.119100857254573 6.883277743366602 7.7151239706774675 8.402487392570595 7.1486536747246765 1.117929255435424 3.7905823053240946 4.930697008110741 6.272629174536356 8.948931307611401 7.857552688066735 8.927729622645547 4.750555777472719 5.325704416675958 0.9444732131415533 5.757916692803728 7.9196517851692905 7.181824961123631 8.039331256930437 0.8734044901121512 5.035940585322315 1.3503923570096785 2.9871832414863038 3.7800543871088017 6.1912064865921055 6.195660104661429 8.742329908531035 3.1135914869606447 9.166508956952288 4.9626402177140445 6.202040573532572 4.269845163179091 9.163028665995668 7.6221955779975525 5.471619380175296 1.3633342357567442 10.41352605452947 4.890155632651075 4.72309235571532 6.140052163179151 13.141114850180049 12.347905632695245 8.278155806131354 6.245769875351462 1.897690412214855 8.260299455163995 6.884279722771477 5.9096497566756865 5.53493567111605 6.891348006378404 6.665687986510903 3.9401664292544467 0.0 4.385860612674209 3.8156729130716247 9.861449266629194 4.29503592811394 5.969755343587953 1.3700062808059386 0.6544508291269 4.604581559916438 
12.37323164669419 11.016128903013033 8.540614128791514 13.645602272333846 9.049459460679179 15.17382481680174 10.981478496768997 5.47345132681186 8.305690238490412 7.662597713109775 13.591241786447542 4.093251875754227 12.195349781790647 7.258684754833052 10.236101687183378 7.9861314335880795 4.615789104145623 7.724055422837351 10.996834042018204 16.16103673433971 9.866778468770892 5.6338929912663325 3.1394100212045064 3.988049566488643 3.1490766225090634 6.554012912824768 7.020084156893409 8.810776676721598 10.235869695696959 8.16566015974386 7.9352026202027774 6.7869784900310455 10.533349036363143 3.0375851330941117 4.822453872997755 7.329270393497217 11.17306189547537 6.097860974411708 9.02587527230337 8.725672739233246 8.775997569126668 7.91363949408525 19.932294630145392 19.641212793672874 5.306403982736972 14.361885385061434 3.951533124510236 5.390410809711355 14.357079769947017 12.148591262490752 9.270007606303496 4.881691380980639 13.246930140330878 8.938999760995458 6.4666304383504265 0.0 5.563647718146519 10.4382012686272 2.122315765296056 11.605210579626378 4.390395762066876 6.039350205618921 7.858957530024831 
2.960883599872885 6.733638556621244 5.488537608069626 9.992743748394837 5.521888147851934 3.8724277207225684 11.840172013568983 2.2814042655409317 10.336828333251582 6.662806470399971 7.075094285340556 7.9260463470095495 5.716000105360115 7.585178640533688 3.3658732791206933 1.9152910679257076 4.2318729370582355 2.329114042415071 2.765492716872404 5.754929974085419 5.066134971923026 3.3513236355941682 7.072394344568706 3.752989331151788 4.90714632495258 1.2022393715918913 7.76681335134883 8.400670218407917 5.934603394576561 0.15811974606354312 4.112090280542544 4.120406739743976 5.9242105515299555 10.291324302392283 9.547053582538307 10.703945780500632 4.745669392066197 5.160299222246045 5.629651566990865 5.775576443048256 0.8396693827839663 6.478903436075388 6.634918948434542 8.805714769414262 5.598831142139653 8.16844306375105 3.8324891414438387 5.84282965791869 4.339612589278982 2.634182087961679 4.461698376949924 8.081787566159424 5.312866243569642 3.9911486114001296 4.010702176494984 7.056869709136007 0.0 9.196283130370404 7.459499055114751 6.454751652174347 3.6386181888549336 2.3722959080838018 2.8833493414649904 
7.062678664414227 11.490784992601643 11.946065504177703 12.283727857498537 3.4722488189567917 14.888791753751939 17.553231433033115 6.515860299486474 11.071760594633847 17.052384090331586 8.94969165728425 3.6887131760318193 14.913547303642641 3.857723040525146 12.995476667681432 9.93290595471477 10.086649624698 3.920788051250615 8.490151886844954 13.040511510404677 4.201130933035994 8.332355937551029 4.292735435980657 5.974939458222187 6.927915389075332 8.002504815433056 4.067177368390001 13.728665526725809 1.8344468155184026 6.70985946166733 4.77302231649517 3.627667384031816 0.9070650866989909 8.139818730169829 4.494522321409355 15.803108736312197 4.56953984973132 7.520291668709742 4.948990740224863 9.4871053445715 8.460226301002782 15.778507362992887 18.810852393152828 9.942196423024729 3.080428697625856 9.10652595430674 8.576337399530493 3.893667557384352 6.588006580047369 11.301796940155302 2.823408707733582 3.5199130140462374 7.118896240100417 8.151116639470459 7.5812947641982245 6.001975969253316 5.971646089635666 0.0 3.265588654704973 9.663388763609152 8.213365538449711 7.821918351019351 3.766328182783532 
9.647431432034303 8.90817382457773 11.474623556330503 16.791294446232193 9.362551795412681 10.950396285084148 7.118947649403639 3.3065789290620264 6.775593800620735 9.08679956966647 12.503715441925479 1.93058667497675 7.993530140278884 5.179412618589505 10.015243083392804 10.518913213150796 5.574933188213902 6.7391124197259025 13.543887655640958 18.315899965225384 6.984691536958604 5.37269684968032 0.14969025437878408 3.649205408199112 2.3524538758836573 8.7899207824731 7.577291498126918 9.523444334712142 3.812301747583705 7.313213342049763 6.163326522727745 2.901602721120931 6.29312924188973 4.212447150170298 2.934517551608588 8.714644051764088 8.47310515094443 5.249706181735055 8.60789210732245 14.758803205941748 5.507632897131844 8.697486480413936 14.808053923673402 9.062586530717878 2.578271810810607 14.694629732946881 4.979727413485774 2.563441720450771 11.17397898387017 11.713970761320533 6.082918872394028 0.9348609088126195 12.791064692141596 10.334787277938037 4.645789969088177 3.4869003918827066 4.838228451535089 3.3314797158591434 0.0 8.067628759985608 5.455722675072103 4.997392688942255 4.133865648495713 
5.3282558692631605 6.283546136684573 10.040958329980576 4.682190234049788 10.949137856234263 2.1159706132567826 14.957248897018236 6.164951466215365 9.452139290142632 12.259345460346442 0.19119240767123225 15.111377919651964 9.893095848255165 9.114747018629469 7.5337394101719655 2.639717814198641 10.268061663537015 7.504230125434902 2.8662806461166346 2.5152325653280707 5.4301069128368535 8.390504508208487 10.431368387289199 7.957638892903505 7.569099264128523 3.61566677896295 10.248850034556128 12.042958282287877 9.724781421219049 4.104599011909227 6.516890021693706 8.631971718976446 13.9182035488531 18.446552166408843 16.45697289631498 14.477105774998519 5.98313927023651 10.694331367975767 6.174750663378106 6.890958167712714 3.4245560643423847 9.888418211508416 4.201907603585519 5.98168234640607 8.657431946500463 5.598334109454855 12.170999532548553 13.906248437536902 5.571424905905778 2.930463889339645 8.565395829385963 8.698919454126317 4.194585460830567 5.4351197601160015 7.490813393008755 11.918320897767206 3.6630674538418884 12.650656230184612 13.547930375682444 0.0 6.918939277348923 8.448207245631416 10.290597507633883 
7.500202401384236 6.4842899219223105 4.74163416057747 9.97069437682726 12.313857286036168 8.05559594577225 5.349008809536478 2.5804339453534535 4.065108704630664 5.94268977487243 12.640268015994298 8.687439379175325 8.058864094976157 10.6923585838536 4.346622857623563 5.85802649989872 1.1066507989773098 4.605588603435385 6.771924738375494 12.23129111792099 8.258815168679646 2.418676509653626 3.5119149183436664 1.4215476434913135 4.0694571261599055 5.331134937317954 7.566817184345261 3.8517569252761543 10.433256486076019 5.77192742068106 9.691321025362017 4.950246072344324 7.630557105858732 4.268372675799441 5.803324714783276 3.6784529735611398 7.530221000273351 0.7024394142863735 9.057733126486319 7.773884308690999 6.038847217532859 5.8529204808372 9.850423910895902 13.92398727233066 5.564511105329169 6.611076084879642 0.5385003359134128 6.934647821993679 7.95884364705582 4.7626995993633425 4.811196546877369 4.995203461332051 9.836281701982408 4.631266827379065 1.2552716645350195 3.733575331356524 4.949411208347152 7.7108458738235806 4.459826029604051 7.712309407544233 0.0 1.3576170550221918 8.780480162689035 
7.587168183395144 4.264977281627137 7.277468159288518 9.973118344078749 6.111101891487136 8.953996249428414 7.355511542127555 1.0148928019461594 7.106172274933301 5.566671977248831 7.397005584605997 8.06623960691606 5.981689301393905 5.148358514337344 3.007672425262608 5.190723939361319 1.4803189082463943 5.9446112628068875 6.309318928171729 8.084239637717765 4.752513140287587 0.25572945646732553 3.6610364142192613 0.9172281716037469 1.6994633690169911 3.053095368494251 7.59605835489614 4.364891573273402 7.782481697948894 4.246367157405706 6.772284595521642 3.603788681412266 9.829890004277733 5.86782394383127 6.033824584795805 4.256847065962507 6.540937390712572 2.2526594777253015 7.595960880008174 6.003924720959878 2.7015318229460754 7.599723355054603 12.110118257700492 10.82620168280171 6.7218775491530245 6.952153678617444 1.2573392750154886 5.231685378303671 7.672457614213204 3.4471317437531397 5.8038660707526635 4.706621143379309 9.831925682558143 2.741531092122476 0.6388109655663865 4.379442422172633 2.4786751168226595 7.648268810338977 3.780546333274345 6.229210306838703 1.377450868365638 0.0 4.909911833561282 
4.063512077859457 6.812849468827952 9.178834015276108 13.16968779725547 3.8243863044936264 11.362307889313572 12.585397427462055 3.131161544455004 10.972158295224604 9.613708873512522 9.494958062135439 7.513928148734902 8.096524893641815 1.9239284189302255 8.52816065492922 5.249442383843434 5.256532868859502 1.9087452090438854 9.472463841785215 8.948452345804554 1.3577605071335668 4.950846146327579 7.130590636891167 4.9377192438624995 5.529942032292624 6.398074817208545 2.695040432631038 8.387458982485708 1.2275831916567754 2.8648504160404897 3.7812951188414097 2.6142269444900084 5.010101202740824 8.975503919319408 4.360134240010443 8.166111569806914 3.947039170052106 8.931531119801615 3.2864006788151716 7.113086960328867 4.521266662431447 9.177948905942879 16.28192473802205 5.4385396883864905 5.925521676182128 7.675723180533098 7.860157712129947 4.385082067163365 2.5119985541962455 5.132457410057116 0.1769868913337259 3.435219009591234 4.78767848675916 6.294225746620869 5.003453867296876 6.69576727639268 2.9929100156295174 2.474014208006092 6.527324118620632 8.759386862834468 5.585152983776974 6.870972985590864 0.0 

0 11 20 26 17 5 17 1 15 16 22 2 22 25 20 20 21 26 12 5 11 5 21 17 12 12 15 21 12 2 17 16 15 26 12 22 16 21 16 2 6 2 6 10 11 1 63 10 21 7 1 6 26 17 10 25 25 25 16 5 22 17 6 
