65
9
100

0 45 72 52 40 26 29 32 67 47 71 36 52 55 47 32 64 11 39 53 63 40 40 38 65 45 34 35 30 30 46 35 53 41 31 51 52 47 74 17 74 61 70 19 62 38 25 23 46 18 59 10 64 50 38 31 62 45 67 64 48 68 18 36 26 
45 0 89 90 76 51 69 31 40 92 44 29 7 13 90 76 87 55 17 22 62 27 85 15 33 28 76 78 17 24 75 78 54 4 75 84 87 77 86 46 60 80 78 62 43 57 64 66 28 58 86 50 34 39 32 28 43 20 64 45 75 73 28 29 66 
72 89 0 45 42 47 92 99 70 81 71 101 92 87 64 66 11 78 72 75 35 63 74 95 78 64 92 61 87 66 30 92 38 86 84 34 38 30 9 89 54 11 18 62 60 35 91 82 108 57 20 81 74 54 104 62 60 103 36 60 26 24 80 101 91 
52 90 45 0 14 40 59 84 91 38 94 88 95 94 20 29 34 51 76 86 64 70 32 88 95 74 56 22 79 66 21 55 59 86 48 11 7 19 52 67 84 38 57 34 82 39 59 49 98 34 25 57 91 70 90 64 82 96 68 82 24 59 68 88 58 
40 76 42 14 0 26 52 72 78 39 81 75 81 80 24 24 32 40 62 72 54 56 32 74 82 61 50 18 65 52 13 50 48 72 42 12 13 12 48 55 73 34 50 23 69 27 51 42 84 21 24 46 78 57 77 50 69 82 58 70 17 52 55 75 51 
26 51 47 40 26 0 51 53 54 55 57 55 55 54 46 37 40 34 36 46 39 30 47 52 56 35 54 35 43 27 25 55 30 47 47 34 37 27 48 43 54 36 44 24 46 12 49 42 64 17 37 36 53 33 58 24 46 60 43 47 26 42 34 55 49 
29 69 92 59 52 51 0 45 95 33 100 49 76 80 44 31 83 18 66 81 90 68 31 58 93 74 8 37 52 58 63 10 80 66 13 63 63 63 96 23 103 82 95 30 91 63 4 10 58 36 76 20 92 79 48 60 91 62 94 93 66 93 42 49 3 
32 31 99 84 72 53 45 0 68 74 72 4 37 44 78 63 93 37 38 50 80 46 69 16 62 50 53 66 16 36 76 55 70 29 54 82 84 78 98 22 84 88 92 51 68 64 40 46 14 50 89 31 63 60 6 41 68 17 84 70 78 89 19 4 42 
67 40 70 91 78 54 95 68 0 108 4 67 36 29 99 90 72 78 30 18 36 27 100 54 10 21 100 89 52 37 71 102 34 40 96 81 86 73 64 76 23 64 54 76 10 51 91 89 68 69 76 76 6 21 71 35 10 60 36 11 68 48 56 67 92 
47 92 81 38 39 55 33 74 108 0 112 78 99 101 18 18 70 38 84 98 91 82 8 84 109 88 26 22 77 74 52 24 84 88 21 47 44 51 87 52 109 73 89 32 101 62 36 28 88 39 62 44 107 88 79 74 101 90 96 102 56 91 65 78 34 
71 44 71 94 81 57 100 72 4 112 0 71 40 32 103 94 74 82 35 22 37 31 104 59 13 26 105 92 56 42 74 106 36 44 100 84 88 76 65 81 21 66 54 80 12 54 96 93 72 73 78 80 10 24 75 40 12 64 36 12 71 48 61 71 97 
36 29 101 88 75 55 49 4 67 78 71 0 35 42 82 66 95 41 38 49 81 46 73 13 61 50 57 70 16 37 79 59 71 27 58 86 88 81 100 26 84 90 94 55 68 66 44 50 10 54 92 35 62 61 4 42 68 13 84 70 81 90 21 0 46 
52 7 92 95 81 55 76 37 36 99 40 35 0 8 96 83 90 62 20 20 62 29 92 22 28 28 83 84 24 29 80 85 55 11 82 89 92 82 88 53 58 83 79 68 41 61 72 74 33 64 90 57 30 40 38 32 41 25 64 43 79 74 35 35 73 
55 13 87 94 80 54 80 44 29 101 32 42 8 0 97 84 86 65 18 13 57 25 94 29 20 23 87 85 30 28 78 89 50 16 85 87 91 80 83 58 50 79 74 70 34 58 76 77 41 65 87 61 22 34 46 30 34 33 58 36 77 68 39 42 78 
47 90 64 20 24 46 44 78 99 18 103 82 96 97 0 15 53 41 79 91 78 75 13 85 102 80 39 12 76 69 36 38 71 86 31 30 27 35 71 57 97 56 74 28 91 50 45 36 92 32 44 48 99 79 83 68 91 92 82 92 40 76 64 82 44 
32 76 66 29 24 37 31 63 90 18 94 66 83 84 15 0 56 26 67 80 73 64 10 70 91 70 27 6 62 57 36 27 65 72 19 34 33 36 72 42 91 57 73 15 83 44 31 21 77 21 48 32 89 70 68 56 83 77 78 84 41 73 50 66 30 
64 87 11 34 32 40 83 93 72 70 74 95 90 86 53 56 0 69 70 75 38 61 63 91 80 63 82 50 82 63 20 82 38 83 74 23 27 20 18 81 59 8 25 53 62 30 82 73 103 48 9 73 75 54 98 59 62 99 41 62 16 30 74 95 81 
11 55 78 51 40 34 18 37 78 38 82 41 62 65 41 26 69 0 50 64 72 51 32 46 77 57 23 31 39 41 49 24 63 51 20 52 53 50 80 16 85 67 78 17 73 46 15 12 51 21 63 6 75 61 42 43 73 52 77 75 52 76 27 41 15 
39 17 72 76 62 36 66 38 30 84 35 38 20 18 79 67 70 50 0 14 46 10 77 27 27 12 72 67 22 10 60 74 37 14 69 69 73 62 69 46 46 63 61 52 30 41 62 62 41 47 70 47 26 23 42 12 30 34 48 32 59 56 26 38 64 
53 22 75 86 72 46 81 50 18 98 22 49 20 13 91 80 75 64 14 0 44 16 90 36 13 12 87 80 34 23 68 88 38 22 83 78 82 70 70 60 38 67 61 65 22 48 76 76 50 59 76 61 13 22 53 23 22 42 45 23 67 55 40 49 78 
63 62 35 64 54 39 90 80 36 91 37 81 62 57 78 73 38 72 46 44 0 36 83 72 45 34 92 70 65 44 43 93 10 60 86 53 57 45 28 78 21 30 18 63 26 29 87 81 86 55 44 73 40 23 85 39 26 80 4 25 39 12 63 81 87 
40 27 63 70 56 30 68 46 27 82 31 46 29 25 75 64 61 51 10 16 36 0 74 36 27 6 74 64 30 11 53 75 27 24 69 62 66 55 59 50 38 54 51 50 23 33 64 62 51 44 61 49 24 14 50 8 23 44 39 25 51 46 31 46 66 
40 85 74 32 32 47 31 69 100 8 104 73 92 94 13 10 63 32 77 90 83 74 0 78 101 80 26 13 70 66 44 24 75 81 18 40 38 44 80 48 100 65 81 24 93 54 33 24 83 31 55 38 98 80 74 66 93 84 87 94 49 82 58 73 32 
38 15 95 88 74 52 58 16 54 84 59 13 22 29 85 70 91 46 27 36 72 36 78 0 48 39 65 73 9 29 77 67 63 14 65 84 87 78 93 34 72 85 86 57 56 61 53 57 15 54 88 40 49 50 17 33 56 8 75 58 77 81 20 13 55 
65 33 78 95 82 56 93 62 10 109 13 61 28 20 102 91 80 77 27 13 45 27 101 48 0 22 99 91 47 36 76 101 41 34 96 86 90 78 72 73 33 72 63 77 19 56 89 88 61 71 82 74 4 26 65 35 19 52 45 20 74 56 53 61 91 
45 28 64 74 61 35 74 50 21 88 26 50 28 23 80 70 63 57 12 12 34 6 80 39 22 0 79 69 34 16 56 81 27 26 75 66 70 58 60 55 34 55 51 56 18 36 70 68 53 49 64 54 19 12 54 14 18 46 37 20 55 45 36 50 71 
34 76 92 56 50 54 8 53 100 26 105 57 83 87 39 27 82 23 72 87 92 74 26 65 99 79 0 34 59 64 62 2 83 72 8 61 60 62 96 31 107 82 96 31 96 65 12 12 66 37 74 26 98 83 56 65 96 69 97 97 66 95 48 57 10 
35 78 61 22 18 35 37 66 89 22 92 70 84 85 12 6 50 31 67 80 70 64 13 73 91 69 34 0 64 57 31 33 62 74 25 28 27 31 66 47 88 52 68 16 81 41 37 27 80 20 42 37 88 68 72 56 81 80 74 82 35 69 53 70 36 
30 17 87 79 65 43 52 16 52 77 56 16 24 30 76 62 82 39 22 34 65 30 70 9 47 34 59 64 0 22 68 61 56 14 58 75 78 69 85 29 68 77 79 48 52 52 47 50 22 46 80 34 47 44 20 26 52 17 68 54 68 74 12 16 49 
30 24 66 66 52 27 58 36 37 74 42 37 29 28 69 57 63 41 10 23 44 11 66 29 36 16 64 57 22 0 51 65 34 21 60 60 64 53 64 39 49 57 57 42 34 33 54 52 43 37 62 38 34 24 41 4 34 37 47 36 51 53 20 37 55 
46 75 30 21 13 25 63 76 71 52 74 79 80 78 36 36 20 49 60 68 43 53 44 77 76 56 62 31 68 51 0 62 39 72 54 10 15 2 35 63 64 21 38 33 62 20 62 53 88 29 13 54 72 50 82 48 62 85 47 62 4 40 58 79 61 
35 78 92 55 50 55 10 55 102 24 106 59 85 89 38 27 82 24 74 88 93 75 24 67 101 81 2 33 61 65 62 0 84 74 8 61 60 62 97 33 108 82 96 31 97 65 14 13 68 38 74 28 99 84 58 66 97 71 98 98 66 96 50 59 12 
53 54 38 59 48 30 80 70 34 84 36 71 55 50 71 65 38 63 37 38 10 27 75 63 41 27 83 62 56 34 39 84 0 52 77 49 53 40 33 68 26 31 24 54 24 21 77 72 77 47 42 63 37 16 75 30 24 71 14 24 35 19 53 71 78 
41 4 86 86 72 47 66 29 40 88 44 27 11 16 86 72 83 51 14 22 60 24 81 14 34 26 72 74 14 21 72 74 52 0 71 80 84 74 84 43 59 77 76 58 42 54 61 63 28 54 82 47 35 38 31 24 42 20 63 44 72 70 24 27 63 
31 75 84 48 42 47 13 54 96 21 100 58 82 85 31 19 74 20 69 83 86 69 18 65 96 75 8 25 58 60 54 8 77 71 0 53 52 54 89 32 101 74 88 23 91 58 15 8 68 30 66 25 94 78 58 61 91 70 90 92 58 88 47 58 13 
51 84 34 11 12 34 63 82 81 47 84 86 89 87 30 34 23 52 69 78 53 62 40 84 86 66 61 28 75 60 10 61 49 80 53 0 4 8 41 67 73 27 45 35 72 30 63 53 95 33 15 57 82 61 88 57 72 92 57 72 13 48 65 86 62 
52 87 38 7 13 37 63 84 86 44 88 88 92 91 27 33 27 53 73 82 57 66 38 87 90 70 60 27 78 64 15 60 53 84 52 4 0 13 45 68 78 31 50 36 76 34 63 53 97 34 18 58 87 65 90 61 76 95 61 77 18 52 67 88 62 
47 77 30 19 12 27 63 78 73 51 76 81 82 80 35 36 20 50 62 70 45 55 44 78 78 58 62 31 69 53 2 62 40 74 54 8 13 0 36 64 65 22 39 34 64 22 62 53 90 30 13 55 74 52 83 50 64 87 49 64 6 41 60 81 62 
74 86 9 52 48 48 96 98 64 87 65 100 88 83 71 72 18 80 69 70 28 59 80 93 72 60 96 66 85 64 35 97 33 84 89 41 45 36 0 91 46 15 10 66 54 35 94 86 107 60 27 83 68 49 104 60 54 102 29 53 31 16 80 100 94 
17 46 89 67 55 43 23 22 76 52 81 26 53 58 57 42 81 16 46 60 78 50 48 34 73 55 31 47 29 39 63 33 68 43 32 67 68 64 91 0 87 78 87 33 74 55 19 24 36 34 76 10 72 63 26 42 74 38 82 75 65 84 20 26 21 
74 60 54 84 73 54 103 84 23 109 21 84 58 50 97 91 59 85 46 38 21 38 100 72 33 34 107 88 68 49 64 108 26 59 101 73 78 65 46 87 0 51 36 78 16 47 99 95 87 71 65 84 29 25 88 45 16 79 18 15 60 30 69 84 100 
61 80 11 38 34 36 82 88 64 73 66 90 83 79 56 57 8 67 63 67 30 54 65 85 72 55 82 52 77 57 21 82 31 77 74 27 31 22 15 78 51 0 18 52 54 24 80 72 98 46 14 70 67 46 94 52 54 93 33 54 16 22 69 90 80 
70 78 18 57 50 44 95 92 54 89 54 94 79 74 74 73 25 78 61 61 18 51 81 86 63 51 96 68 79 57 38 96 24 76 88 45 50 39 10 87 36 18 0 65 44 32 92 85 100 59 33 80 58 40 98 53 44 94 18 43 33 6 74 94 92 
19 62 62 34 23 24 30 51 76 32 80 55 68 70 28 15 53 17 52 65 63 50 24 57 77 56 31 16 48 42 33 31 54 58 23 35 36 34 66 33 78 52 65 0 69 34 29 20 65 7 46 23 74 57 56 42 69 64 67 71 36 65 36 55 28 
62 43 60 82 69 46 91 68 10 101 12 68 41 34 91 83 62 73 30 22 26 23 93 56 19 18 96 81 52 34 62 97 24 42 91 72 76 64 54 74 16 54 44 69 0 42 87 84 70 62 66 72 14 13 72 31 0 63 26 2 59 38 54 68 88 
38 57 35 39 27 12 63 64 51 62 54 66 61 58 50 44 30 46 41 48 29 33 54 61 56 36 65 41 52 33 20 65 21 54 58 30 34 22 35 55 47 24 32 34 42 0 60 53 74 27 29 48 52 31 69 30 42 69 33 43 18 31 45 66 61 
25 64 91 59 51 49 4 40 91 36 96 44 72 76 45 31 82 15 62 76 87 64 33 53 89 70 12 37 47 54 62 14 77 61 15 63 63 62 94 19 99 80 92 29 87 60 0 10 54 34 75 16 88 75 44 56 87 57 91 89 65 91 37 44 2 
23 66 82 49 42 42 10 46 89 28 93 50 74 77 36 21 73 12 62 76 81 62 24 57 88 68 12 27 50 52 53 13 72 63 8 53 53 53 86 24 95 72 85 20 84 53 10 0 60 26 66 16 86 72 50 54 84 62 85 86 56 84 39 50 9 
46 28 108 98 84 64 58 14 68 88 72 10 33 41 92 77 103 51 41 50 86 51 83 15 61 53 66 80 22 43 88 68 77 28 68 95 97 90 107 36 87 98 100 65 70 74 54 60 0 64 100 45 62 65 10 47 70 8 89 72 89 96 30 10 56 
18 58 57 34 21 17 36 50 69 39 73 54 64 65 32 21 48 21 47 59 55 44 31 54 71 49 37 20 46 37 29 38 47 54 30 33 34 30 60 34 71 46 59 7 62 27 34 26 64 0 42 25 68 50 56 36 62 62 60 64 32 58 34 54 34 
59 86 20 25 24 37 76 89 76 62 78 92 90 87 44 48 9 63 70 76 44 61 55 88 82 64 74 42 80 62 13 74 42 82 66 15 18 13 27 76 65 14 33 46 66 29 75 66 100 42 0 67 78 56 95 58 66 97 47 66 11 37 71 92 74 
10 50 81 57 46 36 20 31 76 44 80 35 57 61 48 32 73 6 47 61 73 49 38 40 74 54 26 37 34 38 54 28 63 47 25 57 58 55 83 10 84 70 80 23 72 48 16 16 45 25 67 0 72 60 35 40 72 46 77 73 56 78 22 35 17 
64 34 74 91 78 53 92 63 6 107 10 62 30 22 99 89 75 75 26 13 40 24 98 49 4 19 98 88 47 34 72 99 37 35 94 82 87 74 68 72 29 67 58 74 14 52 88 86 62 68 78 72 0 22 66 33 14 54 40 16 70 52 52 62 89 
50 39 54 70 57 33 79 60 21 88 24 61 40 34 79 70 54 61 23 22 23 14 80 50 26 12 83 68 44 24 50 84 16 38 78 61 65 52 49 63 25 46 40 57 13 31 75 72 65 50 56 60 22 0 64 20 13 58 25 14 48 34 44 61 76 
38 32 104 90 77 58 48 6 71 79 75 4 38 46 83 68 98 42 42 53 85 50 74 17 65 54 56 72 20 41 82 58 75 31 58 88 90 83 104 26 88 94 98 56 72 69 44 50 10 56 95 35 66 64 0 46 72 16 88 74 84 94 24 4 46 
31 28 62 64 50 24 60 41 35 74 40 42 32 30 68 56 59 43 12 23 39 8 66 33 35 14 65 56 26 4 48 66 30 24 61 57 61 50 60 42 45 52 53 42 31 30 56 54 47 36 58 40 33 20 46 0 31 42 43 33 48 48 24 42 57 
62 43 60 82 69 46 91 68 10 101 12 68 41 34 91 83 62 73 30 22 26 23 93 56 19 18 96 81 52 34 62 97 24 42 91 72 76 64 54 74 16 54 44 69 0 42 87 84 70 62 66 72 14 13 72 31 0 63 26 2 59 38 54 68 88 
45 20 103 96 82 60 62 17 60 90 64 13 25 33 92 77 99 52 34 42 80 44 84 8 52 46 69 80 17 37 85 71 71 20 70 92 95 87 102 38 79 93 94 64 63 69 57 62 8 62 97 46 54 58 16 42 63 0 82 65 86 90 28 13 59 
67 64 36 68 58 43 94 84 36 96 36 84 64 58 82 78 41 77 48 45 4 39 87 75 45 37 97 74 68 47 47 98 14 63 90 57 61 49 29 82 18 33 18 67 26 33 91 85 89 60 47 77 40 25 88 43 26 82 0 25 43 12 66 84 92 
64 45 60 82 70 47 93 70 11 102 12 70 43 36 92 84 62 75 32 23 25 25 94 58 20 20 97 82 54 36 62 98 24 44 92 72 77 64 53 75 15 54 43 71 2 43 89 86 72 64 66 73 16 14 74 33 2 65 25 0 59 37 56 70 90 
48 75 26 24 17 26 66 78 68 56 71 81 79 77 40 41 16 52 59 67 39 51 49 77 74 55 66 35 68 51 4 66 35 72 58 13 18 6 31 65 60 16 33 36 59 18 65 56 89 32 11 56 70 48 84 48 59 86 43 59 0 35 59 81 65 
68 73 24 59 52 42 93 89 48 91 48 90 74 68 76 73 30 76 56 55 12 46 82 81 56 45 95 69 74 53 40 96 19 70 88 48 52 41 16 84 30 22 6 65 38 31 91 84 96 58 37 78 52 34 94 48 38 90 12 37 35 0 70 90 91 
18 28 80 68 55 34 42 19 56 65 61 21 35 39 64 50 74 27 26 40 63 31 58 20 53 36 48 53 12 20 58 50 53 24 47 65 67 60 80 20 69 69 74 36 54 45 37 39 30 34 71 22 52 44 24 24 54 28 66 56 59 70 0 21 39 
36 29 101 88 75 55 49 4 67 78 71 0 35 42 82 66 95 41 38 49 81 46 73 13 61 50 57 70 16 37 79 59 71 27 58 86 88 81 100 26 84 90 94 55 68 66 44 50 10 54 92 35 62 61 4 42 68 13 84 70 81 90 21 0 46 
26 66 91 58 51 49 3 42 92 34 97 46 73 78 44 30 81 15 64 78 87 66 32 55 91 71 10 36 49 55 61 12 78 63 13 62 62 62 94 21 100 80 92 28 88 61 2 9 56 34 74 17 89 76 46 57 88 59 92 90 65 91 39 46 0 

0.0 4.621446438260888 10.169137486808832 10.240323483669854 7.899006239761864 4.5524897060840015 4.247810980042258 3.693641658313511 12.478425667947226 7.125732662156636 11.022835031952736 5.834761223037523 6.287684756983813 6.980591159123023 7.024124526910513 6.335658990366533 7.180847677082781 1.172988336081248 5.617373225006412 5.34223321420644 12.269512172642461 6.649385961097591 7.442565096174704 5.902616319466857 9.651939179402294 7.0656602306483585 6.757125178227485 6.32004938413966 5.280190908303167 4.760123608711732 7.937796760889225 5.821249040299174 6.37301391612604 8.01020140572005 5.287699423432051 8.258370482735359 9.649487681752662 8.347517872699816 9.823171443816811 1.8079842652869644 7.951571496489816 6.444290828347466 9.50568908799395 2.1645697676167703 6.286776471859878 6.537730382626334 4.723541492811728 3.0693244376908027 5.054083982172799 2.3496223193219232 7.296836098886719 1.7955920575845044 10.095705698901671 7.818607158795812 6.3111170017767755 6.038397189775468 7.517824643804327 4.925492500802375 10.987889850900034 8.854203313832047 5.4352609948427 8.534547419663623 3.2054986080850565 4.082134068235123 4.896349617843642 
4.635754276364678 0.0 12.311844535943788 15.821117194955068 9.422319385154722 9.722727956658689 9.645648161204361 4.799311474519318 5.802184222208612 11.422474762699764 8.572381079733754 5.719255170040043 0.8568288789636125 2.334701925686751 16.053612726216546 8.82332479832238 16.37514822382177 6.378538527117325 3.027223569909385 3.8578646389863165 11.156613822467776 3.482226270999672 10.47438303350267 2.018917532551603 4.4268054189136015 5.392890518608265 10.427126208792865 9.88510524413111 3.335297206717261 3.310113230355858 12.242585438373478 14.94321035271215 8.866950056018107 0.7989944338635744 9.948448057714739 9.870791177618145 15.751190665770892 10.054930248701766 12.139284364857495 8.07704449915679 6.712083563618769 8.159310917504055 13.60009314119952 10.275995466111826 8.431237074934767 10.722422417408662 11.29621233016912 8.772859151958952 3.9959297268146585 8.895014375021116 16.170709639571857 7.6365478991102975 4.959933604517753 5.731432971492518 5.982781721529076 3.6570154409463727 5.7201162140493995 2.8124238263750736 10.02397839623129 4.7889539518473985 9.224790301444028 9.676903205807534 4.706679259149208 3.1087208745414108 10.765045901314167 
13.023992424578708 9.743364137996998 0.0 6.066718618918516 5.147920519132197 5.458855360016822 10.28681937137873 16.454495149192404 12.618983371070222 12.653888480619077 13.602170020435224 16.772524103786104 14.608326897986132 9.018341061589721 10.0364665601076 13.145528910558301 2.0362900999600377 14.649699409265885 7.4805491138459566 11.651867397471317 5.3166356721297365 8.991404844157355 9.954068710222494 11.950288762565332 14.23888208730786 12.28338094795898 15.80944713148087 11.549321147966412 12.896186374064328 12.906786816814432 5.19690838260133 11.852818980508392 5.012604644295399 13.324634876768156 15.186681965536284 4.8579324871647245 5.795985606455674 3.5182426474352817 1.1991508717169512 17.075340616298284 7.223121275209195 1.6263825602690527 2.6566504944039098 7.377689302564665 7.564046017114498 4.917354313384794 15.273951253731703 9.57230588185227 18.152578855164215 6.746959265881894 3.3812032958906943 13.507264559088645 7.7060834486357805 7.379937134865933 10.406827067652898 10.413724886632792 9.497346296511939 14.044041829374494 5.244724870830137 10.857306266097021 2.652337523856791 2.730887421017294 15.221990631667524 16.133592708177083 12.992221056430239 
8.580982117652214 15.150808477520911 5.034715765144613 0.0 1.894980976036226 7.808918239185071 7.483362482492921 13.481244952993237 14.112047154719209 6.875522320277963 13.047022707679577 13.391780837821631 16.174402155996262 13.517286290105341 2.905972984502989 5.288968674078281 6.25821835650906 8.001307044773046 14.104844463443062 16.022980164616197 6.936986724064499 12.59675363091197 6.206229518315823 12.770084310628834 17.878870355975263 11.272936365527922 10.20017060166565 4.22227978312077 8.04157967453668 9.776416937527605 3.627322612948928 9.2924668591651 9.378797304453798 10.65744828709407 9.597472006455629 1.790556197076576 0.8120946861106492 2.311245642626408 6.185743297724996 11.137074027501676 8.544561969527223 4.71569296824689 6.57812818613158 6.450162707486906 8.3252685732314 7.776299771078579 11.054433832623534 8.435552525948376 17.50369213726667 3.8009699057769155 4.486347483725749 6.969084810581923 10.913309189677332 8.48555907949897 16.658791837476947 9.89757092019904 15.0041036964681 13.574048548604967 13.389823400337576 14.105388887367397 4.432192565050846 10.469257134508586 12.076672202012187 16.252451887719744 6.823438138967729 
4.7147067562817 10.953449753725412 6.371065004523269 1.4166098686111277 0.0 2.7662296042927927 9.044772900775873 12.545633309116571 10.21274328458357 6.959208637810303 13.70632695909339 8.699235999775649 12.181737929905113 14.787128285991749 2.6707502325718266 3.2615337664545083 3.3989634351051254 4.718522261469795 7.491876763729151 7.901676352095553 10.026570131079705 9.117054932840752 4.954811121281699 11.137861846159973 11.17062912866442 11.904807297231521 7.624713694870367 3.489919765151381 8.216308365098184 9.16904363474805 2.0952117796635985 7.347822988425598 8.594474944681291 8.123732923685129 7.7073898914601475 2.3475679792994604 2.3190197413618927 1.4790282595578161 7.597742131881335 10.525577719330023 10.0517865745307 5.300969475810351 5.59014085727855 3.2470221213128885 7.093003620930418 3.5333022438732433 9.898591986163325 4.447995773127586 13.265305074127307 2.8915901409316103 3.4738704651695516 7.9011467125005925 15.233088115586764 6.072495441444604 9.002579151078804 9.854149164650915 7.416485014067224 15.08146157009066 7.23752041343742 10.673120472149051 2.760199353747425 9.74546363134002 9.338756559434614 12.463215446753267 6.359021350772405 
4.765461500648229 7.3444135547897496 7.445934380396562 7.810551719777506 3.383490301189032 0.0 10.13502886707937 7.901090793590006 8.526343746233572 9.171254796644146 8.44844384325295 9.18454343961065 5.863860870551624 8.158853301020926 7.155866629519213 6.373664254805023 5.285189368169785 3.55019680804373 5.736503099181867 4.721355960379194 7.67959696056012 5.621665080963378 5.289983571914845 8.926063499928093 5.796124453450592 3.9078349955757457 10.008817377343487 6.948328238682098 8.392486511299497 2.980007504279432 3.0338935012457626 6.330661361593814 4.319080769023936 9.305080881242134 5.615103055181089 6.477493301244246 6.2789802920058495 5.285528202238424 9.04509170583617 6.417274600988588 10.00300363372717 6.267061317273049 7.68298926901338 4.72571505645791 6.584323313039167 2.276301546894636 9.537164642001027 4.598430235123676 10.661984684534987 3.0064007998296143 4.229579323380471 6.705198250327193 9.74043511064553 6.104869909753769 5.944652244783292 2.750032816339753 6.840554547022655 8.537477313225738 6.644694326875554 6.842334208426243 3.2259756441812186 6.902309463673329 4.20564290493898 7.3443686210020385 5.9799737809327835 
3.496800738280314 8.349139909992607 13.733526286234268 8.687617712924357 6.076834307917969 7.333965517590502 0.0 7.346299231133102 14.458167895632783 5.674848045823696 15.417183566409236 5.299125596516537 12.154764660559767 10.128425085142823 7.7885962769319566 3.6641358146427097 12.403082149949114 2.1768325187676925 11.292740791148375 14.52111001929752 11.042190761420212 9.881691578626103 4.340660989170035 6.670907797050096 14.175408209808133 8.835016138413318 1.5071952335961893 5.107561563295096 8.996607273261795 6.5495726672093895 12.026856598148377 1.3579523598306764 12.293326227706075 12.149656467271821 1.919765418485881 8.584227940132804 12.253328878350413 6.859804970185943 18.34731675162894 2.308699929082873 11.37163179693595 14.657008022425355 18.742973176873406 3.5354785583905337 13.212296907014515 7.846174549389007 0.5868665737644945 1.4078249380033663 10.95268871098608 6.658140229619228 13.219796895504167 3.5174042718247076 14.22414593343918 13.778309048982479 6.87101574650138 10.186455680892534 9.955206601449492 7.560285625096128 17.639987266651485 15.323849729710954 9.291004608836268 13.547891430654193 6.535421690627352 8.433051808993191 0.5614811429605818 
3.2039975791619604 3.4322931301108595 10.7889806980738 12.920990608910866 13.187763062448575 7.835059444842851 7.736148968530459 0.0 8.026735813163658 14.48924859466805 12.511298533304092 0.7116821200253467 4.883675631142453 8.677306799047091 12.07875208710459 8.494012407586796 12.792269732470299 6.4295831035600735 7.200128931700384 7.40234840310484 14.819413226153879 5.019046111479639 10.239077622569358 2.596562468892878 12.216591936874655 5.32627213677602 7.688145493182306 10.779066827352864 1.7419970957645083 3.8987442447354637 14.352411925407587 9.09606626066926 10.315515731629489 5.661641831855928 10.367434615989556 8.487647840069885 11.856543427016476 9.390249854761358 12.610943464380338 2.4164330174752937 10.106655711195337 14.907639329701507 11.45825735303985 9.198695212811632 12.841524165016402 11.593014822705914 6.501476409219508 5.479074397025685 2.3017521215979997 5.360386625153112 11.345992914771264 5.593123373108847 10.55408980758343 8.194009510668378 1.0531868139506617 4.796103364478604 7.323105301581143 2.75914744731765 8.996701204501536 12.661221455694681 12.332266426870778 10.829747366069576 2.704998900750585 0.4736340169021611 5.560564068021935 
13.248165725730551 5.870290644370575 10.165478630858399 16.10908226581426 10.2049499119102 7.059451859945919 17.84746760142783 11.639299612173298 0.0 16.49922906234871 0.5211488446675535 12.20942678419852 4.228537342551577 5.437407595804927 10.811923427438941 14.369942030505534 13.601914452577244 14.18274576816227 4.837903932981778 2.9217098895005265 6.703631978469746 3.004961255124898 13.628805499649484 5.684450844382579 1.0309863354147948 3.482463359982429 15.641394692058563 16.109016645350103 8.594962599075156 5.1764133334138815 8.407124941562174 15.978655760525612 6.37113850513086 7.008532200533784 10.37646992797303 14.114906026873658 14.782828256715533 7.73927038834584 7.668438226220167 13.988474103583489 4.178177212192742 11.954316903606312 8.190666713405669 9.300584663394863 1.087189465756282 7.134888683134977 16.133812707972904 9.338918370882231 10.67695330897655 10.148436330285913 13.616610063541561 10.956419033239685 0.9258864089753227 2.570882756713141 11.718021759611009 4.017104400979624 1.0948204628156646 8.832678501080029 6.43989967206795 2.0417170301332566 9.197607459622146 5.617347727274543 9.016479257118858 7.231556868249463 15.076316545133292 
7.064810833409141 9.95184821369386 8.120472453495974 7.33455183333257 5.230276217179126 7.356338166661194 6.537388918435472 8.370408347306748 14.851391177329091 0.0 16.072301796828867 14.301597635782628 10.528133683425358 19.596223231388144 3.119446621011857 2.5827285450441932 11.443255837274759 6.603503203428422 10.770630196125284 16.7828029043945 16.24178958440722 14.775030979399483 1.160865461037624 10.176112217324919 14.994992015459857 16.84640794867757 2.9585967709262273 2.4011010492631644 10.78772048588954 12.699780790392758 9.19795046143765 3.3677538193568832 14.415543043314651 11.699136786841459 2.6451018908422155 5.235489222080333 6.814299626528445 7.612394792234564 8.769074534978843 8.24679495492479 17.468541129439718 11.34318828292336 11.542877947723259 5.214902509547669 16.645499894681837 9.138724433569394 5.7008648275250415 4.7483296198005345 16.281447428748983 5.177655242397455 6.348329446990172 5.502294932687264 18.51666244692558 14.59599944317618 9.82009359658092 13.95332752253859 15.948335475475627 13.016664563825934 17.239701674206778 12.817700024307053 7.4871055845842625 12.448615772802318 12.903334831945317 11.795135710096694 4.957860857529925 
10.703837933251549 7.502153603613914 10.509046732524288 9.602226270981447 13.371947780466558 10.01900091015144 15.114521209250043 10.191738257530822 0.733545331593125 18.567816482993198 0.0 8.845096876734162 7.464858236618722 4.101190918716859 17.123491136916467 16.216726619730892 8.419411389737707 15.124598240746609 3.847056083932895 3.738474509595612 4.2012102447119695 4.953669346294637 15.562633893373892 9.62935162858224 2.270736250604807 3.446810439061422 19.900374297671156 12.241898931180806 8.993262632521283 4.985202020999519 13.71290926351277 20.39116832879943 5.231494770820167 7.516691432117654 18.868614715712493 13.648630925521516 15.108497885889966 13.343532461870549 8.708030226296712 8.98500562809408 2.7441273359767093 7.472740310320394 9.076096577421438 15.296962229430303 2.2911045320553254 5.630851087802909 11.472976212172824 10.386310051615421 13.784093989399413 7.603275026400428 15.581585273912763 13.944598618832 1.4710076515707722 2.9678491118029413 9.85569312763961 6.671296791192859 1.279616034262642 9.36279318801605 3.6427472874238545 1.9385306131621272 10.358316708625194 8.912332728407693 8.754314321787565 12.353527700715949 16.99058055203586 
6.347886231757677 4.9321196246839145 16.035782204882757 16.620123975487296 8.953756664677893 9.60136942626134 8.710603962674641 0.7530782728575257 7.4349938540571845 12.338154687975788 11.108546232330726 0.0 5.801218790108611 5.918117617688679 12.804654631190894 8.535842778850009 10.489571402985833 6.017421153757139 4.900798428813248 8.472178256688244 13.19338404355113 8.125676658450287 13.836840950148751 2.3747842402217527 8.027769266346072 5.581997412560334 7.582777160128782 7.053329598561184 2.665005409650737 4.507915819091935 12.030079205496708 9.328736740008848 11.959402985915585 5.1498219296934895 9.220598483315811 11.037607321523167 10.189997194792044 8.417493065838846 19.311645308941777 4.232139079231573 8.514490101294339 17.284417395536394 10.641886011401684 8.249913984531103 12.113331564847979 10.75074397103306 8.606709811227056 8.845132419536318 1.0339003020547994 5.66346875378329 12.464314328845749 5.422387597289921 8.34505400078351 11.92869345830507 0.5374468606440048 4.841051320043938 11.902973046184263 1.3286871984087953 15.070020890192952 11.886531760002082 15.297208124762616 10.734746907679622 3.5330796781139364 0.0 4.844600356341934 
7.652118153359826 0.7687408556389246 16.68669097836422 10.503102459268646 14.630063336124906 7.506762062005549 10.798206109890753 6.697054554379657 5.090229006662063 19.34937730273073 7.322453033571826 5.162340578301959 0.0 1.190323895188801 18.38545174753812 15.90437452811438 16.05407094023479 6.224208310425625 2.296973456838521 3.3271829687782635 8.829904911585379 5.37512310473304 15.216559006803905 2.249241893739851 5.30096911379019 2.8832880667812533 15.812584835174757 8.981282206749876 4.097630533724964 4.288704727608783 10.641365061661709 16.271437926076345 10.713406657765105 2.1501448332734885 10.769812632626378 14.180970259273366 16.564975089493522 10.469843957184422 16.377109272958347 9.361096914123316 11.589267399061603 11.883094379296516 11.888574676577372 13.558318151082352 7.808173282151975 11.077983665801721 13.347244039115136 12.888057154132042 6.4481175995822735 6.809852709553375 14.143119116019225 8.058655630132833 3.5181507819708173 5.287981664591435 5.541695289560676 5.320390314963657 6.326686612119428 3.8479745422167664 11.1737991553431 8.321166872863277 8.28962845620021 9.82549603111839 5.858285209100145 6.027150921207095 9.78799926413374 
6.667110293208285 2.487260667362386 10.914828730192923 10.205061659600965 13.088725911764678 7.69469331064727 11.679146505331156 5.50293779240157 5.577961266706291 19.131790948245225 5.852364475567077 7.315413975301798 1.2013801561739212 0.0 14.329414108805388 8.942603795621633 9.338649062530019 7.7471004120681695 1.9582640998929828 2.5031166869957637 6.811164623437389 3.7326662939351802 15.13627344917635 5.747330880364232 2.654580156133539 2.62955557302831 13.596776788449048 10.821291337138032 4.0680719493117055 5.141528378205278 11.9851945314328 10.815055865858028 6.110369740778355 2.6681448366717824 8.72707879200179 12.405720950906554 16.389330246702613 14.989790440415007 8.611314456843926 6.168764338847336 9.492196433309562 8.305791860681753 14.769138276301007 12.644825691558133 5.7422635442725 11.06709194706152 10.547678798535134 8.31713681343748 6.378008777613953 9.511599665317263 10.34442752131799 10.049263269822296 2.66242900404988 3.4594639131724616 7.3436573662263624 3.64258891575337 4.000048843120793 3.7599745330503334 10.397299601014389 4.605963933285752 9.297164911605847 9.395803383694878 5.733374304008981 4.43715047787797 15.372150347159195 
6.719408498519754 14.661131706008142 12.342903436254874 2.7746419980739514 4.585026785214708 7.9276303797905605 6.891715085848096 10.40477271408211 11.371995075365795 2.8365314545061002 15.759814383998627 8.487756526006564 16.688138489994696 15.589887036906287 0.0 2.035152312234377 10.177973420215 7.520952496150031 10.355008436346706 12.656689889641175 10.960397972465316 13.337626230230928 1.6736778640415513 9.95483922373794 14.882218657341777 15.150743510255392 4.463794230947455 1.3180102993061482 13.57166237865815 9.544811645397953 6.772478303206036 6.334415452266423 14.043548868695439 11.09394334442648 5.998410231028754 4.158714033428026 2.9354414869145633 5.524488158323997 9.218830985339345 7.781004563729088 11.318096045685735 8.429343495881904 11.30921854786917 5.297480504622497 13.464257346164304 9.797116925409913 5.141109531506465 5.336054734563672 13.150686648695782 5.146003893888483 8.410774302923054 6.184149855126762 11.644018099245681 12.819794591837482 13.190569788364666 10.00993891154465 12.041757119909237 13.61396779701532 13.933827740301389 10.335174655707148 4.119547931040419 13.919892467426344 7.023735459340683 12.941186387677588 6.125220584545637 
5.519963756851322 8.834512287730696 10.116174514468378 5.691273623719427 3.6211004428585225 6.0406535267409485 3.671394433628895 11.54816929177772 14.540187559721529 2.347772263563471 16.318168818966438 11.831339298812328 8.55078975454231 8.674816545211018 2.994195576219349 0.0 9.316757836851233 4.51422694540876 9.887699390290617 10.233229605145759 7.591756664117807 8.9305531004054 1.3406766127662795 10.589314733712381 15.22247372081832 9.505373113162516 4.889909194741957 0.8679384640834309 7.819678264738246 9.20434299161817 4.025102958601163 4.532616736441269 8.864029725336287 7.889595664849323 3.655080779613244 5.128438859838486 5.031938617902227 5.210582250394866 8.573929297094093 7.60124507720968 17.506091901004247 6.859955181865725 13.498506713767984 2.9327470534289217 12.351883419981885 7.636440152304951 3.8616821393843273 4.167341687051344 8.288653514802515 3.9446191888122977 6.195913326709155 5.196071724790633 15.73111954741064 11.675266773330655 9.613429274815848 9.415487972329771 12.610460806839193 9.222507221682434 15.050014636676046 15.235154103304847 5.969506763486489 8.796809304457181 5.9152302407396355 10.874722513401023 5.483138424857378 
10.424903928957281 16.408730957038355 1.9443126981546734 4.2492865069177395 3.3601135954736403 5.559688729465156 9.405765697685148 10.899428897869289 11.64357315346242 8.746327697517795 8.003442013285483 15.73283954996198 16.128642687404728 11.380163007356586 6.261692936716898 8.098146695226486 0.0 12.620758373726236 13.039455943774133 7.530859185941011 4.1897474892837945 7.488002971230589 12.092540788183229 15.059801547045783 10.301858577185023 9.714187536630867 13.93598240493921 6.1650235713546735 9.121881171534042 10.9573924959643 2.0754548558006496 13.596163181898042 7.434196937616726 9.087420723719983 13.030471362308145 3.8608522985115963 3.6434999626614033 2.085000479287988 3.4225949283533055 13.104977635176198 8.477129621739568 1.4975965964193887 3.9812157964210746 7.06059651741051 11.56130499755423 5.334401172109917 16.272596114587415 12.770307015648545 14.15163610652623 5.698900736571213 1.2818685896425968 9.44013669714906 10.702740292563744 10.75895989472439 15.362902684098575 7.1936905440441485 7.8610524799136074 12.99493851692756 4.334273058302401 8.61431990387868 3.062354110106109 4.978867692569534 14.006109851383941 12.281345159432853 13.892237462789126 
2.13580430899175 9.043828954790174 9.257113817081024 6.522593115076333 6.25765287738819 4.125015239731821 1.9341669187889985 6.505238682580169 15.592778899432428 7.35222475659344 15.264118032738693 7.063085723695539 9.786450137201196 9.320717087205228 5.913947052935084 2.8574553059312517 13.497794181087961 0.0 8.284156247703676 12.470679313354182 11.642846501267881 6.528144378363954 3.2680424846604503 5.420244277423767 8.179793157289321 6.096033865834271 4.366364623721779 5.052566335745409 7.061236434617761 4.868762937665624 6.342317527228763 3.3020227478871202 7.260096574031459 5.693642469080848 3.5781320918089192 7.63958410974435 8.88228484469815 6.782241964242925 9.603205097028093 2.9366255533531196 16.50066323005641 10.39243095829377 11.364629178023602 2.511345539381134 9.659606097275697 7.627479425786471 2.720308066686231 2.001704926796298 10.017002516750143 2.1998473336974 12.471831079723769 0.8110939925253524 14.873381536577739 8.160393287245562 8.20691907190158 6.614032642980641 11.490162915736002 6.4680062561822504 10.439050454324015 8.128270555521699 7.223300383902846 12.949730947176045 4.933924662518609 7.728100395558126 2.483795729243332 
4.193389670752639 2.801970701503077 8.430177117145448 13.687682854411658 7.727887128657976 3.7421772291164346 8.481217469114624 7.4779642685306555 3.298827051948604 14.877631470672528 3.734805391708286 6.475781452640494 3.747941133883617 2.8539056844467985 13.500294094758054 8.507542314494557 11.426669809943942 8.212091058157963 0.0 2.0571794141973587 5.577750568252078 1.6599601906852874 12.896583919032416 4.4510790948944905 4.743153623774861 2.0108609476452743 10.895259058957128 10.11424643838901 2.5448024014082735 1.3860326063820216 9.333896592395913 12.592094335121196 5.645726602505123 2.5675252334181295 9.852129875346519 11.84725601793815 8.136391211191404 11.230444617099728 10.627637905540558 6.843809271547274 8.849273453198247 10.816540677664323 12.161226806443185 6.3312346628718945 4.914162089466899 7.249787727158525 6.236317455087773 8.715065451722497 5.741614773339345 6.607743042274257 13.769479876140585 8.114406793805706 3.5881903660784555 3.3252586321542896 5.474065469363851 1.6924750880002293 3.145434238496624 3.5286368162739454 6.863897324034473 3.3305192994301587 9.26105308368482 9.921043993606272 3.1464269253960504 4.66765064845589 11.12014340153716 
7.057405370548988 3.299450078173348 10.903015997629648 12.441961914749914 14.048146312916833 7.152113715689831 11.987218347432936 8.860046793111309 2.770587567374193 12.803954303977266 2.4778203056138635 6.603723103674459 3.522651324696208 2.2966103345427227 17.026651335740805 15.119403656562984 11.585183961327651 7.145751325159997 2.3812437765712953 0.0 6.36898698437358 2.1677585169904656 16.768629039015202 6.005147854809364 1.4076454993101195 2.0763662806941827 14.726297279085951 15.21091503303529 4.488352577653268 3.6129097211784424 10.075988249489535 14.526417403362766 4.943468015321661 3.376819329551658 11.978255080860407 9.139774143555684 11.476282363529986 12.30118170953976 8.217932150243909 10.605377458473868 4.317479193613637 12.320026309505971 10.197332003368931 12.947043562072786 3.7543494171331613 5.465786899314523 14.25262473725026 14.121113787800176 6.15476063812163 8.073731201777715 14.51428146744994 6.9963202173198935 1.35928179791404 2.3237419230955507 8.985747640338026 3.14618701055211 2.9897038131037785 4.43271755622459 6.090358204879907 4.419048316873358 9.243899556540914 10.46064662271365 7.532434973000324 7.519683490543631 12.362490589503649 
9.407479566327257 11.895694367155699 3.8497594271163593 7.315267336600659 6.778007777010462 7.726893626539512 14.652563427946987 13.043299340693016 6.092657171979837 13.972898090439273 4.26273332915166 8.831645830449848 12.251635132320853 7.586974833851976 8.289499031908658 8.528079328965879 3.8481087132786342 14.149027541634048 7.079216033262931 6.731776663707974 0.0 4.810282572417245 12.02095279083094 7.333239290280051 6.307863022183108 5.699162769829762 12.290553272621505 7.2681078543178055 12.358284001574884 5.047068502200292 8.14494097954363 13.658727789071808 1.3190601916785551 9.38688345637864 13.858333018322194 5.319202747209722 7.3463723738499835 7.537644173127133 3.178945201972644 9.284398315693881 4.14414937211962 4.654919591962891 2.256452571635249 10.05796936811469 4.824923162625206 3.181477629656854 11.26877797458202 11.949398870902815 15.081629077048394 7.415866208680855 5.218496810281958 7.408616052133895 4.074534579026275 2.899723597746092 11.496163721176785 6.87898130986821 5.151610091885297 15.330698821853032 0.46575750181663567 2.752935635057735 7.182817399065671 1.9800004837528211 10.25229163947313 13.672699665264147 11.866093810167026 
5.6606492904403005 4.306145583394669 10.579091425892411 13.550173964983571 10.200101345876305 5.565377382712727 7.489005216705045 8.17622009843159 4.504553907680105 8.741931300723259 3.7467377272399722 6.184216900322829 4.268204144866179 4.155380554919404 13.647215685767362 8.053626627880234 8.7501424828512 7.833446626689009 1.6042344219945028 2.276960342060433 5.566488268159324 0.0 7.724248622434542 4.796505381028236 2.748289279940786 0.8188499527227817 9.755868873138434 12.562989785474832 3.1444723816649174 1.5756529647319137 8.947951385758195 7.9463371937936955 2.713345017793356 3.9256856979876895 7.130564946564534 6.600147057845455 9.636506398020037 6.087403609575172 6.414961028052289 7.125134371665062 4.4077268763064374 7.8565137146082105 7.969328965847229 7.574884807349104 4.453582488534442 3.688249492792637 11.531645122985587 12.114488829798246 9.010247592540349 5.154648175118947 11.019068698976863 8.195838139556166 4.025665362437464 2.012232517802865 7.500198593113538 1.3432107495646375 4.486889814204656 7.523222023244036 7.2629003796474185 2.7821329395191254 5.843461908107775 6.73951806501206 3.5136010202586787 8.466242846315856 11.663329825347262 
5.81900554899318 13.902873190212354 11.389788195162023 3.3107773551174375 3.7859120285244945 8.843732649501458 6.035467711275476 7.512013461182833 13.818846274438462 1.2394207855854285 17.818194404456328 8.37774611084191 11.46172106398059 14.934207881177816 1.398429647663881 1.5809475492419391 8.65424571030918 3.8379600601596824 10.844789010310272 14.417724129150866 8.8880391421222 12.307358217101296 0.0 10.123136107037492 19.323398392797692 8.44213378277974 4.262023372703018 1.3172657673943255 8.721428994672058 10.984836429707677 5.796169519746507 4.040938996326618 11.974934900520898 12.564323421789396 3.011215783501994 6.294190325757566 6.915392909928373 4.614798742238346 14.55585726661268 4.881301173063864 11.563582158864369 7.584496754611932 12.75420520858545 2.8359159378779424 12.02377049936889 9.707399106273382 6.48447293318064 3.7918602217207207 16.063532371083344 4.17168122916269 7.105337906358221 3.9398979851878204 13.45958636478156 15.193175070971844 11.842945057973612 7.202408451207067 9.348765805162243 11.315535453427717 13.323827306844656 12.741097892584865 8.904491430950463 15.64648133887275 9.854863590062402 8.646266893954262 4.378773778850848 
5.248346360648309 2.898786194899898 10.647492982660667 16.857876805448633 7.810163280874168 10.139943182379207 11.418932180672934 3.097855690768448 8.767010728013997 10.8378721096422 6.056045485141574 1.884013505663954 3.58589583786196 4.689124546834513 16.642072132958937 8.572809897177425 17.81494048534364 8.434978009230647 2.7625541792513655 4.2232147263129125 11.560391302551043 6.474785325684506 14.820263914104839 0.0 7.4040103697513615 7.0668777783582275 7.341827201803672 8.39991494448285 1.562720283192758 4.252987701756585 9.98251116913087 6.884929492630246 9.782096975225423 2.649347883654279 9.206432218045434 12.614791657337754 13.847063371563436 14.913841022338218 15.271831022975721 5.027168803984706 12.168016499042707 9.555470290039892 11.399709017175725 7.877028179985031 7.0272911403350635 9.018315181534025 8.876438712849506 8.541859769538128 1.9684016844815908 7.95366805261034 15.245911487813608 5.036544296853803 8.12446358307131 8.549622006267718 1.9830490816804236 5.168517195829435 7.1612316849489766 0.9424449406637558 10.600879939422434 10.464327309005128 13.662720496909657 10.48651246943663 2.087390933976045 1.5877431858678959 10.224143007586648 
9.350447964049097 6.029464889005772 15.300232944310807 10.852145252288382 11.732874080373067 10.475244359005702 10.614487927538987 8.072621363519772 1.179707408345473 14.942727144145536 1.321748301962867 8.804658567156505 4.188269331816566 3.9617988709045355 14.955038525231997 17.43695288122378 15.248365120653684 11.720154575546726 4.661807113107216 1.4380403934008692 5.15565973850859 4.842301099123218 15.789864646700025 8.415832565993423 0.0 3.3528621725924674 18.111234446326513 10.55395892473617 5.760357823786009 3.9468263525668386 12.724653670652557 12.613802723507476 5.013291446186814 5.192624278755739 14.405123872176603 15.554046883103966 10.067753182831328 10.415419038188094 8.161859124430002 10.31451528606054 4.6726658479939225 9.692010444821083 9.893420590165228 11.17984292046855 2.6845702592897243 6.669940634733317 9.811298787938123 12.503097898727429 10.164061871408492 8.809892375882278 12.883890448394896 8.28945647222789 0.4061972393701986 5.150470214157202 6.548675553618527 5.953388326848445 3.664176873690156 7.202099161753854 8.67962901640537 3.102530047725403 8.079275691270071 9.352486150084196 5.975156886564405 11.393061938309284 12.437493883752824 
8.681023147681326 5.22430186757593 8.824794317449639 10.804077242991443 9.314856025046904 3.5589966215982045 8.11176707465146 9.572663949504419 3.82130311632808 16.129286630379127 3.006115327558859 6.594115286617225 4.785785236236818 3.9359633716000166 14.300304076706407 13.66598564278564 11.243655270404545 8.74389658743488 1.424471275018312 1.7252162182095467 4.465272068760909 1.1414048174933826 12.975084331347237 5.285647750744929 2.5197918283305287 0.0 10.961077576397527 8.200166866062043 5.697265670930268 2.441953030505169 7.541107954690547 11.47139142707126 3.682380408016864 3.421720427982314 12.376608738912037 6.9117109215511405 13.704975574254723 8.444999468023928 11.387133766985272 7.6785730013262405 5.0592470460251135 9.347875835392013 7.318273862102366 8.095540314285575 2.3449270770228634 4.462622999830486 11.917476971758955 11.612788856604581 10.083776549466553 5.861070929270516 9.96356969794466 5.938771306987979 2.082352300524962 1.2890804660343922 6.797604618820236 2.779679207903242 1.8851657930191967 5.094752046217646 5.16426120895239 2.393066676846294 6.150303166859638 6.568024596569947 4.8347011172953245 7.724554893844001 7.184987103511757 
6.25937864532534 15.197586972515774 9.803738144686207 9.090276344096306 6.101836310929517 7.772040783173798 1.5896191657711967 6.194443176370575 19.536902484603214 4.689885418755604 12.772820816558028 9.273449813312542 15.274338816752303 10.80307604950715 7.605585631645183 3.3800978597151268 10.85239783200078 4.459312538125669 13.455048492329897 16.898979804402366 11.94224070938254 9.80309047910857 3.2860741317284106 10.040135919813416 17.435297974081436 10.67202694669507 0.0 5.939104242578377 10.902104985608606 8.51370513639807 6.254440928040975 0.21682585894904657 13.540227674449174 8.680163802359246 0.8231417656515605 10.455277956456616 8.606495512303612 7.8706719348321 11.86481333621633 3.235938703304888 13.889489854342909 10.651579534835635 14.814794213155729 6.197929420939791 16.183769492725446 11.610508894133957 1.619886747798477 2.044957524955386 9.645285856493524 5.358205930790286 12.220722602201636 4.188781859327035 16.398451923819653 12.287366628950931 7.893632344727141 10.859775350773605 16.3372808737576 7.4796432625391365 18.305878187382227 18.94984106399987 12.417905537894004 15.563148012396104 8.880353488972872 7.1347890560889855 1.7984393084367232 
5.315590297498959 13.764090156231285 9.625169265109095 2.3738834993504945 3.5419808148660503 4.831013395763815 4.264995309418926 10.810103974299906 14.339032752313933 3.0237620789744337 13.103123561247795 7.222819363367256 9.97041900728604 9.006431676034607 2.2808723318895305 1.0677723584643837 9.00885013674682 4.665022903474052 7.318219681644257 9.999649404509968 10.932912955843264 11.568863657474386 2.1538880413144006 14.560976184082216 15.845487870057038 11.49783344423707 6.540049580268186 0.0 11.154007242200713 10.55311282584249 4.115409601630961 4.434947793813138 12.29976499962661 12.204945616140384 4.829976779450101 4.87861956474429 4.040055978949453 5.775672545547735 7.4935544167589185 7.579101333645729 12.928386501377203 7.7647135196071275 12.696205422457307 2.4488940295585038 9.556980273276775 7.350956261654153 3.9167367802775788 3.1501541100164316 14.118699667291413 3.9929545134202438 8.169538293170122 7.046695693936582 9.309810744618332 11.224212904454868 12.96110514733181 8.674614073063736 10.470707633568445 9.16667919414902 7.649016157154593 11.305233161548864 6.321959572624509 12.005696021327578 6.341636643934048 9.656894871104086 3.638299038118487 
3.2821486316377984 2.2512029484155764 14.100740877753696 14.240594658060711 7.146567297846435 5.270923938005165 7.166374483154835 2.038187091665091 8.137808047559341 13.696656197048029 10.047849994107668 1.6816270851739141 2.7694773053596626 3.077261221559886 11.970228633327924 11.451795908262485 14.880996041554326 7.3493780194202145 3.225148137066946 6.248925929456891 11.896518915260575 4.74612458755999 7.180071661807287 1.1618338032813982 7.183123255730777 5.10818341143357 8.968533104381486 9.389920409619396 0.0 4.391909510636717 10.858892491706346 7.291593851242259 7.166245140945931 2.5837305342978953 10.265284430138816 12.540188402031117 11.646090150048233 10.314094658983592 13.935271729876423 5.7477556989381124 9.760169629194534 14.400867929094492 9.548982281426833 7.447205751423401 6.323763947751252 8.253225814426262 7.591787024402219 6.244733925402938 3.58452566070719 7.441371909287356 8.734474539231215 3.838486045664992 5.0708890988499435 4.559144605594552 3.9883008327903835 4.888270030651762 6.184773859353964 2.191667750272248 8.769873549577781 10.15440243558402 12.132190653391508 11.455065000438402 2.3844409943993954 2.2269244251170965 5.597032189738423 
3.274670731900428 3.853149512611049 12.080597209427744 11.239780386742872 6.985666427815517 5.217247018637942 7.190424333741462 6.04072341357409 4.2058693760687635 14.776226343560337 4.462817944492681 4.999888356967967 2.958557936109691 3.923741857003235 7.300700373294776 6.848183485084992 12.17031819805824 7.765043547386052 1.7436901061990282 3.1312790014563485 6.01339102399821 1.4736089406930346 6.959949297188762 3.9158647818076924 4.477704726438594 1.689153221730656 6.447440197997391 8.284555857603685 2.2806519293668246 0.0 5.268076778787731 10.453821031999855 4.6742989859342305 3.474598280716081 7.779039166082472 6.96065747509848 7.973866740148974 6.1261005407501194 11.306918154253909 5.430952571126823 5.548112958142808 8.730808177294216 5.760757311459269 5.498267182526568 6.461409976927158 5.428410112685169 9.155188023944133 9.070086923044022 4.429821285597151 6.714046906261923 9.657728278026287 5.762616123695767 6.175608439549709 4.60956738135649 4.787021668606236 0.4003863021863501 5.119189527724351 4.94840977023423 5.432477380732035 4.3032894641369 9.905457699271476 9.625346770401762 3.403730232710876 3.9966408721577755 6.524857555051372 
7.158962666863623 14.885026766852791 5.501473921830271 3.6605991949982464 1.7611060241358374 4.974207377818826 7.890204255705034 11.355324725570256 13.495610548470129 7.968371731046146 11.438195233151038 9.141963652054692 8.004306424715075 12.570291756066124 5.519627232882802 4.0307318539215755 3.5052116414874606 6.061934615283773 6.889870592634703 12.136514644227614 6.34665803650592 8.958744564012447 4.719918066148535 8.880756084903606 11.349970867498335 9.91195893937536 7.880441309141197 3.7821174232427945 11.644498135585062 9.96158670808118 0.0 11.82874226166734 5.120438587421902 11.212137818908964 6.742595488027345 1.6854982817945174 2.6266475117035317 0.38527416345881815 6.30893911887368 10.817925425928728 10.999635422579264 2.918183539282772 6.851848890487432 4.552196893399506 10.290233573120455 2.4663429939696364 10.95223131771305 6.610246952627126 17.063140967474155 3.5269613507031985 2.2988008520800154 6.461158094971694 12.83002491841583 6.102784977751368 15.261392323793878 5.299645375329656 10.294131652742143 12.50023567534031 6.395224652918284 10.734684214778998 0.7543142062406736 5.5386645937974235 9.81699800753023 14.010811564357287 10.924288924987309 
5.345082484519652 13.655445779511203 15.881102211525949 5.6501743118279215 6.596081856558502 5.540881044190316 1.178167235422148 6.5507315011057585 11.572081940324564 4.651887334961407 14.534401610373035 7.057807879515481 9.851705317390511 14.908607780367895 5.2711150934763324 4.220644373188028 15.78261213225765 2.8478141227169242 8.282278544117949 9.325844604786589 16.194649048940786 12.742787377838631 3.03132104155958 13.005954798444929 13.584872128955464 12.29349929642949 0.38488732438452933 4.523774569927975 11.942547237262039 12.255051808405224 6.707561845229771 0.0 13.528374040896823 7.581300859574616 0.8515631234465951 11.332019444684875 6.115144458266718 6.502736235324984 13.682223206579119 4.7118803348513625 16.465546815659568 8.217529957715163 18.789146514303617 5.147935500614997 15.583049535754723 12.243276252761966 2.488845320037681 2.1436825689407812 8.606365969658857 4.383747834510959 12.076126208229063 4.5712010567342976 11.18717473939615 15.784817024996972 11.152093859376379 12.169262201986678 14.425564467896285 9.74723230400787 17.29353311556734 10.487419230488358 10.360378159945624 18.32967437250077 8.288777325523432 8.570200898402534 1.5948569594134228 
9.85479187025652 7.768186504627606 6.4261409853188685 9.555512604218722 6.593712420151764 4.885211613294151 8.055746508990202 8.313721350176833 5.333610523520527 8.726557513053825 6.929619006209711 7.865295565923104 5.609996228897615 7.542040868818702 8.380871750160491 8.72720959377395 4.7568449505881025 12.240872506327271 6.781478655113753 7.283713498638887 1.827069502764687 3.8141031534847487 14.771264117773091 11.261698687456436 6.511679788828156 5.172100808249873 10.158123573529895 11.621151766945214 8.827992897708109 5.318542364433024 6.623987677623103 15.646653053447775 0.0 7.119366503128846 13.72789487916533 6.564855037686007 10.557547106919463 6.004750444846946 5.8992079958237245 10.451846527766264 3.4170337268913933 5.888940568402002 3.065527368973438 7.863426758286225 3.7837643902615015 2.8484601305418753 11.378971438076153 10.350765375575474 7.985605468080149 8.265179560121549 4.869677411756344 8.149625814240405 5.63922499005349 3.197128700653949 14.634606084538575 5.920381332224398 3.747471146350198 8.303925056528698 1.5813507072366406 3.2484258137660533 4.678173715595637 2.022840146802847 8.171561567693837 8.180370120685621 9.703004985352202 
6.773945341416918 0.5908816663119012 9.967683470372735 8.811340486948522 8.481549828313078 9.277307449042455 12.78006971043172 5.354254412045293 7.043310705026057 11.150178196562662 8.370598757538332 2.753667928488124 2.0612741565022805 2.9179608477083083 10.648213280426361 10.300230382936675 15.773470197968077 8.593660836660034 1.9222164970856805 2.5962942305958108 6.184330733373603 3.9421087613897177 15.380091942302595 1.9317057615510234 3.8360489556655812 2.8905094997199394 11.795654814361416 11.1978095382143 2.5678199515474063 3.011805916331434 9.010315791729603 9.59231330101967 5.732747195146757 0.0 8.522395213723 12.008124003406884 13.12093929408314 10.567772018810512 9.364923939099308 7.666145170845859 9.364096811024105 13.852937940271332 12.166362538705233 6.677334103309669 7.243866121804366 7.230775517603976 8.023162807428843 8.568856882588905 3.288332347108758 9.250907118661411 13.914359667999962 5.434987572709743 4.712586253526066 5.9107598960182655 3.3610498089858805 2.458082940596952 4.760186226173952 3.483712603051808 6.806676648203748 7.868029989266475 10.238627103554144 13.630220037974574 4.632734224830497 3.234690635333843 9.742200509761684 
6.008565127087054 10.230811149603639 11.822684476289322 8.80781740575215 5.184059558066309 8.611501377596674 1.405700411844551 6.169329521693014 14.195213668269483 2.742280286136324 17.17173280122473 7.3747576470009815 9.09161121760023 15.731167802822794 5.120994456245477 2.8280064884302223 12.472310217504074 3.990269584280046 7.854697488508938 15.90393971164712 13.32540156649987 10.39995075585406 3.282208629443128 9.408141997157157 12.555064561248075 11.801435703118816 1.5500279801351717 4.908493725719307 5.934793676638826 9.16171702865995 8.165594647192231 0.8523054312013459 14.457825906248504 8.605432477900445 0.0 6.526706993857934 7.8620328571546905 9.68612527792589 14.398717307429614 4.145654290697089 12.183369769571723 9.753803127733885 11.171599790597579 3.248473392273845 14.178111006438998 9.365264015836335 1.758192903045328 0.9765397222214377 9.1056509169443 3.5839781041754337 10.287357783603213 4.360974969595349 16.635393660459343 12.808972619948172 6.717657620552286 10.273466643124822 13.957518156745966 11.370405885126464 16.349733897912458 10.498771239504642 8.565474917606933 9.243909880045457 8.252958287063906 8.636063038363503 1.403368855932763 
5.614315821847167 10.709724000513521 3.615741992682061 1.6269664609977736 2.178257448907069 3.4550928716965394 9.925241075463703 8.382204630451563 13.613968654866847 5.996950665237016 14.011159527616272 9.27340171711096 10.620342199313786 10.600268085895406 5.5133853220138445 3.786523850342191 3.8594041517443323 6.603658545613672 7.031924846747273 14.31785821279776 9.276055556387796 8.774256895173636 5.958275793970011 13.01938973943531 14.397193655516428 10.531007237211151 8.527651541006051 4.886516267247312 11.49969255710597 11.507344488298898 1.1379633445667467 8.025811043720765 7.6739907971100205 15.374993135985179 10.57175026518735 0.0 0.495280306790197 1.3816311152552117 8.107777029363277 8.049492433136372 11.868770460477108 3.9970098546524655 6.832923706862104 6.6606443208390544 10.555732772142438 3.4850043512621847 11.107112545829807 9.58680462636146 17.025884101973865 4.84264826412668 2.2664111380258016 7.2917026667075655 11.639049170117296 7.266460521494977 12.95523771057917 6.338836331808105 12.02200054728518 11.450691809038112 7.968935096960495 13.60485254955569 2.124186294972697 5.875833029933723 11.814276886473593 11.956165652147453 12.127532385180256 
6.324180710613811 13.615294846655498 7.519081644616175 1.1164067090196332 1.7639395048888713 3.7695915153944686 10.067995556530137 10.673279254861212 13.013088938891965 8.756340337163351 10.85802438965915 11.735608688090608 12.304810789513548 13.599134781355561 4.025981773122221 5.304933485252807 5.028292048243573 6.479720963833869 9.007049911968913 11.109375105959103 9.95968249356019 9.13439468440174 4.071806087840729 16.40137629146397 11.424302512215888 12.174423928282852 11.075881211580368 4.021778347186338 9.01006750837022 6.788299628951659 1.7574174869944705 7.891548613836253 7.392014854083111 16.50452132273727 7.864163449749798 0.6092441273556753 0.0 1.3570380793489891 5.582380712559507 10.632825979413923 13.661729375753016 4.627025976249256 8.082417800500096 6.101817642456288 9.027466271949972 6.7077950205546575 10.403746902776298 10.2101310192771 10.709421909196328 4.380334779242858 2.470154564894901 8.226933672397896 14.901596783858029 10.081632906417525 9.852547186778223 12.156528950935531 12.891143169804728 18.189111786881732 11.75044804056094 13.99888482365149 3.0821022562243163 8.428398636785614 12.561837280715615 13.36324755139269 7.365374619638139 
4.980378286447865 12.432924594881378 5.794755420339599 2.4774305693759326 2.1364360268573033 3.174574220109922 9.331845684998552 11.153040628033704 13.912080064142021 7.989988282482363 12.732455793706315 13.38631453373344 9.84410784736594 12.896676140993783 5.397229671665792 5.232884302719823 2.246787784672679 5.47830956555091 11.899953783449934 7.276808071352951 6.9928454847900126 8.981536147705937 6.0922645698430795 10.200082454844594 11.894820925326457 9.101371636452317 7.880979858971805 5.99676894537477 8.387954544072885 8.44880685418008 0.330948347214453 10.031317021256106 6.657269797777681 12.576809466614378 7.639594229261775 0.8605502291950666 1.4881280162198691 0.0 5.305442138591988 6.401756616551593 12.457100822756107 3.1816908625949427 4.303677875335515 6.158722376110133 7.094978889795835 2.605540987859702 10.833169182971343 9.04178722157864 16.410154168973662 5.914566083343539 1.4997372017863495 6.631702850308383 8.575994969642954 5.940004744688983 14.468713468077596 5.639550105486867 11.136522752820861 11.66782367639804 5.079430700249253 10.65356335419455 0.9118255829142927 4.445844797453038 9.962536449345388 8.47353878945825 6.618371283317219 
14.137852180044664 16.49356385442593 0.9754479755380654 6.748654216925971 4.920345725607129 5.576306731250709 16.729116635131078 15.734745540509891 10.169556721650284 10.783227789671175 11.535862407677984 16.75897359209572 13.862277499152817 9.075037029277688 9.680908330394582 13.057642361381589 2.5606483956169037 9.556325313945642 11.525855731675943 10.485952193184634 4.348163193131765 10.995863028475354 9.261672369286885 9.40255341955635 8.54851469536884 10.14597268034504 15.038590114617495 9.292375171324734 15.249407654012934 7.704045071898246 5.148897693169726 17.518607371774642 6.382385823640679 13.877557865489742 12.46883439114437 7.997792110783632 5.533344320472058 4.616748711541294 0.0 11.692146184968617 7.713298457128412 2.6277020356223666 1.8261236889097565 8.558628121052505 8.343863997311313 4.8959334590036105 9.947232151513532 15.0377499919247 17.81645796043414 11.594362677405364 4.25829442590034 12.450009805032643 13.526383737522252 8.450224924786905 14.145840770418278 6.191943266721043 10.436250266815875 13.279906740038056 4.034380136280047 7.677830811191827 3.5563001441001183 2.9092289720835858 8.613646594409238 16.895551230072208 9.994572189986085 
2.1411651256716304 6.809618050737637 17.0887579110734 11.707853057363144 10.372437533985956 6.082345330154367 3.642843295424709 3.004005273592281 14.78531658475282 9.429139405271773 11.334170669434059 4.7184081162193685 5.343276351385861 7.104974535922484 9.470815389172344 7.968738148954531 11.054404859572832 2.7335072285927167 7.227118797798224 10.43533894167399 14.109748879247501 9.479675368322273 9.370412629792504 3.511583902408052 13.000832176373354 8.214222699213568 5.104942028762018 5.055167273507618 3.7312233141175257 4.015421421837817 6.770169133342194 4.9869674735992975 8.351288634000507 5.309282733544112 6.189615835239749 7.640043321087056 12.113229062181833 6.6343674231065775 16.260500989822415 0.0 10.779382372164783 13.96209607434561 11.42718546552258 5.684173860825323 9.624831867674065 5.633874308238174 2.590929315467661 4.171321392068256 4.090831130807997 5.745023283889449 11.593969829842798 1.4747195520324303 12.068725889640271 10.13355079202554 4.778009992296942 6.61573227217742 10.994106333530922 6.076065145733445 11.782773181506348 13.507201994942967 8.283925416119775 12.829157724621762 2.778708106039672 5.133682731534655 3.269624593723508 
10.105640948786165 10.131124102127828 7.058681351806285 10.361238789216802 8.661807010597549 7.667266407450322 15.90542998184641 15.896881435845177 4.387452858182575 15.144794818183613 2.3762139264030835 12.17308864657797 8.788263971961058 5.467412700522099 18.575969531989276 12.095846584606859 8.516063700585736 15.011952468989456 7.914598444582005 6.775303771821047 3.695236043373691 5.257500835141531 15.297104270471497 7.72407124577512 6.006493299430998 6.550886616230778 19.981194495152778 10.683822244514818 7.452178383845681 9.347752897663545 9.258773403706858 18.047306825456346 5.050379747269892 6.790796956779623 10.896000447989595 13.933348729370199 9.274632300229808 7.067655881155907 6.20805377084475 17.266737319335373 0.0 6.964117968355657 5.714250554616113 11.14609341969072 1.7246665130256655 6.657577640912337 11.914983005593625 14.275404772327406 16.46980613855322 12.177324337465716 10.235109022227778 13.057730981875988 2.9426479404362276 4.688710468492176 11.000634864466093 7.200780583210561 3.0773542833977885 10.97972981309312 2.5620943672560417 2.1575187165888585 6.8287473821422875 5.321890122493673 8.844260243904259 13.326475964959105 12.31501629111839 
6.820865949925653 8.50105807805631 1.1785225870681846 4.213947342042055 5.301415653145417 4.997664505170449 13.45461315046833 15.470695948899712 12.71346851903286 12.588475663908122 8.424831417456929 9.78211144462986 11.407776206356125 12.755838790514076 11.106914466229838 10.930116369452675 1.1958278052034887 11.239198106333948 10.74745623965298 11.24275561809407 4.2057363551990505 6.612415617428284 12.218064168596968 15.683979965461548 7.265894232461164 9.647552702610135 12.828375405959374 9.00080969879938 9.833899701840004 8.593901477056992 2.7835338266232785 14.555911248600623 3.164261512787206 13.377336976517 7.624594470863158 3.000654241994964 3.4346206273505544 2.9161391334944606 2.264992341096971 14.08517113637836 9.545505708458721 0.0 2.8764835464348284 9.535047867408958 10.177091495352485 4.401613054860219 11.242846347670005 11.195971154721697 18.208872949863352 6.587846523991985 2.5392187996229927 8.247417176764188 8.81619359673371 4.953802650768621 10.148969768480502 7.587711803300114 10.097908715317608 9.891956174241423 3.721069144131412 9.03694516506749 2.200537581820871 3.0575314689971083 10.911852694461217 15.486834558377849 15.832329943103606 
12.583162898513766 14.312474272815948 1.9299834293318139 6.242012814922807 9.032765667465636 6.568554340368582 10.995181537384546 15.02504947675909 6.597196357400524 11.825922004373021 9.17768378599672 13.062534163964703 15.089138399830595 11.100417223768504 10.781503858359637 9.995021949171807 3.6843085960932607 8.86649115407763 11.001425942411835 11.87557571054451 3.271813380974847 8.044698862697421 12.898589570587326 10.347680914853171 9.49591852981186 7.471331026482064 17.13722241539071 9.997768511952938 9.829469754645793 9.312872509488024 5.320615661477773 10.645732316330108 4.197507048866596 9.282480694162583 12.658707057825278 8.138462544121973 9.161488652178427 6.704080046709631 1.5760043871010931 10.822215037172668 5.266291235426555 3.134237376268598 0.0 11.416383261311541 5.247093132191105 3.636422282228811 14.65172842528238 15.59295984139931 13.892648917990996 9.957017973624843 5.567848590682813 12.501980740356403 7.799693601770594 4.246657360077942 12.66256966270387 9.955952657197683 6.483995907093559 17.383968111955937 2.615291648031079 6.155624758028535 4.95530953019583 0.9080940635300867 8.571972148097974 10.126694594227976 16.122093124013603 
3.4373304768525115 8.299262412318505 9.60568584903088 4.7106589638464955 4.08153357870041 3.652803277545842 4.968138387622301 8.73109530552938 12.953847266624816 4.9625665257311375 11.406013708492859 8.366488166966972 10.952958118291722 8.418320758124992 5.552001166234538 2.5310895834456693 8.237182607712793 1.7730588846752962 8.225966799371845 7.765618707325245 11.877897057752438 6.710704489854321 2.7535092448565246 6.366400230853766 14.422443701004957 8.007219780560483 5.800691172406083 1.6324664889961225 6.803614627501421 6.01815618449624 6.295867917001219 5.329265346951134 8.354136853872658 11.267701434195732 4.5273003595291526 4.573175269890495 4.247474381387741 6.101359392861797 11.013969123287279 6.299024665771661 9.301012820320853 9.380372294347147 11.778110129716357 0.0 8.190490766717891 3.412172757886948 4.050277467150844 2.036133649899744 9.558363518797584 1.1550684506916837 4.760271722387499 3.549995216891573 12.343432291224989 5.869852311223736 9.162993328345877 4.784493203575072 7.462697232241577 12.0474457970393 11.175678682773052 11.71484769298408 4.946263209367834 7.037949376676042 3.7317830599021757 9.103914945364304 3.9476244785320747 
6.653610846768155 7.111315431820811 8.51960465680827 9.15684382661892 9.819202106096267 4.815401461033946 16.15909218137396 7.093356220608168 1.80746824965128 19.716596882493825 1.206817296829842 12.83010002773713 6.7314537656096 5.753231989388697 14.944951035276777 13.59875084186634 9.851742957771247 9.31627990148808 4.372627408060927 2.5261553795185647 3.0218717322853834 3.6573655333977273 16.949163807724872 10.401663024591905 3.208305075085568 3.135613982978083 10.03340960077656 9.378136876390556 10.231836623501405 5.5004409023983145 7.791148572726394 13.039177965854542 2.55544362952902 8.262938622790738 17.375321427467213 10.124045650389142 13.749691000699542 12.085882267494464 10.665536952624233 14.557229643817006 2.7759784579644284 7.588357760207124 6.539926318457303 10.550773420193934 0.0 8.191061098061029 10.021525868013935 15.107952748682361 8.585250079516069 12.069884936736667 9.205898511291064 9.26181092198851 1.8665353175212833 1.774807117516089 9.441103983675275 4.817730404404265 0.0 6.796436440361054 4.494185018290029 0.2909952218434762 10.484441066512863 4.101196045106948 9.468743625092797 9.96371596900449 16.501490986212364 
4.300627381646658 11.08415379085477 6.075577696512779 4.359792590771444 3.357530157879409 1.8196733751797047 11.382204186503163 7.276755598880192 7.150533985280008 11.096552657811582 5.512026284258977 7.51968732081712 8.523583706673538 8.347179323204507 7.759792852784031 6.384798003938498 3.5557375310996124 8.996225073979133 6.629304024469482 6.910063427842745 3.3995196115422748 3.7764072968085016 10.149635484395098 12.005463063192447 5.6226129707568315 5.056590466982489 8.306899699992265 4.547430924196969 10.02760436705032 3.3168229805959517 3.005134800308695 9.393815023402341 3.291246828446357 8.407153081259713 6.600132522946468 5.758566743140164 6.73885300508977 3.109593092156027 3.6540866248362986 10.251159846594549 5.848103862820381 4.276701818506602 6.06776420335965 5.1934006387016245 5.609405544603071 0.0 11.586356013845144 6.140346514323233 8.068386644823441 5.086544530122898 5.368416044258147 6.950017580594341 5.562352311062844 3.2159577600960314 10.55855330489793 5.806198178655999 7.1728422579975515 10.50910731630947 5.381498723485369 7.740885900884674 3.2535798213907627 5.71858744521815 6.735542198535745 8.641000249126414 9.021041050214777 
4.413011342400326 10.983054041183046 9.838098399532777 11.27954566640707 8.117703274668921 7.646882805302767 0.49543966025946445 7.815943384220816 10.916763694488388 3.987255251354198 14.099901639678926 5.825504708869441 14.305513160211142 9.280791609073411 8.941560247579089 4.440602943498929 10.804216390624767 2.5946850814258617 8.749066924848956 9.172553207439764 16.66008660556057 6.878146597415053 5.246578432429519 5.401224430827413 9.721099683552877 9.966103542049895 1.8042394136246198 6.659537266878683 7.868079586158508 9.426858004350223 9.024455632866278 2.370212652472235 15.031441580622879 9.902773908103722 2.8621597091275692 7.225929172448312 6.586127321796217 10.203021661073267 13.91050491822124 2.2289001195637734 15.728324380125446 8.519025053752117 16.74626674689773 4.665462533653553 15.329638073971223 6.189840675277804 0.0 1.6158347917343336 6.967336518639303 3.82562317826771 13.013426717508452 2.107786060811086 10.4962771195202 8.157135820031504 6.972173567368362 8.00858118165325 15.161891761758845 9.3415722828311 13.818729954271934 17.665754509969844 8.50348139465008 9.10588875411311 5.315633538132695 7.676316663596657 0.2979687143438279 
2.9665505463922384 10.137279680464811 14.153864719326155 6.099949686185459 5.27139639814283 5.773145763151014 1.3127802271180837 6.866586184491538 17.14009378166127 3.761903130856891 16.779223789166778 5.168634589390781 11.96793188787356 11.041444176537787 6.805130035889288 3.1116158762080297 10.177514361409619 2.034337533409538 9.062375790650755 9.955909287869074 12.419913631652008 8.1912191889496 3.2897969469343264 5.932014754610211 15.35366943254115 12.715446607815279 1.49312876080972 2.8898351940450113 9.563335605330535 8.994175815737739 6.433907121259496 2.100896832330562 13.67739515431941 9.901556186845855 1.1841330170735864 9.506595712890299 8.057234994826336 6.365210116780409 16.79407042758851 4.539301359698801 10.792922558354404 13.742726728299958 15.497019799976757 2.9854727043807676 12.176288107349679 6.143950262144966 1.8132945072280822 0.0 11.883123467829725 3.128230018788046 6.737610612032939 2.4183059054147478 12.037952236127149 14.383144000621312 8.66524674869415 5.677741342460932 11.436439413639345 10.147570709404713 11.196920545667815 9.77096486721201 9.682005213747821 11.31130432603423 5.12272183611916 7.8006176407031 1.0072645205435666 
9.133314814555787 3.222778343982762 14.427993720060048 14.764483533119156 15.97211709562044 9.5424490466144 10.955775450602268 1.706733462281466 13.25000033350941 9.309210829144378 8.630541384789918 1.0378751811019138 4.751377576810075 8.042786774499884 15.897551038364751 9.758996324601329 18.777648060210986 9.891199987092008 7.707109880061138 7.911130320404407 16.394946203933046 8.392235200078632 9.568489036452798 1.763890568150996 9.34153656535839 5.865405024225089 7.452152517566629 9.911612761512425 3.7285859170594895 7.417701561486364 16.885556332403716 7.304499900244207 9.643894605842922 4.925749302964032 11.650973564437203 11.615152193021183 14.600568637263457 9.384525051053338 17.68455681692962 6.53852579770157 10.113788291379954 17.742447191637453 12.998037842399906 6.505987498824479 9.845053143605767 14.013106809807454 8.817834706012327 10.080107129902329 0.0 7.799913956272048 16.177683783674762 4.577161344827529 12.287159776224936 9.734850567144292 1.0988615900106677 5.200946986965782 12.103416364081815 0.9874006389633904 17.486033928288215 14.190494075684368 15.017260305846955 16.188804313229312 3.8474089522349795 1.5774316456016768 9.766083855739616 
2.2004148908924503 7.962339329795988 10.708786010218198 6.124663832913106 3.339326450294511 2.7230851449054883 7.117037021669302 7.3550588340721195 13.618976413955377 3.910290832828319 10.131842436206577 8.609984138381227 8.709675165699625 11.10795207282037 3.3219072958503792 3.7158961300515525 7.967216575099296 3.3189869094586553 5.009668592744808 9.430041539333317 6.678382208958621 5.8653974157888635 5.327958492408484 10.510575217900417 13.110222099778294 9.53279898121707 6.0601911944785645 2.20629428354225 6.109682522545766 4.110326452143566 4.658058902226401 5.203669285190671 5.751099132713806 5.525182988225439 4.1871415126554306 4.163430701658117 4.698132974183618 5.535161104002885 10.19137162993491 4.145917611122205 13.929644082671977 8.242235624677551 7.374675900077807 1.0003599034894801 10.974691054724934 5.081689487576654 3.938692889335087 2.958014335130369 11.884257595122467 0.0 4.823817561043457 4.045433887753578 12.10292861323877 7.759606925246554 10.579951328999488 6.375272725260711 10.356225690623408 6.854096194622809 11.005515390684378 7.66469631483041 4.036342880473313 10.784312800302946 3.501981257893714 7.926105032204509 4.518580389332294 
9.102643390588682 10.008883811733503 2.4265322314778555 3.954722745523155 4.4879083858910835 6.351026766748259 12.403430487136948 16.830060982809663 14.437219964202852 9.05926576283802 15.295059315985563 17.436324399156064 13.327779116580809 14.854924516708703 6.532264500528289 6.913598950399048 1.6247295325742368 10.254262950229716 11.825177702322378 7.700123507718726 6.6815511514699075 10.505125190878019 6.8195671349034015 11.604992685050403 14.80386511870229 12.683826358075411 11.56453749214478 5.936292557630807 10.83649252070107 9.844253161705364 2.5342078577963143 10.036565744829916 4.774202157640662 8.621929719116174 8.328002753605338 1.7546380226452638 2.665821400393145 2.007518369386695 4.094558094708455 7.674330844649214 6.669313538675918 2.5062849227510657 6.1085196189568265 8.46064231711533 11.462326538395128 3.78082970615814 12.279294345409706 10.360768179808122 13.29107374533235 8.157129906298405 0.0 10.66347359449953 8.782059807779701 9.592770574918754 15.862601181633059 10.708817600825205 10.406028482100506 14.80549588613983 5.817473306341967 7.363317180748164 1.5626565709142155 4.128508749235208 11.979015092222678 18.335588343520094 12.903415740030066 
1.6639405462474728 9.820474735304192 8.823348863795228 11.332415309287764 8.111775224231824 4.383482946561967 2.7604646295385398 4.0552326733255555 9.282194556870483 7.06956094700514 9.968654990311094 5.373688978913274 10.661927598113794 8.692464118650665 8.052502525839602 4.53013323888541 14.534608361832376 0.6255752241174445 6.229031553525175 10.43410952376723 8.49989615398867 8.500335073090257 5.909765619904681 4.867833318265549 10.237819656958976 5.773056529311114 3.744261675822992 6.493361632535613 3.4850601012194145 4.4026939242161935 8.98795196461585 4.7424124091857935 11.669775716568726 8.22944021569416 4.120915537127686 9.377853539623958 9.070151678185455 10.018908669520984 15.009380117053787 1.5399711040149984 12.817376136196252 7.46439429469976 14.099829982208549 3.2603346036720864 8.915686596368595 6.941859674656405 2.3386331101681272 3.0639819485310844 7.952027934598284 4.324285448438555 11.270685233215726 0.0 13.325516295075825 10.77905002569706 3.6763993658689604 4.537098505496373 11.775185975871388 6.076728706007643 13.754604283124692 7.697952593612418 5.760037660489245 10.429182686261205 3.6342859580035327 5.652490566846884 2.502832245094193 
7.040811675994822 3.971768036007412 9.905617387268117 13.953791219694267 12.558972517340637 5.431286589727299 15.10904936540367 6.825334502072787 0.6810621831079587 18.72540467678754 1.83021042598508 12.383396247962605 3.254479568683791 2.4832034807552694 17.550779447945803 11.044144523909539 12.17704670748472 11.712887266955104 2.6141914454749 2.513735425082298 5.931192417637126 3.709776265069684 19.031390303995032 7.237403590252869 0.6143923917186397 3.2648689900891124 13.636171461102546 9.851295702951319 8.618083004118409 4.967629642676332 11.45751205903509 13.786361550722656 7.24889587291786 6.589471656148971 14.33894220796336 13.926289827875852 15.350142966889738 8.253725482326058 9.39926053510404 14.061660211552155 5.1335962904900265 8.35514713304446 9.438580068587552 11.841313785993563 2.487627864290303 9.815856142586412 11.552234081069098 12.851889397740809 9.414055881949665 8.973988533934971 15.033072939085189 8.11052627183897 0.0 3.12266036380742 8.602777517903547 4.659633168547451 2.3027142931499562 5.679131670223303 7.357078109681687 2.876765388525656 9.019703120011586 7.48630818745505 8.160032220495376 10.876417426642298 12.621798764998905 
5.440917516933661 5.546874142579853 9.790918920649261 9.2351407261123 6.851424576083653 4.432326077955665 9.438479343415997 7.297429790237048 2.4787734829263415 16.02449072910521 4.114251736821853 9.315907569801128 6.769782160281428 6.013230508369709 8.727938882526491 7.216766642846456 5.6300616133311605 9.920996365725268 2.552384148032582 3.951675468716484 2.3449810447025663 1.4375505603723475 13.595576996644892 6.635694474619089 3.094316152565631 1.6185455870882344 12.859048529572584 6.887134575237994 7.243124072519981 2.436682773318967 7.396160949844516 13.715342474226066 2.4678586464134664 5.48562282254421 14.82463362844513 8.342178962277135 8.92547555879095 5.949289602171092 7.059634261210629 9.390347715698724 4.5686332192308114 7.277875583396449 7.2976227508757905 9.553065336755811 1.6060332315946224 3.306016741298432 13.337627743709467 11.87165147947378 6.96762298718872 5.542919308452649 6.697853816609927 10.333390115028607 3.7843117299778 0.0 6.719437534104826 3.24368226808837 2.2264736476580174 10.869630196582955 3.927378298123865 2.631940798008717 9.44452991659863 6.1989572299601825 4.527745150852637 12.180910596710476 8.468148232028062 
7.182356137871937 3.3339497342063087 15.742832306699388 16.781025504829525 14.706069726170316 9.956192216773772 5.368826612478569 0.9168934065954492 10.592922707223952 8.573927757747686 14.36521799497438 0.4761629123482099 7.056740534886527 5.6769343821013845 8.532661833707852 12.095338251428766 19.150204221662577 5.229487707730243 7.470828118046498 6.499987937506155 15.587968670077371 7.859078812478677 13.225654936569375 2.0578847235358095 11.364902523799824 9.45270426118385 8.217679228646276 10.713078577004019 2.942513239408556 5.796113866726419 12.837377287124834 9.760929324086739 14.155124104664178 4.391056617439826 9.154309849995167 13.111363196968039 17.914852956983914 12.55444220841369 11.637849734586585 4.281410297882315 9.173689348884043 13.387183890161765 15.24949334613649 9.553375243053388 12.944520300638139 9.230658626484612 6.779945873830732 7.939312862285227 1.3809517495232928 10.241400605602543 12.93435613898512 3.957329684956044 10.626702600743908 12.593208498429627 0.0 6.319980040260797 9.43521082655106 3.0286928239927735 12.74562535086923 8.18467893440497 12.005815272768128 13.63441740117211 4.14687892952845 0.5150453016962118 7.241230426960073 
4.93643487935454 4.3455093962349665 8.19370946843688 12.359493710955693 5.525307141298241 2.975385845066725 10.701400014239551 5.689472822156274 6.62614823501632 7.72546944402235 4.593716760856012 4.5588685162209615 4.753304885888602 3.2219627299346985 8.517468627899765 8.72705103577653 9.71281309999152 7.98519766507016 2.061464673889626 2.467368147738011 7.723837385617958 1.4186213583950118 8.771774633822279 5.873379755129511 4.193955372548484 1.7262612008028702 9.12621255656245 10.169715140771675 3.3090344091994486 0.45193432171249037 7.328242866584599 10.171710504491145 3.1982636867914036 4.318655730019494 9.888439096762337 9.642342765411977 6.878645230722485 7.21234386735379 7.424661380564865 5.6471143982344305 5.724432927446372 8.979078474809345 5.804448138945852 5.19805696356115 3.8355498216802375 3.2277040799679972 7.721218646929545 6.3205229799239095 5.586834595240298 7.098649757059162 5.924239609553445 7.698548029161457 3.5963422852864837 2.9026740841459557 5.635351804068984 0.0 6.166234915710112 7.814550930314246 7.590957386924565 4.311216887388255 5.22502890451013 8.86623542878386 2.8975631971037785 6.380336833286517 5.999200635773871 
9.385673636400925 4.3856399752598305 6.697820583749227 11.418990758310388 11.305637751819692 7.898671801995925 14.9600185236553 13.06091123359152 1.8703791859897307 15.93516398624981 1.350855850136888 8.170999969674737 7.606046172753931 4.078663198364556 11.187375878126854 13.734549071615689 8.131985726209805 8.238989223347355 5.494772221508193 3.2082659873214006 3.082808228128182 2.4630373277304125 16.102549483010726 9.453511553951497 2.1671602183657397 3.1371860156882097 12.371947809694385 9.637160840077023 9.401699435183021 4.231638656179324 8.169011829767173 14.793569742393773 3.4093398987014725 8.191133636336076 15.049079040852217 14.12570089723851 12.7222589183901 8.341327594657722 7.730946249985302 13.923137514634206 3.0813937676598826 8.504838223266319 5.529489425104341 8.062282249465973 0.0 6.718572920771985 9.909975317224816 9.369236692612388 8.470860703914875 10.766661380370767 8.364470692429384 8.120726540342428 2.78258009769565 2.3687596263124022 10.389589569638186 3.24154429238583 0.0 10.566653475893887 3.3066782686782155 0.24211377554523494 8.650486900086927 6.88277795421765 5.4715015322569664 10.241031669712672 15.23807651177779 
5.964770141598816 2.652985039243095 15.130174441876424 15.026570551845406 13.618962465999148 6.115639000126449 7.638688126477328 1.7778308227511601 10.537362279142659 11.75001265903289 9.557282325612189 2.3609674067727284 3.4738884209102334 3.32857495084816 17.745164513817155 13.925291107262835 19.380283495701875 8.362495718451015 4.9843844472730225 6.298964935903666 13.744477633499502 4.498497154519061 13.58459911427543 1.078286784612832 8.13721537273469 7.094268080112169 11.290630104213191 13.788738792040538 2.9527500002194453 5.137352312861294 13.65082113187012 9.581223999340105 10.44365927984494 3.901499073418793 11.826016362690494 18.255177516051305 14.251991418551125 16.401910535861468 17.21400349020773 7.033228252251423 11.648737095039763 17.645855263463694 16.272925275529488 7.008222148183428 11.530767986863612 8.389580549896671 8.012746663309652 8.581803670010833 1.1001392676101576 9.161358341905421 18.061149135720207 7.39263045683407 10.089992092219495 11.51300577198755 2.385630253036517 6.38703998714333 7.4093873253592815 0.0 12.811784904040838 7.171685591016724 9.954694231817708 14.578100365717425 5.080115920897887 1.717790824436304 7.696446168528348 
10.761006545503992 8.72211559876942 7.177529275646366 8.77013968267514 11.170556448180808 6.25154194826106 13.597870622277046 8.481448474915483 5.9031502694104585 14.591997350949276 6.088486864659094 11.82401381852419 7.812004365481467 10.00069902675353 15.827156114055255 10.524934357984245 5.499411901712696 12.884252342530488 6.224234642442802 4.908499258970091 0.49331406075586387 4.935680097134572 16.273118493755767 10.676535531041935 7.533775133889726 6.301073118815845 11.373136883428595 10.469541469225371 8.270912061491451 7.234078641763782 7.253653549262108 17.319621088043487 1.8974718879480652 7.961106764513868 9.295439716996253 6.939073244606546 11.934053089086149 6.511911563016291 4.9006170776448865 8.704855828433413 2.528604894923025 5.6588495279226265 2.574936434021418 12.439022790740125 4.23378056385335 3.6133080228458407 18.054192280482678 13.366737354908283 12.028662373353576 8.530852869779089 8.311661384892783 15.373054695283216 6.730855327114112 3.192791430433091 17.008501151661918 8.514264773944209 3.67385762227344 13.528240199208845 0.0 3.0140830018494977 5.195490762674792 2.2767910070357558 11.31385672748685 12.637868389882051 11.168668664004418 
9.745851591247115 5.184586344044559 8.416435702916832 11.984043500628838 7.3963668536984715 8.016197625945898 13.885942788084268 13.03011319742872 1.9483735297463802 10.563323351813631 1.722899611785937 10.525900907031152 5.056318439511419 6.144920874456149 17.252044011597434 12.113384085315406 7.689120822500708 13.46335601160574 4.251634014212083 2.616880237425561 2.6932741440569 2.7834068218392645 10.782030005761131 7.298654712771393 2.7617390618074835 2.3086286419042894 19.220311453889067 13.000289534662741 6.77387837656269 5.543762250182208 11.133718033108819 13.428285779314933 2.8767798335750303 6.596891944454353 12.501540191867104 11.496719707816851 14.848078598777075 10.580139280343886 7.015175030729479 9.43367182747991 2.0692722937595867 6.340504681487199 6.242808682509335 13.729379283401801 0.34754850346659366 5.215994687095182 11.40482673173475 14.386965373920788 11.289779300929547 8.531057051069197 10.219022997233019 10.3509668472778 1.8570098222441993 2.2113648036177507 14.596014485668443 6.58130754108357 0.2038938600234942 11.223519379189923 3.9944673359449423 0.0 5.987853539272676 4.393565268666678 9.721578172083877 11.581876452051814 9.887785089646998 
5.060404014358504 12.781700928537028 3.7430406745537423 3.9262517117468203 2.963465284929584 5.1268172376190915 9.591665288583531 10.514940181562746 11.944167772939092 5.789727426102301 13.075193799865001 12.787814866403199 9.070903858839323 10.122751342234915 7.299742510695104 4.502908182425497 2.21120010528299 8.693759463664382 10.22855417920361 13.011318860429846 5.467429434483917 8.257460417347431 6.742846021069417 14.18912349663696 14.086653192390795 6.673891548335629 10.77873261439129 5.817101645621982 13.524821502756609 8.496892587445222 0.5037821230858693 12.212014928918771 5.651091068235182 8.097336971331442 8.642578769984006 1.7865754838764603 2.707542242034118 1.0495363538868323 3.722230336061636 11.293481003175685 8.900981903147507 1.8526696939013698 3.4648245705274006 6.083122091772761 8.964693268343197 2.7958548678444712 8.090646822771873 11.051235594304455 9.75653028320742 4.344195126083435 1.4435215276554163 11.111743191248683 13.620900394477431 9.517653890127988 12.913106502283823 7.394754005044455 9.232189416064678 12.384943590260857 6.5679456292781975 6.18341116588126 0.0 6.486784829752581 10.084316839402941 9.903801219726555 6.701121837208249 
10.778765205191082 10.379798846091447 2.864789592453852 7.663329546263418 8.335386612179038 7.05089128458219 11.57010913957701 14.63587093844754 9.221710596408432 14.509724254267557 8.012741122762463 15.963547381246517 10.629033195757886 13.186300742416254 9.362551006723734 8.352602554180718 3.7279237265040335 9.683585218996024 8.264138268582373 8.322599530004176 1.8726852255559607 7.576768682760635 14.139714375238691 11.51055857318877 9.75374401717351 8.465693943948855 18.37345663285155 8.163770173840646 10.527167510858103 5.721678500094701 6.7904780731391945 16.24566467143797 3.4045474518210046 7.583628950694605 14.100757901671827 5.236972433361526 5.7680302257878875 5.223836072255205 2.9344939323562955 9.786133139737926 3.1999373903411614 2.8320011699714995 0.8332104223301469 7.327533258457017 5.013578106084678 5.952923349086571 13.688874663461688 11.080820189007625 14.690211700611975 10.198932190967884 7.244113336034728 9.624054528029362 8.156330265120369 6.180247906117593 15.846376426207115 5.698616226394636 4.118841927287664 16.284791225108968 2.136218000737113 7.0415200517309 5.377043814543211 0.0 9.036782025263417 11.35107843454833 17.327807474226425 
3.147410563209558 3.9738421259858354 11.696488256449667 11.67141089053495 8.874396329429775 5.531322644689119 8.000131407894285 3.3389614481449215 8.57019428754218 12.394458255479334 6.982851095199511 3.737311392384971 6.2998984150352655 7.642149961372371 8.956974500945048 9.131079585446685 9.614060085648076 3.5169705412490067 3.1390280157751422 5.241638479419779 7.945662999201468 4.357511445575592 5.827891956071923 3.6665059270545353 6.715608754237845 6.4280516617907875 7.630737920449908 9.675857492785148 2.0530841821657484 3.2479390807129116 9.625800076343335 7.481089970046531 8.57573129863909 4.502914593015264 8.824276478452813 8.047157330849423 12.370327374652064 6.175523229807108 9.64374529269513 3.201761621656484 9.517151411281674 11.285431942090955 11.602569633964475 4.220408858462532 8.826746753413484 6.756477027481706 4.659262154538588 4.782079707484168 4.354045683332459 6.595800406002452 13.449900916670822 3.9502296498299714 8.824727603149316 7.975505032567879 2.676138859138578 4.576577837301851 6.6873197196413505 3.2995272821885426 11.303831704760132 5.997448789788863 8.014406185356428 8.71143819764689 0.0 3.7153109892920204 6.123308608492785 
7.095180709910915 3.4907933772013995 16.12206107343239 10.352435165997347 8.392644901683557 9.286840361884142 9.426448057121203 0.7425393508140978 11.755030294801276 10.883409979745766 10.193627651167684 0.0 4.251837756858215 5.158063452683318 13.548735617049847 10.999722848990151 12.688754191950904 7.210066110933331 6.1069897390324215 4.945247902078009 10.465348301279857 8.195650902507246 8.554789349312783 1.5272327341180119 10.711387728951749 6.907442538043784 6.455778022999681 13.222101136851986 1.9173310663550505 5.879740887218361 8.002987655593333 6.85210517215774 7.589715610855729 3.981027136985216 10.525585368719659 14.143857825720474 11.252973943859471 10.55498658201261 12.958724673553334 3.937108475885124 15.758815594069162 10.898626792135106 10.783498281440279 7.894449666105139 7.219974113368331 11.233473271641223 6.337073300167953 7.097801905081921 1.7186311859663554 6.252992973120792 9.385190581029237 4.037092908152071 8.956849732625537 8.92842799841849 0.4378101402902671 7.071297121647862 11.387809359698924 2.3393299194298462 9.503182031742853 8.270395787713472 14.98911201877505 14.64517924306524 2.7686667017454782 0.0 8.081878800470863 
4.959351034860115 8.32963975050626 10.564348293669767 6.261857851366901 8.281597121640505 6.3937187868149525 0.37489275480050177 8.23472585679267 16.225276774949542 6.217598340872858 17.844346991824217 8.408904860850017 7.326020386810032 9.174196077697788 6.967256888547292 3.1754543120187853 12.041994193911211 2.0547777397260885 8.412337381884697 8.545368861546699 10.773630197562149 10.823118734975093 4.693152261085678 8.195739177476797 17.909574779517804 13.342706296750181 1.2351494911694898 7.043547690351847 6.024610804785619 8.462494459630278 9.98885472876557 2.3333306912633383 9.13396718498302 7.211205869474182 2.3224982491873067 8.774582610566345 8.672766908899069 9.799009435126841 12.843720218103131 3.1113623664624415 17.958468277380824 12.020797220210348 13.933418320697669 3.6938464095041086 13.13039381265316 10.879731375424907 0.2112822612580726 1.1637985669798765 8.771834798211124 5.677216991225087 9.716629034451953 2.639786952098232 13.118404037929363 10.800347486098454 6.937639776364083 8.24870658022426 14.438996651842672 9.205882245687707 10.473028446666179 17.853754176613723 7.431433072094223 13.664261486400868 5.996213939648891 5.598133796041802 0.0 

0 12 24 16 7 9 20 10 18 26 17 2 11 9 12 11 12 23 7 1 26 10 9 22 21 17 2 15 16 14 23 24 2 12 18 5 19 15 8 6 14 13 5 24 25 2 8 14 2 13 10 6 6 24 21 20 24 4 19 14 23 2 16 23 14 
