22
2
160

0 14 21 33 22 23 12 22 32 32 21 28 30 29 31 30 10 32 39 44 16 26 
14 0 12 19 12 24 12 19 21 27 7 19 16 21 33 17 6 31 27 31 19 24 
21 12 0 15 22 16 11 9 12 15 11 29 19 9 24 23 11 20 19 24 15 14 
33 19 15 0 21 31 25 23 8 24 12 25 9 17 37 16 23 32 10 12 30 27 
22 12 22 21 0 36 24 30 26 37 12 7 13 30 44 9 17 42 31 33 30 35 
23 24 16 31 36 0 13 8 25 13 26 43 35 16 8 39 19 9 32 38 7 6 
12 12 11 25 24 13 0 10 23 20 16 31 26 17 21 28 6 21 30 35 7 15 
22 19 9 23 30 8 10 0 18 10 19 37 28 9 15 32 15 12 24 30 9 6 
32 21 12 8 26 25 23 18 0 17 15 32 17 10 31 23 22 25 7 13 26 21 
32 27 15 24 37 13 20 10 17 0 25 44 31 7 16 37 24 9 21 27 18 8 
21 7 11 12 12 26 16 19 15 25 0 19 10 18 34 13 12 31 21 24 22 24 
28 19 29 25 7 43 31 37 32 44 19 0 16 37 51 10 25 49 35 36 38 42 
30 16 19 9 13 35 26 28 17 31 10 16 0 24 43 6 22 38 19 20 32 33 
29 21 9 17 30 16 17 9 10 7 18 37 24 0 21 30 20 15 16 22 18 11 
31 33 24 37 44 8 21 15 31 16 34 51 43 21 0 47 28 7 36 42 15 10 
30 17 23 16 9 39 28 32 23 37 13 10 6 30 47 0 23 43 26 26 35 37 
10 6 11 23 17 19 6 15 22 24 12 25 22 20 28 23 0 26 29 34 13 20 
32 31 20 32 42 9 21 12 25 9 31 49 38 15 7 43 26 0 30 36 16 6 
39 27 19 10 31 32 30 24 7 21 21 35 19 16 36 26 29 30 0 6 33 27 
44 31 24 12 33 38 35 30 13 27 24 36 20 22 42 26 34 36 6 0 38 33 
16 19 15 30 30 7 7 9 26 18 22 38 32 18 15 35 13 16 33 38 0 11 
26 24 14 27 35 6 15 6 21 8 24 42 33 11 10 37 20 6 27 33 11 0 

0.0 1.8501359615443334 3.269919592311557 6.367817112197619 3.890570362617342 3.9261978502097383 1.7386835399349128 4.320478137352756 4.411702834110196 6.1283032693031245 3.5778479617599706 4.2604719729221046 5.347982369794865 2.9390954804313028 4.3403197931855395 5.126509982386509 1.5399574831861578 3.8280836006536427 4.776319497103687 5.733614435960442 2.9397094922447327 4.505212205868544 
2.2361789656665585 0.0 2.375143167175549 3.5190113017935976 1.6513167617855617 2.563972499694805 1.212692501575735 2.158139105060821 2.757877616136693 4.384937313726898 1.2437682061229252 1.9884842348623448 2.838090587725846 3.0634642716650533 4.423137091568931 3.0720411113674277 0.8150296272452897 4.804306136587539 4.210867540949895 6.087585946288435 3.756334203850529 2.7983131786422826 
3.807311949630095 1.939013419073555 0.0 1.8908834890297286 2.867185629101664 2.359338239530332 1.6012294557622035 0.9849345476213183 1.3343776523139492 2.43954138672452 1.5827225443314579 4.950633711394669 2.2658943415225137 1.0068898019273218 2.4944034990986212 4.0001127206622265 1.964897462856991 2.5236711766975457 2.416192800686771 2.446483935888462 1.9882020059009766 2.579907213953191 
3.944726379668807 2.4358940560702997 2.623696020520249 0.0 3.6418111526159684 4.197009394256462 3.240838369834661 2.7278992656844965 1.387009447129835 2.7821868928718967 1.5204666490892371 3.6074327546540843 1.013107471213676 3.2873307705818284 7.190260859852181 2.9696059192556463 4.108999771052551 3.53876361940298 1.8492019523191114 2.097795989271032 3.5424173539854147 3.8082699376153517 
3.9487122915544384 2.2609248263459087 2.5502524485899416 4.053251712713271 0.0 6.72993549266277 3.2327892551377544 5.780291351230012 2.602136453916493 6.673374463070703 1.6826450992638853 1.0650960636414484 2.11521191909263 3.126237791663841 4.615857177232442 1.3577783346485124 3.0310335456796693 6.472087772477797 3.718404120285014 6.095670887572826 4.856272409863331 4.9275022263565855 
3.8270283382904253 3.999309985511079 2.7046570849930704 6.082070383832606 6.920766856748381 0.0 1.8343463066372752 1.4557339512725185 2.945078095361609 1.73262630113568 3.106735481220529 5.43569599451659 5.062602840860851 1.805690517159884 1.435650728512429 5.58494729289818 3.325071405892606 1.3661211979817725 4.515470375813349 6.296004598866439 1.104589087761516 0.6169000652982604 
1.8209412163380203 1.9724272627277495 1.8166997271980383 3.2724130383687724 4.74506745228874 1.3267064306821217 0.0 1.019242730524248 4.513153681717999 2.4172378902393934 2.093526751038679 3.3928889523110013 3.5893605255297936 2.5266097251002124 2.9622835094860127 3.487035879435659 0.6027440090606898 3.3224274289215048 4.2468814323466795 3.995359877567941 0.885302117433564 1.690626565341608 
3.2377552063757173 2.5986560222098016 1.5423412843218194 4.181548151159682 4.042534324972018 1.5239628483632182 1.5010806773714096 0.0 1.889471623240556 1.585451309404018 3.4296581274831572 5.861155043079541 3.7446583341049298 1.5277180943845576 1.5929545919270696 5.282560122703204 1.8175716125334986 2.010370560791883 2.411953508663147 3.3321991792747085 1.0330480231885701 0.9597558341839229 
6.335000014073589 3.692809960160515 1.566408764842983 0.8432860629393354 4.517774998969818 2.8529905052231506 2.772069183697876 3.128976719377056 0.0 2.073259423230092 2.0894608267455093 3.5783283454750716 3.050792615438759 1.1981209793456502 4.4044757110603285 3.02068654246984 2.643655129763049 2.511105023636586 0.754402672398599 1.7730615179863878 4.9325176460046665 3.6406531785452607 
3.746288291456378 5.399606457539331 1.7372421766390396 4.182713322245052 4.878996429714862 1.3548461272589467 2.621925337033116 1.9792592660647372 1.9693595761381217 0.0 3.3960578219911204 6.853531302518018 3.3574168269116202 0.9468964061874454 3.078859440695316 5.77881995710929 2.7153051992016546 1.0073677100297795 4.1790739134030215 4.1643564012186545 3.479805657938013 1.1437988138108077 
3.0423321086892536 0.841587524747442 1.8422209819605133 1.8056395283013997 1.594942366666759 3.4386741233093874 3.033215316329452 3.0873936975942753 2.480479463588584 2.657487643985987 0.0 3.62955188714013 1.2856690660855348 2.5084313101672566 4.115678193855779 2.39234709454678 2.1526158435963527 4.839304467999731 2.8104346852851134 2.7178174524395615 2.8955251179863217 2.8209456293600392 
5.060379623005796 3.639026141842333 4.758318568118781 4.282224692353376 0.873334861614956 6.387528838425487 3.839280268631607 7.312958434660041 5.145319339942048 5.819184857764135 3.377645073590259 0.0 2.3943305827562673 5.363768478060252 8.846455697746878 1.307559388785109 2.502506652430569 8.208147410302793 3.739296991828962 5.806260530100033 5.914518358232536 7.252238843286531 
4.727237840983911 1.9794014604646795 2.0660547843551864 1.6200816225300998 1.8981692941328885 3.5597006642066287 2.836074148210618 4.429981800980336 3.15450474577834 5.3623845176591 1.5438400927646252 2.210867461782283 0.0 3.2683956387255755 6.548872955199388 0.9618436099568295 3.886134738827744 4.404760855606855 2.2847667122127984 2.8581813004355605 4.611992353358339 5.259090360280812 
4.245818466287336 2.626586741378084 1.5331668958194147 2.441595108963017 5.082269234098622 1.7122664731924029 2.0387143309933538 1.5423119774364618 1.470952604038089 1.285374548373134 3.119094772352641 5.347950114233608 4.204912141638667 0.0 2.9448595789678964 5.113199819994774 3.7170440650102208 2.6978278768359343 2.731533389573924 3.802892837590419 1.846331968922168 1.7459384625710448 
5.772721795144889 5.014498828832746 3.6916963403044596 5.2314324302955315 6.891504059216551 1.2878134942014303 3.150108212100368 2.828543237153305 5.503776121279035 2.3252838524851653 3.7589763249502735 6.707507969649929 6.901397989712425 2.5213255464665845 0.0 5.0244770521396465 3.7777013261030277 1.0188147793157492 5.939050506265618 6.091936663209996 2.6196898538894446 1.9792204677469294 
4.386635782899665 1.7469401549237031 2.3967491792759223 1.9339987363211506 0.9063371240291885 5.3009139887643695 3.0900671842983995 6.024696150896902 3.6070318130862282 4.220201033776842 2.3796553188540077 1.0350155535548542 0.8591759834964232 5.68703797236097 6.416135828364628 0.0 2.8949606367297793 6.3385338504869075 3.0179800590057924 5.060286367603686 6.676513285197924 6.5778581587024885 
1.7911675596364989 0.6279057517615053 1.1593481468414915 3.0776730845592803 2.5443648162030073 2.673956833809016 0.9410877522121015 2.386201132229642 4.077006605800893 2.6144434418806286 1.2399406129601562 4.8916299518260855 3.571435616923087 3.2529522242309965 5.484326556678573 2.5861059416086536 0.0 3.0416177295712816 3.57877114364328 4.264124545697408 1.4520448956688594 2.8801250291924485 
3.5111325157250466 3.6344613458841915 3.4239555482665267 4.18932866701045 6.0445074266185905 0.9116818896974324 3.4450947281083604 1.3298846224383432 3.935172519906156 1.0564130910452387 5.415078773416026 7.6528523895958145 6.4589295492767835 2.8579013182239645 1.3835757110953768 6.826260461417721 2.9874776455403307 0.0 5.245448493445889 3.8426093316392373 1.9053015521161845 0.6919959290238585 
7.627427680125871 2.961612891058318 2.9950662967760233 1.0349954254194784 4.241561008098531 3.673053855909915 3.7441952092948108 4.373779465569646 1.1849673441087512 2.1925401874808714 3.4178647202047037 6.56147681764171 2.4971934288211934 2.626242843345935 6.056925960307886 5.1993972588802695 5.187350217411985 4.88314779277775 0.0 0.8170102255770755 4.912065394671918 5.170832276089076 
7.574092440999616 4.228176722723041 3.385052196266498 2.0192744393527033 4.391290676419947 4.738542299476108 3.6703545584785253 3.74037210377831 1.524966295077862 5.124704536739921 3.3775868411297982 5.704140453939392 3.594524000378152 2.5527778071558913 7.064931152734183 3.9471432247829927 5.6530488394870435 6.304523190604423 1.125213934280362 0.0 3.8506639273384726 5.775606066216554 
2.6003539153182853 2.6798614249977435 1.5559325816649803 4.5060997661014515 5.485389618354281 1.2272583118546683 1.1944749650095412 1.5264984810980025 3.157060883200145 2.7795566365250135 2.8325732050843873 5.043479981471504 6.040605053752207 2.732821843238361 2.83729276876434 4.2809238758797985 1.3036772462582928 2.0061106431155444 5.225499605836701 6.957675364623287 0.0 2.1022344600702922 
3.943650277797655 4.79066969940286 2.4231776158291347 5.236307152264818 4.454282234935718 0.9222526058021072 2.450348625164654 0.7755812869816832 2.285013657013939 1.219012860946081 4.0325973491693805 4.982213527971837 6.3938486300329025 1.4291113879348316 1.9998824416173062 5.367042888925768 2.99280651924098 0.8704108858415163 3.2474870332547328 3.611473230834571 2.0464956073650717 0.0 

0 7 30 16 23 11 19 15 28 8 8 7 14 6 19 11 12 26 17 6 15 10 
