21
2
160

0 14 21 33 22 23 12 22 32 32 21 28 30 29 31 30 10 32 39 44 16 
14 0 12 19 12 24 12 19 21 27 7 19 16 21 33 17 6 31 27 31 19 
21 12 0 15 22 16 11 9 12 15 11 29 19 9 24 23 11 20 19 24 15 
33 19 15 0 21 31 25 23 8 24 12 25 9 17 37 16 23 32 10 12 30 
22 12 22 21 0 36 24 30 26 37 12 7 13 30 44 9 17 42 31 33 30 
23 24 16 31 36 0 13 8 25 13 26 43 35 16 8 39 19 9 32 38 7 
12 12 11 25 24 13 0 10 23 20 16 31 26 17 21 28 6 21 30 35 7 
22 19 9 23 30 8 10 0 18 10 19 37 28 9 15 32 15 12 24 30 9 
32 21 12 8 26 25 23 18 0 17 15 32 17 10 31 23 22 25 7 13 26 
32 27 15 24 37 13 20 10 17 0 25 44 31 7 16 37 24 9 21 27 18 
21 7 11 12 12 26 16 19 15 25 0 19 10 18 34 13 12 31 21 24 22 
28 19 29 25 7 43 31 37 32 44 19 0 16 37 51 10 25 49 35 36 38 
30 16 19 9 13 35 26 28 17 31 10 16 0 24 43 6 22 38 19 20 32 
29 21 9 17 30 16 17 9 10 7 18 37 24 0 21 30 20 15 16 22 18 
31 33 24 37 44 8 21 15 31 16 34 51 43 21 0 47 28 7 36 42 15 
30 17 23 16 9 39 28 32 23 37 13 10 6 30 47 0 23 43 26 26 35 
10 6 11 23 17 19 6 15 22 24 12 25 22 20 28 23 0 26 29 34 13 
32 31 20 32 42 9 21 12 25 9 31 49 38 15 7 43 26 0 30 36 16 
39 27 19 10 31 32 30 24 7 21 21 35 19 16 36 26 29 30 0 6 33 
44 31 24 12 33 38 35 30 13 27 24 36 20 22 42 26 34 36 6 0 38 
16 19 15 30 30 7 7 9 26 18 22 38 32 18 15 35 13 16 33 38 0 

0.0 1.776740463392832 3.680433059031734 5.394107299771976 3.1504198807527244 2.3919728209875153 1.6764270349213857 3.5731051962498754 3.572086563869282 3.897917113484155 3.1022162923425354 4.482688164569344 4.361740164196147 3.0869770305415347 4.766269924095116 5.4993411063593225 1.9378242943593764 6.317643109409177 6.297324826387644 8.568320253203183 1.793245341349569 
1.6497060161326051 0.0 2.1855377357002608 1.9605190245024449 2.110643196900593 2.7080103034894534 1.7972567066169236 2.73067847298344 3.750104295191547 3.9730319193246673 1.3310617463915295 2.101052774979956 2.838068303529258 3.9367872789808427 5.104979389576375 2.5496218015139185 0.7988676865373274 5.404480356687326 4.351588056598759 4.955101202533163 3.4731389727759536 
2.340007269193509 2.068015602984781 0.0 1.7095658324465421 3.0406155838157756 2.48911133657581 2.084781967084443 0.9483753780141105 1.9430865634403016 2.795490758754779 1.151273272349231 4.943115114818635 3.6031576013070934 1.7097035209463816 2.4260242616340064 3.4461846843628954 1.9996326505727844 2.497707709023187 2.238186656552597 3.218455036414834 2.7335548302760073 
6.588132823787049 2.595240835716673 2.4381411037549574 0.0 3.7751646157789676 4.259726418772802 3.3964685455108645 4.426028484236657 1.4881868661234154 3.6933828041058425 1.2146373792183816 3.0136156533689524 0.9595652238136763 1.727638374793569 4.312667764683959 2.2093333067651786 3.3702316831839667 3.5856873481691487 1.7768869539690582 2.3309203260532585 3.4509169685745844 
3.7003762123974324 2.3592010200119837 2.797412729826905 2.288688346414046 0.0 5.479221374168341 3.8041081886787085 5.519625081551615 2.7763931385586433 7.244820727308902 2.3189937483646825 0.8252270922283758 1.383308321228838 5.485246064767436 7.6280994569502685 1.4589290292608683 2.858127017458008 5.019156213515096 6.1842739749577 4.779999021556678 3.3937877223434425 
3.6464123835616298 3.65791794905967 2.200173064366623 4.046799029328984 5.46618622734895 0.0 1.5647519739616258 0.8086446599703396 4.229696418061787 1.8144316469612023 4.865877261877008 6.411890896938112 4.281703718500796 1.8085658504603002 0.8744534542259137 5.088856791130461 3.6365507000421067 1.285091645350298 4.486905153836801 6.001757678897334 0.9570363476753363 
2.339981306597706 2.127426765386529 1.8026405586393102 4.834962964309685 4.649868425036877 1.5021772993101798 0.0 1.8803058754230149 2.5162121534127415 2.40478247131389 2.9549785841624336 5.815696107761499 3.321375973747222 2.001332463882438 4.014119654259325 5.292366939078043 1.109692327926206 3.243625092025765 3.8764569945448515 6.4520945010522155 0.7203995694391319 
2.234645344229102 2.378179191541088 1.726484541761521 3.7235128255028824 5.680197944803023 1.3596508347905158 1.2531717167137986 0.0 2.5197305680650617 1.0107030252478384 3.536032157831907 5.948287238531625 3.6434905490439666 1.0180996331744474 1.5031460542346693 6.139554988118685 2.3198346036291606 1.406789492284137 4.591087346406161 5.180108755154388 1.645990152894656 
6.344982881037766 3.6767644459493143 1.403611010410208 1.5570348678553227 3.9319987020864904 4.61062376873587 4.088135720986563 2.862853592414317 0.0 3.1616381970064764 2.6360430789607365 5.515089026975318 2.458546185240182 1.2920633109222979 3.826659793539161 2.3380925707337585 3.526646201324555 4.406887684051259 1.3591378261989369 2.4958789483898247 3.741886084025615 
6.320992248176559 3.2202907103758154 2.7111327076892215 3.410132423007873 6.709425996570529 2.3880646110479073 2.5978202114640463 1.7318662961136764 3.389377814617516 0.0 3.249108489050446 6.422984698676897 5.856676897019517 1.2010008556562615 2.42795709657277 5.128154947342609 3.890959025883461 1.5435894767430511 2.558816459976606 4.01991954885999 2.3209118728230473 
2.594763345908988 1.235102219845123 2.094320114615281 1.5039317494468931 1.778701471942151 2.700584909877094 2.799970546275456 3.2480958606786547 1.5498460744138833 3.030319133067586 0.0 2.696463324452842 1.766515911556047 2.5675430357413838 5.81643827823973 1.7302148878527823 1.6495912723463744 5.825741937049401 3.6931810479309943 2.4452445272862553 4.152873264251077 
4.157858846561515 3.552694149528776 3.7925896260635277 4.511506163571184 1.2268589988141507 7.481943650543595 3.7023443745624514 4.241661227193241 5.6858947291546365 7.673437147284067 2.2573323475638647 0.0 2.0245963116427372 6.261276392755806 7.631415681471684 1.7833880519271559 3.3627813615359607 6.930149750053978 3.686679575621607 4.207731146315225 5.620950060155035 
5.908378615298304 2.0100812924835325 3.105223759385182 1.0855969726740624 1.6412926333303828 4.943631822700427 5.1664292834606975 4.392604317090405 3.1478276965819454 4.101130860763508 1.297115243563057 1.659857621787169 0.0 2.722798315082059 6.505742047859615 0.8732147643462143 2.8384863156547153 5.985315093680035 3.567782619370847 2.062280008826616 4.929040831739662 
5.671761676646076 3.7207187791370826 1.5187412208296864 2.139143193438878 5.608727666317545 2.6103664524847017 1.9366003248183377 1.6486599581255037 1.3465238479039625 0.806385221804341 3.4501043258128545 4.478320443526756 3.2044886486739763 0.0 2.476101648552276 4.147153110652999 3.543964009982762 2.105912742228254 2.5049592502948683 3.089226692636483 2.110372956109526 
4.082657914619068 5.03508612749255 3.004513313125446 6.043400224804774 5.141384237153156 1.2286319138052066 2.289347977877936 2.053867571709432 5.837016956627446 2.1769927888144625 6.472711091429975 7.260316348941489 5.275283244152165 2.213404120419498 0.0 9.368263164207258 2.8003921323438554 1.1907010922500465 6.74346700441326 7.9098638748557235 2.8693318941525026 
3.0098420268516866 2.3542714465966754 4.531242353536017 2.016953570456229 1.5145614778962089 6.457994715376368 3.3370748869009885 4.416463743603589 3.0759876331711555 4.145877585399427 1.9611416909298365 1.266710908045182 1.0912524938506691 5.08741147075586 6.949704303446071 0.0 3.2795561026577333 6.922813132756143 4.113697360642409 3.633160196440822 4.215633427961292 
1.6009966087952865 0.7143473106173764 1.9008453518478148 3.283664063945046 1.7189360622901948 2.142979100200631 0.6001004000697672 2.844427451687613 4.326541446921386 2.6380433426453966 2.3360894929790526 2.6010967398912554 3.3643269036471075 3.7430339584273704 4.4139521851101104 4.4438432987563745 0.0 5.1597116485501715 4.92083710102909 4.161253360488039 2.3171340475671522 
6.210140831433117 5.503306326802575 3.4374573001941253 5.959810955303408 5.3738931831467855 0.9162834175472173 3.6632060892484937 1.2785893737274219 4.186772853113451 1.1370727669342233 5.450082612146405 8.576204542170244 4.600811497367145 2.2848115682512367 1.1468731682258018 7.592251477951999 3.3601444392458584 0.0 5.805266452502642 4.57521022236391 1.9526496627851027 
3.9087832650837853 5.245594550957169 2.7242110837956064 1.3269184262322702 6.170231498051354 5.8868344141659845 4.699148951500694 4.09136451142362 0.9886563184750061 2.707951441517829 2.6583092123571923 6.962279881026613 3.445413401133747 2.952995321398345 4.207541829132228 3.5206814814558065 3.4631843256904746 3.6353514026664717 0.0 1.1211822899476838 5.031459508789762 
8.445469417905024 5.212144527082415 3.9117828968256596 1.3277834222565512 4.1600827961825155 5.573254026679909 5.712330124558594 5.150299902476018 1.7948167563372754 2.9650313888261257 2.79197738230837 3.672445426903598 2.556194045652317 2.963430347924596 6.851976467610733 4.739895487221512 3.697872527188717 5.006330783002641 0.6667356823321104 0.0 5.417701500699657 
2.892110730980641 3.000274017783067 2.963693010897736 5.311941256012667 3.720798416017016 1.2280230584593141 0.8109689665934386 1.6339207685975803 2.8620817837861634 3.064552560423313 2.796063744309566 5.643784103384304 3.347764670372661 3.370813704880052 2.7666945777230336 6.443755897344408 1.7346457751684625 1.6594863499134416 5.794376908399315 5.350630837664782 0.0 

0 7 30 16 23 11 19 15 28 8 8 7 14 6 19 11 12 26 17 6 15 
