23
8
40

0 14 21 33 22 23 12 22 32 32 21 28 30 29 31 30 10 32 39 44 16 2 26 
14 0 12 19 12 24 12 19 21 27 7 19 16 21 33 17 6 31 27 31 19 14 24 
21 12 0 15 22 16 11 9 12 15 11 29 19 9 24 23 11 20 19 24 15 20 14 
33 19 15 0 21 31 25 23 8 24 12 25 9 17 37 16 23 32 10 12 30 32 27 
22 12 22 21 0 36 24 30 26 37 12 7 13 30 44 9 17 42 31 33 30 23 35 
23 24 16 31 36 0 13 8 25 13 26 43 35 16 8 39 19 9 32 38 7 21 6 
12 12 11 25 24 13 0 10 23 20 16 31 26 17 21 28 6 21 30 35 7 10 15 
22 19 9 23 30 8 10 0 18 10 19 37 28 9 15 32 15 12 24 30 9 20 6 
32 21 12 8 26 25 23 18 0 17 15 32 17 10 31 23 22 25 7 13 26 31 21 
32 27 15 24 37 13 20 10 17 0 25 44 31 7 16 37 24 9 21 27 18 30 8 
21 7 11 12 12 26 16 19 15 25 0 19 10 18 34 13 12 31 21 24 22 21 24 
28 19 29 25 7 43 31 37 32 44 19 0 16 37 51 10 25 49 35 36 38 29 42 
30 16 19 9 13 35 26 28 17 31 10 16 0 24 43 6 22 38 19 20 32 30 33 
29 21 9 17 30 16 17 9 10 7 18 37 24 0 21 30 20 15 16 22 18 28 11 
31 33 24 37 44 8 21 15 31 16 34 51 43 21 0 47 28 7 36 42 15 29 10 
30 17 23 16 9 39 28 32 23 37 13 10 6 30 47 0 23 43 26 26 35 30 37 
10 6 11 23 17 19 6 15 22 24 12 25 22 20 28 23 0 26 29 34 13 9 20 
32 31 20 32 42 9 21 12 25 9 31 49 38 15 7 43 26 0 30 36 16 30 6 
39 27 19 10 31 32 30 24 7 21 21 35 19 16 36 26 29 30 0 6 33 38 27 
44 31 24 12 33 38 35 30 13 27 24 36 20 22 42 26 34 36 6 0 38 43 33 
16 19 15 30 30 7 7 9 26 18 22 38 32 18 15 35 13 16 33 38 0 14 11 
2 14 20 32 23 21 10 20 31 30 21 29 30 28 29 30 9 30 38 43 14 0 24 
26 24 14 27 35 6 15 6 21 8 24 42 33 11 10 37 20 6 27 33 11 24 0 

0.0 1.4995179075421874 2.6469347130568517 5.351560282474598 4.195034210863515 4.148678749555421 1.7422089527994478 3.680029146198952 5.68183611781975 6.392490050756365 3.3844262700895773 5.143135919249527 4.9412172591410215 4.683316626274462 4.478379043577945 4.818844982262526 1.9047306163850388 4.637367767400609 6.3780290267581545 7.009509157287763 1.8568123254557045 0.23782265740841474 3.0759493929949664 
2.5061728214438905 0.0 1.960300046276237 2.5450372211714756 1.425155553716349 2.9774159993512166 2.2581157911043697 3.372015023083191 3.1476102011080567 3.5685542472943648 1.358793412586313 1.902839337304095 1.6139240059683924 4.022665674855334 4.43853229032478 2.173401863439024 1.1088742572411654 3.2722079031953015 2.8407345009834977 3.665904197197509 2.506424318221364 1.5547801484346755 2.6703904076691303 
3.759489464453151 1.4970281976916233 0.0 1.992501724700872 4.271228761285758 2.7576195042463185 2.143389073454567 1.2676013438051157 1.6466162491195466 1.5112381209982617 2.1694769163658365 5.595948388924231 3.033695380693467 1.6396008605392298 3.8399251743182274 4.010828757395035 1.4267491970001487 3.457760171126334 2.442616664496151 3.233209144402464 2.450687586918676 3.6091040884079924 2.578347542658821 
3.702378622797528 2.5283480512699166 2.031365327085063 0.0 2.718412819842425 4.979617309106872 4.981963952944209 3.9900908453413595 1.5309737784423143 2.461398330028877 1.2116617238558287 3.794207392831498 1.0332486862258727 1.9165796040995955 5.832819331061923 1.7316329786727052 3.9633347155216727 3.9917793999285003 1.0163876799511447 2.285418315586512 4.1358174072836595 4.159608030386693 2.8506663502558123 
3.466025200586812 2.1692460793325523 3.098325436587644 3.5701138165235005 0.0 5.9925304987133 2.838655033285701 3.4183332396145945 4.656533506796214 6.918906441757912 1.3540595409266372 1.3148199969199768 2.5840127538168027 4.887879074057718 5.0224519755121335 0.9923800485884195 2.4596555146455774 5.410028742396501 4.026508340807829 3.807703088222129 4.247008794230142 3.203696025679605 4.128045816765482 
4.2785996665814645 3.7896477959599904 1.7601348730732844 5.485442396674267 5.014208554074547 0.0 1.795394451731395 1.279346776337985 3.1447829357133577 2.012031294324868 3.4038452613280596 4.869051557503859 3.5608285854745163 1.9780222186368113 0.8649161557199219 6.200583737333048 2.537254924275662 0.9308946046006131 4.2447791599702525 5.035895424665929 1.3936198001141342 3.7131137650551014 1.0126671473265834 
1.9076166318576921 1.8794792374240408 1.5824667403207573 4.043411191523492 2.465321825978424 2.11284048322015 0.0 1.8290707106767496 3.4957365128966424 2.654506149215556 2.1384421054853124 5.789756424056935 2.778429372559162 2.7010834560553922 2.4295191326486494 5.081350611591024 0.7435133349294345 2.3145032787118462 5.72668324196092 4.328466101807372 0.9300376945418992 1.7441378182179157 2.0523830455413425 
2.4153934670848507 3.448816273514148 1.0555531244836047 3.4520306468743764 4.5390018081663035 1.4741722193442275 1.6936932102097007 0.0 3.404332579318714 1.460942690635778 3.425047692178607 6.373768231889086 3.4701065223581846 0.9836451267017693 1.7460181754848636 5.328950844377138 1.6953943226372128 1.4815215242407127 2.796349236878461 5.253398112062931 1.011126554752065 3.4068280191882994 0.963238321786761 
5.558356880523727 2.568394275373475 2.218809912741794 1.2179609984907884 4.532782660549403 3.2528949212523024 2.3318739416685275 2.9470469100029684 0.0 2.1764326105521237 1.7845558571426874 4.503036122158829 2.586074898718665 1.2673869195696716 3.886663867190978 2.8002776740522464 4.038180471935359 4.412032077462538 0.9719637498237563 2.355269466656922 5.0383104229628195 4.782673656017418 2.708719340247015 
5.328704549095293 5.2658443818040315 2.630641646973805 3.721383301516871 6.063299282342656 2.061729849478664 2.782613423247127 1.1695927202685579 3.2555380470749817 0.0 3.1333881650257194 6.522210116369296 5.942118691164763 1.2308887402081559 1.8487939832645646 7.152466736597834 3.918287545539312 1.644479557221961 2.6435872037972152 2.7492844895440607 2.763955373377568 5.461547266969296 0.8209195400481598 
2.9748606193344598 0.749004276243809 1.3738357058772275 1.8004619190439795 2.1528145352054397 3.908199275422282 2.247878884003581 2.493427746085333 1.529428799550264 4.473553679333475 0.0 2.0260799119382833 1.5634542013591792 3.5666260340449467 3.7026047072597126 1.9869480861366249 1.9905871142796712 5.068272342694418 3.1281003225029353 3.2297452272511227 3.0962973113706767 3.362797392534948 3.515460399245466 
5.220663702815337 2.6240845132646586 4.583456274336624 3.6357464026956343 1.3864298598598728 6.156477448652329 5.620588831602582 6.518305713153403 5.941176899674929 5.977499436491242 2.533803946287615 0.0 2.833010843900257 6.668856914035327 6.504844743360494 1.4323948689962442 3.3072903485109646 6.065702052648136 6.3802133503695115 6.407842702815163 6.537296910712765 3.5237128203558274 6.455615116757472 
4.084278191336816 3.0124393732827075 2.028210473353819 1.7547348490119907 1.4006719102941776 5.849343385611655 2.982707554918358 4.240153968771259 2.7326460103278865 5.036278622250304 1.2735768804594776 1.9693402484494735 0.0 2.903270225958179 6.406133805130184 0.9119766796809361 4.045021021851513 6.608887442923948 2.678399164221907 2.4264705363563106 4.424702280030242 5.376640941591316 4.6432659076786065 
5.351287195440335 3.9310280825618693 1.0662558278964054 2.806316886848772 5.364391362941393 2.012184972176201 2.175102368891469 1.3689061610949536 1.1510894638635987 1.3829225039289739 3.060439579505596 4.645138656345241 4.282135538687599 0.0 2.7730625255169254 5.307866614486574 2.340994581845902 2.7693540823379275 2.7734498008351762 3.230760688705815 2.6435028843045467 3.2642309819041024 1.406305392437726 
4.753306258455261 4.876165366699043 3.4062934578554707 4.068199838217928 6.982304771751438 1.4675294917931896 4.026125181508576 2.458962055821303 5.842937187580078 2.1221196472166435 6.542043996912401 7.333017056862232 4.992204878219333 3.7882925866292876 0.0 5.146308870381386 2.934682355817552 1.2688364819087896 6.636016042783895 7.48380336785043 2.332331764502247 5.0067468100561285 1.3613836982678227 
5.226411089272661 2.4242268178417836 4.289248397828562 2.698437318708173 1.6286412921294897 5.216219191289119 5.037786331988174 5.6631217853921125 2.503445899869647 6.6119079798429485 2.360275301993359 1.7388338504415743 0.9544815077629916 3.6821268924118544 6.0669943274416855 0.0 4.156298507198226 6.282408124249771 4.052325056006803 3.1051140381445705 6.639427829641747 4.692558386550623 6.275514714015553 
1.607526074573441 0.8588629459380946 1.806215429681687 3.5552754410751257 2.2678288484297706 2.6429361269550684 0.9174427132783981 1.8005783791826018 2.3489105419698655 3.434954624045062 1.3733550941749089 2.8178521628103463 3.651658930694758 2.5252301646030055 4.443196531657054 2.492641212584388 0.0 3.539628524376286 3.5143599039729665 6.759203297876454 1.4857669240052123 1.0133766216359497 3.7452356252468073 
6.215794825219761 3.8357246058929952 2.0503802567460365 3.918484833423102 7.086894228447969 1.7980763087996676 2.6170103321127502 1.7943775945038576 4.643559469841689 1.1042265369380417 5.713131187059705 6.883307341385037 5.895027821606108 2.4641666552809673 0.9875129549211494 8.5188246509712 4.910792894326813 0.0 5.6035311908028955 6.719452661032891 2.2808019600494305 5.263791889521794 0.6074049162024792 
5.183631456711931 4.116105978582141 2.759774866272892 1.1401360743527353 4.984027801756349 3.328603963877511 4.742033058711788 2.7838066715951206 0.9814699800842205 4.122417214626451 3.5997858018635402 4.624228329457125 2.456219190194676 3.187784142947115 6.898826641033169 4.897482544178834 4.711934431565269 4.075123072012851 0.0 1.079338005956592 6.343356331688652 6.073681456424998 3.8034072846918408 
7.703667217701227 3.759774319647196 3.3745485808549045 1.5216061347900158 5.628036984926506 6.607801444999378 3.9233576380244646 3.2900778235313317 1.8965350870089228 3.7915323719322975 4.560162765208265 6.605056125334597 3.079294253307917 4.3252180561455456 4.726391371361962 3.505101487647298 4.153855848245352 5.101609146947109 0.6830677125344492 0.0 5.069779005231295 5.2748879339272925 6.490712457347366 
2.5644054903410747 1.9309669447810431 1.6573709469998326 3.9216666914155174 4.093004668259602 1.092043562084872 1.2192334683126766 1.4991728816051624 4.115325568491785 1.809378925774932 3.3735608041675293 4.64076168483594 4.181033012983255 2.177099520850219 2.4798060731692497 5.849686348755315 2.4442903473296433 2.7235628615552807 6.437998922322237 3.9937609461149552 0.0 2.4471903489167097 1.179054136408184 
0.2542048178258601 1.5134882730552364 3.3937694726289798 5.99854420956582 4.402305613744501 2.5924584495091074 1.8779350886188309 3.392236353394372 5.105120642122811 5.512221573186983 2.109766438273984 3.6714081752898355 4.381441524994873 4.922576814724728 3.783178972141369 3.298962804159203 1.650566215121692 4.639765998836942 5.1643341807472 4.3792070687371165 2.5629791110040756 0.0 4.669767744781554 
2.6934891556477285 2.6049636552616926 2.167376448993649 2.7325900016920066 4.296934897149836 0.9689299401782159 1.8931157945224977 0.7663850081835644 2.8498341596122083 1.1167106131674727 4.796261231914054 7.81012669164774 6.503191355193584 1.8621324974834665 1.5357304990151146 6.492926689304817 2.7886213265662754 0.7138800274093249 4.950543504878517 6.459650714742288 1.7191089757982603 2.5997798386319717 0.0 

0 7 30 16 23 11 19 15 28 8 8 7 14 6 19 11 12 26 17 6 15 5 10 
