Instancenumber:
82
Instancename:
gr21
Customers:
20
Depot:
0
Dimension:
420
Vehicles:
20
Capacity:
7
Demands:
0 1 1 1 1 1 1 1 1 1 1 1 1 1 1 1 1 1 1 1 1
Uncertainty:budgeted
Gamma:
20
Mean Vector:
510 635 355 91 415 605 385 585 390 350 155 475 495 120 240 110 480 570 78 320 510 96 130 500 540 97 285 36 29 490 605 295 460 120 350 425 390 370 320 700 635 96 280 590 365 350 370 625 155 380 640 63 430 200 160 175 535 240 68 440 355 130 280 575 27 320 91 48 67 430 300 90 610 360 705 520 835 605 590 610 91 500 590 575 865 250 480 545 655 235 585 555 750 615 625 645 775 285 515 585 415 540 365 27 865 190 480 81 435 380 575 440 455 465 600 245 345 415 295 170 605 97 350 320 250 190 265 480 420 235 125 125 200 165 230 475 310 205 715 650 385 285 370 91 480 480 265 475 255 440 755 235 650 370 320 350 680 150 175 265 585 36 625 48 545 81 480 475 400 435 385 485 450 270 625 345 660 430 420 440 390 29 155 67 655 435 420 255 400 690 77 310 380 180 215 190 545 225 170 445 350 490 380 430 235 380 235 440 435 690 750 160 495 265 220 240 600 235 125 170 155 605 640 300 585 575 125 755 385 77 750 485 525 405 375 87 315 240 290 590 475 295 63 90 555 440 125 235 485 310 160 485 140 480 255 205 220 515 150 100 495 460 430 610 750 455 200 650 450 380 495 525 140 170 390 425 255 395 205 220 120 120 200 360 615 465 165 370 270 180 265 405 480 170 155 380 140 495 280 480 240 350 160 705 625 600 230 320 625 215 220 375 255 390 155 340 350 370 505 185 110 425 175 520 645 245 475 350 345 190 240 87 205 425 380 340 240 310 345 280 480 390 535 835 775 345 310 680 660 545 600 315 220 255 140 350 240 105 380 280 570 370 240 605 285 415 205 150 430 225 235 240 515 395 495 370 310 105 165 305 78 320 68 590 515 295 715 175 420 170 125 290 150 205 280 505 345 380 165 150 320 700 440 610 585 170 650 265 440 445 170 590 100 220 480 185 280 280 305 150
Deviation Vector:
416.110392409873 536.151291673568 168.847648698535 95.2221928512507 229.918262293417 369.863196764033 399.98682968406 216.324667291771 467.020319509604 149.371717779581 5.84285452989205 576.638987888214 532.69802658555 85.2960061765718 34.8652274937049 122.909557387049 227.284454955235 325.381376349779 45.8852280153055 224.627552515307 489.097050454002 53.3818082888289 159.264796017742 522.931179815529 380.256491078688 60.4744999564578 222.571220897517 35.7752280335131 11.0538015112419 119.069331501483 576.594677631759 353.135148372739 500.172434114754 17.5203890987508 336.277561315161 152.438276381695 295.365474055193 265.307342565091 233.108497095361 470.513664482722 726.327737277252 73.5513494109137 168.970536996669 553.011629669051 70.914736855396 262.058294674156 285.637953612817 417.372644653435 5.72097464140306 29.4855803068748 55.733978992728 62.7431703088123 272.471278476749 5.90503336350676 121.458033117837 9.6529706517126 349.340886687637 61.773928410906 71.3262993260632 455.021243305227 177.638451454111 93.5079898501906 265.589659445312 175.402825586311 23.3629777630008 200.529452629859 60.399128762037 16.3185528574237 4.08890420589117 47.0926334614906 303.639668708636 108.436646636468 534.163361579156 119.85315923013 605.937972565407 556.381587955335 903.1889616195 211.028818372771 268.501821344684 682.32949431623 38.8025452941514 271.086087481869 490.775740425889 609.532046263092 494.5182006408 77.0657513903788 535.303471451643 667.445674483723 370.50361493089 207.142804183014 571.040239071406 591.654630141687 238.558485404073 394.829181153571 55.2623625487475 763.27587734141 983.206236208293 214.361743884653 123.945211482952 27.5000532969574 357.590652132795 676.513373320012 456.928997822129 12.2760595887491 262.142570338889 157.448014976558 116.14102799975 8.26567989649775 512.204551369859 264.878357186061 701.855564085711 141.3325465404 563.84531992339 357.942431967576 59.1558452372558 129.41998453751 371.920928378537 503.730585981668 138.721627865208 61.3722201184211 491.619606702805 15.8795766961402 50.534556545935 361.815158970582 201.426411197815 44.2328031968983 273.313801048656 380.009214009387 413.679292791579 298.930139851039 104.836812579252 70.4927411058925 248.434540121561 133.300493330425 234.280484576038 124.713484561284 109.703590473643 258.417111888319 260.689096639761 161.649336109504 259.854439078339 86.2254724023073 210.863599387409 57.4659620147685 514.710810287563 320.87745377347 307.33081457416 412.144614997489 152.905738077353 152.815844880338 927.657879565281 30.4446602550091 332.160214498627 33.4470343705757 403.271717806834 11.916929192745 219.777099929132 151.33859421188 144.503490537295 6.75202096156011 584.002059518553 13.7432066902562 368.388283268991 45.9741037710358 648.35244826563 26.3540842532717 585.767295793339 123.902362424648 121.302940591803 131.489919834688 196.17227079771 474.428914336454 272.169537741886 291.448796132063 204.390652675098 136.089525309471 307.072715502966 87.7591198183834 530.096811669722 468.552495645253 215.045888727628 35.0362980377897 185.138786105125 71.1818337630664 10.3965579195054 509.817785236673 460.514795337083 86.4639275409611 359.298351888074 441.272277036697 28.0706233526237 190.298772379443 388.086696847228 171.715464587603 62.1323868806403 176.366608909628 697.236958125218 50.9992622954017 202.145706102699 133.463611780168 185.128673016159 203.819304197344 485.686426805881 487.516912119243 49.9903182387255 122.540207098058 57.7041705850629 298.314037392215 229.055864404348 155.258236574639 345.154119972277 172.474387234154 74.4911417160578 98.5737153493995 188.695619030723 39.9263429982313 156.778921228629 157.802069191535 63.1792485179322 197.122493900543 4.3942834294245 526.342460597406 314.072383463117 314.889299055187 316.654270078943 448.342418442613 86.9004145027 406.152421990713 387.459893242403 46.3249489765609 628.401342839279 122.537873158973 534.229751079491 337.49364502794 38.9035044142253 107.03655559371 364.074439631806 83.8301618638374 181.429421563218 235.813611031782 272.794532127908 320.318135560875 12.2834890348131 65.2312289831356 97.1957523987843 463.180685288712 111.393899529484 102.560035844485 214.131647501246 35.3127799848875 50.1274840532518 227.881502102993 137.745962518424 385.936739757094 60.3882771643667 49.7157988511978 66.2393223210046 479.990345945825 117.069948053493 2.48041715465873 124.230057392481 154.404421834145 119.30761945237 773.815677608059 876.734571480197 173.447027644675 243.236507398074 677.363901244922 328.722569846571 212.468731639377 78.7591558807587 11.6160909588469 50.7191214902123 60.1945217817044 291.297755067779 228.397941431551 31.6444307905563 140.381232786903 199.635684119306 124.432958885565 56.3169264167664 0.534766861254314 207.092625278141 61.3924061524148 497.222127977705 591.610153306701 68.1533413261054 410.544264903405 248.839289599615 214.833037292671 300.611565458231 474.901708629635 118.322721390933 21.958875370776 179.5634873154 50.4686010104756 71.452095915471 540.531910622352 328.974916908365 595.616022690372 88.4253380872287 17.9713913644639 202.07881623663 515.156435278375 253.395159197011 436.342158771512 291.66881185344 169.448979755842 676.64528620371 206.246250082711 240.92913259911 100.975195194736 245.754025027101 330.689797002264 68.1692555516693 166.450246571868 293.135312792234 315.555314818438 159.815154358284 88.149442460243 84.0065694355539 71.4747690578931 64.1212763291754 525.304912777947 191.788029594629 59.3410614648232 542.931585050643 282.701263808768 17.7740831805197 196.697745197277 183.818788717215 36.5363451630123 222.752615211286 317.148272858079 437.257008550975 71.1815117209964 45.7908409585109 352.199871065508 254.915479957337 356.559736004191 390.115444591817 215.024502879052 139.111676317576 412.330342407733 90.3606946529026 241.439098396524 304.844186218633 648.804259093341 178.201772458186 9.3527471558453 88.760635385856 325.615112965948 40.7741249845629 131.157129985239 106.571855009617 168.938949922844 181.572024086102 65.2646829203344 2.93649551718091 226.259370971599 213.263623786506 286.246518591733 294.726521381011 107.733463502238 67.6012814613418 454.852665730788 79.4229917224238 64.1988975104219 408.279042733203 253.420802474232 98.4056126274031 115.092879498663 203.418081469718 268.113799740126 481.814416946474 189.284974170392 29.7350747598635 70.7760700750724 30.2002685857984 111.606295870391 53.9150675071682 105.90922340249 7.95246821484678 517.167890106061 435.333624814944 259.061801517177 54.7443108536194 55.8573958995085 91.1698268244579 14.3298252162575 140.906787683399 171.453140147366 128.689849431271 219.884739139161 215.401078240784 553.040553218533 305.658274332922 439.55314158974 39.6741621446471 82.9168751356006 320.115353741047 461.437729141753 454.226446408118 68.7311738682335 32.3463338073936 122.913791058438 405.765793415466 40.0713056902411 50.339132669252 359.24271393914 87.9129085952001 475.319300999412 113.825332134612 139.498220053587 191.764170987544 129.664342865928 64.2839192545239 133.300764599163 311.122405068685 66.9984663236585
