Instancenumber:
84
Instancename:
gr21
Customers:
20
Depot:
0
Dimension:
420
Vehicles:
20
Capacity:
7
Demands:
0 1 1 1 1 1 1 1 1 1 1 1 1 1 1 1 1 1 1 1 1
Uncertainty:budgeted
Gamma:
20
Mean Vector:
510 635 355 91 415 605 385 585 390 350 155 475 495 120 240 110 480 570 78 320 510 96 130 500 540 97 285 36 29 490 605 295 460 120 350 425 390 370 320 700 635 96 280 590 365 350 370 625 155 380 640 63 430 200 160 175 535 240 68 440 355 130 280 575 27 320 91 48 67 430 300 90 610 360 705 520 835 605 590 610 91 500 590 575 865 250 480 545 655 235 585 555 750 615 625 645 775 285 515 585 415 540 365 27 865 190 480 81 435 380 575 440 455 465 600 245 345 415 295 170 605 97 350 320 250 190 265 480 420 235 125 125 200 165 230 475 310 205 715 650 385 285 370 91 480 480 265 475 255 440 755 235 650 370 320 350 680 150 175 265 585 36 625 48 545 81 480 475 400 435 385 485 450 270 625 345 660 430 420 440 390 29 155 67 655 435 420 255 400 690 77 310 380 180 215 190 545 225 170 445 350 490 380 430 235 380 235 440 435 690 750 160 495 265 220 240 600 235 125 170 155 605 640 300 585 575 125 755 385 77 750 485 525 405 375 87 315 240 290 590 475 295 63 90 555 440 125 235 485 310 160 485 140 480 255 205 220 515 150 100 495 460 430 610 750 455 200 650 450 380 495 525 140 170 390 425 255 395 205 220 120 120 200 360 615 465 165 370 270 180 265 405 480 170 155 380 140 495 280 480 240 350 160 705 625 600 230 320 625 215 220 375 255 390 155 340 350 370 505 185 110 425 175 520 645 245 475 350 345 190 240 87 205 425 380 340 240 310 345 280 480 390 535 835 775 345 310 680 660 545 600 315 220 255 140 350 240 105 380 280 570 370 240 605 285 415 205 150 430 225 235 240 515 395 495 370 310 105 165 305 78 320 68 590 515 295 715 175 420 170 125 290 150 205 280 505 345 380 165 150 320 700 440 610 585 170 650 265 440 445 170 590 100 220 480 185 280 280 305 150
Deviation Vector:
285.787296882962 549.055779220749 368.445329215353 12.3420194581532 271.654959208224 317.316898708575 473.841212615176 150.861721626631 155.429252333387 65.9865055733369 125.652680214971 55.2064161526879 419.626166346816 67.2386753839006 54.9355414865647 99.3324758015375 0.322370078351939 486.297299443071 82.2303286105698 36.8251916904785 192.66125346355 27.7148877839473 119.691605530907 116.673747060222 498.300965734417 3.64141459095124 266.257212842065 41.4851397365214 14.8948209608236 329.101788418775 191.390808595304 316.824620756976 116.664317923386 8.58595445767085 423.362923455541 385.988546877658 232.455741237586 428.345950553787 373.149321927561 696.203834614566 40.3552920589726 66.6317849417995 311.024263367411 537.655949312519 457.857236623498 19.9591137359445 196.703391199443 784.421870212177 141.0777754053 115.213255766395 55.9876643152221 0.332222280695075 254.51249621529 201.637076684518 38.1793381848458 40.5993177410139 559.463271235779 281.485607565324 6.91479101615023 121.733596880897 199.446103834676 54.3447512055697 19.0332912102456 468.876903615328 13.218826541825 408.82700587648 40.1285838186083 52.1100734574431 77.2244117694315 139.48859814103 239.259133822783 109.453932159798 621.268640924726 225.237022485892 595.557972467618 514.905861066326 570.04150325815 56.7011309844086 567.93729245576 189.216290961519 36.1191426953446 525.043152963013 186.123766168665 568.56182969305 670.892874175618 138.521218527663 585.983656057004 293.565039278185 290.995921221198 9.35638314186658 476.96144795474 558.379169014546 343.38820806264 543.22627401082 336.783559489598 611.096937433024 680.609771654419 279.250735965755 386.451185668228 437.659751545862 8.94169024734488 143.233977768776 248.790620488503 28.0805244318994 770.634124898956 46.3045635022718 358.824005518891 23.5643537016027 146.781661379485 162.443388399566 345.637438015986 323.110815549413 88.6776418245088 426.206258213803 264.283772284487 237.771180715189 64.8546463374379 157.118687495524 66.8095563878525 107.483020906282 253.140254211949 101.053803334513 124.484033132867 280.404667970898 160.603387790119 169.95924864268 143.372607839585 114.214424282028 248.504136188428 2.05539688699566 123.260380585381 76.6528445367774 54.7988953422223 63.5296517996768 85.2309135655644 553.327965255124 194.908290722238 229.214436187203 123.799343909773 628.007593785933 101.227592497675 220.662539336957 154.599061234596 41.6620502279887 195.913983081063 411.98796241863 38.5962832970757 283.165841439282 315.411413014075 163.732547071686 927.435716671791 87.5723162985279 85.3048438040303 111.513320582322 399.65207739868 270.778120339106 813.218606063828 76.0902689729708 177.029735793568 133.802008243418 301.868675287746 25.7403075858835 698.83499684289 37.920446700615 599.52002154381 16.6886076722387 322.673901536444 211.897579885438 16.5913616460852 367.741705226494 49.8931918876199 147.637499661781 151.634143581914 147.805561845627 476.394964735989 257.06601895838 81.2217588565505 390.387667382903 24.6054976474551 34.0110241376661 499.199111346871 0.124792963467349 69.7416201718964 8.61371776788705 200.227315858109 181.040774099067 378.930184396783 55.8264570329235 369.381658961547 435.486754645225 55.7357201275073 48.6067556835216 24.1207953725328 100.674634644482 203.563137852818 221.067377787502 417.107967011474 75.683159173482 55.5797476351105 359.032284914033 413.613489565364 223.700875104696 422.264108895927 101.499177985071 235.930695176998 224.496511148095 230.573421441752 495.890417704249 93.9537350667524 717.426129868612 903.24109404872 34.1296525403427 516.805353869875 98.4725173361575 75.212121630063 16.0965090291472 472.6680555757 292.36068114936 35.7495088375988 72.8554124570973 91.8460619108808 610.951138061536 374.628630927045 196.809304808444 167.583269154738 143.456484280882 67.1088174774392 794.111149216699 225.555766669457 66.5133878478879 431.957984375447 235.195400768305 19.7765605190508 163.81939287429 270.368839207077 90.6218138360395 313.510875482591 100.673778200639 256.934411645852 714.642348876212 83.8608221478543 238.250613487439 8.93942002369745 109.8540287278 654.469099834058 212.858287870076 0.624514567103298 160.817715687004 215.914167578271 90.2075780436613 178.062712767794 503.303458073608 2.54181034732413 199.476576163112 104.829764059804 62.4476976883033 146.314462408315 488.203341696457 11.062915697646 125.092487242599 261.90692287184 298.860505223055 194.872066703953 345.732465602441 790.641808927177 534.249362928537 65.1463175168997 498.412660375195 139.93897903878 460.450680611156 344.210098232927 255.950419636275 103.133593469283 142.335813598486 165.926255488144 269.11813331234 9.78316107314706 170.026981205936 7.14975465470801 106.380821408092 86.5728289108237 137.732256812748 47.723057230094 266.254570697758 172.613289983308 302.116266329116 172.296125969334 349.922969147474 85.0519071740546 201.23490898554 242.207253697999 341.865343352672 232.797828571941 14.3662747477916 19.8730927774944 97.4743945019099 176.215469154926 224.702819240519 286.524076369507 137.752531502668 91.916259957639 152.600426401477 123.921447913849 789.355323595881 795.794193778583 719.976592324762 108.145790284587 9.26817814649375 217.335031258848 108.591327136129 112.752693883807 400.941109325617 94.3937977956182 292.939737352921 81.5453962075484 221.286882783131 41.3584295257829 106.428755361304 158.523810914573 80.1371909453216 13.5238411513613 521.856723550808 223.525043700933 316.128533062401 19.1775790498562 30.0924865007383 410.614249290158 2.0095643235297 198.986189886361 114.964883384572 70.2542528593899 83.4987703799004 213.421308138054 453.574918792998 302.759654299276 350.770272160055 236.285543848942 392.749856373716 365.920913285604 13.8841245486565 234.882225527388 113.2870371402 598.537911090968 717.690621134827 807.245513415817 124.955132594474 70.5809574557702 788.64635779927 428.890489426866 295.166029516079 186.165042248763 243.425096887175 107.099129976225 77.7464511027627 13.7262413588833 180.791417960791 102.651484572831 101.062041451281 198.469637908691 281.256103670852 162.393556087819 301.555392525461 163.576578008935 26.2010596465791 170.879355838629 81.1872868574813 220.371885571305 45.214019346597 77.3544398680349 191.914232658587 82.4880443653863 160.61568385283 588.867340001029 73.905453729062 121.804032082108 333.87536500415 170.280273436188 49.743672258301 128.612041250109 365.733210254227 79.1963877577468 348.717435866219 46.8676654318961 129.492929466566 57.6578754673798 232.24611194054 526.258911698634 94.442522893817 196.180991042524 213.913545025886 32.6855816315379 218.079586260758 118.598483227686 193.326014258354 222.685710777285 54.3179268179376 392.846582097752 223.294812147552 67.4828627168204 5.38602008038696 50.5270661027063 532.000001478557 310.261079562131 11.3800494976466 554.054913720465 161.705286707507 598.66408563726 56.6359672061599 62.6048885399788 185.927940219467 22.1293963335303 682.997064237043 22.4884592201043 180.268724725048 45.3257728145812 62.3157020200515 90.7214725356002 232.527440121724 267.336523539888 118.665428516402
