Instancenumber:
86
Instancename:
gr21
Customers:
20
Depot:
0
Dimension:
420
Vehicles:
20
Capacity:
7
Demands:
0 1 1 1 1 1 1 1 1 1 1 1 1 1 1 1 1 1 1 1 1
Uncertainty:budgeted
Gamma:
20
Mean Vector:
510 635 355 91 415 605 385 585 390 350 155 475 495 120 240 110 480 570 78 320 510 96 130 500 540 97 285 36 29 490 605 295 460 120 350 425 390 370 320 700 635 96 280 590 365 350 370 625 155 380 640 63 430 200 160 175 535 240 68 440 355 130 280 575 27 320 91 48 67 430 300 90 610 360 705 520 835 605 590 610 91 500 590 575 865 250 480 545 655 235 585 555 750 615 625 645 775 285 515 585 415 540 365 27 865 190 480 81 435 380 575 440 455 465 600 245 345 415 295 170 605 97 350 320 250 190 265 480 420 235 125 125 200 165 230 475 310 205 715 650 385 285 370 91 480 480 265 475 255 440 755 235 650 370 320 350 680 150 175 265 585 36 625 48 545 81 480 475 400 435 385 485 450 270 625 345 660 430 420 440 390 29 155 67 655 435 420 255 400 690 77 310 380 180 215 190 545 225 170 445 350 490 380 430 235 380 235 440 435 690 750 160 495 265 220 240 600 235 125 170 155 605 640 300 585 575 125 755 385 77 750 485 525 405 375 87 315 240 290 590 475 295 63 90 555 440 125 235 485 310 160 485 140 480 255 205 220 515 150 100 495 460 430 610 750 455 200 650 450 380 495 525 140 170 390 425 255 395 205 220 120 120 200 360 615 465 165 370 270 180 265 405 480 170 155 380 140 495 280 480 240 350 160 705 625 600 230 320 625 215 220 375 255 390 155 340 350 370 505 185 110 425 175 520 645 245 475 350 345 190 240 87 205 425 380 340 240 310 345 280 480 390 535 835 775 345 310 680 660 545 600 315 220 255 140 350 240 105 380 280 570 370 240 605 285 415 205 150 430 225 235 240 515 395 495 370 310 105 165 305 78 320 68 590 515 295 715 175 420 170 125 290 150 205 280 505 345 380 165 150 320 700 440 610 585 170 650 265 440 445 170 590 100 220 480 185 280 280 305 150
Deviation Vector:
411.109532807868 722.62863156634 92.452095919293 28.5813425283048 331.327111611423 638.719402222532 162.33176122581 382.818931868518 140.664999131491 290.719794965165 106.996211337391 246.323869098662 152.437723439407 13.5316756761063 128.935772489304 138.056315480981 510.706335760916 100.081207221494 14.5161941769323 386.001718536353 302.632297262831 30.3626854806439 140.556587901737 409.140627049002 613.267884699195 114.036421921422 329.210022692064 6.37248730094976 20.9790456748114 366.991912969662 585.71041771267 72.817652785331 277.972453227933 147.425379854734 196.322065832008 50.9972515744537 390.626492244783 363.547616966912 247.803158477131 55.7290191108592 336.877737262141 17.4729616341048 167.493046438165 494.697959926771 107.592503061159 397.39764292794 300.016550208378 47.5453268406405 4.39113626051248 378.845026195543 820.689851757521 39.1687741150716 13.1431985952306 216.171885081956 25.1735738357464 204.093198065735 520.993512864947 7.14833573581043 4.11994261164463 182.407292332934 276.455476073634 133.731491953958 185.192428119054 57.7085932363878 26.3135418886162 391.142949468183 20.0524236605651 33.2884331998007 61.7880601607806 427.738704907413 231.93657283198 15.3047685545054 717.818226647379 31.9098132450407 711.009492233525 98.2031342941979 1022.09027339558 324.707525234534 156.305575525212 763.957972600688 22.8404774463282 132.289803684372 348.951783821831 161.896905573731 54.2926262424895 187.194634466587 79.2641716754992 564.939202201959 509.958941914775 53.0444543495096 98.5577166190828 152.424145025436 940.818649949668 510.373898829906 234.375543744263 610.381238289589 596.381863425901 169.676794746854 183.939220700266 239.301180689199 127.581523517693 610.354140181338 211.376913631894 5.44059608805274 1054.3691004098 57.943529255008 187.370755272847 93.9851936148698 366.12757957652 249.006569111049 649.766192241599 480.77341592702 418.536323841008 204.041475261777 54.9322195681791 240.74339310268 409.714206241983 106.525266962433 217.27894468154 116.189507166302 291.857125928603 87.7863119629586 335.337025925465 145.33131146532 113.05419819291 9.58239693270889 31.2209375485037 586.436053361914 271.232153899247 111.619922593272 43.5163293608603 119.152025061402 64.5181697023551 152.995502014589 265.585544640836 122.949794739002 381.985537162774 53.7925143813553 97.5829958942352 514.287160821022 353.307937369471 360.954744362906 222.445805654621 50.4931714309336 202.864202692115 332.524118412102 67.5281265724986 155.580632993531 242.108722425514 436.199242455746 763.309427272257 35.0576413664034 398.906591969458 253.98230472375 193.069376304678 373.07173489345 501.073184048052 108.173499033451 175.87290516431 26.4973980232975 699.739006728603 2.53604424663108 658.253988942809 11.3305397697125 543.741671448576 74.9455052096794 237.549400801801 449.934041091537 475.06226396565 274.647820300398 175.470520594886 398.992827271812 276.844132897338 285.382565849259 59.2891550535635 358.055814239583 308.258316467565 150.364879907698 34.7374119407311 58.8856555177523 22.7661297306114 31.71770564055 43.8669356230449 45.0291684336491 325.849176473593 385.564115646587 191.235824838977 314.759756996289 129.935183274417 122.570517874168 3.9785267951912 73.8730068635764 94.2719599833047 198.877601064028 101.98588081206 236.697296756935 407.363368121531 218.08069191239 154.756408618365 290.335083975257 111.282089895226 40.8789411367664 73.1237888603799 401.257945370003 267.993735999017 109.171595359917 161.757071077251 142.904934287741 277.08605606374 532.014899132492 343.961232623 111.25666093503 288.128156095906 196.531278151139 18.6468218996996 259.093618022482 207.185257610588 126.919193351466 128.904467387673 113.9249426495 111.246616358346 655.157475547128 581.405915909259 289.74126340627 529.487880975403 57.5728448744093 116.113308320459 279.267116015705 411.70906944426 42.8555274136314 766.746458132988 50.7552715041232 335.995643323892 491.977651835113 389.178021310042 43.3014300934634 69.1047993134714 106.431126714706 238.525443364828 505.252255512033 576.887079280386 377.929369174096 16.9495763893713 46.2512885775151 410.73939363165 155.671637629929 38.8483696621854 255.064239557552 433.532212669512 18.398408710945 75.6565557417673 159.530063278654 159.915647412666 47.3410685349932 3.07509242937153 156.761270080383 43.7258608275879 484.59731106902 170.186901334753 126.812811979869 106.354686619978 402.148082610148 38.7452245006797 521.45828914554 604.741204555759 513.200519688299 13.9788502671474 666.706248880884 129.91647050087 339.11039646839 296.697399362423 115.77793036662 124.717501380146 147.633028812046 286.428713060626 148.000845788938 311.668333208142 412.861724181089 30.9435274061708 183.356055886139 132.548311248961 74.855701141645 232.472916756911 347.09432180562 444.291212411391 546.107052948673 73.617559284296 340.836100158949 224.833436656441 53.6532079171357 240.257951169268 424.267625855553 562.70800325313 169.445621713287 96.0614125768764 264.463643016028 117.877086664276 341.374423608311 122.916048018638 542.727579954635 71.8483414845815 363.431100185579 10.9662173653829 839.096206489551 390.081976454021 481.782873674996 58.8274861742376 180.379817320233 353.448762583832 87.4438787564087 25.1791224316704 145.280358847402 262.780872440557 497.957904713938 10.6782899591044 159.890089801928 408.998071718091 190.571911122491 54.9291672431298 132.942731669513 89.4445856881155 431.546872635618 84.614382111327 365.439332125753 470.508386441773 270.299141932211 55.1246576401289 101.071798363585 176.030769034701 105.457181354413 32.8286481869352 70.435391631694 63.7015724246618 87.2630796283449 272.511907039477 317.855983602622 241.991123848358 301.601565712127 74.4801452036072 81.519586181568 46.5364803634205 128.830663789865 363.027283171599 941.432628721867 251.469818197589 257.869512653638 97.6674237786189 143.051676898437 833.254674523547 230.985624498225 557.387684435384 249.784507002375 34.4428149693649 33.1033957157928 29.828630217738 310.110015753 295.938970057462 34.5569232995425 446.425969612292 128.979245967728 503.966270546471 10.6997439974258 304.858168040065 722.908891719262 66.7592892750217 292.452978971882 173.653097244712 186.380920444709 169.824741386022 239.168870571045 58.9868466233221 118.054142494002 56.9769233248211 367.177593343227 166.658330285467 160.991435317114 122.244903979222 68.432668632686 106.504546669418 114.122609957738 83.8941897926079 93.3723469459385 79.3654642781578 726.953623541415 217.126998488211 28.7707110576903 597.368494022917 65.1020778333805 179.189383517594 123.694142701879 104.081504688007 8.15472758230876 113.479624672316 168.145389758884 342.442934511525 500.340845463063 83.5777668276176 299.221792356192 156.855670977011 95.5793483458575 181.672171703117 841.153802112805 496.79868305352 413.79980724262 496.395212802894 31.1267316166685 723.757012605609 329.362464687823 367.328773916807 211.945239568523 56.8440434237553 370.361683802089 76.8070021438694 48.145441454779 277.048061877547 220.090031092992 88.5838099432737 36.3974472913377 85.0994914909421 111.451820868751
