Instancenumber:
88
Instancename:
gr21
Customers:
20
Depot:
0
Dimension:
420
Vehicles:
20
Capacity:
7
Demands:
0 1 1 1 1 1 1 1 1 1 1 1 1 1 1 1 1 1 1 1 1
Uncertainty:budgeted
Gamma:
20
Mean Vector:
510 635 355 91 415 605 385 585 390 350 155 475 495 120 240 110 480 570 78 320 510 96 130 500 540 97 285 36 29 490 605 295 460 120 350 425 390 370 320 700 635 96 280 590 365 350 370 625 155 380 640 63 430 200 160 175 535 240 68 440 355 130 280 575 27 320 91 48 67 430 300 90 610 360 705 520 835 605 590 610 91 500 590 575 865 250 480 545 655 235 585 555 750 615 625 645 775 285 515 585 415 540 365 27 865 190 480 81 435 380 575 440 455 465 600 245 345 415 295 170 605 97 350 320 250 190 265 480 420 235 125 125 200 165 230 475 310 205 715 650 385 285 370 91 480 480 265 475 255 440 755 235 650 370 320 350 680 150 175 265 585 36 625 48 545 81 480 475 400 435 385 485 450 270 625 345 660 430 420 440 390 29 155 67 655 435 420 255 400 690 77 310 380 180 215 190 545 225 170 445 350 490 380 430 235 380 235 440 435 690 750 160 495 265 220 240 600 235 125 170 155 605 640 300 585 575 125 755 385 77 750 485 525 405 375 87 315 240 290 590 475 295 63 90 555 440 125 235 485 310 160 485 140 480 255 205 220 515 150 100 495 460 430 610 750 455 200 650 450 380 495 525 140 170 390 425 255 395 205 220 120 120 200 360 615 465 165 370 270 180 265 405 480 170 155 380 140 495 280 480 240 350 160 705 625 600 230 320 625 215 220 375 255 390 155 340 350 370 505 185 110 425 175 520 645 245 475 350 345 190 240 87 205 425 380 340 240 310 345 280 480 390 535 835 775 345 310 680 660 545 600 315 220 255 140 350 240 105 380 280 570 370 240 605 285 415 205 150 430 225 235 240 515 395 495 370 310 105 165 305 78 320 68 590 515 295 715 175 420 170 125 290 150 205 280 505 345 380 165 150 320 700 440 610 585 170 650 265 440 445 170 590 100 220 480 185 280 280 305 150
Deviation Vector:
437.377778529146 705.908394951957 273.751820952174 30.1629808098828 269.424302554967 430.438974612465 15.2314809236756 521.509706336519 84.3266416213429 346.570951397002 38.1287984772908 372.375155207164 450.043117984366 11.0888608786692 43.1124105684679 52.2548236266894 132.242685726447 5.94759673745042 33.9493506697094 355.309989696521 248.225067216245 73.8839819643337 59.2023113474511 627.392919754882 533.772573029289 100.160828150852 331.109777497379 0.797957544492752 33.7147254718503 77.4839098637549 462.932464015579 217.564634868092 584.106708593488 30.4363830718154 374.138997547741 270.444240152571 376.391303230991 410.156415438158 78.4435139826621 826.929644606752 518.198468636744 47.1483100258948 191.12877504482 261.11370741058 212.99042225024 301.783234218374 339.515499064975 536.900624180466 135.264189898094 26.6701298204423 439.495504773101 4.83304626518517 361.11802664364 228.422824237673 7.8124589939798 95.4807177169752 477.234438330664 290.547974804552 38.6083320239078 339.649524570479 30.5562698922965 6.53564922094598 63.4941954140125 42.0889658115863 8.20559026012416 4.17937848358057 64.5679206905222 60.9127994925819 75.1466244898823 410.50963561667 350.301518861096 58.9481099952627 99.5085739525434 204.336542402822 773.768947459335 388.265391166054 122.883884251242 443.151048788672 190.589010738056 622.101498014674 73.0425718328697 504.871973898948 646.966589436522 206.886148818301 751.845092562178 286.345352532552 434.59492789537 260.803796070172 703.027862904404 44.7681339099633 731.524840615701 643.466434582678 180.582691699285 119.655510542444 770.373239150941 351.323549238493 160.907331728977 187.946607803752 273.481139303675 27.2263583683313 137.556880267106 224.656241639956 256.054720971285 13.3539616398874 850.841320491146 98.1143657964296 595.802585101706 91.5946309390217 543.25952527817 107.013554435709 499.078979887878 338.300646446917 3.95193610369686 317.057457126954 677.200262462002 215.078309876743 187.870582509813 311.83108839735 21.7523374257834 56.9847486333636 569.851260849395 4.02875523998975 74.1756379266088 378.457546674519 59.0238412338059 30.7523713091889 117.84404666478 212.984509945812 344.952874394262 229.295575729924 61.282314073673 144.09734121185 21.8165881997032 196.643418851939 83.8802895898175 519.039399556138 131.903978462745 66.272257731832 672.700204840291 254.602520732739 232.88416033383 149.947021423805 429.407677782424 55.8357342630891 579.827468905947 483.146594173196 55.3259471548815 223.180324979485 121.197069796632 124.306114289095 607.818578652279 31.6104485134925 210.630845936375 376.28560223375 11.0462045901133 196.049987077684 801.61303639467 71.8820857590384 175.675596123253 190.133810486113 100.776059485014 7.61205855547513 367.244885449052 13.5047860487504 65.7005003425789 77.1353869662634 43.8677970482961 259.372838709605 510.227213594999 449.020350663168 361.031542886083 289.927648825302 124.059420014694 220.220793268399 757.105290029182 69.3410334339205 356.079888057845 59.1132318640695 281.753564001249 446.510947766086 163.794746057904 5.60356989896412 178.143074090908 49.8502769039022 792.690603862444 514.965851974652 9.03160145268849 282.128014881959 152.148183579951 707.501410370373 41.6722043514546 171.317540648262 469.987964859592 203.182069649091 179.307191508016 14.1908757499755 435.130732045297 208.210090881261 105.525273209205 352.128524935554 236.227558698074 135.146007017877 40.4380920860393 408.768097528509 256.4885752737 13.3423718894984 270.628816552892 153.244404223532 75.074099688258 372.448761316624 60.3055159134418 94.8113064908779 362.838644062536 325.875140302046 11.8649648322973 158.531768122921 678.524438678028 17.7273358984991 60.5325518814906 38.8571606322452 170.623974388438 620.402013867843 499.973607058223 316.481183317637 509.870883079534 191.200556752336 141.203262257433 292.416166774117 484.291842299597 36.0121306475998 883.954678342511 315.329433688948 390.336547962471 0.951457879853525 119.292852205013 48.0471369158088 11.8001470498831 44.8927840796313 261.159116745479 123.92650368484 345.246188521602 289.382029730262 50.5647820228954 15.945160676482 515.040306736293 376.880788237198 104.714685725802 182.407382311861 452.011618182537 12.1845222785409 160.763705598374 363.803137466483 149.066789863273 241.588286466536 133.205331553553 134.001110480943 183.882960257476 190.203382550835 156.145520208502 81.1059536341441 414.323397585788 430.975555551487 76.7766402933923 181.683717926511 704.439495709984 225.982392458734 170.021620419257 634.863739400792 307.673039613991 177.833840066725 587.4453915322 67.1364519143237 23.2773565291138 120.139163797895 118.968489348339 465.063638637247 71.5466809032062 451.392133284801 120.498184306662 266.762746168687 141.848376596141 37.1875428141897 135.998901726912 347.097455792316 500.121148957971 559.101286406843 55.2998427479819 135.554593978124 78.0360273163454 16.820587071474 312.01717552022 456.045911726527 494.568522328124 12.4611086697621 21.8873110623086 261.033688135206 79.7951333262019 490.701697478582 106.671939528794 601.76788984952 42.3905663831192 99.7698059592015 15.8222511356877 241.740405557736 619.84847035574 242.36188691012 35.5323748788081 407.146486975182 165.017738559839 159.591190727524 264.487897970592 61.2844486429423 268.306103529077 233.820301963174 174.775643349663 198.12239556342 181.732110975623 66.6230758024199 479.283731296256 149.527531343553 30.0861080284821 358.626478657695 114.034064219707 11.0178485508508 591.547332856953 194.243762231884 336.356491056804 71.546963251695 173.008962030464 206.927126817261 42.103201914796 58.9949272606934 18.752116559767 116.585607969955 387.978785699495 368.298639240941 162.781333382376 364.400471364766 370.14742011699 263.839502654821 304.846564154184 387.049961988815 591.554386922249 337.845021299964 239.709085256246 327.964224078751 306.0685006573 563.404920830009 746.250982218895 356.278189602684 212.472350507034 38.278922377113 47.2726026385607 256.464671114205 19.9791983140624 396.201090032702 123.816599997702 89.3368862323141 20.4250070316335 284.865770630739 374.629444109089 84.7966100195654 99.0737697989078 452.974618752807 143.497244827037 62.7194429182324 112.601719217394 177.263199152019 18.8957430009617 76.3863212322931 197.720917923874 162.969743286931 25.3676486138815 262.438691937741 536.404479709364 132.66705777791 103.028407068237 82.7704675066904 195.870883641294 55.009804798471 12.4284127702992 82.7340344932432 20.5278674877395 220.786314161503 651.108148032429 131.153744267199 159.834114365572 87.0655056587955 5.35225373004898 47.1400198480347 29.0277420707579 194.29654901447 75.9711392220166 132.231008699277 38.0893764367245 510.036550200505 274.675372182685 260.417863225637 149.994081083128 126.015613118186 327.937576773014 327.423357922113 104.047545448464 655.178123499223 662.307402460605 6.36549986885732 97.466929867632 48.1839205428377 363.323084786647 24.1957164363924 61.5716422680761 581.193016231095 31.291625427766 146.094637748432 36.7747249838486 54.4882219538652 310.423539841817 84.0443033580985 241.574671925408 168.209844104562
