Instancenumber:
90
Instancename:
gr21
Customers:
20
Depot:
0
Dimension:
420
Vehicles:
20
Capacity:
7
Demands:
0 1 1 1 1 1 1 1 1 1 1 1 1 1 1 1 1 1 1 1 1
Uncertainty:budgeted
Gamma:
20
Mean Vector:
510 635 355 91 415 605 385 585 390 350 155 475 495 120 240 110 480 570 78 320 510 96 130 500 540 97 285 36 29 490 605 295 460 120 350 425 390 370 320 700 635 96 280 590 365 350 370 625 155 380 640 63 430 200 160 175 535 240 68 440 355 130 280 575 27 320 91 48 67 430 300 90 610 360 705 520 835 605 590 610 91 500 590 575 865 250 480 545 655 235 585 555 750 615 625 645 775 285 515 585 415 540 365 27 865 190 480 81 435 380 575 440 455 465 600 245 345 415 295 170 605 97 350 320 250 190 265 480 420 235 125 125 200 165 230 475 310 205 715 650 385 285 370 91 480 480 265 475 255 440 755 235 650 370 320 350 680 150 175 265 585 36 625 48 545 81 480 475 400 435 385 485 450 270 625 345 660 430 420 440 390 29 155 67 655 435 420 255 400 690 77 310 380 180 215 190 545 225 170 445 350 490 380 430 235 380 235 440 435 690 750 160 495 265 220 240 600 235 125 170 155 605 640 300 585 575 125 755 385 77 750 485 525 405 375 87 315 240 290 590 475 295 63 90 555 440 125 235 485 310 160 485 140 480 255 205 220 515 150 100 495 460 430 610 750 455 200 650 450 380 495 525 140 170 390 425 255 395 205 220 120 120 200 360 615 465 165 370 270 180 265 405 480 170 155 380 140 495 280 480 240 350 160 705 625 600 230 320 625 215 220 375 255 390 155 340 350 370 505 185 110 425 175 520 645 245 475 350 345 190 240 87 205 425 380 340 240 310 345 280 480 390 535 835 775 345 310 680 660 545 600 315 220 255 140 350 240 105 380 280 570 370 240 605 285 415 205 150 430 225 235 240 515 395 495 370 310 105 165 305 78 320 68 590 515 295 715 175 420 170 125 290 150 205 280 505 345 380 165 150 320 700 440 610 585 170 650 265 440 445 170 590 100 220 480 185 280 280 305 150
Deviation Vector:
294.500754946355 650.411476187103 180.593494802886 98.6373317708441 160.449940099403 390.072272070487 312.322432965046 691.930313547851 18.4800457314964 153.163200609389 114.733783387768 509.290088528752 448.151615392488 117.202758184979 207.259000012932 83.031653518943 486.78420884022 577.711125068482 73.059427667036 178.302419757036 544.629349900853 1.5525570406611 33.7473473645498 49.0719747390349 367.329062372597 32.6122720407015 111.91234050315 18.2239744661664 18.4546492752882 580.514261979627 208.693227073705 358.076804911371 426.10721591095 102.439386316049 355.275693339875 12.8661972927213 84.1370863691853 201.142181391127 388.179285171262 184.184596078147 623.085280288448 64.3781023316103 14.7385058018932 356.313077161102 133.086991266211 320.67584081361 28.1498562965796 60.0516696359135 100.296157946718 384.841208268048 418.097749221248 27.2348800006955 442.432371100577 182.574542696559 84.8709811246066 74.6337382779766 668.25871142232 221.548442780281 63.4236012234517 265.221409067985 292.93481903953 166.094175098591 149.498332616063 269.568940126468 22.9131737039627 85.2233712475987 45.417094763101 51.0898647362436 54.2666870122781 184.674778350104 13.4460129788646 45.7662801072545 671.049691783036 35.0847230342145 784.266458690855 94.6557897686652 846.418000439051 719.051808452546 164.086691450749 230.624681580995 83.5909999242778 465.695385056346 478.120029316052 382.272602161257 485.775776199164 14.5358930483133 523.824202198928 287.759566958927 642.726664874432 174.211950364603 661.503454050576 290.685466796793 552.226469127 234.945227852292 620.358216173807 194.960945037592 502.46954181024 59.5618960753623 43.2415744285788 102.740834094531 264.963115169375 69.5435033453204 249.710947006778 12.3085928380655 195.699182980723 97.6412437964693 306.194003403351 100.433202646725 182.588499987244 348.08654007036 192.806895311442 24.4873657609709 256.954420424735 532.745510883047 432.285012482636 275.949743251766 415.322331009837 219.57751748445 109.637250676891 153.411729188822 768.61008957851 21.3161226794889 50.227290175021 231.698837787544 150.444650698005 215.855141068191 271.975833275309 600.060671651277 26.2062393554851 260.917708656092 17.8848457275436 87.6076432183476 247.814477479022 136.491027297591 266.049039687102 86.7545826116945 18.1184582505012 104.953058297913 100.01728760371 310.823706860311 55.9444877800963 135.432187529698 197.52206623207 64.6141266511517 162.344130447728 602.072852952251 146.729927492789 123.203975753427 127.69071565785 407.153796457109 877.158039235837 114.798631240806 744.31719664842 8.37394379960926 388.020378391689 162.473146980002 787.924139853007 143.432188611966 75.5409199589161 323.59356126575 458.540387257425 20.6906819825835 399.559958267754 35.5309977081732 65.0111547959133 41.581989698312 442.977765826181 84.423251987551 410.129614458366 462.298278752163 252.530539925389 567.757681097903 114.877049181576 321.237063856391 373.754219717966 204.757248131846 766.532154922146 495.232974191995 358.207945623035 166.974398625557 309.808643690131 21.2280521301743 134.538772926101 44.0063722585098 494.285321176265 347.079007120013 470.828617650359 160.82162969414 188.569750181031 186.306849699471 43.8213040731392 389.128770150644 321.005415447752 217.512680207652 153.254198439655 183.167147010525 239.303333631144 79.4267056101441 194.101032348606 80.8741802184395 46.5812386927692 252.360421303931 26.4864311335017 166.999781516686 99.1970673609423 253.728996722025 230.739650894428 132.375999941804 233.481676573157 380.931008248234 510.256361194366 7.75162140154782 0.694352492091139 70.4001406299694 155.15701520134 181.44883450535 638.126209815694 127.747571525261 13.004609722579 42.8901614918368 126.110575331124 407.252557346233 143.920751729139 112.708415233012 350.342173898755 539.169679929563 7.13241787572987 783.662968808285 3.08808095262471 92.309919357583 914.777945943765 68.438468093882 226.368659272646 2.72648900090523 198.55568565565 74.236541413993 212.448586681096 54.8831263206169 334.702956190105 714.595872367178 370.857968550005 162.786000083881 79.3565059423377 70.3940715276539 453.70021089835 300.173828933528 31.9400213079774 140.611909160927 594.522668724789 111.46268495578 136.102978850768 367.0303264423 144.57824795831 516.249500349157 288.776860665146 71.5253798162176 160.717304306215 612.601574363891 15.62932470057 73.8554191476513 547.309001631852 18.9641601225984 378.255707036693 155.049897053183 35.9688804401936 57.5453389895138 221.494747714952 469.559002231382 159.818834478148 372.000571545643 322.197934796989 596.350956654757 34.7329963464012 106.736031079824 247.802077977429 452.867542621096 6.98681222965501 351.909495028297 78.1554808110521 275.708223815362 150.056059468817 147.826783881131 145.461953591177 360.178539511869 630.213050322141 268.349200200403 11.0099952592177 174.860844749986 130.663714689739 30.7660935598305 320.955033332482 124.311284790757 101.831604983129 137.384227255651 86.973848469863 98.8409200346752 130.846210091836 191.031563609589 275.101721963719 3.40596527882754 19.7275759038176 122.758327220385 182.880375216297 232.855200104699 611.623177951079 297.431579010794 26.0334153097076 321.918831477578 64.9727634170744 106.303527166106 214.839362462664 26.9064725343965 113.131230642183 164.25994015262 166.198213159605 63.143290801909 349.396035771678 421.420298788271 332.447781636799 36.91509999896 2.99458847910263 249.385970057148 88.6344419800957 124.473808511723 72.4077259098876 261.563011514821 237.253186948343 366.406539289218 58.9444537312067 37.8695749875763 252.953181152513 22.0154998147425 112.760584219437 388.577900501994 221.670258674996 83.6317462214554 30.5633399590231 215.924779942915 431.930365029123 64.7650281302845 571.663947973374 368.878238943616 162.134031945628 293.874452645011 65.3696854005005 31.9565947787226 166.674914169983 736.18321138125 812.857050364696 651.805531848812 769.298070452261 396.529913773308 110.020015563795 129.023111296028 30.1734777241189 214.32285700203 69.8169897177936 75.0755496185124 143.090465380328 129.292131612028 521.161708606082 54.7054078023252 171.554240378073 109.926943386141 302.713717825068 6.42383895654574 87.6729960093827 178.425096945598 306.164591890886 89.318752544489 32.4608619197686 148.873019091404 30.9725536986906 174.268309091652 481.263601045069 53.4608792091967 165.482155112873 23.8599607735455 202.473353346968 147.236311272424 10.9619783291242 392.512541529581 31.2048012739796 377.97120648987 231.699369048163 198.953598294242 895.880831663849 129.641016976853 44.8355130082591 58.9663784200268 150.32042802455 296.11030245817 74.2070254574051 130.113452486195 336.774881957074 138.467923563788 224.311719893185 132.151686686666 29.8685579727803 11.9274879266157 238.316745623975 223.407023552692 307.921166515121 490.977233736384 444.798012804593 66.1975820023283 617.090222951027 3.04190747627202 271.319515650911 397.744477807158 84.0175530524885 446.732333816725 83.7736517294524 209.685308071978 55.2622175085361 0.918564569093269 96.5610866295661 23.9223076609999 227.460162680904 67.7418367687887
