Instancenumber:
91
Instancename:
gr21
Customers:
20
Depot:
0
Dimension:
420
Vehicles:
20
Capacity:
7
Demands:
0 1 1 1 1 1 1 1 1 1 1 1 1 1 1 1 1 1 1 1 1
Uncertainty:budgeted
Gamma:
6
Mean Vector:
510 635 355 91 415 605 385 585 390 350 155 475 495 120 240 110 480 570 78 320 510 96 130 500 540 97 285 36 29 490 605 295 460 120 350 425 390 370 320 700 635 96 280 590 365 350 370 625 155 380 640 63 430 200 160 175 535 240 68 440 355 130 280 575 27 320 91 48 67 430 300 90 610 360 705 520 835 605 590 610 91 500 590 575 865 250 480 545 655 235 585 555 750 615 625 645 775 285 515 585 415 540 365 27 865 190 480 81 435 380 575 440 455 465 600 245 345 415 295 170 605 97 350 320 250 190 265 480 420 235 125 125 200 165 230 475 310 205 715 650 385 285 370 91 480 480 265 475 255 440 755 235 650 370 320 350 680 150 175 265 585 36 625 48 545 81 480 475 400 435 385 485 450 270 625 345 660 430 420 440 390 29 155 67 655 435 420 255 400 690 77 310 380 180 215 190 545 225 170 445 350 490 380 430 235 380 235 440 435 690 750 160 495 265 220 240 600 235 125 170 155 605 640 300 585 575 125 755 385 77 750 485 525 405 375 87 315 240 290 590 475 295 63 90 555 440 125 235 485 310 160 485 140 480 255 205 220 515 150 100 495 460 430 610 750 455 200 650 450 380 495 525 140 170 390 425 255 395 205 220 120 120 200 360 615 465 165 370 270 180 265 405 480 170 155 380 140 495 280 480 240 350 160 705 625 600 230 320 625 215 220 375 255 390 155 340 350 370 505 185 110 425 175 520 645 245 475 350 345 190 240 87 205 425 380 340 240 310 345 280 480 390 535 835 775 345 310 680 660 545 600 315 220 255 140 350 240 105 380 280 570 370 240 605 285 415 205 150 430 225 235 240 515 395 495 370 310 105 165 305 78 320 68 590 515 295 715 175 420 170 125 290 150 205 280 505 345 380 165 150 320 700 440 610 585 170 650 265 440 445 170 590 100 220 480 185 280 280 305 150
Deviation Vector:
220.47190992833 422.6950261475 67.453288266315 84.3580342745082 7.34061787594448 66.6127433403579 462.464030604858 390.702273440758 178.569808772336 34.8438464115117 115.844476733532 571.240288944201 207.259835447058 19.7437875564856 173.956525147903 129.694974387389 265.885969997222 223.163799814662 92.8608812381411 374.580597441235 1.35163397120023 38.5989146752098 83.8584270252505 420.193389991576 39.1576001085946 73.7388610367562 240.925318252991 15.0255035262791 24.5233064458341 151.140513805132 525.73734256186 376.989090386654 448.09128386992 127.079592695936 322.79362315515 421.51488207074 455.949122382024 311.095917914626 120.638037223601 241.009039225372 597.124552278202 107.940248369784 73.9862959372585 45.0685500889712 2.27619813583718 346.16946930465 464.510060052207 350.103289648216 15.1742014663356 442.047814471609 286.756249319239 6.33454520989415 121.553586747572 218.624292685952 150.549618759269 62.1594459768187 305.293960181962 120.867388856611 52.5348913831704 58.7845201245152 288.282772897453 46.6552169594171 36.080047129346 289.514020760548 3.65066727902056 336.359938080809 19.3492733104525 1.03858669155082 40.8198567826217 253.537994645527 109.780755061638 24.0239005673168 263.109982197019 226.862143922608 242.040319098317 227.533279450626 281.023640189742 191.227919636769 588.660264804587 265.016532330061 17.8987843056935 81.556455531137 315.650984328631 275.639300949384 1086.64273393561 48.3159486798368 400.593375099133 296.591343412967 456.455034686898 76.2500910803357 396.51620728518 125.579335892251 512.516067739116 496.097618134728 456.107324050428 527.974203639717 445.713822236825 268.584312222808 432.703967966398 692.854229167777 103.480809420258 651.314374066007 61.5482860933524 18.3783380670324 478.896317160695 97.2695582662993 536.756729573461 72.1056021059263 360.190548540342 316.653794082689 24.1344516553527 450.874242255021 453.367628246216 268.293202183455 132.848336378463 237.64356957914 265.732255959448 438.233121549562 68.2939935679341 31.3553691164265 59.1562392314076 88.203122911649 143.749347498196 249.962772737919 108.325087079057 216.691986695264 84.0117126439973 484.039179960652 336.089142958935 271.94839441544 113.763521384658 131.195449217279 216.138389949586 177.991046050771 102.941051821074 167.036751880136 95.4817561673793 58.0436973053532 887.921991339688 738.419444473158 429.829186312572 0.327438625400813 324.886311156919 75.5462729712537 277.49929718835 527.75280249553 137.13209054487 31.2022600838236 222.562837133689 329.553245957726 188.849898837612 228.08497167671 244.154432928346 244.512553193909 150.091207066899 283.122893487482 352.686003828858 117.909052922419 93.5662910337822 9.59171269472431 386.459525095133 5.83558921406213 678.599209989049 22.0144095206607 676.254155812169 20.3030984343451 388.939128685481 126.428844106766 213.518209232746 334.717622775983 46.0163210756782 178.267558927397 346.776618392935 269.350386242345 748.588001016946 22.7925121018827 537.50798470982 185.995381014953 55.3367728480344 177.99253397173 460.797498569116 11.0747096021522 14.3266257545047 18.3902445029842 682.988986020493 244.237216562757 455.029601905178 71.0721142351266 25.9408910391767 231.422787339704 24.2480173100802 224.894708127142 189.048116857256 21.2391110547724 254.581571399472 86.5745197106827 200.914575714827 160.136368478156 122.709630365098 401.588523722068 69.4785006445507 412.258690817109 482.603077199583 416.723625034015 130.722345315241 450.328845283603 243.269641175267 38.7192721402168 145.703387229694 805.19148662514 369.395124054454 37.4094995526373 131.748076666924 155.013519047265 111.823939357362 6.29184387065279 687.85292478694 72.6200424467231 38.1162736998506 205.916540816156 99.8846041845561 375.002901076411 418.603250583833 342.573553665565 431.633221886193 319.409579486107 39.3617777709765 835.396299551377 487.876663921436 79.8270994487601 544.693721109575 88.7788256461129 312.578098009077 289.005327739819 432.065188133345 100.193737273104 194.038840858392 217.125793581721 359.498644517914 561.058515036999 374.756949632116 132.603780161511 74.6396285328039 94.9607757416742 574.125863756731 180.564406448829 135.166968323846 211.079248059295 348.90662749648 32.1138132312224 132.289655173899 39.35237549731 101.280543254603 95.1383681240197 311.877944998584 36.6117757944733 165.813967976164 131.465077934051 0.360930353211026 73.8238977639069 4.61071827086281 335.185668697053 396.153884153519 368.867875786761 119.688681085894 359.808970805448 94.7361194801445 504.127798394933 185.763043141187 163.650079846292 219.708162468345 630.928600238354 123.222742214489 58.8094415126593 379.944045757428 268.578949447149 192.859443279106 305.286911773012 50.7348442690283 42.4674052503282 105.176544427244 128.915686806197 54.8345157559838 114.203039219735 782.58892904066 99.7659139592584 81.8110743062228 275.105799264284 126.852034119031 89.6815611215508 52.760221099438 194.050457036525 588.909788297872 190.465157130806 167.99494683391 39.4467778453554 87.9898926459703 136.04875672975 246.228790757391 499.826878233007 169.320978732018 14.1996474245445 153.664282847655 213.610440170603 241.567695289951 391.166567316162 215.037120332188 365.702353706309 88.843466021108 254.222675031699 11.6997154298829 381.982781171786 248.384138839218 127.66771034987 8.24265562870478 327.720824925267 189.666209830668 203.131153206112 214.494192935716 187.16927397089 115.19574130823 265.130363779951 36.4332055360064 515.557335226874 297.697451497875 2.29200481912839 520.250268908165 381.515984574763 98.0493779473044 131.476061595782 203.682882156643 86.1043500988074 150.17268714024 223.723167342602 3.80977163414626 380.479721982522 282.804415543463 292.940612229169 337.825680247796 10.5919201318494 405.469330870876 402.630304036254 565.200234247484 447.652040543886 59.7257688112555 382.821473694789 67.3698253028077 420.898896065773 248.132006679795 349.924331302807 208.813067502582 44.263361170913 278.497811523059 141.833938898207 158.476502910547 155.670406302265 135.735995375766 99.1794041623473 95.8152021322036 237.934968011568 201.707060064834 407.304859436005 133.631982136386 657.285145783936 98.1991457421394 235.232641011791 189.175382421547 36.035571999626 98.5226178017692 139.351190292181 65.3453767195973 257.724033510844 190.06127921702 20.4773840247035 162.00725188348 165.063118227286 360.055370943819 57.1839864380627 175.739107591085 77.699827725806 92.5604462534213 41.7389726209902 26.8785055484934 690.240138760075 353.622594483774 72.1493804232404 237.378669261063 219.137180837859 499.43876843841 99.3043792912552 102.413401743674 75.4983010607866 60.3441541706342 19.1540005932288 17.9445579218979 377.160647461417 227.789627628498 375.019891372762 162.869835795893 133.407323581258 103.539226759061 885.608743152802 299.446094621173 422.492777849037 20.0794434896282 171.333936194931 740.172970923517 316.885084991665 118.704558397972 409.907369974904 28.5384637541688 102.531665709151 105.157444668757 123.892000456403 29.2838564360205 84.276245123302 226.16149571295 110.041728459144 129.651456306248 107.127984317581
