Instancenumber:
94
Instancename:
gr21
Customers:
20
Depot:
0
Dimension:
420
Vehicles:
20
Capacity:
7
Demands:
0 1 1 1 1 1 1 1 1 1 1 1 1 1 1 1 1 1 1 1 1
Uncertainty:budgeted
Gamma:
20
Mean Vector:
510 635 355 91 415 605 385 585 390 350 155 475 495 120 240 110 480 570 78 320 510 96 130 500 540 97 285 36 29 490 605 295 460 120 350 425 390 370 320 700 635 96 280 590 365 350 370 625 155 380 640 63 430 200 160 175 535 240 68 440 355 130 280 575 27 320 91 48 67 430 300 90 610 360 705 520 835 605 590 610 91 500 590 575 865 250 480 545 655 235 585 555 750 615 625 645 775 285 515 585 415 540 365 27 865 190 480 81 435 380 575 440 455 465 600 245 345 415 295 170 605 97 350 320 250 190 265 480 420 235 125 125 200 165 230 475 310 205 715 650 385 285 370 91 480 480 265 475 255 440 755 235 650 370 320 350 680 150 175 265 585 36 625 48 545 81 480 475 400 435 385 485 450 270 625 345 660 430 420 440 390 29 155 67 655 435 420 255 400 690 77 310 380 180 215 190 545 225 170 445 350 490 380 430 235 380 235 440 435 690 750 160 495 265 220 240 600 235 125 170 155 605 640 300 585 575 125 755 385 77 750 485 525 405 375 87 315 240 290 590 475 295 63 90 555 440 125 235 485 310 160 485 140 480 255 205 220 515 150 100 495 460 430 610 750 455 200 650 450 380 495 525 140 170 390 425 255 395 205 220 120 120 200 360 615 465 165 370 270 180 265 405 480 170 155 380 140 495 280 480 240 350 160 705 625 600 230 320 625 215 220 375 255 390 155 340 350 370 505 185 110 425 175 520 645 245 475 350 345 190 240 87 205 425 380 340 240 310 345 280 480 390 535 835 775 345 310 680 660 545 600 315 220 255 140 350 240 105 380 280 570 370 240 605 285 415 205 150 430 225 235 240 515 395 495 370 310 105 165 305 78 320 68 590 515 295 715 175 420 170 125 290 150 205 280 505 345 380 165 150 320 700 440 610 585 170 650 265 440 445 170 590 100 220 480 185 280 280 305 150
Deviation Vector:
498.346286443254 790.190162399332 345.956563608778 8.80615658824259 22.889372679329 628.361009445894 324.795131956207 418.517719493725 289.705532553373 191.814224840554 49.9292310741568 506.537521676512 262.608884447102 120.322005288406 114.319896678025 62.1331517298845 349.371393897877 189.46090892643 37.2813960933805 319.244850524382 639.299135855803 62.0006335471482 152.284943556042 511.214586586097 652.852110600053 119.545775667108 55.6614841703414 26.4251529599996 9.94015191590596 303.991195948987 100.155086732022 10.9859326174739 267.771134275715 136.808535575255 46.9039905835198 270.83816745253 349.44443729038 361.724994782569 22.4026209909376 249.321159949925 154.306760572971 37.6446971561139 39.1705656271789 456.38020550135 40.9320667267882 215.67972302276 20.6088575738776 524.99982449195 147.035377728268 202.793168252578 355.178807547783 57.9266142000208 507.187650961361 88.7433077305002 105.47619983352 193.518248725694 210.508710243016 205.087128668654 37.8880768361134 323.944756925888 68.2476522408207 93.9540157965822 216.573989539746 445.255889784001 15.6632761084323 290.396779436071 11.7345732748579 9.28606675859 40.364288414764 85.5526044641427 164.889842934013 76.0909354603074 360.566002458064 248.229967327188 237.096871821069 365.681917054919 19.273868130165 237.164377336038 153.731099019941 592.735668360829 84.2362855433923 407.764035786486 359.011986735638 472.941318952506 1089.24658784503 316.930285432941 309.913063450058 201.674985033999 549.923494132974 282.665006772228 647.176097892608 572.662742554106 482.160017705692 367.210024795614 327.19364979289 788.835878202475 171.977472454567 185.951440386157 68.9008688280886 482.249711948009 353.339606935178 369.047288802144 141.306220496671 4.31566801284907 78.0883951499555 137.455110449122 414.275526001719 9.18200432869371 485.223005474303 426.981374967594 623.907139692267 333.720491116544 298.703076479272 191.058175609445 178.973587801584 155.100164843939 136.594452218328 391.735734337292 295.916783719278 210.035646356499 522.779503986041 80.1917118206245 344.62945061069 71.777723655626 35.2837898732795 42.8435601728426 43.6279456310659 174.259956270493 368.740519096745 70.1291353392568 148.425007265403 55.8376707025197 196.368551539326 48.158120566281 139.504412117246 509.256220537378 314.747757602122 38.3230984939208 847.615652995091 551.26340218275 10.7430978563501 281.539912467909 119.83567865032 62.2798929709916 55.7107913855145 298.641372274115 9.21758369421783 243.195296159904 72.2767061198183 456.672073491235 350.939785839058 269.671057974064 378.258896469927 61.7172915552293 28.5340201767483 253.075173152552 266.761221009612 38.0703855226051 190.069862404419 336.616125488807 323.051287255033 35.6702604011049 271.423690554316 12.0669210948055 0.0190603880402927 84.306324998 19.60298794501 482.291402139025 491.104308403435 533.447458248752 223.598325424554 608.997486823138 419.176056189201 244.256872787549 410.866474161114 361.410441053393 161.140068599208 297.632968141766 116.291112884514 232.139460476869 174.48123364998 21.509430821882 60.8302318846445 68.9647443801204 595.072741171919 209.505536063705 197.283859668077 4.6233856605259 294.169797093408 188.483148942277 0.439474683776798 1.54253659872072 480.321729255236 79.1973664037765 55.1195746356476 240.16750953354 107.981506815458 66.8721763807151 169.441865158073 63.7324487220118 84.2984372641695 144.461179769727 44.1601481929694 504.112660743438 281.876347376232 293.966964709897 220.253404669679 70.819076869011 79.6458804411404 837.751171504529 516.406597748658 100.877081154015 333.216008153299 286.463738405155 82.9693280503494 71.759679442016 167.966502580716 199.011344409189 39.6411985625823 172.612672829235 173.603219240192 195.316416776792 653.020536456565 330.405698725061 446.251116538593 734.110954108729 135.339857832734 725.5199880826 112.131783117691 61.3507298752962 828.129459368723 258.070470370167 573.080266435494 494.255329401415 158.169786495465 87.7292590748783 224.061961428546 18.3267928681966 339.107073337503 527.697057329847 3.71486987603295 169.685143154032 15.2592651802953 61.2885988906761 207.306998533317 272.511301804349 122.497887057545 153.565519196059 89.010916154733 4.4763051652096 61.7865547636802 10.1245886844876 47.2187445246921 59.4420312979113 286.168081265878 225.520329447879 25.9334409668572 474.970925347929 116.756970653325 40.9130662440644 215.999871231767 275.944535945022 404.730931775605 149.615825950518 403.192473355467 36.5582633329968 250.730826807503 811.783556046341 70.51926080336 433.320033945665 426.010157265784 86.3783800611834 60.5985468232341 187.482313587891 329.750725143142 342.708476765286 112.074544132799 214.415790246775 36.3198890884707 137.067849243988 66.8717375419433 67.6003389538162 128.782223793667 322.034841618634 422.611839738757 224.81164245782 117.474621639733 297.869610322573 33.2279682107323 37.3813591235364 321.758670777803 226.569119687545 387.625749080501 148.366717573694 124.728774501118 23.7388346545497 133.433052142698 383.963042495722 8.03471361347279 532.705295060452 151.99819249379 311.262695134062 203.893271324511 751.651658381795 443.428833731205 502.304780851628 135.670666100084 367.678128056635 60.8290183174328 164.914170175738 107.658504289392 245.471591033017 12.1649838574831 441.974503092483 41.3011675153176 249.859044551556 116.92130244331 362.017823180795 129.916074159364 84.5685714146903 130.471084379631 80.2273457200258 177.897534186192 369.710338465298 684.677576651759 131.953599130343 367.389717877834 256.177551499419 10.9006345425914 152.40801424599 134.175736604908 57.8482004982255 83.8032699166027 234.058347736388 170.400139223061 380.21607488283 25.2545204534234 321.871102896958 339.68828770632 56.7150074018705 250.878499878361 74.6021561527081 458.572311397583 476.25841648468 32.4589728759885 387.643260128134 6.9985330233345 255.641518643721 540.77575952413 152.510328844279 499.842493693535 227.677271096538 103.09325201844 144.573568540477 21.1530783595512 86.6069129901922 265.329909515119 97.0772727216056 372.165990244262 318.398452903655 253.091347337146 94.6374023694757 124.652684574303 515.953889467094 229.853151865214 401.640156212618 141.127315348999 136.759418370344 311.074252748813 87.8302509145617 261.856517751901 299.062088826054 299.546789064214 272.058055414223 264.22526144274 230.704914614928 164.202422208867 58.4182535930205 164.912584092965 20.2426833029614 65.2235832848221 175.957772341406 53.6625019921065 13.0581666314769 575.163952796639 277.373118084727 192.750278181306 164.446013914087 244.490535040969 212.324048894746 99.2694811996075 297.580666449192 33.3103148669335 6.32815411090282 166.959403822216 519.428382079722 344.543444172388 0.773878637913531 108.508540560059 65.9148231385975 125.565821908076 342.466307350672 177.254528067254 594.162840884445 689.125409619509 159.22873320834 204.679312530562 112.626164740687 92.5456119111544 14.1013672771533 83.5335542790357 617.453125900091 58.1556504358251 281.716223747332 512.9583396867 76.9057438270964 262.668883902665 15.5598871249118 22.1811983801063 35.6325731162484
