Instancenumber:
95
Instancename:
gr21
Customers:
20
Depot:
0
Dimension:
420
Vehicles:
20
Capacity:
7
Demands:
0 1 1 1 1 1 1 1 1 1 1 1 1 1 1 1 1 1 1 1 1
Uncertainty:budgeted
Gamma:
6
Mean Vector:
510 635 355 91 415 605 385 585 390 350 155 475 495 120 240 110 480 570 78 320 510 96 130 500 540 97 285 36 29 490 605 295 460 120 350 425 390 370 320 700 635 96 280 590 365 350 370 625 155 380 640 63 430 200 160 175 535 240 68 440 355 130 280 575 27 320 91 48 67 430 300 90 610 360 705 520 835 605 590 610 91 500 590 575 865 250 480 545 655 235 585 555 750 615 625 645 775 285 515 585 415 540 365 27 865 190 480 81 435 380 575 440 455 465 600 245 345 415 295 170 605 97 350 320 250 190 265 480 420 235 125 125 200 165 230 475 310 205 715 650 385 285 370 91 480 480 265 475 255 440 755 235 650 370 320 350 680 150 175 265 585 36 625 48 545 81 480 475 400 435 385 485 450 270 625 345 660 430 420 440 390 29 155 67 655 435 420 255 400 690 77 310 380 180 215 190 545 225 170 445 350 490 380 430 235 380 235 440 435 690 750 160 495 265 220 240 600 235 125 170 155 605 640 300 585 575 125 755 385 77 750 485 525 405 375 87 315 240 290 590 475 295 63 90 555 440 125 235 485 310 160 485 140 480 255 205 220 515 150 100 495 460 430 610 750 455 200 650 450 380 495 525 140 170 390 425 255 395 205 220 120 120 200 360 615 465 165 370 270 180 265 405 480 170 155 380 140 495 280 480 240 350 160 705 625 600 230 320 625 215 220 375 255 390 155 340 350 370 505 185 110 425 175 520 645 245 475 350 345 190 240 87 205 425 380 340 240 310 345 280 480 390 535 835 775 345 310 680 660 545 600 315 220 255 140 350 240 105 380 280 570 370 240 605 285 415 205 150 430 225 235 240 515 395 495 370 310 105 165 305 78 320 68 590 515 295 715 175 420 170 125 290 150 205 280 505 345 380 165 150 320 700 440 610 585 170 650 265 440 445 170 590 100 220 480 185 280 280 305 150
Deviation Vector:
11.1501446177303 550.469492268982 448.610204596802 22.1977932942013 372.566306119658 349.267293381113 489.913596505019 359.04596956221 225.941755300986 226.610081714939 163.243821999017 461.572238378432 562.664004337675 20.803698918469 159.142915525989 113.521553263138 532.801807085658 557.452436901024 13.5989509454886 12.0517472140188 514.934350570297 63.9090598696676 140.945016148088 154.279355636254 358.33032316257 84.4077169248022 206.415648878732 11.4841741837974 26.8468565678285 390.525430873838 336.715972519047 279.546927507402 175.351436572543 64.5087663326593 417.041974249843 543.553286913962 434.801002016901 437.109991586533 195.209508361451 288.077445159909 346.813340590869 36.532096485877 28.1672285038826 236.108977995069 202.175992724355 267.292454314305 55.3245603403836 238.273502413237 71.1460024063764 123.071118205983 268.095560899192 11.7185464652867 425.524017314035 44.0837511061912 79.1307816519486 64.83617342706 583.471751268537 292.519876796855 46.885813586113 322.820118769838 260.268429047777 161.986836062619 111.615224181579 640.750835722641 13.5257214687176 98.4004186312927 101.06689311116 15.9913929722759 13.815847089819 188.332226619475 223.407968288114 67.713247266332 499.300002400242 304.304570237182 812.550656388285 46.6743849524456 272.469024192413 11.7412171008778 277.887661512601 479.043172208464 31.2383284587847 444.947675482158 573.081956384213 28.8627470188094 960.421702118409 45.8049360621839 201.93048065042 500.44217332143 78.1936205481404 260.893653593973 216.01219634672 473.154193463807 805.174015643798 472.244612276147 427.628979344444 188.240031644517 833.418513082441 145.965194072347 321.874500737022 749.727458731112 394.308306696276 46.990404667063 274.217865296824 13.1217867346242 806.447925777321 118.020961447187 276.360256263953 101.948215901133 278.647917548943 397.763696958174 437.726589704436 432.893234449187 297.555863617369 209.210937112319 620.426605130179 117.994461427477 218.43182962334 71.4048389768528 34.5679748075764 127.927603038623 775.758595823027 47.1838257506436 112.83033979888 343.404152588784 313.577153059523 191.249965611531 21.8121490093862 502.566886999866 99.1470274994778 166.217621442866 130.740844646793 148.275606156569 158.865659063684 84.8983721892366 89.5905107207039 210.883396480334 352.06654864337 197.881271297831 300.237082673213 320.83706143342 280.799008566473 336.635056832093 72.0651768933608 9.1586053054971 167.240947640439 589.831243603852 154.297326162054 466.238330287932 30.1414979940736 307.750800107426 340.804509002638 27.6770251176832 770.812139831943 286.294567033713 381.092016578821 405.125158154179 338.418915399775 190.983382300191 161.322316558511 194.440895254224 408.247272344749 24.6634407072154 398.294428592052 10.0566667028844 653.798984828751 83.1703987259846 313.669888735286 500.011941028423 283.758619702351 466.925058292713 101.477994388239 75.6947417987848 437.352113579215 123.754487893455 160.447279325585 12.985536546535 266.964756380922 360.756974401223 428.06131868653 229.98536353784 99.7348379187865 5.44960244548449 99.2726303664585 10.6477869490165 629.904608897349 238.688042873083 14.174854788482 45.0555191789511 215.703080929628 659.358109995336 70.1029204167692 383.506049133918 136.045338271195 47.7046140021002 35.2507950528873 52.2447221849008 4.98549021348848 183.923127260478 7.64251144865406 319.752185785842 212.853924108673 151.18222639158 332.354030712407 127.871105405542 180.2180010996 429.905976542363 78.7282665236377 515.405953121285 299.118281897389 49.3588223474291 308.548637509192 150.937374061565 128.428666169544 278.744693242357 242.501771985215 293.07318639481 190.741152365051 266.967152462178 14.3941996085413 145.717135898523 125.387080878094 620.476586522812 519.425868532201 350.088887271094 4.64125967004797 560.947060877586 19.9077735895518 12.8965065875496 196.474445918538 15.7247966579072 551.7192775499 542.461492941476 269.195479829249 132.665276040472 49.9421167080354 111.328541319824 55.5115393832046 112.366290860633 338.819348744423 509.674652605941 256.370516770407 87.634993431249 33.0460792831438 71.9261329654825 36.7751604807764 151.425442024369 92.2055676171721 90.2784156906946 95.7904958465236 264.367422719769 198.611695033075 488.130716948312 83.3988795180457 369.721450876124 227.139988561406 123.74621219453 101.890830283652 540.753729577675 93.1082288642515 97.3463373805009 620.841563550484 33.8901496096511 347.985105822493 295.42646781537 300.932116271342 428.813233232326 96.2542200077042 375.355455051299 57.5849493679274 139.437462593736 78.5328805629973 350.539327886015 92.9611852367319 116.142848244549 71.8380866464782 310.364756966799 261.972198994583 364.128681663524 228.458865042869 269.466589445821 59.0363892757366 128.770030930923 189.726045891262 391.563429445042 344.808128432335 258.86656566775 67.4261382474905 378.807391614464 87.4898667111418 185.285661816182 189.367448330337 119.713518029015 529.458732551774 41.0021030928033 120.883665843972 84.2113656466842 165.708971143386 624.277030601429 223.742060754913 13.8859542903842 82.9040205937131 335.205875331619 111.459684786194 711.656529007575 223.907066540183 528.493951250503 105.118949444878 32.9344871763519 324.996890568502 62.0918726693035 9.92099138603044 379.486851051762 20.1985521860692 387.553001723414 126.630061414991 217.557034893611 93.714231213246 453.476218098877 192.407223151658 109.481425594159 106.953351698074 465.629382442398 155.291574043048 412.188001223621 34.9037869443022 94.227502390053 481.78209279147 433.212467285606 125.267698643209 100.829938647423 304.002954855815 61.6419532100303 42.1771036684467 289.267332479964 165.412894980472 191.757713696747 66.9070269130545 276.624160831971 230.085174061645 223.65680520716 566.944997301729 277.683495957311 282.51544351975 1052.38842538111 327.872754382498 21.5146819136513 191.439278841313 469.755264119503 3.4978725117567 544.210002367121 769.564833106244 307.944946288733 178.524724333961 226.265449287131 68.2638944867417 302.956646322079 305.260209256668 23.0164563445711 311.853586811204 98.6550113824028 427.436293241369 297.729128917961 254.608205803719 578.156273098414 57.7493642142333 88.5990245228825 48.5748500743223 72.2112941282703 475.505880057252 203.369408273134 300.842988980776 241.029611569367 171.598005089691 207.602595256593 486.071426087326 279.816802523155 182.260652085997 33.2677324184967 27.1268584030764 180.937405234105 2.55161553031017 52.5888853568853 19.5953837452914 498.07153319832 541.602713690106 228.851163034094 305.381123549342 182.15755292487 417.887820206486 212.121546036766 13.8208297392322 134.034010750145 115.466119700064 240.144003229684 37.8401678353373 491.063757124209 35.2772148175715 141.395698994437 28.2379541558377 181.212063691919 408.30655407734 118.054339934567 409.066892315877 199.155850301882 406.121769829855 106.927784662082 703.785308808301 339.773151419128 416.161907057864 554.982565229331 100.763630608642 577.335966039377 12.8819107836599 193.796822316538 259.224760367737 218.387849576314 104.716727069868 270.804254168568 286.304163107455 12.9429480863628
