Instancenumber:
98
Instancename:
gr21
Customers:
20
Depot:
0
Dimension:
420
Vehicles:
20
Capacity:
7
Demands:
0 1 1 1 1 1 1 1 1 1 1 1 1 1 1 1 1 1 1 1 1
Uncertainty:budgeted
Gamma:
20
Mean Vector:
510 635 355 91 415 605 385 585 390 350 155 475 495 120 240 110 480 570 78 320 510 96 130 500 540 97 285 36 29 490 605 295 460 120 350 425 390 370 320 700 635 96 280 590 365 350 370 625 155 380 640 63 430 200 160 175 535 240 68 440 355 130 280 575 27 320 91 48 67 430 300 90 610 360 705 520 835 605 590 610 91 500 590 575 865 250 480 545 655 235 585 555 750 615 625 645 775 285 515 585 415 540 365 27 865 190 480 81 435 380 575 440 455 465 600 245 345 415 295 170 605 97 350 320 250 190 265 480 420 235 125 125 200 165 230 475 310 205 715 650 385 285 370 91 480 480 265 475 255 440 755 235 650 370 320 350 680 150 175 265 585 36 625 48 545 81 480 475 400 435 385 485 450 270 625 345 660 430 420 440 390 29 155 67 655 435 420 255 400 690 77 310 380 180 215 190 545 225 170 445 350 490 380 430 235 380 235 440 435 690 750 160 495 265 220 240 600 235 125 170 155 605 640 300 585 575 125 755 385 77 750 485 525 405 375 87 315 240 290 590 475 295 63 90 555 440 125 235 485 310 160 485 140 480 255 205 220 515 150 100 495 460 430 610 750 455 200 650 450 380 495 525 140 170 390 425 255 395 205 220 120 120 200 360 615 465 165 370 270 180 265 405 480 170 155 380 140 495 280 480 240 350 160 705 625 600 230 320 625 215 220 375 255 390 155 340 350 370 505 185 110 425 175 520 645 245 475 350 345 190 240 87 205 425 380 340 240 310 345 280 480 390 535 835 775 345 310 680 660 545 600 315 220 255 140 350 240 105 380 280 570 370 240 605 285 415 205 150 430 225 235 240 515 395 495 370 310 105 165 305 78 320 68 590 515 295 715 175 420 170 125 290 150 205 280 505 345 380 165 150 320 700 440 610 585 170 650 265 440 445 170 590 100 220 480 185 280 280 305 150
Deviation Vector:
475.452018568688 666.285695643279 194.707760412328 38.1617600357331 389.28244304999 413.58769276341 41.9998384821966 608.56542619801 411.726886902255 98.0803619810467 149.681983194187 498.272604588315 222.194938336869 73.5257646974924 22.2736721377242 125.741430196713 596.016803718201 670.065549820528 89.1223129323846 289.552383863624 581.416543009075 43.4542083969938 78.0927867660319 634.425772853293 27.4696164804672 110.654236859994 332.496223959445 15.2948869600617 23.9322612571005 403.114474608562 309.242296832951 140.076696060464 271.068074303508 127.154022819317 312.968690378663 103.970051532044 179.618356180295 371.216096681893 0.718465380953397 163.517804224689 0.53553561080972 92.9218001732665 359.125709657724 265.335995619327 108.761653692558 32.4540287984437 114.756590194992 160.628635959241 196.583305967799 64.6280104588971 743.588490949511 70.9152469032194 267.770337823796 95.97955423606 177.890783129685 117.878490803203 180.824708183471 238.991477203126 74.6945556455327 511.825818912021 190.211638374897 42.4996843874978 99.5130540543182 646.924366303513 2.80434190722867 399.872007265427 7.92139338269487 27.0923713307676 65.004323274134 38.3961980526979 239.406379770736 87.3951429039827 644.909630412156 287.258434497435 97.3648561747854 37.7171836271756 743.706020148313 271.196770893788 194.42792915328 534.526099861022 56.2682881832177 104.361444600289 424.350505140169 713.606368002318 595.65687122946 137.095636996553 303.347010616038 559.502869504115 171.287333104969 105.221084473553 530.69929168227 442.509720009637 581.002458575054 776.487955128688 399.829796866665 566.654726602787 952.869531330427 207.131146866452 82.5472242299706 536.474169279175 338.668816670757 517.485854624575 220.983415297455 15.9468844444236 409.641720316248 141.272636762131 318.316029710565 6.60693876532762 518.432703994014 377.224958116762 550.757678060428 232.082032962997 546.646167068176 183.398135991808 291.50443715406 148.80511528776 325.261564029424 463.892671960007 103.635150924338 204.730068553082 171.148433136205 122.072935655163 251.62771950619 338.419173405663 309.598230678399 14.4382948551131 173.156667253506 568.909922168796 337.162131377654 191.22120566607 102.450734531451 42.0204283686327 97.8682812129492 23.4905384811055 213.161418650782 457.384933372336 274.631199129981 62.9912071241015 746.805198035951 516.771724699397 6.65990263996346 205.100034619391 14.7332510971097 110.903392219445 534.745842148481 252.316956551931 144.004556946452 367.729794795859 92.0042556741365 393.676368268976 525.321087344807 151.267379070863 565.844435420594 48.859561984567 133.944928250443 289.18744136834 141.469849131615 160.799893086332 127.541023175457 267.864881941883 352.774629391866 9.56659435519709 40.1883195760987 52.4339981078763 222.417569425991 80.2782971332072 370.85645736157 5.38637415458432 6.2765113111084 232.475929039561 310.453665705545 16.0000174462314 564.334500311107 228.472044075122 782.317701942891 374.482842635307 58.8588601286059 220.3529645074 242.320055480651 197.991681511761 48.5529654398471 36.9095189486238 169.519170712754 66.6666538163529 79.9898523993207 99.8659861324272 226.212640930388 84.1922809996636 7.56131039091747 874.511087191724 4.48938434650904 192.800417452924 95.1797833012823 22.0689007440414 92.8023421702061 125.129961725757 606.963825573352 270.957694566358 113.886141869384 502.576935127446 159.60379837314 94.8731377070126 441.702917378116 183.788247715228 244.35567999063 429.93634362511 54.096777590255 496.756258203341 157.116429555767 556.934580971059 222.224699536427 77.7091164096268 394.624201481475 28.4341495684394 43.5674076428643 220.642205067244 202.125394338917 173.109271325236 156.188541194078 60.4824186454996 111.812284743542 15.2091140482667 625.738089151626 291.552807882402 86.4302608367067 72.8419051715428 43.4685559983355 952.38654195215 18.5820263962455 78.3603535769899 831.114381902965 244.573790218829 635.924928738879 400.081524758528 349.383894634348 84.2528872940818 263.527127766134 278.853465424115 236.275324107667 706.690937961083 326.024807414497 327.757418409943 25.2497849977336 18.0824070404934 676.179129858009 263.482520031804 140.032269362097 64.0477086046308 25.6012659748975 336.99898300661 100.531579948301 375.465511785337 155.712553507623 155.21527108637 118.147976098423 258.295195060358 99.0102789077562 417.70302989231 185.811404820569 49.8311725934594 270.303552951291 489.542219878903 431.112660284033 289.555026560426 577.05363220206 296.480264746612 32.0862744833676 210.161840496927 238.869641633641 370.566070576105 118.024913633174 639.024456767552 112.496016550724 108.668149192579 52.8185129025721 314.164572575662 315.702320625482 495.997644744557 207.409611096272 1.79551695638192 127.213289105958 42.8884301120167 156.463427022717 320.281299835811 418.672770403497 579.223777183763 143.050684872488 418.401718228415 208.991713990332 148.147840014506 91.8103602774679 15.1624620939147 290.204535591259 11.2826927534234 79.3783751601309 34.7033611245071 100.51632617146 332.912211604993 116.102152205838 599.421688712352 87.6121923580206 228.579649391865 189.329861663954 823.858612682118 6.0225804272878 21.6424376897262 143.780255481841 399.259022355847 5.67998653926292 76.1557423600768 276.286094826027 400.949520379678 181.462166554638 294.641111624628 104.810381155444 37.3021075106481 251.46084967676 96.3838397861275 626.466405470457 38.8185434833223 119.189446257229 129.331212133457 43.2719250917926 210.839310303628 239.08699739053 186.049739736459 235.972802163756 381.027946004657 51.4959504029947 173.172724148035 253.145632376814 44.7453550487985 57.7786579438683 406.050147921615 152.089380719571 99.1043018056895 237.955882137509 317.863694977876 88.4906696326173 280.159829796683 46.5151306927693 89.5703598193759 421.096655016393 675.116589524975 763.497154792571 62.3137509625171 284.652832212271 286.242055124517 291.136845708336 477.468770592451 378.464498450719 76.2249166975766 259.687608786598 223.900788403882 90.6421704516092 93.9409611741032 85.1414422532114 120.144036738063 28.2647912597985 141.12549761581 440.605053132623 417.787164211076 244.400174445705 638.177252090001 228.539681797502 56.3969569182274 13.0479801234818 76.6055207553058 499.343107081241 72.0322600762071 53.7213059986878 301.960694880101 283.152648517022 401.200652154062 388.089619249505 93.349370594634 370.858400684184 44.0560453796208 111.084566259402 108.20206338995 1.01383471907024 6.82910998923751 40.5786413751805 704.10370063488 463.182387234024 367.035696224184 128.074988970718 219.474374974917 464.412787352822 43.09617101633 59.4357411291795 172.858288037433 14.9982593875087 43.2851347830015 103.10398126699 455.450418210713 119.729931831888 164.113331460574 21.4355620183952 33.8449995170331 240.646581365731 250.959659442281 88.497156543083 11.6867117682854 53.5501171987189 167.475386892005 176.445191054696 1.37351968677243 53.7054004726696 420.388801340077 61.1904726443106 79.6828098752132 96.6034904312045 210.471510355508 21.9737864876535 107.807860078761 257.097258128026 62.9732825538831 169.034502895559 111.191435134068
