Instancenumber:
99
Instancename:
gr21
Customers:
20
Depot:
0
Dimension:
420
Vehicles:
20
Capacity:
7
Demands:
0 1 1 1 1 1 1 1 1 1 1 1 1 1 1 1 1 1 1 1 1
Uncertainty:budgeted
Gamma:
6
Mean Vector:
510 635 355 91 415 605 385 585 390 350 155 475 495 120 240 110 480 570 78 320 510 96 130 500 540 97 285 36 29 490 605 295 460 120 350 425 390 370 320 700 635 96 280 590 365 350 370 625 155 380 640 63 430 200 160 175 535 240 68 440 355 130 280 575 27 320 91 48 67 430 300 90 610 360 705 520 835 605 590 610 91 500 590 575 865 250 480 545 655 235 585 555 750 615 625 645 775 285 515 585 415 540 365 27 865 190 480 81 435 380 575 440 455 465 600 245 345 415 295 170 605 97 350 320 250 190 265 480 420 235 125 125 200 165 230 475 310 205 715 650 385 285 370 91 480 480 265 475 255 440 755 235 650 370 320 350 680 150 175 265 585 36 625 48 545 81 480 475 400 435 385 485 450 270 625 345 660 430 420 440 390 29 155 67 655 435 420 255 400 690 77 310 380 180 215 190 545 225 170 445 350 490 380 430 235 380 235 440 435 690 750 160 495 265 220 240 600 235 125 170 155 605 640 300 585 575 125 755 385 77 750 485 525 405 375 87 315 240 290 590 475 295 63 90 555 440 125 235 485 310 160 485 140 480 255 205 220 515 150 100 495 460 430 610 750 455 200 650 450 380 495 525 140 170 390 425 255 395 205 220 120 120 200 360 615 465 165 370 270 180 265 405 480 170 155 380 140 495 280 480 240 350 160 705 625 600 230 320 625 215 220 375 255 390 155 340 350 370 505 185 110 425 175 520 645 245 475 350 345 190 240 87 205 425 380 340 240 310 345 280 480 390 535 835 775 345 310 680 660 545 600 315 220 255 140 350 240 105 380 280 570 370 240 605 285 415 205 150 430 225 235 240 515 395 495 370 310 105 165 305 78 320 68 590 515 295 715 175 420 170 125 290 150 205 280 505 345 380 165 150 320 700 440 610 585 170 650 265 440 445 170 590 100 220 480 185 280 280 305 150
Deviation Vector:
243.989849433896 653.857857849936 19.4065384686422 52.6343877509406 514.950431344527 255.851360453974 76.079422948027 178.550601411847 333.361079501529 114.632485749348 82.2814451741586 153.956797939791 339.587417889636 87.8373521539137 82.3867484382051 85.533123448738 208.538053629652 350.397387729158 61.0550415299458 178.0838423486 141.144133983872 109.699286401934 89.9037902486573 621.394054399641 441.026959990271 71.5225948972242 154.715187647335 16.2809314203334 27.9052766885119 537.565178294611 722.082219549372 46.6068726731542 388.284259402543 149.782876245497 257.73624250045 340.963746188747 151.480857515198 345.579317372605 354.394349234971 870.229118140435 801.064909751898 34.1431088506808 79.6966907006839 392.280226418581 396.986891462191 219.768205057289 59.1195616093132 149.635379118694 192.609419554478 358.165025821567 509.394312914743 14.9134626579174 345.104003833746 40.9646480693911 31.4938795856546 58.9069341824309 504.060725348625 177.527293330114 53.6424220692758 273.568904182072 196.704029270652 90.9623633141033 218.326334351092 66.4234723301021 17.9611595513374 74.7050181773007 83.518591611153 50.574748190183 78.2192395699657 319.316310736947 304.245615270637 103.166810001166 669.934608123291 5.79963536609643 372.597180009925 469.672207750005 537.756078380657 416.414988539904 674.153110527476 368.432485499368 31.6821767090965 327.944007185709 496.018493628384 661.665862646658 744.515235331394 259.386514661222 98.2374244688797 283.513274941615 323.943430766307 233.477305527788 668.043881759053 582.009619457808 307.918458904717 392.996851635076 727.615664573925 693.882019880813 676.166150885442 227.800156130476 436.078141981446 442.991717263412 107.577077975242 312.245676237317 226.619629536515 2.01966317188014 514.10654969035 218.38264377773 469.448699440267 100.307329140551 241.424383191146 318.431458997917 321.814147592515 397.38792282669 96.0926089625569 54.7365909311285 462.722771139875 262.616431609099 398.564409516487 404.984356858342 91.2844033831186 62.4165693758959 415.461593880761 16.3659388127236 46.6022482001341 351.126823718044 201.935072409804 2.78565718546102 235.951868802054 190.819081013866 341.863261760142 106.799296959451 144.348818856637 134.147752710887 206.539565443457 81.3438874600634 264.036403118863 163.574642466038 111.507806659149 172.882546339814 214.540587421742 594.555769713684 153.4741006787 245.024060223503 198.017548662668 55.4942183165676 469.174388841835 11.3828119871625 105.750207426147 403.765585015809 254.892928504029 311.738258764702 918.977771710519 94.8508174561514 570.191089867699 25.0361947793179 69.8300265768335 140.799526033055 55.9821865341376 166.290486543959 139.969219636166 237.516026525324 164.031277521837 24.1899002199849 429.247452097371 1.46016876138062 634.889536910537 44.7206908512398 179.898168421592 114.933157428607 45.1055191682445 293.557408438684 445.316304559996 248.027945443884 113.357326889069 110.477330784897 700.765250726326 424.126375928356 285.707064350754 102.171782622362 334.61888651616 65.910509430193 368.980887382864 21.2056046132919 85.7796523839875 36.2234769631973 523.275004460805 335.661636165203 396.031973647885 224.711069930863 239.026479181625 317.45823042285 38.1022013487896 272.168078685023 430.169904583922 212.693347279136 195.30207123491 192.714720859409 245.829885824069 0.111732135730557 213.562932901289 250.903375095899 236.369421529618 553.820188046884 408.585741247469 398.715941351022 60.3356838025754 347.235277154792 205.372421680478 303.440316119509 500.852841503886 267.695051202816 629.575270823356 130.370830576195 553.99983586638 29.1971213204267 16.0145943578018 152.498816137879 529.088256906516 238.695817107259 29.2448281387438 33.4401847610284 29.9364337634693 440.919407360581 687.787848529764 12.7474070271279 367.233238175941 402.716918588628 132.097420160037 814.503917959905 269.836427240867 79.3376365996656 269.975966021482 45.3678944827555 460.913884056894 61.7708424643375 382.795659643066 98.7170554587706 335.88375799194 146.889752034115 157.076437980164 551.656192685331 475.002126287954 29.0290601519761 29.4307773667963 75.2870765812364 115.76268257165 237.57747508688 23.6577270191228 256.242865314219 132.406308260061 131.198336791509 0.708663976431215 226.078375487054 161.281799017276 517.966878613316 129.701245971407 101.903241910255 109.296422975828 145.61043438484 43.9843695628674 119.767575960667 15.0601936035169 300.470659152636 3.67427225895904 554.097063174624 604.288262843852 468.346626439385 152.072329872829 383.072519265127 161.41539938288 7.34598826706555 119.631522051411 39.9169958425927 16.4829198529432 120.501956702037 355.896624234703 138.684534534442 318.439880842043 435.21781884891 27.4779402882086 52.6049817920893 29.0837656666995 16.6161459559089 141.050906797217 40.2136463278318 748.802811247345 564.457395074919 100.450937080055 159.726957038102 57.767198703986 162.36408392641 91.8747705102076 98.9727746406747 130.822455703098 60.391151290586 178.673624703755 409.740497499475 14.266324864014 312.058751939216 107.781467795442 221.089540114581 155.940784741882 219.314779838191 85.8616930568887 541.079330153029 32.9848157653748 99.9108224889062 251.575141721752 6.04369945097262 792.709563117146 263.986394880978 56.760025164633 85.5101339988383 21.3278402477962 375.669312864604 52.6583975551141 6.30058952721905 313.06398501698 350.95430764156 227.363940195573 205.05790653631 62.4662338727198 338.69222058099 12.2719357018632 437.019251084229 743.146385248961 299.600310467139 302.106228639198 438.923540798756 196.859463396458 193.979916031158 103.679394508168 106.171355673256 74.8019564175295 411.669049957242 267.966815901451 142.005521151779 272.436263232414 160.055419378734 150.60970131595 313.82775393465 221.50968513056 270.874489575888 35.3995804142692 455.172778412917 290.727014303911 140.035167818972 174.73095612484 863.328108786283 47.355793362732 552.561259319463 657.208971665946 201.482207655876 116.187225305034 297.195776409313 27.6324582619604 139.165494607057 265.358172520311 87.5057205535563 140.223787620599 110.206096606241 325.84719772564 296.372754479798 79.5073491174916 566.612352680639 138.785741199447 430.129427846633 14.6656282293608 50.9168428353815 116.139244470439 114.32013947688 41.7327182090935 175.576746455758 619.35933356729 96.2826226087988 631.960004309035 109.186305559996 201.392278755781 58.5545238680113 46.5341732188175 220.028133007125 22.5313148975885 30.3041879889517 5.32826103647524 482.022190107496 648.98972383584 81.3407871366967 868.440760593591 189.553049407528 465.830104578336 51.1597046149708 24.2600617017731 115.451336278063 165.292032607332 107.699028684543 14.5556343870955 154.651910105598 96.3048791675175 46.9391424283423 106.53835913362 82.3853766157152 202.116341698588 576.291141989189 563.554473241653 336.463836345828 624.210522941971 216.719316277729 550.340818766991 115.011604887507 241.915805696378 502.273046620194 196.419661062644 494.816279882322 122.340406301647 271.428641199077 179.033008045994 222.16747923779 63.5110117164637 85.3761733770734 305.42473849319 7.99070213698565
