Instancenumber:
3
Instancename:
B-n38-k6
Customers:
37
Depot:
0
Dimension:
1406
Vehicles:
37
Capacity:
100
Demands:
0 18 10 16 12 21 23 15 25 3 6 7 4 20 25 20 12 3 12 14 26 9 22 20 9 13 21 10 8 5 14 7 21 20 1 21 17 2
Uncertainty:budgeted
Gamma:
11
Mean Vector:
52.8015151297763 62.1288982680363 36.2215405525497 86.5332306111357 60.4152298679729 30.6757233003559 57.9396237474839 77.6208734813001 28.1602556806574 53.2353266168247 30.4138126514911 70.6045324324154 53.6003731330296 31.7804971641414 48.7647413609464 23.1948270094864 76.1183289359403 81.0246875958186 29.4108823397055 53.2541078227774 30.6757233003559 27 79.4040301244213 71.3091859440283 57.2712842531054 21.095023109729 59.0931468107766 36.4005494464026 71.5681493403316 85 23.7697286480094 34.5253530032641 81.0246875958186 73.24616030892 77.884529914483 74.1484996476665 59.2114853723498 52.8015151297763 22.8035085019828 21.6333076527839 94 80.3616824114578 37.2155881318568 80.6535802057168 100.960388271837 36.6196668472011 3.16227766016838 24.7588368062799 94.5568612000208 14.8660687473185 21.0237960416286 5.09901951359278 35.3553390593274 103.121287811974 88.0056816347672 36.8917334913934 8.94427190999916 22.4722050542442 30.4138126514911 86.0058137569781 95.8175349296777 77.7946013551069 36.1247837363769 79.6994353806851 17.6918060129541 95.5091618641898 97.3293378175358 40.4598566482878 21.2602916254693 88.0056816347672 97.718984849414 119.037809119624 101.242283656583 20.2484567313166 62.1288982680363 22.8035085019828 26 77.2787163454466 69.6419413859206 35.8468966578698 71.028163428319 89.4706655837543 37 25.8069758011279 32.0156211871642 83.86298349093 9.8488578017961 34.2052627529741 26.8700576850888 39.6232255123179 92.9623579735368 71.5891053163818 36.4005494464026 31.6227766016838 33.5410196624968 35.2278299076171 69.6347614342147 85.2349693494401 67.6756972627545 41.4366987102013 69.3397432934389 27.6586333718787 84.7230783199005 82.0060973342836 42.0594816896262 28.0713376952364 71.5891053163818 86.9540108333135 114.58621208505 91.2688336728371 3.16227766016838 36.2215405525497 21.6333076527839 26 76.9415362466854 60.0166643524946 15.6524758424985 59.9082632030006 80.6039701255465 15 23.7065391822594 6.08276253029822 73.9797269527267 17.464249196573 11.4017542509914 20.2484567313166 14.7648230602334 82.2800097228968 70.8590149522275 15.2643375224737 27.2029410174709 9.21954445729289 9.8488578017961 68.8839603971781 75.1864349467376 57.2712842531054 16.1554944214035 59.2283715798434 6.08276253029822 74.953318805774 79.1012010022604 19.1049731745428 2.82842712474619 70.8590149522275 77.1297607930946 97.4166310236604 80.3616824114578 23.0217288664427 86.5332306111357 94 77.2787163454466 76.9415362466854 28.6006992921502 64.8459713474939 32.4499614791759 28.1602556806574 67.3572564761956 97.0051545022222 79.0759128938769 29.2745623366089 80.156097709407 87.0976463516667 95.1314879522022 73.3893725276351 35.1283361405006 6.08276253029822 66.098411478643 102.078401241399 84.1724420460759 75 8.06225774829855 30.1496268633627 31.2409987036266 75.0266619276108 30 83.0240928887513 29.1547594742265 8.54400374531753 68.1542368455549 79.2464510246358 6.08276253029822 30.0166620396073 69.065186599328 35.0142828000232 77.7817459305202 60.4152298679729 80.3616824114578 69.6419413859206 60.0166643524946 28.6006992921502 45.1774279923061 4.12310562561766 20.6155281280883 47.0425339453563 82.9698740507662 60.2079728939615 14.3178210632764 68.9420046125727 68.1175454637056 80.049984384758 52.0384473250308 23.3238075793812 24.5967477524977 46.0977222864644 87.0976463516667 65.1229606206597 55.0363516232681 23.7697286480094 15.6524758424985 3.16227766016838 53.1507290636732 1.4142135623731 65.7647321898295 15.2315462117278 25 46.0977222864644 61.660360037872 24.5967477524977 17.464249196573 50.1597448159378 21.6333076527839 68.9637585982667 30.6757233003559 37.2155881318568 35.8468966578698 15.6524758424985 64.8459713474939 45.1774279923061 44.7213595499958 65.6201188660917 2.82842712474619 39.3573373083089 15.0332963783729 58.8557558782486 30 23 35.8468966578698 9.21954445729289 66.9402718847182 58.821764679411 1.4142135623731 42.7200187265877 20 10.1980390271856 56.9209978830308 60.0166643524946 42.2965719651132 11.3137084989848 44.2831796509691 20.8806130178211 59.8414572015087 65.924198895398 7.07106781186548 16.7630546142402 58.821764679411 61.9838688692469 82.0060973342836 65 33.5410196624968 57.9396237474839 80.6535802057168 71.028163428319 59.9082632030006 32.4499614791759 4.12310562561766 44.7213595499958 21.0237960416286 46.3896540189728 83.168503653727 59.6824932455071 14.142135623731 69.7710541700496 67.4759216313494 80.0812087820857 51.0392006206994 22.4722050542442 28.6356421265527 45.5411901469428 87.091905479212 64.4980619863884 54.3323108288245 27.8567765543682 15.2970585407784 3.60555127546399 52 3 65.5133574166368 15.1327459504216 28.3196045170126 45.0111097397076 61.3921819126833 28.6356421265527 17.2626765016321 46.9574275274956 20.6155281280883 70.178344238091 77.6208734813001 100.960388271837 89.4706655837543 80.6039701255465 28.1602556806574 20.6155281280883 65.6201188660917 21.0237960416286 67.3646791723972 103.580886267689 80.6225774829855 7.07106781186548 89.3196506934504 88.4590300647707 100.662803457881 72.0624728967859 7 28.4604989415154 66.4830805543786 107.707938426097 85.4751425854324 75.3259583410659 29.1547594742265 6.32455532033676 23.3452350598575 73.0068489937759 21.3775583264319 86.3133825081603 6.08276253029822 20 66.0302960768767 82.2009732302483 28.4604989415154 4.47213595499958 41 7.28010988928052 89 28.1602556806574 36.6196668472011 37 15 67.3572564761956 47.0425339453563 2.82842712474619 46.3896540189728 67.3646791723972 38.5875627631495 13.3416640641263 60.5309838016862 30.5286750449475 21.095023109729 34.8855270850248 6.40312423743285 68.4470598345904 61.3514466007119 1.4142135623731 41.6293165929973 18.1107702762748 8 59.464274989274 61.660360037872 44.1021541423999 8.48528137423857 46.0977222864644 19.6977156035922 61.5223536610881 68.2495421230062 5.09901951359278 15.6524758424985 61.3514466007119 63.6396103067893 82.4196578493262 66.4906008395172 34.5398320783411 53.2353266168247 3.16227766016838 25.8069758011279 23.7065391822594 97.0051545022222 82.9698740507662 39.3573373083089 83.168503653727 103.580886267689 38.5875627631495 26.2488094968134 97.1236325515062 18.0277563773199 21.6333076527839 4.47213595499958 36.8781778291715 105.621967412087 91 38.9486841883009 5.8309518948453 23.43074902772 32.0156211871642 89 98.3717439105356 80.3616824114578 37.4833296279826 82.2800097228968 19.2093727122985 98.0815986819138 100.244700608062 42.2018956920184 23.0217288664427 91 100.284595028349 120.929731662648 103.73041983912 23.3238075793812 30.4138126514911 24.7588368062799 32.0156211871642 6.08276253029822 79.0759128938769 60.2079728939615 15.0332963783729 59.6824932455071 80.6225774829855 13.3416640641263 26.2488094968134 73.824115301167 23.1948270094864 8.06225774829855 22.2036033111745 10.6301458127346 81.7863069223693 73.0068489937759 14.142135623731 28.6530975637888 5.09901951359278 5.8309518948453 71.0633520177595 74.9666592559653 57.3149195236284 11.4017542509914 59.3043000127309 7.07106781186548 74.8131004570724 80.6225774829855 16.1245154965971 4.12310562561766 73.0068489937759 76.9415362466854 94.8736001214247 79.8310716450681 29 70.6045324324154 94.5568612000208 83.86298349093 73.9797269527267 29.2745623366089 14.3178210632764 58.8557558782486 14.142135623731 7.07106781186548 60.5309838016862 97.1236325515062 73.824115301167 83.2586331859946 81.6149496109628 94.1116358374457 65.1229606206597 9.21954445729289 28.0713376952364 59.6824932455071 101.138518873869 78.63841300535 68.4689710744948 28.2842712474619 1.4142135623731 16.7630546142402 66.0302960768767 14.8660687473185 79.6241169495775 1 22.1359436211787 59.0762219509677 75.5049667240507 28.0713376952364 3.16227766016838 40.6078810084939 7.81024967590665 83.240615086627 53.6003731330296 14.8660687473185 9.8488578017961 17.464249196573 80.156097709407 68.9420046125727 30 69.7710541700496 89.3196506934504 30.5286750449475 18.0277563773199 23.1948270094864 83.2586331859946 24.5153013442625 18.0277563773199 31.9530906173409 92.1357693840997 74.2428447730823 30.2324329156619 23.7697286480094 24.0831891575846 27.2029410174709 72.2495674727538 84.581321815162 66.6408283261845 33.5261092284804 68.4470598345904 18.1107702762748 84.1724420460759 84.0119039184329 35.3553390593274 19.1049731745428 74.2428447730823 86.4060183089118 111.198021565134 90.3382532485547 6.70820393249937 31.7804971641414 21.0237960416286 34.2052627529741 11.4017542509914 87.0976463516667 68.1175454637056 23 67.4759216313494 88.4590300647707 21.095023109729 21.6333076527839 8.06225774829855 81.6149496109628 24.5153013442625 17.2046505340853 17.0880074906351 89.4427190999916 81.0246875958186 22.0227155455452 22.6715680975093 3 13.1529464379659 79.0759128938769 82.7345151674922 65.1920240520265 17 67.1863081289633 6.70820393249937 82.6075057122535 88.684835231284 23.0867927612304 8.60232526704263 81.0246875958186 84.717176534632 101.21264743104 87.4757109145162 31.04834939252 48.7647413609464 5.09901951359278 26.8700576850888 20.2484567313166 95.1314879522022 80.049984384758 35.8468966578698 80.0812087820857 100.662803457881 34.8855270850248 4.47213595499958 22.2036033111745 94.1116358374457 18.0277563773199 17.2046505340853 32.8024389337135 102.489023802552 89.0898422941695 35.3411940941446 7.07106781186548 19.1049731745428 28.0178514522438 87.091905479212 95.3362470417207 77.3692445355388 33.3016516106934 79.3095202355934 15.2643375224737 95.0789145920377 98.0459076147495 38.2753184180093 19.2353840616713 89.0898422941695 97.2676719162127 117.046999107196 100.578327685441 24.0831891575846 23.1948270094864 35.3553390593274 39.6232255123179 14.7648230602334 73.3893725276351 52.0384473250308 9.21954445729289 51.0392006206994 72.0624728967859 6.40312423743285 36.8781778291715 10.6301458127346 65.1229606206597 31.9530906173409 17.0880074906351 32.8024389337135 72.691127381545 67.4166151627327 7.81024967590665 39.1152144312159 14.3178210632764 5 65.5515064662895 66.1891229734916 49.0102030193714 2.23606797749979 51.0098029794274 17.6918060129541 66.1211010192662 73.9797269527267 6.08276253029822 14.2126704035519 67.4166151627327 68.1835757349231 84.380092438916 70.7106781186548 36.8781778291715 76.1183289359403 103.121287811974 92.9623579735368 82.2800097228968 35.1283361405006 23.3238075793812 66.9402718847182 22.4722050542442 7 68.4470598345904 105.621967412087 81.7863069223693 9.21954445729289 92.1357693840997 89.4427190999916 102.489023802552 72.691127381545 35.1710107901379 67.6830850360709 109.48059188733 86.4927742646748 76.2954782408499 35.7351367704113 7.81024967590665 25.4950975679639 73.4370478709486 23.7065391822594 87.8009111570034 8.48528137423857 27 66.6108099335236 83.6779540858881 35.1710107901379 6.40312423743285 34 2 92.2821759604746 81.0246875958186 88.0056816347672 71.5891053163818 70.8590149522275 6.08276253029822 24.5967477524977 58.821764679411 28.6356421265527 28.4604989415154 61.3514466007119 91 73.0068489937759 28.0713376952364 74.2428447730823 81.0246875958186 89.0898422941695 67.4166151627327 35.1710107901379 60.0832755431992 96.0468635614927 78.1024967590665 68.9637585982667 2 29.1547594742265 26.9258240356725 69.0796641566822 25.9422435421457 76.9415362466854 28.1602556806574 11.4017542509914 62.2414652783817 73.1641988953614 1e-05 29.4278779391243 68.5930025585701 34.7131099154196 72.0069441095788 29.4108823397055 36.8917334913934 36.4005494464026 15.2643375224737 66.098411478643 46.0977222864644 1.4142135623731 45.5411901469428 66.4830805543786 1.4142135623731 38.9486841883009 14.142135623731 59.6824932455071 30.2324329156619 22.0227155455452 35.3411940941446 7.81024967590665 67.6830850360709 60.0832755431992 42.154477816716 19.0262975904404 9.05538513813742 58.1893461039046 60.8276253029822 43.1856457633784 9.89949493661167 45.1774279923061 20.2484567313166 60.6712452484701 67.0820393249937 6 16.1554944214035 60.0832755431992 62.8012738724303 82.2009732302483 65.7343137181792 34.0147027033899 53.2541078227774 8.94427190999916 31.6227766016838 27.2029410174709 102.078401241399 87.0976463516667 42.7200187265877 87.091905479212 107.707938426097 41.6293165929973 5.8309518948453 28.6530975637888 101.138518873869 23.7697286480094 22.6715680975093 7.07106781186548 39.1152144312159 109.48059188733 96.0468635614927 42.154477816716 25 34.4818792991333 94.0478601564119 102.357217625334 84.4037913840368 39.4081209904761 86.3481325796916 21.9317121994613 102.107786186951 105.076162853427 44.7772263544762 26 96.0468635614927 104.292856898256 123.490890352285 107.563934476199 29.1547594742265 30.6757233003559 22.4722050542442 33.5410196624968 9.21954445729289 84.1724420460759 65.1229606206597 20 64.4980619863884 85.4751425854324 18.1107702762748 23.43074902772 5.09901951359278 78.63841300535 24.0831891575846 3 19.1049731745428 14.3178210632764 86.4927742646748 78.1024967590665 19.0262975904404 25 10.1980390271856 76.1577310586391 79.7621464104371 62.2012861603359 14.422205101856 64.1950153828161 6 79.6303962064738 85.7088093488645 20.2484567313166 6.40312423743285 78.1024967590665 81.7435012707432 98.6154146165801 84.5281018360166 30.4138126514911 27 30.4138126514911 35.2278299076171 9.8488578017961 75 55.0363516232681 10.1980390271856 54.3323108288245 75.3259583410659 8 32.0156211871642 5.8309518948453 68.4689710744948 27.2029410174709 13.1529464379659 28.0178514522438 5 76.2954782408499 68.9637585982667 9.05538513813742 34.4818792991333 10.1980390271856 67.0522184569608 69.5844810284592 52.0864665724217 6.32455532033676 54.0832691319598 12.8062484748657 69.462219947249 76.1183289359403 10.295630140987 9.21954445729289 68.9637585982667 71.5681493403316 89.044932477935 74.3303437365925 32.3882694814033 79.4040301244213 86.0058137569781 69.6347614342147 68.8839603971781 8.06225774829855 23.7697286480094 56.9209978830308 27.8567765543682 29.1547594742265 59.464274989274 89 71.0633520177595 28.2842712474619 72.2495674727538 79.0759128938769 87.091905479212 65.5515064662895 35.7351367704113 2 58.1893461039046 94.0478601564119 76.1577310586391 67.0522184569608 29.4278779391243 25.9422435421457 67.2309452558864 25.0798724079689 74.9666592559653 28.4429253066558 13.0384048104053 60.4152298679729 71.1969100453102 2 29.8328677803526 68.8839603971781 35.1710107901379 70.0357051795725 71.3091859440283 95.8175349296777 85.2349693494401 75.1864349467376 30.1496268633627 15.6524758424985 60.0166643524946 15.2970585407784 6.32455532033676 61.660360037872 98.3717439105356 74.9666592559653 1.4142135623731 84.581321815162 82.7345151674922 95.3362470417207 66.1891229734916 7.81024967590665 29.1547594742265 60.8276253029822 102.357217625334 79.7621464104371 69.5844810284592 29.4278779391243 18.0277563773199 67.0671305484289 16.1554944214035 80.8084154033477 1 22.8035085019828 60.1331855134916 76.6876782801514 29.1547594742265 2 39.4588393138977 6.40312423743285 84.5990543682375 57.2712842531054 77.7946013551069 67.6756972627545 57.2712842531054 31.2409987036266 3.16227766016838 42.2965719651132 3.60555127546399 23.3452350598575 44.1021541423999 80.3616824114578 57.3149195236284 16.7630546142402 66.6408283261845 65.1920240520265 77.3692445355388 49.0102030193714 25.4950975679639 26.9258240356725 43.1856457633784 84.4037913840368 62.2012861603359 52.0864665724217 25.9422435421457 18.0277563773199 50.0899191454728 2 62.9682459657247 17.7200451466693 28.0178514522438 43.0464865000618 58.8557558782486 26.9258240356725 19.9248588451713 50.5371150739731 23.7065391822594 66.8879660327626 21.095023109729 36.1247837363769 41.4366987102013 16.1554944214035 75.0266619276108 53.1507290636732 11.3137084989848 52 73.0068489937759 8.48528137423857 37.4833296279826 11.4017542509914 66.0302960768767 33.5261092284804 17 33.3016516106934 2.23606797749979 73.4370478709486 69.0796641566822 9.89949493661167 39.4081209904761 14.422205101856 6.32455532033676 67.2309452558864 67.0671305484289 50.0899191454728 52.0864665724217 18.4390889145858 67.0298440994756 75.4320886625844 7.07106781186548 15.2643375224737 69.0796641566822 69.065186599328 84.2199501305955 71.449282711585 38.6393581727233 59.0931468107766 79.6994353806851 69.3397432934389 59.2283715798434 30 1.4142135623731 44.2831796509691 3 21.3775583264319 46.0977222864644 82.2800097228968 59.3043000127309 14.8660687473185 68.4470598345904 67.1863081289633 79.3095202355934 51.0098029794274 23.7065391822594 25.9422435421457 45.1774279923061 86.3481325796916 64.1950153828161 54.0832691319598 25.0798724079689 16.1554944214035 2 52.0864665724217 64.9384323802169 15.8113883008419 26.4007575648882 45.0444225182208 60.8276253029822 25.9422435421457 18.0277563773199 49.6588360717405 21.9544984001001 68.60029154457 36.4005494464026 17.6918060129541 27.6586333718787 6.08276253029822 83.0240928887513 65.7647321898295 20.8806130178211 65.5133574166368 86.3133825081603 19.6977156035922 19.2093727122985 7.07106781186548 79.6241169495775 18.1107702762748 6.70820393249937 15.2643375224737 17.6918060129541 87.8009111570034 76.9415362466854 20.2484567313166 21.9317121994613 6 12.8062484748657 74.9666592559653 80.8084154033477 62.9682459657247 18.4390889145858 64.9384323802169 80.6039701255465 85.146931829632 23.0217288664427 4.12310562561766 76.9415362466854 82.7647267862342 101.788997440784 85.8661749468322 24.5153013442625 71.5681493403316 95.5091618641898 84.7230783199005 74.953318805774 29.1547594742265 15.2315462117278 59.8414572015087 15.1327459504216 6.08276253029822 61.5223536610881 98.0815986819138 74.8131004570724 1 84.1724420460759 82.6075057122535 95.0789145920377 66.1211010192662 8.48528137423857 28.1602556806574 60.6712452484701 102.107786186951 79.6303962064738 69.462219947249 28.4429253066558 1 17.7200451466693 67.0298440994756 15.8113883008419 80.6039701255465 21.8403296678416 60.0749531835024 76.4852927038918 28.1602556806574 2.23606797749979 40.4474968323134 7.21110255092798 84.1189633792524 85 97.3293378175358 82.0060973342836 79.1012010022604 8.54400374531753 25 65.924198895398 28.3196045170126 20 68.2495421230062 100.244700608062 80.6225774829855 22.1359436211787 84.0119039184329 88.684835231284 98.0459076147495 73.9797269527267 27 11.4017542509914 67.0820393249937 105.076162853427 85.7088093488645 76.1183289359403 13.0384048104053 22.8035085019828 28.0178514522438 75.4320886625844 26.4007575648882 85.146931829632 21.8403296678416 68.4105255059483 81.2219182240853 11.4017542509914 22.3606797749979 61 27.0739727413618 82.2253002426869 23.7697286480094 40.4598566482878 42.0594816896262 19.1049731745428 68.1542368455549 46.0977222864644 7.07106781186548 45.0111097397076 66.0302960768767 5.09901951359278 42.2018956920184 16.1245154965971 59.0762219509677 35.3553390593274 23.0867927612304 38.2753184180093 6.08276253029822 66.6108099335236 62.2414652783817 6 44.7772263544762 20.2484567313166 10.295630140987 60.4152298679729 60.1331855134916 43.0464865000618 7.07106781186548 45.0444225182208 23.0217288664427 60.0749531835024 68.4105255059483 19.2093727122985 62.2414652783817 62.1288982680363 78.7718223732319 64.6297145282261 39.560080889705 34.5253530032641 21.2602916254693 28.0713376952364 2.82842712474619 79.2464510246358 61.660360037872 16.7630546142402 61.3921819126833 82.2009732302483 15.6524758424985 23.0217288664427 4.12310562561766 75.5049667240507 19.1049731745428 8.60232526704263 19.2353840616713 14.2126704035519 83.6779540858881 73.1641988953614 16.1554944214035 26 6.40312423743285 9.21954445729289 71.1969100453102 76.6876782801514 58.8557558782486 15.2643375224737 60.8276253029822 4.12310562561766 76.4852927038918 81.2219182240853 19.2093727122985 73.1641988953614 78.644770964127 97.9081201943945 81.7435012707432 25.0199920063936 81.0246875958186 88.0056816347672 71.5891053163818 70.8590149522275 6.08276253029822 24.5967477524977 58.821764679411 28.6356421265527 28.4604989415154 61.3514466007119 91 73.0068489937759 28.0713376952364 74.2428447730823 81.0246875958186 89.0898422941695 67.4166151627327 35.1710107901379 1e-05 60.0832755431992 96.0468635614927 78.1024967590665 68.9637585982667 2 29.1547594742265 26.9258240356725 69.0796641566822 25.9422435421457 76.9415362466854 28.1602556806574 11.4017542509914 62.2414652783817 73.1641988953614 29.4278779391243 68.5930025585701 34.7131099154196 72.0069441095788 73.24616030892 97.718984849414 86.9540108333135 77.1297607930946 30.0166620396073 17.464249196573 61.9838688692469 17.2626765016321 4.47213595499958 63.6396103067893 100.284595028349 76.9415362466854 3.16227766016838 86.4060183089118 84.717176534632 97.2676719162127 68.1835757349231 6.40312423743285 29.4278779391243 62.8012738724303 104.292856898256 81.7435012707432 71.5681493403316 29.8328677803526 2 19.9248588451713 69.065186599328 18.0277563773199 82.7647267862342 2.23606797749979 22.3606797749979 62.1288982680363 78.644770964127 29.4278779391243 39.2045915678253 5.3851648071345 86.3539228987311 77.884529914483 119.037809119624 114.58621208505 97.4166310236604 69.065186599328 50.1597448159378 82.0060973342836 46.9574275274956 41 82.4196578493262 120.929731662648 94.8736001214247 40.6078810084939 111.198021565134 101.21264743104 117.046999107196 84.380092438916 34 68.5930025585701 82.2009732302483 123.490890352285 98.6154146165801 89.044932477935 68.8839603971781 39.4588393138977 50.5371150739731 84.2199501305955 49.6588360717405 101.788997440784 40.4474968323134 61 78.7718223732319 97.9081201943945 68.5930025585701 39.2045915678253 34.0587727318528 113.137084989848 74.1484996476665 101.242283656583 91.2688336728371 80.3616824114578 35.0142828000232 21.6333076527839 65 20.6155281280883 7.28010988928052 66.4906008395172 103.73041983912 79.8310716450681 7.81024967590665 90.3382532485547 87.4757109145162 100.578327685441 70.7106781186548 2 34.7131099154196 65.7343137181792 107.563934476199 84.5281018360166 74.3303437365925 35.1710107901379 6.40312423743285 23.7065391822594 71.449282711585 21.9544984001001 85.8661749468322 7.21110255092798 27.0739727413618 64.6297145282261 81.7435012707432 34.7131099154196 5.3851648071345 34.0587727318528 90.5538513813742 59.2114853723498 20.2484567313166 3.16227766016838 23.0217288664427 77.7817459305202 68.9637585982667 33.5410196624968 70.178344238091 89 34.5398320783411 23.3238075793812 29 83.240615086627 6.70820393249937 31.04834939252 24.0831891575846 36.8781778291715 92.2821759604746 72.0069441095788 34.0147027033899 29.1547594742265 30.4138126514911 32.3882694814033 70.0357051795725 84.5990543682375 66.8879660327626 38.6393581727233 68.60029154457 24.5153013442625 84.1189633792524 82.2253002426869 39.560080889705 25.0199920063936 72.0069441095788 86.3539228987311 113.137084989848 90.5538513813742
Deviation Vector:
37.5896819334615 33.9724764481033 50.5832382816279 47.551297033864 11.5586180283189 1.93858000769993 44.1715572199222 52.5243696683742 38.4549262594354 30.9727586990015 24.7078009707924 45.8449400897444 60.8010633673868 39.0920133550247 66.5458212406523 25.2205889976342 78.9089098595091 55.8972913292091 5.76235041500127 17.6879995823693 16.7967491430349 14.2182511671461 35.0190888047875 57.9233426561713 65.9362546466546 2.01938925093975 21.5674098274417 13.7618954892232 63.3767881615015 107.48285471243 5.809508377237 55.1525239588115 14.9867258394734 1.06634002763843 40.548184663077 27.9009340063869 4.60394216793258 67.7438907999073 24.011249682333 31.2239733674955 22.4146941288406 19.2068317311941 17.3537461277839 110.720790777312 148.317659341191 7.49192233509031 2.63666188467501 21.7725083801583 84.578006032303 15.3077617928776 25.4708905525416 7.35291627484853 55.0239873945359 2.70231301503133 55.2644325236181 39.8897303622842 1.09060568126892 22.3134947794304 44.3838828318802 86.6489671016093 60.4700689478063 6.02093922586274 35.3510772198967 65.0396004518371 1.62682599354421 143.187491047516 116.050201167646 6.86635528895285 24.5736538628751 54.4722510897212 157.624292274961 165.974612915489 86.8626132069367 9.17243117039802 70.8735742219725 15.9781899282182 17.097118615222 26.9077256728119 110.039372940589 55.636126989213 97.8698576152038 104.256089389358 50.6059566844588 33.7521672787923 38.1453198636711 30.9745692631926 7.51260090292644 44.9249541360111 36.6046716675184 23.6065879226264 64.5647251142888 26.27572754694 24.5038258642589 1.4787525072646 39.6822554950539 26.9537113157635 107.652826659443 63.8491927197047 63.2654995072241 44.5637499443149 94.86086702202 25.4881025790508 71.4572902585141 49.1775185863519 57.8115306600056 10.0446750166496 93.0924126490376 35.2819610408289 80.8998562234607 114.460147560359 1.04816003252863 16.57403170191 17.1553811039541 1.89384694376035 10.7024309085325 21.4932756061488 6.92133072294644 54.0305002319579 3.64082016976309 2.67190231754741 35.5044257393813 4.49938725692785 40.3309436294647 9.50911040985284 8.96698909495964 2.06357659907335 19.3362424435623 58.0958794138908 60.3016592739437 9.43493818625397 4.22177149981611 5.46463146809697 15.1635737473256 68.7887074033327 89.6525868722506 73.7539844018446 21.9140223090527 51.3172010941552 0.408816995559836 32.6883192086072 39.0904466920719 7.61651098415757 2.52773591984424 91.2090503458702 36.3671968735052 100.610710764573 1.52419516088263 21.0348218059243 26.6807481772979 6.02877758448521 84.3745326481806 13.8223712077226 22.9901184462224 0.68980558586886 23.4982435069667 44.7829057179698 7.58108522305412 39.5206551049629 52.9822276695634 28.2077792384188 82.2009708664731 71.8740823258712 148.051411548233 68.8974427443289 6.93729419322866 6.82692793228021 39.6754403692469 158.622507166119 30.5060978234662 50.0592837256673 2.93222954386679 25.8263675015549 33.3067635662133 94.3376182516659 15.5235430215851 127.660352102178 19.3538083174506 4.58315846550412 56.2258052628098 77.0402024015394 3.65302771589432 8.71847055152542 79.5497908892029 49.1735229804248 23.4194589815659 15.0796151651246 109.961036597661 28.8068566012557 39.4313896572313 11.7834420213415 62.2184323474961 0.231606761976089 25.5057596226817 61.4910850112443 82.5522099513822 86.3800988542306 11.4991069682176 109.977257258811 92.7950310673999 93.3027625680845 33.1133967595256 2.32376677605323 9.73581650935888 3.50819961481031 118.193125901556 59.4747591047561 88.8140169587848 9.37723279705834 22.6911874164305 2.56893002281445 72.6391243868086 0.599478407110776 72.526751951343 13.5884366949722 5.04835868721799 64.717207114082 70.3991216256615 38.6233151652465 3.33934072586943 8.64683253510803 7.69959380998569 108.163574943498 7.01120609000196 59.2890808725314 44.7800960868503 19.1511933405293 90.8799865894642 19.2451837215344 53.325452022943 74.6367852061117 4.50157589190713 7.96487696476045 18.5967546642066 21.2480491160509 8.35430715273668 22.2573465433113 45.6792599462321 2.45115452850672 91.1869667427503 64.5644689998781 1.52485037321451 47.1001481600258 30.4304829840377 5.65693190471485 20.9645757211286 5.82839227583729 14.0541167238262 17.0840867028963 1.81686625306596 10.9307011684388 3.35557936709181 26.1680972113477 3.29194890604911 4.77132320625969 21.3947424586241 5.48002753725642 123.678163308307 9.02528969289924 17.253556761463 62.2390856779429 102.934748842511 34.0653557130278 76.4776469255184 28.7814859934542 3.46597556404046 69.5442263407777 4.80004579790122 22.6643458060288 16.1825627425906 94.9267222369137 22.4321645644643 88.8051318379756 71.9775265723073 118.63007006535 10.2675492699827 32.2481602138536 45.2009321262415 24.2937392423219 114.849218562523 104.455474424383 57.4255070596556 38.2971449968139 5.96753540764292 5.48939031731106 1.71990348110694 2.26149458126609 105.535040749177 23.3230905865386 25.2804051218913 22.4582736742634 60.7226087755491 15.5375331112912 16.8924450168377 30.0211599159626 29.470803843733 13.5324913987315 44.0915872620181 3.18159146624669 60.9648358931261 61.4696658581403 45.6771182710441 13.2195559949238 26.8435786322071 22.3359053280565 33.4310139722756 63.2097493030603 70.2294703659533 3.17072762091212 102.154055804658 49.8428301969201 44.4503167290057 41.3837622361471 2.18328917846406 23.6702092804317 31.2745408509693 37.15638675965 135.522369008281 34.270405235935 7.57618878536836 5.387600569218 22.2692762791711 91.182243007823 29.809907117224 26.4221195648416 1.59329588196414 23.9529401560679 32.9457156676418 68.2246698603728 34.9825146419838 5.27865508935297 65.2960821417403 8.91709141377443 17.3763794604545 10.5690284893493 24.2027354743923 25.5858476835274 14.7834376468693 103.192068215492 53.6246311166801 1.42243759456204 21.7624176093722 106.536861640702 41.5658983584826 10.420115498194 47.6279064619631 47.2460968094381 23.752873626121 26.0248638219013 2.40893975022119 94.8577226530235 98.0311400587236 1.88107964451475 41.981682759416 24.7386775671501 0.0791762714934912 75.5434509191614 57.7921817936071 22.44118316082 4.0222694425016 24.8965060135313 1.23786500858781 27.086494115974 9.45885096032096 1.31597175165322 12.765971120464 49.0513364775136 60.4317087887003 14.4073592355589 46.8878080684987 15.9976444769763 36.0782475995375 3.71346807650044 10.7954160831334 3.0474934008348 31.9124446723366 99.9910639431448 1.96009417709964 121.007760206792 33.6442021042836 16.4389072823705 31.8786731611215 28.7803771663049 2.33989944014504 12.9064205714392 0.16075804930305 5.15156066883103 25.4184027518895 88.562379550964 25.2596555061151 4.16728516208013 35.4576120975997 22.7752690151885 102.790930988102 2.51246970124141 77.9076923343053 12.9016369336935 67.8854921453549 5.62278077229894 50.9045019392531 153.397848140092 31.8993734022262 27.5504270198016 98.1152997189187 117.753092770531 160.263920001625 145.966013342582 17.5626564839571 41.821040387476 30.5967797531955 34.5065516773939 1.06288630901451 65.1528129958543 82.7336316900786 4.57811531296682 84.7805885013246 113.684076161107 5.9266740787304 0.914399201220292 55.8807792125911 25.3463748957993 6.04281814766369 14.2967491179575 1.88997727750342 22.7470642940367 48.8732494018346 16.2246681690331 17.8315300664975 7.62042479030877 8.39638159816226 81.1064685754585 104.831625890619 32.6406938730259 8.1145683323416 50.4217707555175 0.829726027478336 30.7193029277371 50.8762698538118 14.0337086636172 0.656957893147891 17.5573557979257 24.7591449997786 31.6947201731204 84.9735163702235 2.01772997024591 45.0883952012154 81.1863231336741 124.088225613304 80.1073071985905 26.1548818057537 8.7375005150103 32.3260559705996 0.234865386148386 8.86815638834059 44.0082137732172 28.6257842585263 21.9431010134724 20.6437988931738 74.845822840623 15.5639496137673 4.00960860654453 3.98321987631092 43.8966716019197 37.6636608352706 115.675722401916 61.9379528344159 51.2427345183653 43.9636437697167 2.00630547059994 27.1350570896766 5.76706146390173 0.487841445086718 25.016930985804 0.421412753572501 24.2882733989314 22.6713719315453 80.0365921285688 9.24907511754558 0.749692159047656 20.9739629701033 9.55129805063198 70.5320192905753 57.1241615120088 18.4268771309936 4.6794689943927 2.90661727844861 122.980407615934 53.2482505104842 12.4314080645948 57.5594468735202 83.7586524446466 14.5301254319616 22.661194072678 20.2989311509354 92.1687416469067 18.9848175601024 0.656808984451545 7.319806432667 64.7171590449824 108.031165131261 6.69575710074807 18.7721532489569 35.833887167816 14.5716313248237 87.5060156298647 81.0972419933775 61.2714819834771 21.6188140062042 88.1798398226265 20.9451430384308 97.7524007525443 74.3392262723129 13.3460550409956 11.4769542034076 36.9763286072175 73.6707675970509 85.3070812160441 36.6738528646706 10.900660250378 37.5500535053435 25.8789794806543 32.0287604774093 0.355146578827841 75.0440992623795 12.613519405657 26.177809909135 0.652497045211656 19.603056072461 28.8420735510001 15.4046644830395 0.406062555307007 129.663414669509 36.8178466709602 26.4656909351849 8.51050432594994 97.1928296411571 70.5521957502087 31.2164983666924 2.38365313118951 1.59808908276384 12.4640560044613 100.147540731692 117.281284327106 86.3864772409895 4.09460380447376 19.4344352384021 3.69872926888611 83.2702416212233 61.6557675906933 12.6978028669112 4.84501058592647 24.2924386584669 125.921261967593 60.1577061738469 101.596397048146 1.40337027387938 5.17830382160516 5.97143193382816 7.16908081940798 29.8347831984392 24.4325650879644 25.3895674747686 51.4693575182908 10.5959544225854 23.063143317996 10.7274632142802 5.45137267271648 24.4209047866841 9.28197334720521 23.8705958310236 0.106892485284547 34.3196139367514 98.8230148269549 126.843868133831 26.3296974481427 8.52126798779763 1.65622916391962 36.3220169335727 51.1026026588239 74.5447786079671 17.024767536635 38.2964806392405 85.7914564595674 1.22225132549687 11.2203849568839 60.4755093101213 4.79482031927897 4.3125883462321 14.3930562648486 38.1364580139776 8.34429385342061 42.0805712414788 17.080974090211 34.9569425016108 19.47022717305 37.1809176487415 2.77962411352175 10.5181337398972 21.4335097488837 2.64496898215648 74.8960455960891 30.1286964426381 8.53625504219321 29.698240955087 2.29101437055925 29.4230638307465 12.2715941914134 5.164192365228 3.99699728947233 70.5697597620776 73.0880944481614 2.67029536762747 19.3408510801832 7.72460552185357 2.10984317010626 40.1483185028933 76.5356706589102 26.8203676982698 1.87085233436401 67.2245233256925 16.6182303432957 60.0353620507145 8.13148656478917 0.135166056054466 11.2097594524749 44.5365116672467 65.4959750549038 82.4373102404932 56.8468475862624 50.6138689858412 96.2031387214782 66.5144913812361 15.2650673149165 79.8656224583464 50.9472881590252 8.85669055572097 95.2201462237623 4.67474809101296 4.77357281955179 105.703814518438 124.511426567814 11.4271186894433 2.39584237969115 4.32606686166197 60.7520947350369 69.8805242348316 47.9341999374721 7.35782526996537 83.1875687825419 163.793210792231 132.081040532155 41.3557380346983 27.7915266592473 0.0831438367443824 14.3860728460496 115.03359979793 15.913292503207 133.883313746171 7.78146839746342 39.8303340746841 84.6601211987815 46.405470158611 17.3697026644219 9.18959532076309 51.8577754773435 0.635674884714113 17.4003163353533 107.061758799891 46.2787559363453 62.3179241422188 87.816759610464 0.4766188456756 24.8479725361821 88.1845471986406 3.5882988358412 1.79577809033911 34.0298625439655 71.410594913534 19.8796647220071 4.41842940568891 48.5904419003084 14.0196238297483 62.3136290623907 96.5533004802779 6.46001839956858 75.9281527868311 131.801990833194 66.772655473961 80.1511110685686 1.32595352654928 20.5187759252487 21.7248816634374 84.1078760114959 31.0697901208684 47.3705897319537 31.4390131884946 17.2792427002301 50.0561718095106 59.3679096299236 4.15005242408372e-06 1.42355589771046 29.1112109698845 17.1260911054255 76.2256969241239 8.74213915157975 22.8237987831059 40.8299630342403 13.0038807903809 92.7626125812025 64.2594862156559 1.42738354794094 19.652651239618 104.179852532101 0.11655107788581 9.24558555380296 1.75846050994399 80.340354554145 48.6635193378376 21.5663648482016 31.1710914661279 5.04758721943399 3.8390382421189 3.7552486105224 10.0108758272687 23.8660775829102 6.14109646073232 78.7833013853156 69.557449714922 64.0182340206999 5.33583861423463 70.410045808234 30.9957407529799 58.4510455131762 28.5459550841685 5.77807840417208 20.3663870687042 62.7394191592478 28.7851409509551 39.9673190431029 53.9852022564167 7.68702342927129 79.6429697694953 11.2053783809783 5.27020821810764 42.9246444944952 152.114990472323 25.3454631861455 55.4388382249079 128.328057356089 136.819103719897 23.036994685031 2.87705174062548 38.0226469228151 62.2896620305785 17.3730813330158 21.651962358576 9.15035286296641 17.9326924883604 51.6966206798391 110.464058832414 42.0473775576016 10.1094006568451 36.3622027120261 31.4608717329252 84.9476879028028 33.0186145882781 62.8625544409985 21.395004026695 18.6321093237481 46.4627786508858 112.330595216112 48.15979914808 8.42967442643597 66.7999736494494 129.552678126549 34.0605119502388 60.1633024076677 44.7001188451363 48.2694472571523 9.13402905111755 39.4822935748357 4.61509502906316 75.7441932150946 57.1641855514066 22.3292399201492 0.284738891271375 17.6480540929582 14.2019537051448 10.8454595071663 3.46054630980161 24.2152802067217 35.1694583091301 3.2491349820564 26.0298138061681 2.41264559813575 24.789987802855 9.94364800625849 2.6128509229054 13.3597375549373 9.96212193974993 45.1131731240138 127.892959036964 26.501671996069 13.219151349832 43.176103911057 0.251510188806921 94.9510611074573 105.584954549871 31.8937449616289 7.29694023914096 0.938521599704091 92.0357241038683 1.3630966482464 77.0799757170262 11.476702577274 30.5176773071619 27.8681913906406 20.5667705815473 2.83755893631074 103.438006558201 69.4828788075083 6.07846378780179 65.9137913138846 54.1736787631546 2.65727632004723 44.2349135728495 5.8647914360349 31.4597741408348 41.3211305281415 20.2580751865193 40.2431981209232 2.42507177295086 115.761343394677 16.2795036947877 12.6920059527014 19.4308217439237 2.83482221140501 64.8830244920265 11.7643546079476 11.8106783202364 3.04144193436151 9.79352376175147 17.3225018828659 34.3641093136828 83.1949067104343 1.06730886320698 14.9817679263546 26.407809946591 49.2022348645374 25.5350367161264 10.0904060182025 10.4819101397262 70.0985258992472 116.014181959072 72.6167276930622 83.6917870772523 8.90260220276905 10.0374998153361 2.73772991779476 27.769898850191 9.79973477988127 88.2710499898973 131.888710849431 16.1355826590994 2.66300858122437 90.8283715301967 62.5148330906147 32.4094027275162 39.2293779102081 34.2926203539998 1.19776028411012 62.8064028887529 107.281844946966 24.7660894954704 105.544345077872 17.8726669795317 11.1256136144148 105.735266012893 24.8356184495492 83.6889373167683 6.63110914553022 14.6813975272173 86.9968242152052 79.4518745281401 1.69715423709703 25.5506292330286 48.5334100221496 11.482048579714 89.5574457020289 53.6719043091988 126.799626572371 137.643221025396 45.9206722586076 35.5432360820786 3.37438404519015 42.3062857623714 12.3859784972152 6.36344384620168 66.4105348907929 138.521969266455 25.4464074522474 0.0701057997858645 72.8370147340468 122.459637718479 35.7288767384122 53.5380047131606 3.60165058480851 23.4295770132961 45.9391956004547 148.56178362819 23.4206409690516 68.7754296117145 27.9880087366628 1.93378533558427 32.0562810964794 2.79979199516544 77.877182925187 1.18254070116244 11.3964227218925 37.0492811283078 23.6857383149642 5.73664486669915 1.20928548452302 36.2870263716137 8.80852202308305 69.3901943158715 93.0386993530794 43.4880510107075 13.5369971598879 61.5791329676877 10.6473546875681 1.70593425036777 47.5747860394135 4.33373297699764 9.18097903254552 66.1337187299689 30.8974402660187 48.9706717526371 11.3459029655241 75.9515837886673 44.2962527770487 75.0845967887549 24.5905258150671 0.107057881299119 29.0189827788894 42.3096699612198 14.9818358170213 25.8209055375192 27.9137180418796 17.5698546968794 18.5909235839735 42.3145066914821 1.74806684546611 0.600467761308578 2.44611916573703 17.4648673598742 35.7182643717287 8.01751062296781 31.835990780146 20.5183750155978 61.2227510546184 36.1091493589738 104.964041007522 14.9750688128578 39.693486201593 13.9300168049257 9.42024145028589 111.284643905984 63.2807197170589 14.2545727732845 51.8251680487155 17.7930667921157 5.1256478320461 56.1643028338102 2.82668791648233 3.6617600308934 28.5559065535327 7.2321206310967 15.6709004491258 3.1029075234899 80.9780771071716 103.744749242801 5.99996256134471 13.8076130231799 21.7969882744637 4.7062928445189 65.4642948005957 47.9371627336194 44.0968249664431 27.5920804865005 2.17961111828865 31.1989767477941 32.1765390851227 0.432126471275523 17.9407160377335 105.370749777451 27.438752382194 11.1244528605697 98.7624558701926 61.354572059341 82.259210367593 59.9790717821312 14.2319682574148 21.8993363487366 18.7380321346501 0.64087453253608 18.8291982037596 4.42905706283871 18.7820146628949 41.2931434528499 101.835432729967 21.0486960320269 11.4653309659775 14.881166603897 47.3866235070512 52.0464945965755 49.0480460661145 1.24883332453266 35.5670524205843 9.73796120688748 50.2904417404512 95.6001879720346 36.8306145079131 25.3050381387212 25.0462998204632 0.459976183823981 47.2936556034058 20.8627174380363 5.72492721402841 17.5277678339095 12.7386172072716 7.77114404426414 36.7466011565409 8.798464665877 24.7053128714357 9.10525176610838 64.567811062926 33.5868096640315 4.6837218272163 5.35077635179441 1.16867555208413 124.736127523579 36.0643733308631 20.1157707690952 6.12383054319738 108.209922299307 31.9027340281481 20.2661975792083 9.23739799775062 108.629546737538 23.0109174610545 1.76046540055279 18.7316162599331 5.75369503237929 111.631187616613 88.5697432606509 11.2420679915638 12.1293465965005 8.83439767313351 11.7469457320909 91.2315867257225 10.4125865522228 65.8042837490433 18.5698945369504 40.0609236776407 124.334849546444 121.064188273879 35.8707075540615 3.45885287865525 4.63348063232225 10.3651314984067 104.946911724249 134.177026097043 16.5140170220887 26.3406018352884 2.84221236407398 25.4984021839858 27.0821001724257 31.6263436005529 24.4820763748393 5.93946903234823 11.0316871220029 1.48064262786102 81.6033974465316 103.398844989972 113.32903779697 0.851187225067677 135.468697209518 36.474004596448 66.292940358164 59.5324900543867 0.272804647904264 23.2630876873733 19.3570984658468 106.114931407268 114.90687665129 16.3405283325919 23.7420337541068 1.37478107052572 19.0337816190396 59.9881077134345 23.7173539216517 38.5945482276801 18.154342662773 32.8785639040435 64.7728082457508 24.2456641791186 1.89675379253214 48.8680892026728 2.30335464595383 69.7544344207425 111.132328895015 102.04126742282 87.9639792303964 79.6941408415353 4.06933042644144 24.0283719494141 15.3166696684607 13.0086710740963 28.0533732577078 63.4433297313197 136.303475282346 115.678805918044 2.86283499235947 4.40314078609889 75.1797017484845 154.160757333226 21.2805872744387 1.51463318750797 15.0590707229943 91.3518346558498 99.9320308653396 102.3739827474 16.3094262950376 2.03305797826757 2.6312107639092 29.7305911801704 76.708189058654 25.4408341614306 54.7469612845966 29.1859975439534 11.3924223526843 26.3211012674632 8.64710926928292 27.7089507775184 81.225159040611 33.4277130855442 47.1949567967385 37.1734210366233 2.73861851823985 14.7331965438906 16.5665109281085 97.2830061697291 7.31882924315648 7.04603987608386 66.6076993620365 66.4585267827892 4.80555726982665 5.95529814017984 17.1336343166107 37.6238495804527 53.1357942815571 8.94107786597363 7.84504108170309 0.552471376088063 36.1836248699271 19.9390328006785 6.91173622201913 69.8581468576029 25.9988155160814 1.73564652049054 76.7343585787773 87.2244023552214 21.2066325514933 2.84378686796119 47.8982834165667 4.55506312915671 0.631228755390946 0.75129951090657 2.60116571173287 4.86694989348311 22.4457120419486 78.9720675555382 97.3058194108215 20.5729912503209 12.8661147993537 28.8937920736609 42.8517274267124 3.71967675421372 118.882683133418 59.3645523790534 5.45852541981375 84.5201976488019 110.975255521131 8.3050748682207 33.7855723821061 1.1005057768585 64.2503051230772 18.9743319232906 1.72642620208127 9.78284359184487 16.5114677534482 123.074297223647 24.346152325248 0.453034500362422 6.4125284288963 8.93951089184046 2.082708279778 18.3077914587787 107.90717585288 21.2653326107651 5.11870810627768 8.63935900195967 5.62331740157441 16.4123378251324 53.7749530856926 2.11622385463877 115.13347166849 44.2186822536976 139.545559518273 118.319615199688 38.1561200187358 10.0918899138452 105.415842080114 89.3952933092612 46.4229323203221 6.32020831784314 37.2798019578986 88.5906646347019 11.62183762999 2.56107068746616 23.824405129884 142.651144252612 113.948795101884 20.2418812682448 118.46463932079 14.6724425732535 43.7305162623686 13.1592484617754 15.412961672936 2.71612280930024e-06 33.4366832836089 74.2986700543514 32.3065095178649 20.2763705354532 1.97629694398873 31.3622666609637 10.882908738199 64.6194769608646 0.301699588049729 15.6272898178939 21.3043136729955 17.5205619103654 20.3939949162488 23.9995198009963 34.1079981289192 67.4135007602246 47.454854426907 75.4871002009618 63.1781259553142 14.3221974688912 98.9812889269092 96.479452971073 2.63589945868214 18.7350886686569 21.4224617856871 0.98580360609082 5.60740613925674 53.2327591589339 25.3017057062876 5.05795730478143 3.50407051730685 69.8855931577782 71.103509486044 148.014828932703 75.1941812484185 1.28771565469178 28.5773573774174 94.6415603877057 118.533165164862 80.3316111075185 5.99462534048188 7.95744948273729 1.78607426879537 8.1974929642082 41.0770057009125 7.67492960399837 115.392628074455 0.750133747713093 32.9609687747083 39.1675702975241 37.9095446242306 29.016812573858 9.9952374875783 3.06873455687948 37.3440898761644 46.7746592177515 74.6314413867792 6.8708669210498 139.991234570022 60.7258967106702 6.30508457979194 75.3451594346558 2.89792571969211 39.5651893018132 67.102487958705 140.82671859855 110.633245022458 6.45295326347378 116.222894260009 68.4509198200961 133.625148453783 95.2608704329693 32.0634375353947 28.0084590589108 126.619910209609 189.904206822507 82.2508494393957 116.492951658395 17.0090844244547 26.9018710323793 15.7841480209258 61.3928812698471 2.05867128750559 57.7427124216596 52.5335563382449 28.9085212002682 91.9930985687498 29.3155283745712 36.6199250724359 38.3630026263784 40.1441749963522 74.622132641553 20.091492568627 125.579658765033 148.273276964553 87.2020088394771 27.2612563513436 25.188606232901 80.8618292839572 4.06988103598883 1.56017199642957 50.4875921343206 137.584690234832 92.3923619002583 9.11961820127302 112.054863060694 93.494223971918 37.7529387654998 65.2161523887032 2.63145167133969 36.6962367371914 81.1571292967087 44.9982024537133 92.8613333839465 13.0491706575016 3.19360233521763 10.0688841920698 31.8473446445157 27.8810022760024 10.5386539151079 59.727391982242 11.3134587481151 30.8533702585624 62.467841882254 96.6973554653172 39.4975120586344 2.29043726025678 11.4153435242092 61.1985647396687 2.54645314959202 10.7840092367395 2.81484199277527 18.4709155715256 18.0925375239889 29.0429823631122 11.5256055130255 103.372606614698 132.604311938048 24.8336470886789 17.9348121848392 34.2001734938751 12.4668801709049 2.53051325959845 49.6045647586833 30.0643584633769 20.3856329515839 5.7318283690209 86.0126160592855 9.17841312492716 13.1876557861235 1.46537998354379 31.2683999004884 27.6558191020878 100.484779654398 20.4428268743264 60.9658755402546 47.9693015846308 17.9194937387176 24.111729052703 113.066618683213 30.6178198662639 20.4969454743854 46.0029807846308 136.118200432765 119.000886763912 95.9873230155724
