Instancenumber:
23
Instancename:
B-n38-k6
Customers:
37
Depot:
0
Dimension:
1406
Vehicles:
37
Capacity:
100
Demands:
0 18 10 16 12 21 23 15 25 3 6 7 4 20 25 20 12 3 12 14 26 9 22 20 9 13 21 10 8 5 14 7 21 20 1 21 17 2
Uncertainty:budgeted
Gamma:
11
Mean Vector:
52.8015151297763 62.1288982680363 36.2215405525497 86.5332306111357 60.4152298679729 30.6757233003559 57.9396237474839 77.6208734813001 28.1602556806574 53.2353266168247 30.4138126514911 70.6045324324154 53.6003731330296 31.7804971641414 48.7647413609464 23.1948270094864 76.1183289359403 81.0246875958186 29.4108823397055 53.2541078227774 30.6757233003559 27 79.4040301244213 71.3091859440283 57.2712842531054 21.095023109729 59.0931468107766 36.4005494464026 71.5681493403316 85 23.7697286480094 34.5253530032641 81.0246875958186 73.24616030892 77.884529914483 74.1484996476665 59.2114853723498 52.8015151297763 22.8035085019828 21.6333076527839 94 80.3616824114578 37.2155881318568 80.6535802057168 100.960388271837 36.6196668472011 3.16227766016838 24.7588368062799 94.5568612000208 14.8660687473185 21.0237960416286 5.09901951359278 35.3553390593274 103.121287811974 88.0056816347672 36.8917334913934 8.94427190999916 22.4722050542442 30.4138126514911 86.0058137569781 95.8175349296777 77.7946013551069 36.1247837363769 79.6994353806851 17.6918060129541 95.5091618641898 97.3293378175358 40.4598566482878 21.2602916254693 88.0056816347672 97.718984849414 119.037809119624 101.242283656583 20.2484567313166 62.1288982680363 22.8035085019828 26 77.2787163454466 69.6419413859206 35.8468966578698 71.028163428319 89.4706655837543 37 25.8069758011279 32.0156211871642 83.86298349093 9.8488578017961 34.2052627529741 26.8700576850888 39.6232255123179 92.9623579735368 71.5891053163818 36.4005494464026 31.6227766016838 33.5410196624968 35.2278299076171 69.6347614342147 85.2349693494401 67.6756972627545 41.4366987102013 69.3397432934389 27.6586333718787 84.7230783199005 82.0060973342836 42.0594816896262 28.0713376952364 71.5891053163818 86.9540108333135 114.58621208505 91.2688336728371 3.16227766016838 36.2215405525497 21.6333076527839 26 76.9415362466854 60.0166643524946 15.6524758424985 59.9082632030006 80.6039701255465 15 23.7065391822594 6.08276253029822 73.9797269527267 17.464249196573 11.4017542509914 20.2484567313166 14.7648230602334 82.2800097228968 70.8590149522275 15.2643375224737 27.2029410174709 9.21954445729289 9.8488578017961 68.8839603971781 75.1864349467376 57.2712842531054 16.1554944214035 59.2283715798434 6.08276253029822 74.953318805774 79.1012010022604 19.1049731745428 2.82842712474619 70.8590149522275 77.1297607930946 97.4166310236604 80.3616824114578 23.0217288664427 86.5332306111357 94 77.2787163454466 76.9415362466854 28.6006992921502 64.8459713474939 32.4499614791759 28.1602556806574 67.3572564761956 97.0051545022222 79.0759128938769 29.2745623366089 80.156097709407 87.0976463516667 95.1314879522022 73.3893725276351 35.1283361405006 6.08276253029822 66.098411478643 102.078401241399 84.1724420460759 75 8.06225774829855 30.1496268633627 31.2409987036266 75.0266619276108 30 83.0240928887513 29.1547594742265 8.54400374531753 68.1542368455549 79.2464510246358 6.08276253029822 30.0166620396073 69.065186599328 35.0142828000232 77.7817459305202 60.4152298679729 80.3616824114578 69.6419413859206 60.0166643524946 28.6006992921502 45.1774279923061 4.12310562561766 20.6155281280883 47.0425339453563 82.9698740507662 60.2079728939615 14.3178210632764 68.9420046125727 68.1175454637056 80.049984384758 52.0384473250308 23.3238075793812 24.5967477524977 46.0977222864644 87.0976463516667 65.1229606206597 55.0363516232681 23.7697286480094 15.6524758424985 3.16227766016838 53.1507290636732 1.4142135623731 65.7647321898295 15.2315462117278 25 46.0977222864644 61.660360037872 24.5967477524977 17.464249196573 50.1597448159378 21.6333076527839 68.9637585982667 30.6757233003559 37.2155881318568 35.8468966578698 15.6524758424985 64.8459713474939 45.1774279923061 44.7213595499958 65.6201188660917 2.82842712474619 39.3573373083089 15.0332963783729 58.8557558782486 30 23 35.8468966578698 9.21954445729289 66.9402718847182 58.821764679411 1.4142135623731 42.7200187265877 20 10.1980390271856 56.9209978830308 60.0166643524946 42.2965719651132 11.3137084989848 44.2831796509691 20.8806130178211 59.8414572015087 65.924198895398 7.07106781186548 16.7630546142402 58.821764679411 61.9838688692469 82.0060973342836 65 33.5410196624968 57.9396237474839 80.6535802057168 71.028163428319 59.9082632030006 32.4499614791759 4.12310562561766 44.7213595499958 21.0237960416286 46.3896540189728 83.168503653727 59.6824932455071 14.142135623731 69.7710541700496 67.4759216313494 80.0812087820857 51.0392006206994 22.4722050542442 28.6356421265527 45.5411901469428 87.091905479212 64.4980619863884 54.3323108288245 27.8567765543682 15.2970585407784 3.60555127546399 52 3 65.5133574166368 15.1327459504216 28.3196045170126 45.0111097397076 61.3921819126833 28.6356421265527 17.2626765016321 46.9574275274956 20.6155281280883 70.178344238091 77.6208734813001 100.960388271837 89.4706655837543 80.6039701255465 28.1602556806574 20.6155281280883 65.6201188660917 21.0237960416286 67.3646791723972 103.580886267689 80.6225774829855 7.07106781186548 89.3196506934504 88.4590300647707 100.662803457881 72.0624728967859 7 28.4604989415154 66.4830805543786 107.707938426097 85.4751425854324 75.3259583410659 29.1547594742265 6.32455532033676 23.3452350598575 73.0068489937759 21.3775583264319 86.3133825081603 6.08276253029822 20 66.0302960768767 82.2009732302483 28.4604989415154 4.47213595499958 41 7.28010988928052 89 28.1602556806574 36.6196668472011 37 15 67.3572564761956 47.0425339453563 2.82842712474619 46.3896540189728 67.3646791723972 38.5875627631495 13.3416640641263 60.5309838016862 30.5286750449475 21.095023109729 34.8855270850248 6.40312423743285 68.4470598345904 61.3514466007119 1.4142135623731 41.6293165929973 18.1107702762748 8 59.464274989274 61.660360037872 44.1021541423999 8.48528137423857 46.0977222864644 19.6977156035922 61.5223536610881 68.2495421230062 5.09901951359278 15.6524758424985 61.3514466007119 63.6396103067893 82.4196578493262 66.4906008395172 34.5398320783411 53.2353266168247 3.16227766016838 25.8069758011279 23.7065391822594 97.0051545022222 82.9698740507662 39.3573373083089 83.168503653727 103.580886267689 38.5875627631495 26.2488094968134 97.1236325515062 18.0277563773199 21.6333076527839 4.47213595499958 36.8781778291715 105.621967412087 91 38.9486841883009 5.8309518948453 23.43074902772 32.0156211871642 89 98.3717439105356 80.3616824114578 37.4833296279826 82.2800097228968 19.2093727122985 98.0815986819138 100.244700608062 42.2018956920184 23.0217288664427 91 100.284595028349 120.929731662648 103.73041983912 23.3238075793812 30.4138126514911 24.7588368062799 32.0156211871642 6.08276253029822 79.0759128938769 60.2079728939615 15.0332963783729 59.6824932455071 80.6225774829855 13.3416640641263 26.2488094968134 73.824115301167 23.1948270094864 8.06225774829855 22.2036033111745 10.6301458127346 81.7863069223693 73.0068489937759 14.142135623731 28.6530975637888 5.09901951359278 5.8309518948453 71.0633520177595 74.9666592559653 57.3149195236284 11.4017542509914 59.3043000127309 7.07106781186548 74.8131004570724 80.6225774829855 16.1245154965971 4.12310562561766 73.0068489937759 76.9415362466854 94.8736001214247 79.8310716450681 29 70.6045324324154 94.5568612000208 83.86298349093 73.9797269527267 29.2745623366089 14.3178210632764 58.8557558782486 14.142135623731 7.07106781186548 60.5309838016862 97.1236325515062 73.824115301167 83.2586331859946 81.6149496109628 94.1116358374457 65.1229606206597 9.21954445729289 28.0713376952364 59.6824932455071 101.138518873869 78.63841300535 68.4689710744948 28.2842712474619 1.4142135623731 16.7630546142402 66.0302960768767 14.8660687473185 79.6241169495775 1 22.1359436211787 59.0762219509677 75.5049667240507 28.0713376952364 3.16227766016838 40.6078810084939 7.81024967590665 83.240615086627 53.6003731330296 14.8660687473185 9.8488578017961 17.464249196573 80.156097709407 68.9420046125727 30 69.7710541700496 89.3196506934504 30.5286750449475 18.0277563773199 23.1948270094864 83.2586331859946 24.5153013442625 18.0277563773199 31.9530906173409 92.1357693840997 74.2428447730823 30.2324329156619 23.7697286480094 24.0831891575846 27.2029410174709 72.2495674727538 84.581321815162 66.6408283261845 33.5261092284804 68.4470598345904 18.1107702762748 84.1724420460759 84.0119039184329 35.3553390593274 19.1049731745428 74.2428447730823 86.4060183089118 111.198021565134 90.3382532485547 6.70820393249937 31.7804971641414 21.0237960416286 34.2052627529741 11.4017542509914 87.0976463516667 68.1175454637056 23 67.4759216313494 88.4590300647707 21.095023109729 21.6333076527839 8.06225774829855 81.6149496109628 24.5153013442625 17.2046505340853 17.0880074906351 89.4427190999916 81.0246875958186 22.0227155455452 22.6715680975093 3 13.1529464379659 79.0759128938769 82.7345151674922 65.1920240520265 17 67.1863081289633 6.70820393249937 82.6075057122535 88.684835231284 23.0867927612304 8.60232526704263 81.0246875958186 84.717176534632 101.21264743104 87.4757109145162 31.04834939252 48.7647413609464 5.09901951359278 26.8700576850888 20.2484567313166 95.1314879522022 80.049984384758 35.8468966578698 80.0812087820857 100.662803457881 34.8855270850248 4.47213595499958 22.2036033111745 94.1116358374457 18.0277563773199 17.2046505340853 32.8024389337135 102.489023802552 89.0898422941695 35.3411940941446 7.07106781186548 19.1049731745428 28.0178514522438 87.091905479212 95.3362470417207 77.3692445355388 33.3016516106934 79.3095202355934 15.2643375224737 95.0789145920377 98.0459076147495 38.2753184180093 19.2353840616713 89.0898422941695 97.2676719162127 117.046999107196 100.578327685441 24.0831891575846 23.1948270094864 35.3553390593274 39.6232255123179 14.7648230602334 73.3893725276351 52.0384473250308 9.21954445729289 51.0392006206994 72.0624728967859 6.40312423743285 36.8781778291715 10.6301458127346 65.1229606206597 31.9530906173409 17.0880074906351 32.8024389337135 72.691127381545 67.4166151627327 7.81024967590665 39.1152144312159 14.3178210632764 5 65.5515064662895 66.1891229734916 49.0102030193714 2.23606797749979 51.0098029794274 17.6918060129541 66.1211010192662 73.9797269527267 6.08276253029822 14.2126704035519 67.4166151627327 68.1835757349231 84.380092438916 70.7106781186548 36.8781778291715 76.1183289359403 103.121287811974 92.9623579735368 82.2800097228968 35.1283361405006 23.3238075793812 66.9402718847182 22.4722050542442 7 68.4470598345904 105.621967412087 81.7863069223693 9.21954445729289 92.1357693840997 89.4427190999916 102.489023802552 72.691127381545 35.1710107901379 67.6830850360709 109.48059188733 86.4927742646748 76.2954782408499 35.7351367704113 7.81024967590665 25.4950975679639 73.4370478709486 23.7065391822594 87.8009111570034 8.48528137423857 27 66.6108099335236 83.6779540858881 35.1710107901379 6.40312423743285 34 2 92.2821759604746 81.0246875958186 88.0056816347672 71.5891053163818 70.8590149522275 6.08276253029822 24.5967477524977 58.821764679411 28.6356421265527 28.4604989415154 61.3514466007119 91 73.0068489937759 28.0713376952364 74.2428447730823 81.0246875958186 89.0898422941695 67.4166151627327 35.1710107901379 60.0832755431992 96.0468635614927 78.1024967590665 68.9637585982667 2 29.1547594742265 26.9258240356725 69.0796641566822 25.9422435421457 76.9415362466854 28.1602556806574 11.4017542509914 62.2414652783817 73.1641988953614 1e-05 29.4278779391243 68.5930025585701 34.7131099154196 72.0069441095788 29.4108823397055 36.8917334913934 36.4005494464026 15.2643375224737 66.098411478643 46.0977222864644 1.4142135623731 45.5411901469428 66.4830805543786 1.4142135623731 38.9486841883009 14.142135623731 59.6824932455071 30.2324329156619 22.0227155455452 35.3411940941446 7.81024967590665 67.6830850360709 60.0832755431992 42.154477816716 19.0262975904404 9.05538513813742 58.1893461039046 60.8276253029822 43.1856457633784 9.89949493661167 45.1774279923061 20.2484567313166 60.6712452484701 67.0820393249937 6 16.1554944214035 60.0832755431992 62.8012738724303 82.2009732302483 65.7343137181792 34.0147027033899 53.2541078227774 8.94427190999916 31.6227766016838 27.2029410174709 102.078401241399 87.0976463516667 42.7200187265877 87.091905479212 107.707938426097 41.6293165929973 5.8309518948453 28.6530975637888 101.138518873869 23.7697286480094 22.6715680975093 7.07106781186548 39.1152144312159 109.48059188733 96.0468635614927 42.154477816716 25 34.4818792991333 94.0478601564119 102.357217625334 84.4037913840368 39.4081209904761 86.3481325796916 21.9317121994613 102.107786186951 105.076162853427 44.7772263544762 26 96.0468635614927 104.292856898256 123.490890352285 107.563934476199 29.1547594742265 30.6757233003559 22.4722050542442 33.5410196624968 9.21954445729289 84.1724420460759 65.1229606206597 20 64.4980619863884 85.4751425854324 18.1107702762748 23.43074902772 5.09901951359278 78.63841300535 24.0831891575846 3 19.1049731745428 14.3178210632764 86.4927742646748 78.1024967590665 19.0262975904404 25 10.1980390271856 76.1577310586391 79.7621464104371 62.2012861603359 14.422205101856 64.1950153828161 6 79.6303962064738 85.7088093488645 20.2484567313166 6.40312423743285 78.1024967590665 81.7435012707432 98.6154146165801 84.5281018360166 30.4138126514911 27 30.4138126514911 35.2278299076171 9.8488578017961 75 55.0363516232681 10.1980390271856 54.3323108288245 75.3259583410659 8 32.0156211871642 5.8309518948453 68.4689710744948 27.2029410174709 13.1529464379659 28.0178514522438 5 76.2954782408499 68.9637585982667 9.05538513813742 34.4818792991333 10.1980390271856 67.0522184569608 69.5844810284592 52.0864665724217 6.32455532033676 54.0832691319598 12.8062484748657 69.462219947249 76.1183289359403 10.295630140987 9.21954445729289 68.9637585982667 71.5681493403316 89.044932477935 74.3303437365925 32.3882694814033 79.4040301244213 86.0058137569781 69.6347614342147 68.8839603971781 8.06225774829855 23.7697286480094 56.9209978830308 27.8567765543682 29.1547594742265 59.464274989274 89 71.0633520177595 28.2842712474619 72.2495674727538 79.0759128938769 87.091905479212 65.5515064662895 35.7351367704113 2 58.1893461039046 94.0478601564119 76.1577310586391 67.0522184569608 29.4278779391243 25.9422435421457 67.2309452558864 25.0798724079689 74.9666592559653 28.4429253066558 13.0384048104053 60.4152298679729 71.1969100453102 2 29.8328677803526 68.8839603971781 35.1710107901379 70.0357051795725 71.3091859440283 95.8175349296777 85.2349693494401 75.1864349467376 30.1496268633627 15.6524758424985 60.0166643524946 15.2970585407784 6.32455532033676 61.660360037872 98.3717439105356 74.9666592559653 1.4142135623731 84.581321815162 82.7345151674922 95.3362470417207 66.1891229734916 7.81024967590665 29.1547594742265 60.8276253029822 102.357217625334 79.7621464104371 69.5844810284592 29.4278779391243 18.0277563773199 67.0671305484289 16.1554944214035 80.8084154033477 1 22.8035085019828 60.1331855134916 76.6876782801514 29.1547594742265 2 39.4588393138977 6.40312423743285 84.5990543682375 57.2712842531054 77.7946013551069 67.6756972627545 57.2712842531054 31.2409987036266 3.16227766016838 42.2965719651132 3.60555127546399 23.3452350598575 44.1021541423999 80.3616824114578 57.3149195236284 16.7630546142402 66.6408283261845 65.1920240520265 77.3692445355388 49.0102030193714 25.4950975679639 26.9258240356725 43.1856457633784 84.4037913840368 62.2012861603359 52.0864665724217 25.9422435421457 18.0277563773199 50.0899191454728 2 62.9682459657247 17.7200451466693 28.0178514522438 43.0464865000618 58.8557558782486 26.9258240356725 19.9248588451713 50.5371150739731 23.7065391822594 66.8879660327626 21.095023109729 36.1247837363769 41.4366987102013 16.1554944214035 75.0266619276108 53.1507290636732 11.3137084989848 52 73.0068489937759 8.48528137423857 37.4833296279826 11.4017542509914 66.0302960768767 33.5261092284804 17 33.3016516106934 2.23606797749979 73.4370478709486 69.0796641566822 9.89949493661167 39.4081209904761 14.422205101856 6.32455532033676 67.2309452558864 67.0671305484289 50.0899191454728 52.0864665724217 18.4390889145858 67.0298440994756 75.4320886625844 7.07106781186548 15.2643375224737 69.0796641566822 69.065186599328 84.2199501305955 71.449282711585 38.6393581727233 59.0931468107766 79.6994353806851 69.3397432934389 59.2283715798434 30 1.4142135623731 44.2831796509691 3 21.3775583264319 46.0977222864644 82.2800097228968 59.3043000127309 14.8660687473185 68.4470598345904 67.1863081289633 79.3095202355934 51.0098029794274 23.7065391822594 25.9422435421457 45.1774279923061 86.3481325796916 64.1950153828161 54.0832691319598 25.0798724079689 16.1554944214035 2 52.0864665724217 64.9384323802169 15.8113883008419 26.4007575648882 45.0444225182208 60.8276253029822 25.9422435421457 18.0277563773199 49.6588360717405 21.9544984001001 68.60029154457 36.4005494464026 17.6918060129541 27.6586333718787 6.08276253029822 83.0240928887513 65.7647321898295 20.8806130178211 65.5133574166368 86.3133825081603 19.6977156035922 19.2093727122985 7.07106781186548 79.6241169495775 18.1107702762748 6.70820393249937 15.2643375224737 17.6918060129541 87.8009111570034 76.9415362466854 20.2484567313166 21.9317121994613 6 12.8062484748657 74.9666592559653 80.8084154033477 62.9682459657247 18.4390889145858 64.9384323802169 80.6039701255465 85.146931829632 23.0217288664427 4.12310562561766 76.9415362466854 82.7647267862342 101.788997440784 85.8661749468322 24.5153013442625 71.5681493403316 95.5091618641898 84.7230783199005 74.953318805774 29.1547594742265 15.2315462117278 59.8414572015087 15.1327459504216 6.08276253029822 61.5223536610881 98.0815986819138 74.8131004570724 1 84.1724420460759 82.6075057122535 95.0789145920377 66.1211010192662 8.48528137423857 28.1602556806574 60.6712452484701 102.107786186951 79.6303962064738 69.462219947249 28.4429253066558 1 17.7200451466693 67.0298440994756 15.8113883008419 80.6039701255465 21.8403296678416 60.0749531835024 76.4852927038918 28.1602556806574 2.23606797749979 40.4474968323134 7.21110255092798 84.1189633792524 85 97.3293378175358 82.0060973342836 79.1012010022604 8.54400374531753 25 65.924198895398 28.3196045170126 20 68.2495421230062 100.244700608062 80.6225774829855 22.1359436211787 84.0119039184329 88.684835231284 98.0459076147495 73.9797269527267 27 11.4017542509914 67.0820393249937 105.076162853427 85.7088093488645 76.1183289359403 13.0384048104053 22.8035085019828 28.0178514522438 75.4320886625844 26.4007575648882 85.146931829632 21.8403296678416 68.4105255059483 81.2219182240853 11.4017542509914 22.3606797749979 61 27.0739727413618 82.2253002426869 23.7697286480094 40.4598566482878 42.0594816896262 19.1049731745428 68.1542368455549 46.0977222864644 7.07106781186548 45.0111097397076 66.0302960768767 5.09901951359278 42.2018956920184 16.1245154965971 59.0762219509677 35.3553390593274 23.0867927612304 38.2753184180093 6.08276253029822 66.6108099335236 62.2414652783817 6 44.7772263544762 20.2484567313166 10.295630140987 60.4152298679729 60.1331855134916 43.0464865000618 7.07106781186548 45.0444225182208 23.0217288664427 60.0749531835024 68.4105255059483 19.2093727122985 62.2414652783817 62.1288982680363 78.7718223732319 64.6297145282261 39.560080889705 34.5253530032641 21.2602916254693 28.0713376952364 2.82842712474619 79.2464510246358 61.660360037872 16.7630546142402 61.3921819126833 82.2009732302483 15.6524758424985 23.0217288664427 4.12310562561766 75.5049667240507 19.1049731745428 8.60232526704263 19.2353840616713 14.2126704035519 83.6779540858881 73.1641988953614 16.1554944214035 26 6.40312423743285 9.21954445729289 71.1969100453102 76.6876782801514 58.8557558782486 15.2643375224737 60.8276253029822 4.12310562561766 76.4852927038918 81.2219182240853 19.2093727122985 73.1641988953614 78.644770964127 97.9081201943945 81.7435012707432 25.0199920063936 81.0246875958186 88.0056816347672 71.5891053163818 70.8590149522275 6.08276253029822 24.5967477524977 58.821764679411 28.6356421265527 28.4604989415154 61.3514466007119 91 73.0068489937759 28.0713376952364 74.2428447730823 81.0246875958186 89.0898422941695 67.4166151627327 35.1710107901379 1e-05 60.0832755431992 96.0468635614927 78.1024967590665 68.9637585982667 2 29.1547594742265 26.9258240356725 69.0796641566822 25.9422435421457 76.9415362466854 28.1602556806574 11.4017542509914 62.2414652783817 73.1641988953614 29.4278779391243 68.5930025585701 34.7131099154196 72.0069441095788 73.24616030892 97.718984849414 86.9540108333135 77.1297607930946 30.0166620396073 17.464249196573 61.9838688692469 17.2626765016321 4.47213595499958 63.6396103067893 100.284595028349 76.9415362466854 3.16227766016838 86.4060183089118 84.717176534632 97.2676719162127 68.1835757349231 6.40312423743285 29.4278779391243 62.8012738724303 104.292856898256 81.7435012707432 71.5681493403316 29.8328677803526 2 19.9248588451713 69.065186599328 18.0277563773199 82.7647267862342 2.23606797749979 22.3606797749979 62.1288982680363 78.644770964127 29.4278779391243 39.2045915678253 5.3851648071345 86.3539228987311 77.884529914483 119.037809119624 114.58621208505 97.4166310236604 69.065186599328 50.1597448159378 82.0060973342836 46.9574275274956 41 82.4196578493262 120.929731662648 94.8736001214247 40.6078810084939 111.198021565134 101.21264743104 117.046999107196 84.380092438916 34 68.5930025585701 82.2009732302483 123.490890352285 98.6154146165801 89.044932477935 68.8839603971781 39.4588393138977 50.5371150739731 84.2199501305955 49.6588360717405 101.788997440784 40.4474968323134 61 78.7718223732319 97.9081201943945 68.5930025585701 39.2045915678253 34.0587727318528 113.137084989848 74.1484996476665 101.242283656583 91.2688336728371 80.3616824114578 35.0142828000232 21.6333076527839 65 20.6155281280883 7.28010988928052 66.4906008395172 103.73041983912 79.8310716450681 7.81024967590665 90.3382532485547 87.4757109145162 100.578327685441 70.7106781186548 2 34.7131099154196 65.7343137181792 107.563934476199 84.5281018360166 74.3303437365925 35.1710107901379 6.40312423743285 23.7065391822594 71.449282711585 21.9544984001001 85.8661749468322 7.21110255092798 27.0739727413618 64.6297145282261 81.7435012707432 34.7131099154196 5.3851648071345 34.0587727318528 90.5538513813742 59.2114853723498 20.2484567313166 3.16227766016838 23.0217288664427 77.7817459305202 68.9637585982667 33.5410196624968 70.178344238091 89 34.5398320783411 23.3238075793812 29 83.240615086627 6.70820393249937 31.04834939252 24.0831891575846 36.8781778291715 92.2821759604746 72.0069441095788 34.0147027033899 29.1547594742265 30.4138126514911 32.3882694814033 70.0357051795725 84.5990543682375 66.8879660327626 38.6393581727233 68.60029154457 24.5153013442625 84.1189633792524 82.2253002426869 39.560080889705 25.0199920063936 72.0069441095788 86.3539228987311 113.137084989848 90.5538513813742
Deviation Vector:
79.904883478256 16.711037931799 9.97250447679588 6.10269806968007 50.7074530151666 32.1249490865575 53.0409774778272 52.0022973640018 18.7398241997095 57.4962080685964 25.3730127262778 8.52087789799564 40.41856712312 37.3585568244729 24.8441943069729 16.1138375533997 10.8634313860646 27.795072330671 37.7531267203503 31.2309453627762 30.720840267397 25.1349774988671 74.8347380595614 110.697534662629 33.0203921873516 22.6721111460655 52.620681382054 25.4886850475472 26.9921535929459 26.5159248327862 30.7712421745301 9.11863607937914 47.0693257325988 114.987360589092 26.0631647683511 105.308773657697 58.6651660352289 66.0067042563375 10.5773699009258 0.64680335336071 66.1557066355909 104.318132718768 5.60403748622086 117.581354906174 85.5417786164185 24.1709396634803 1.66407866333705 24.5112059611564 94.8497980693783 2.72832647238146 33.1429563475648 1.92856732724829 39.4018351283864 92.041857768768 26.7746434209373 2.38570178231074 3.04977115072738 26.8477183526827 23.263393984485 61.7631777958711 144.364432144708 33.6933065619235 35.4832849521943 36.7605655764222 6.663370802635 125.774169452523 24.8322024542687 55.325188694689 19.9979868748076 63.2746942272329 136.543510023457 2.15038166734169 39.5600652702005 31.3424034227863 91.6973644949401 28.2313609476566 15.1215710818445 29.0416186161211 41.9021467625887 56.8064654610307 39.7282312133032 49.3684670555446 12.4532549673304 1.22421270210297 46.2415406241624 53.7404168582203 1.1041055206079 5.4376877156249 5.62052594088974 34.7495930970004 81.5373022051234 6.40640612711938 47.6885996170733 7.36800380438616 18.4719967032215 2.12765439834832 107.925343913624 68.6878256580093 96.6277927080002 35.807854458391 105.732608742589 33.1563037901112 74.7446220528596 23.7202185922057 47.1198291354577 20.5425598869438 109.336360140037 6.57088510894371 126.915915406171 45.8726916657691 0.107260185346527 1.47012609904401 22.8100412293238 9.6328207916507 6.77272839346362 52.358057985317 15.8294307561417 11.9893974124686 83.1320537569219 18.307193263165 25.5350219662887 1.71606199049314 96.9110833462102 13.2883879574821 5.87322138738034 4.74524717928104 12.1261698907466 36.0919129385711 73.7086409407202 9.50584552430448 35.4401385248397 8.654556120009 1.92221873369491 38.4842628635161 92.3265257677012 75.3395619417329 20.8483568293527 66.8628370968265 8.46144612473195 57.8442699374372 0.408469595989655 27.2240484498272 2.29760020081773 75.0792655686679 13.0441336785094 87.7089358373721 24.5589175305114 27.1754143394228 95.2279134605375 125.675093284094 59.8568882845777 42.4149649879995 46.3070470386672 29.7111944314178 42.5793188085718 14.3014090200112 46.6470617150186 49.190867537537 74.8457732785928 3.11486985773936 90.5638896763293 54.2587973049632 99.4238529256468 97.2420772038753 41.5093152638491 3.93398167417431 67.0341007804608 86.3361689325231 12.5665918450344 58.4147685130477 13.0408647699025 4.65690182100037 18.0413582658279 60.2838436523728 36.4205429746813 61.9865465086422 2.25955317733652 12.9836639172327 20.4931685964268 93.3507342841711 7.48329670304371 32.2753147198564 7.10657701378838 42.8220733613113 119.272681343729 85.4905588602699 8.39788105041295 41.7582943966633 17.7529053251177 30.059517824498 31.8959911235747 5.87807933440514 0.981833795562932 5.87047697986071 93.2841773453638 74.0120696617069 11.0466776800911 35.3068717933455 30.5650849780644 73.7123657408313 67.1810017355418 10.2598047780819 26.4486102441876 11.1617350797297 108.295858745226 43.1740103390184 54.4167066468925 31.3971132153536 8.70651344876116 4.07753340045068 46.3751209903853 0.226471513196114 48.5560952331232 14.8571173613869 34.5782068951682 29.7520408077323 47.1160218216169 36.5908435575255 21.743453862451 53.1653841323368 19.7358531289374 22.3923282940879 26.3571763386653 35.7238410659065 16.1127453241521 5.59087076171925 36.4981684612138 55.1626022512148 38.8768087833476 66.3783552251477 1.45806816781781 21.0150114807759 21.8199342931824 93.6273751866763 23.2825837959145 24.575023606892 22.4906900583373 1.27673817254479 51.0767776486927 69.6242890594913 2.01937106844009 0.392829989832032 26.8757593344656 5.50587732427628 56.045154314478 66.0525790452437 50.1344682543393 1.38467508767949 42.5939705539775 16.7877836743514 70.7511823993383 16.3359453992178 7.9810156957158 6.95975679232395 71.0399269832075 97.8213263866014 63.3392062472261 9.37387317880954 39.3385731244445 0.888688830183522 93.2168569950994 4.40438512372716 32.9071467397645 31.828973452526 0.109086080381076 59.2727244479711 8.89300059344496 30.332661278786 121.747054816852 70.7844559011387 2.98639152570925 88.2900702473135 80.6480668382892 124.522895215353 9.13477061633586 12.4379144118942 29.471309934282 62.1311013764906 58.8627251592567 23.5218997317637 29.4441506583009 6.45814680397397 9.3693029648408 0.159608917659945 33.644948585154 0.581579668339339 106.291588982129 21.4792706152177 9.57410280416619 52.6155358654991 88.0811033965609 42.7771161369741 21.2495699043112 16.7954992635456 17.489375202896 88.2430777589731 4.40171226949913 128.356616719081 25.4931577817499 122.563813731191 23.401952135858 10.2274235165205 76.0962292583948 8.40730286040689 28.6107931451192 138.655800634066 76.8635130188815 10.2806101943276 96.1580955350137 0.256355700875401 19.3518011565076 116.632288331947 1.64312382891049 22.90313995378 2.42068328478455 94.9714981423945 85.3549815100629 2.44857611650063 19.6734793749311 8.45382768502628 28.0481780117797 35.2752682774755 25.7420779754339 69.573841022471 5.11470638771615 8.52354659284984 28.8636302852673 73.7803378394091 2.02604440936268 3.22915146088791 32.4630926568129 6.56822893665011 108.416518516089 9.15447650954978 47.6828434661177 0.61170556474381 0.560442286330216 42.3770900374465 69.1727729573502 3.15065370851692 29.319987499328 2.44726688575191 42.6804401437958 11.5641432949493 50.9103674882962 34.8783330368895 2.57725926977277 7.44148571264837 7.52356974467801 54.5501562145635 95.0934579907776 1.06078820855393 53.2916073845576 20.4252739901558 12.4492113218631 29.4141853151927 95.8186221193927 16.1825310624791 11.8133228499504 74.9162832530472 21.4506766269361 34.3079774016594 61.4950484521326 3.4714667615809 13.8169975306281 35.387333163663 44.3786512400856 75.8341962377175 80.1834251561209 18.700833933082 21.7028243675969 0.66922602955119 14.9101528278878 35.8856405558798 104.610071344905 117.719286111698 40.5331996091198 99.8496807110272 0.599275557026031 22.3234902232357 9.74339611646641 151.101514008308 23.9517798859144 0.540710126834069 4.72801430797166 46.4079237435437 54.8861797651697 89.6208914191452 63.3050262107406 1.66482564403315 23.0479310202184 34.8327374029104 75.0417599343571 25.4141949076758 11.4480821399463 3.73168423856965 68.7157856694382 16.1320350956798 100.009318722853 41.5751075677843 58.2904506476256 32.8596356344006 56.9991299993115 33.3586016767056 158.989964175652 8.13407346799484 2.91812031519702 21.8450592643355 31.6662143684388 4.19081141614986 7.88798221927368 1.88474149368727 3.63162495166142 15.0188101663634 2.91423164516126 90.0984833750022 8.41995503729154 14.9218263638584 35.1427527585771 14.6150866350974 6.8851000105669 32.4104939747679 0.975288851280199 5.79143535527443 6.69459395000842 3.31215084079288 4.88156042364858 4.72599428832478 6.2624693591207 84.5669438548007 100.573766837791 47.507608352939 11.2992256454989 20.258254981488 8.21323358230909 50.8274368413713 33.8626051637201 20.7464467578082 5.76267227971883 5.30428917734206 109.067625693731 101.332975686434 7.7028413322792 42.857852234149 31.1206992628739 13.7408312684538 81.2670487254715 79.2971767049843 20.8960213826718 20.6903830272419 4.4514167778958 22.1718428843524 9.0398558338824 10.1316825692928 1.18998253256441 101.148401527204 33.4353799201369 14.9045121722835 63.1136132564481 96.0947357176248 12.6551317267147 10.8315873816582 40.4725409370675 74.5698151582122 57.2061222340974 14.6052465420497 40.0702141560941 1.62276999080683 25.1437758197955 78.4442382583779 18.1384821184615 102.806302834552 0.629742150422982 29.1445288773944 67.5038382750186 80.8293473618073 41.0384371478883 1.53483227875018 20.9556353514549 4.29081595329559 25.3126402202305 31.714329484972 7.29661046817055 15.5860015581258 13.2564346512857 40.3245593098798 91.4377758791721 34.8193734048038 47.8416810128658 33.100014119711 30.8305840463738 7.78783608507727 17.5454631497879 5.13494526833709 28.6656248998361 26.7513222558355 8.78666957047527 88.4176893737745 74.6157248414751 4.49232328244036 12.3912492962438 14.4210903686698 39.1651113735919 83.1625703725781 24.4501929947039 63.7119097604979 19.9553198297354 8.53270559827443 26.1049687752483 93.5379537305192 56.6277262087706 4.21259541842742 1.46346590436435 86.4830555821552 6.50838515707087 92.9240218613913 3.75779979570216 9.4023743677134 11.7575994878432 15.2904439796136 4.98907440067489 15.7327344104778 100.970879370047 61.4621584067574 33.1551144794946 47.3838394730616 67.2152690634538 1.90208869450656 0.768703843578877 1.11680947688573 19.4864260734779 13.6510298856067 12.6854422269103 0.891191352605373 7.29293152505644 83.163702754546 22.2033506244704 15.3430912300759 3.45318281638947 10.8283261058685 12.7845915982542 16.4442640842964 61.4377836078165 4.05069578626199 91.61703897006 6.82717973557319 88.7154030089798 124.622025619488 18.3081379576039 12.4209103484296 41.0122888468483 79.5384501233148 121.192832682591 3.42103124178366 6.6698177368169 49.3786460234198 3.78011559691794 26.1893502206492 22.3291225599457 73.9052755573831 89.1108307833829 48.089230573944 106.805279808061 22.5656424156581 48.6189226096355 6.32918856154153 27.7671638053346 72.9861059278761 8.39478216867884 13.3385161605995 52.4441882731656 64.2948131738936 86.7775084903051 32.3321133460837 6.12078609393015 13.5898632894175 8.58037028078066 27.2774498241538 46.7342080251281 85.0489182434894 4.35448881978785 79.0219648131816 6.28562283124028 126.280670577825 101.524833245799 23.9835138460122 13.7419593237089 13.4061222252869 155.751989723912 22.3350968613066 93.2716836120709 26.205307305807 35.5423350121916 22.4407488992162 51.9970347948532 19.1893025231948 31.0895156004456 48.7345960103734 4.13814524988626 45.388290911893 6.15782810113216 2.69756305999649 55.9300566379292 11.2625987544324 87.0137084907716 24.1527300050608 2.4688159647405 0.526341401646818 77.7129150669448 42.7880116518359 8.71081702131674 46.9321107795062 0.0674251305554478 7.63545338072254 59.1054465194034 68.8493826262289 25.8455445953418 3.61365276317082 60.7358665397217 8.88617995757779 11.9382082975475 36.3742467341389 9.6739814196274 1.23002036160865 75.9379946862011 87.0250108662096 116.968316325198 109.603179034127 21.6290390323396 15.8864102982467 83.8335209464001 62.4661413581084 51.8360224900265 24.7033482264166 2.45136678983312 22.7459422783801 32.7894696805827 1.74704607276572 24.3562285619399 95.2552313684074 72.3202386966551 13.5632980267447 43.7965382089612 79.5116878469777 140.603800499349 100.09655688019 10.6502707083852 18.4704427337286 149.63162213684 129.175606667795 59.1421628150154 55.2926817973015 2.80245308963735 18.8464792038383 0.55004854150924 35.2093349600873 34.1728223333747 11.8259159551123 38.0401266512824 64.9926820098047 134.085915732135 20.9446309028581 0.136470067442108 20.6058382888098 2.59747947276782 11.6658077727222 76.6370920191026 99.5789911012425 26.9169694726794 92.2364038075792 2.47575345514044 30.9980774160313 67.43854599087 25.2669220679062 14.881230937028 54.7276612406978 57.6053318921567 60.2808098113795 32.7011820955151 27.7238451589682 56.1359961025344 27.9526829532114 19.8452431722249 36.9873534786451 63.26637301315 28.9924480911098 71.1133958532421 99.458577864123 0.138418551527755 20.2060476190041 21.3130898741692 3.12709862670904 33.4283986836488 62.5427994991098 18.3413961049737 10.9566778093292 58.4619057510375 116.855717022245 4.66125005995345e-06 38.7055578893392 87.2855685877949 30.3092786732036 68.3471091289784 23.3127789084931 4.76456597873115 53.5833202580785 0.890644324755674 50.3785955813289 30.9494793074508 1.72997835685032 51.7164249050662 90.6971690307851 2.17369968712968 55.6952137457519 11.1653840216647 57.5142453580594 3.18878553937883 1.62263393567553 27.5488440681521 1.36433289168376 51.8954455188911 94.3943786780203 9.27200100459526 8.16163864907138 6.86013216399737 50.6989228316234 84.5461666346349 3.04480939575115 8.33636605829763 10.3776991249278 28.0597752509071 29.6238714885725 73.9811716798957 4.25161072575211 20.6940087892975 74.0223644418798 34.8109475687962 110.089711424307 24.1787991821428 41.6915380828157 49.8569679191531 13.4470226509546 30.4704546207055 23.0381995492014 133.420673570731 11.037593669715 7.87012739007653 123.018781946855 21.5853892581717 40.1196957241148 9.25489707034901 27.7117973781645 91.8793002483693 4.29778295885006 31.652107243374 0.280575682539761 41.1524949067687 126.964579085239 10.5828775155815 11.2905977707902 34.7352311902665 51.5834447125506 71.1102791547466 88.6321223213674 48.8034736003385 16.1844718793085 40.7183600379872 24.8380466018184 12.6223795095489 88.1995174567818 32.77081871355 27.555503416094 68.8140995138646 7.20437396616127 34.6246865083364 42.7200239236159 5.70864666202581 14.2521945545332 4.11984270493481 13.2893422397027 13.1686889069459 12.1365509126203 88.7860416756471 14.2089877266846 20.9616017463415 96.8543659235398 13.5854100101415 32.2660142928963 3.39840910928181 67.6536725548749 0.447296338231543 1.28863953076507 13.9452117972721 11.091734323852 112.047613997312 102.168998567677 22.5531848214717 3.51677896087199 8.30438377060842 99.6895001192496 78.1715061515195 96.1740953847836 10.7080361961877 4.50494256809329 9.69152194395029 81.4500494140498 40.0547485880177 3.7401536936506 9.52438799627754 50.8186277225343 47.4868157408696 127.160510475845 67.1873818769336 9.66974007665134 10.0861888811693 34.0588607404147 51.1179813125788 11.0670761325301 65.2937083543131 27.0341527784597 3.64742077683808 48.3098864939071 69.3565196326148 8.70067823212838 1.20028098312603 3.43946080346758 52.6785995730321 33.2653763938383 9.6086722040396 44.3716188321375 4.52750612323287 6.42758331541051 103.688441340908 0.195816820500911 5.32475461597023 15.2198471431019 70.0344053814128 43.2646437617575 2.6457960203895 5.7274508573785 68.8167919867155 8.0899746647825 39.5033492271241 33.5628502654927 9.77734795200273 8.68725600827928 107.637143725625 55.4211237125916 39.145126921761 59.8370836559627 40.9902023514046 63.3064494164423 5.83340588103098 38.9950638859967 17.807134764634 0.849086316004798 27.3317860644216 58.5084290515358 36.9986951639712 7.40662390843491 58.5862084291189 54.0524928624267 24.0400947115203 24.3926059829037 45.4417795095023 38.9617187208005 63.4457614478181 3.0865400449221 39.8257355287068 1.5585765713379 55.4355479458525 71.5278434346845 107.459257206969 102.011761760881 35.3569247485973 19.0500006422864 56.2923017800558 28.4884778452884 113.102654514489 36.3190112924703 4.10162095964132 69.3535661040339 31.8843128716506 0.764811366313547 2.43427299477455 48.6556328770417 17.1536714690978 86.2457421406743 7.69317041487803 18.1624087188791 126.616461983039 82.187676733598 24.0257376252767 3.09049429167944 19.7563861075215 21.8111448877526 4.36493797092595 65.2165431806641 144.89418797719 13.3651780943975 0.297856599324316 67.602001102575 77.6735538677037 154.599698368765 45.9542322625137 4.01415994983232 21.2714162527242 93.1626334690098 2.40794506726677 48.8115653700093 82.2590923869614 9.94970927272752 2.40791039301187 0.243743397289564 11.6402044691471 17.3870500067963 0.709976298298621 27.5519388879159 86.9897336272885 62.7198614768226 40.7520703780026 2.61154231418659 11.2313202583111 3.63903829455456 127.170617832962 35.1540018337855 28.614087324759 38.3739671502813 2.58543383723488 6.69791766259721 2.3568737397032 10.8177735380264 3.65476563834782 1.34917297857228 11.0714070723714 6.55677231730326 32.7699620685018 16.4385824098526 107.503320853603 38.8073551032703 123.218850819759 57.2917775924487 23.7966788942304 2.68797513999424 50.6399572447133 2.32511426484123 19.592953773742 13.3467175236286 32.058904613936 2.43852262063798 53.801710606566 2.01443768550486 90.7395127384598 24.0768701292048 44.143277697822 56.731225077445 20.3762327397864 8.53579303583894 5.15232428943446 19.7776960035964 12.5978093641381 67.1486058150768 13.6507998861956 55.8148183365674 43.9928823512601 14.5100577710902 0.0226059840850514 0.3771587103433 2.85612355678162 83.9007699557057 43.9774039190428 1.8558167008943 43.334750586756 17.5103149373784 21.033223568623 23.5478188908134 26.5761632974117 21.0976529440081 2.14352632136713 86.1224228029331 53.1082128663779 4.02286845809914 21.8167822390504 8.41517041724369 0.877607129267246 33.8041814529778 18.4466493073563 24.2920158449014 42.7014368828846 9.83974845110439 58.7394642627911 101.9257077774 10.8719926522449 23.2541200360043 87.7267048062396 67.1918093649359 66.9744403670989 90.7574951816843 37.8654602189919 61.9107392816755 100.211469067612 109.719391108446 75.0062544520431 23.6138716898336 2.10966092227477 70.1857226675435 4.46850482439053 30.5424098291449 27.2951870564946 67.615253782107 57.8279880875867 20.2314168579136 84.0626545306787 102.708884073295 25.2246989597748 69.7254565870145 9.60538622682958 15.3863809494855 10.1886682481888 105.776206247689 72.3308787309887 59.5913102973755 23.8227744206839 16.7681597642123 1.99785235111856 30.9115435651056 24.9657534647965 2.65335752813899 6.26640341075928 61.4596875139699 73.9355888464042 38.7765023271092 23.8042686620156 42.4850520774275 14.3913444727724 81.3485029990256 29.6345111470273 9.17609914221936 27.3322966175474 8.55381410158175 111.288309699492 22.1602044690302 23.8207108417415 61.7286193791454 20.6577027633668 28.7361898406046 13.1159099527565 4.55739146706527 33.8892033842258 16.450241504053 1.63119315141519 23.6956171578258 6.79030546282593 104.750011238147 74.1661726437864 27.9982889546378 3.51259346491371 8.09028957204161 19.856728550586 29.8005537552804 87.7951043027603 71.7647836130854 4.90288279855128 50.6868861725387 29.7340805259535 78.45471769694 7.82796725169411 4.87769023487914 110.801022678524 109.930298324658 98.0132799620725 99.1029640592904 0.952239798364558 34.1641997735817 44.8931225290643 23.5679600538938 23.2264887587756 33.6103927075591 14.0539781915034 44.013044758462 6.57962711849294 7.09160566669599 40.6970429532166 80.2900631216669 54.8041370891065 1.62542902681038 48.3988252063359 73.7443652925362 128.115511995811 33.0076861933551 10.9479241784419 22.741640839535 0.761599408066894 158.892110199546 126.46237912355 26.4959405076516 24.2100413052129 0.30179648614942 27.7222585360747 44.5682670987706 0.058143665762624 72.6256591925758 4.20889983670879 2.55438700147288 105.426131839261 18.6632726462785 0.717098927282751 2.50443465517757 1.36458293665266 104.592279342682 67.7800508524707 60.7361935584456 64.2019548466114 115.401727790616 12.3258562910034 37.885994671218 96.1172110360162 11.0809756993675 15.6360399336408 80.4740805024197 89.2662365362843 35.9320023683513 7.97666657977783 75.8657935752617 33.2973803597502 31.5825852585986 95.0254902654783 33.1192031850936 7.11374680882776 82.0139714932456 27.865505286869 53.7903513711255 37.8509727122589 5.9703597365068 15.2809547834653 6.9849530155837 84.5335686161768 26.1581501035944 26.4995835623544 28.6084630494706 41.5833551620499 90.0453953988471 3.50687799405852 31.0979523130553 57.4132641484813 3.35339066985235 105.234973037168 18.3704667333646 20.8426186167628 18.3082104117232 6.22098170089965 95.7994022929819 40.6109378340163 4.85054129983789 30.7118522340973 82.9626010068562 5.14027318990684 14.3677070588082 13.8142581515832 0.334476774555622 55.2619435651051 25.9014728066228 24.2380742874981 2.63969446727278 105.233290589666 81.1236696707366 4.09960056539204 48.0968017631442 13.5226314930778 10.2388866731068 45.775489545086 76.7110279831045 20.5235823649762 7.53248921597027 46.8499168720237 32.6443103627695 71.436037041262 47.4477500433214 10.8433831069754 4.84940183850091 70.1352706969833 70.1151962275387 95.8807171104873 15.1711509809032 54.4145516532571 11.4701566877183 0.381299344980887 2.7091243104586 69.7339040712504 53.6634521627526 16.1508991887276 50.1365816558538 30.0755998533051 24.9929006243272 28.7915217486056 1.31673973902443 96.1753899223409 5.87563805066543 11.987268410687 6.06399330461724 18.5053735414291 43.9164784166543 116.399661816818 2.46314938788776 41.3421368108622 6.43305468744805 14.4787722838559 82.0794815967608 5.51404202840853 29.9329621746789 18.7868041168859 73.0399697060753 5.76693329838737 83.2127933172005 128.677136923964 25.9022321618536 0.0821842566714464 125.662499532953 66.5668335708853 72.0230358735976 21.0621031027682 1.3796159626911 6.28368178486406 86.4574338915189 114.349795164466 8.04156201944914 37.5603681733639 74.1849384207797 0.0923214958963493 36.8333548373136 96.7164934629108 118.77843662147 14.066515426703 43.2586503510855 108.225477582093 12.6731121771947 81.9051355000186 94.5059876595507 46.0480764752194 9.91256947611826e-06 17.0670480353204 87.7562044081464 44.1811028532182 3.8893991981475 0.750587203814905 15.2654794067308 37.8257765201313 26.0027521394547 12.8441453660489 35.2668694519451 35.411596380544 15.2431918341913 29.5887471564831 97.2281616938122 27.0224605235605 31.7452377490727 35.566447680642 58.9708868881895 7.15189924350122 100.436216150533 42.3298803702564 3.68141583569705 21.2133313921959 11.8666359330408 98.4772294928908 9.28897030570975 3.73822311646526 56.1151518128417 31.4462828607957 39.9179419237963 0.780057661858176 51.6385673201636 121.356495558549 79.0160690877545 44.5937427509082 1.16176912716394 39.3144258067407 27.1611224138553 58.1802647850057 16.7343983339227 63.7566638235993 5.63876412836462 3.08326951794517 27.222117305716 104.835105308657 15.0270318265635 16.7763341281417 2.04857883971644 0.58507306661202 18.6598585332158 24.978624960466 15.0957052046172 13.6459896554855 5.51619572457589 102.973127552633 24.1816968118054 185.987938486165 46.0637769484357 116.144581643185 17.2422798288984 46.1875841100613 118.000362796791 39.7860531970529 29.8051157842959 51.5067781163717 181.552281960311 86.1824097370155 13.585210086025 34.1880000253637 148.402704284767 63.1192961729018 101.113002322468 0.983036769409082 31.1792032330655 77.1207316873983 191.019188338684 127.026856074947 101.591041943337 57.6307242407994 51.859518074259 72.8359823088368 97.210724295919 9.97626466667729 16.5878457241566 22.3364997383816 84.9943868938237 37.294081221784 47.8101261524928 11.5926325485776 1.54249559808729 25.1343017385182 123.29858756964 109.611249680473 160.494101621593 17.3798026959593 38.32080277786 51.1280686226362 23.7710286240472 52.7410200600396 2.91322142291144 6.83396458931646 89.8065173405718 138.958929779359 77.2469459957487 1.39704243157987 58.8524546102943 77.6882856662747 147.546033765505 11.7392805576042 0.196803880632564 40.0901541638629 105.651866029603 134.739975639539 114.602827634158 10.6941587226901 6.27939495517413 7.18943171355676 14.634469370224 47.6463249768583 28.3609670126238 56.3851057693498 10.1303277588587 20.4483460391754 32.8696124144038 111.475725263853 32.8282291130612 5.30674472026509 40.7883205137335 37.8670645279084 10.0951121909098 27.1106247564001 4.29085978192731 35.019671299109 81.8395202238297 48.1486675105845 2.47145906219174 5.42414252400218 141.179466036782 53.2141749874355 5.67489997741118 1.69193186416442 89.0021148993015 1.50411126789093 40.7041562967194 19.2344002543962 13.5746013955562 137.457211666771 21.2506892902428 33.5184585948695 15.4532217193008 48.2644897763781 0.509399399148438 21.6073621383139 60.5609051988376 35.0701291858674 1.77352648145714 2.41565845218451 37.0119577441365 104.600737138832 37.2797427094259 2.132134711694 23.920076458693 13.2441442825574 136.012042661136 43.2027148433042 79.8777507741018
