Instancenumber:
5
Instancename:
B-n38-k6
Customers:
37
Depot:
0
Dimension:
1406
Vehicles:
37
Capacity:
100
Demands:
0 18 10 16 12 21 23 15 25 3 6 7 4 20 25 20 12 3 12 14 26 9 22 20 9 13 21 10 8 5 14 7 21 20 1 21 17 2
Uncertainty:budgeted
Gamma:
11
Mean Vector:
52.8015151297763 62.1288982680363 36.2215405525497 86.5332306111357 60.4152298679729 30.6757233003559 57.9396237474839 77.6208734813001 28.1602556806574 53.2353266168247 30.4138126514911 70.6045324324154 53.6003731330296 31.7804971641414 48.7647413609464 23.1948270094864 76.1183289359403 81.0246875958186 29.4108823397055 53.2541078227774 30.6757233003559 27 79.4040301244213 71.3091859440283 57.2712842531054 21.095023109729 59.0931468107766 36.4005494464026 71.5681493403316 85 23.7697286480094 34.5253530032641 81.0246875958186 73.24616030892 77.884529914483 74.1484996476665 59.2114853723498 52.8015151297763 22.8035085019828 21.6333076527839 94 80.3616824114578 37.2155881318568 80.6535802057168 100.960388271837 36.6196668472011 3.16227766016838 24.7588368062799 94.5568612000208 14.8660687473185 21.0237960416286 5.09901951359278 35.3553390593274 103.121287811974 88.0056816347672 36.8917334913934 8.94427190999916 22.4722050542442 30.4138126514911 86.0058137569781 95.8175349296777 77.7946013551069 36.1247837363769 79.6994353806851 17.6918060129541 95.5091618641898 97.3293378175358 40.4598566482878 21.2602916254693 88.0056816347672 97.718984849414 119.037809119624 101.242283656583 20.2484567313166 62.1288982680363 22.8035085019828 26 77.2787163454466 69.6419413859206 35.8468966578698 71.028163428319 89.4706655837543 37 25.8069758011279 32.0156211871642 83.86298349093 9.8488578017961 34.2052627529741 26.8700576850888 39.6232255123179 92.9623579735368 71.5891053163818 36.4005494464026 31.6227766016838 33.5410196624968 35.2278299076171 69.6347614342147 85.2349693494401 67.6756972627545 41.4366987102013 69.3397432934389 27.6586333718787 84.7230783199005 82.0060973342836 42.0594816896262 28.0713376952364 71.5891053163818 86.9540108333135 114.58621208505 91.2688336728371 3.16227766016838 36.2215405525497 21.6333076527839 26 76.9415362466854 60.0166643524946 15.6524758424985 59.9082632030006 80.6039701255465 15 23.7065391822594 6.08276253029822 73.9797269527267 17.464249196573 11.4017542509914 20.2484567313166 14.7648230602334 82.2800097228968 70.8590149522275 15.2643375224737 27.2029410174709 9.21954445729289 9.8488578017961 68.8839603971781 75.1864349467376 57.2712842531054 16.1554944214035 59.2283715798434 6.08276253029822 74.953318805774 79.1012010022604 19.1049731745428 2.82842712474619 70.8590149522275 77.1297607930946 97.4166310236604 80.3616824114578 23.0217288664427 86.5332306111357 94 77.2787163454466 76.9415362466854 28.6006992921502 64.8459713474939 32.4499614791759 28.1602556806574 67.3572564761956 97.0051545022222 79.0759128938769 29.2745623366089 80.156097709407 87.0976463516667 95.1314879522022 73.3893725276351 35.1283361405006 6.08276253029822 66.098411478643 102.078401241399 84.1724420460759 75 8.06225774829855 30.1496268633627 31.2409987036266 75.0266619276108 30 83.0240928887513 29.1547594742265 8.54400374531753 68.1542368455549 79.2464510246358 6.08276253029822 30.0166620396073 69.065186599328 35.0142828000232 77.7817459305202 60.4152298679729 80.3616824114578 69.6419413859206 60.0166643524946 28.6006992921502 45.1774279923061 4.12310562561766 20.6155281280883 47.0425339453563 82.9698740507662 60.2079728939615 14.3178210632764 68.9420046125727 68.1175454637056 80.049984384758 52.0384473250308 23.3238075793812 24.5967477524977 46.0977222864644 87.0976463516667 65.1229606206597 55.0363516232681 23.7697286480094 15.6524758424985 3.16227766016838 53.1507290636732 1.4142135623731 65.7647321898295 15.2315462117278 25 46.0977222864644 61.660360037872 24.5967477524977 17.464249196573 50.1597448159378 21.6333076527839 68.9637585982667 30.6757233003559 37.2155881318568 35.8468966578698 15.6524758424985 64.8459713474939 45.1774279923061 44.7213595499958 65.6201188660917 2.82842712474619 39.3573373083089 15.0332963783729 58.8557558782486 30 23 35.8468966578698 9.21954445729289 66.9402718847182 58.821764679411 1.4142135623731 42.7200187265877 20 10.1980390271856 56.9209978830308 60.0166643524946 42.2965719651132 11.3137084989848 44.2831796509691 20.8806130178211 59.8414572015087 65.924198895398 7.07106781186548 16.7630546142402 58.821764679411 61.9838688692469 82.0060973342836 65 33.5410196624968 57.9396237474839 80.6535802057168 71.028163428319 59.9082632030006 32.4499614791759 4.12310562561766 44.7213595499958 21.0237960416286 46.3896540189728 83.168503653727 59.6824932455071 14.142135623731 69.7710541700496 67.4759216313494 80.0812087820857 51.0392006206994 22.4722050542442 28.6356421265527 45.5411901469428 87.091905479212 64.4980619863884 54.3323108288245 27.8567765543682 15.2970585407784 3.60555127546399 52 3 65.5133574166368 15.1327459504216 28.3196045170126 45.0111097397076 61.3921819126833 28.6356421265527 17.2626765016321 46.9574275274956 20.6155281280883 70.178344238091 77.6208734813001 100.960388271837 89.4706655837543 80.6039701255465 28.1602556806574 20.6155281280883 65.6201188660917 21.0237960416286 67.3646791723972 103.580886267689 80.6225774829855 7.07106781186548 89.3196506934504 88.4590300647707 100.662803457881 72.0624728967859 7 28.4604989415154 66.4830805543786 107.707938426097 85.4751425854324 75.3259583410659 29.1547594742265 6.32455532033676 23.3452350598575 73.0068489937759 21.3775583264319 86.3133825081603 6.08276253029822 20 66.0302960768767 82.2009732302483 28.4604989415154 4.47213595499958 41 7.28010988928052 89 28.1602556806574 36.6196668472011 37 15 67.3572564761956 47.0425339453563 2.82842712474619 46.3896540189728 67.3646791723972 38.5875627631495 13.3416640641263 60.5309838016862 30.5286750449475 21.095023109729 34.8855270850248 6.40312423743285 68.4470598345904 61.3514466007119 1.4142135623731 41.6293165929973 18.1107702762748 8 59.464274989274 61.660360037872 44.1021541423999 8.48528137423857 46.0977222864644 19.6977156035922 61.5223536610881 68.2495421230062 5.09901951359278 15.6524758424985 61.3514466007119 63.6396103067893 82.4196578493262 66.4906008395172 34.5398320783411 53.2353266168247 3.16227766016838 25.8069758011279 23.7065391822594 97.0051545022222 82.9698740507662 39.3573373083089 83.168503653727 103.580886267689 38.5875627631495 26.2488094968134 97.1236325515062 18.0277563773199 21.6333076527839 4.47213595499958 36.8781778291715 105.621967412087 91 38.9486841883009 5.8309518948453 23.43074902772 32.0156211871642 89 98.3717439105356 80.3616824114578 37.4833296279826 82.2800097228968 19.2093727122985 98.0815986819138 100.244700608062 42.2018956920184 23.0217288664427 91 100.284595028349 120.929731662648 103.73041983912 23.3238075793812 30.4138126514911 24.7588368062799 32.0156211871642 6.08276253029822 79.0759128938769 60.2079728939615 15.0332963783729 59.6824932455071 80.6225774829855 13.3416640641263 26.2488094968134 73.824115301167 23.1948270094864 8.06225774829855 22.2036033111745 10.6301458127346 81.7863069223693 73.0068489937759 14.142135623731 28.6530975637888 5.09901951359278 5.8309518948453 71.0633520177595 74.9666592559653 57.3149195236284 11.4017542509914 59.3043000127309 7.07106781186548 74.8131004570724 80.6225774829855 16.1245154965971 4.12310562561766 73.0068489937759 76.9415362466854 94.8736001214247 79.8310716450681 29 70.6045324324154 94.5568612000208 83.86298349093 73.9797269527267 29.2745623366089 14.3178210632764 58.8557558782486 14.142135623731 7.07106781186548 60.5309838016862 97.1236325515062 73.824115301167 83.2586331859946 81.6149496109628 94.1116358374457 65.1229606206597 9.21954445729289 28.0713376952364 59.6824932455071 101.138518873869 78.63841300535 68.4689710744948 28.2842712474619 1.4142135623731 16.7630546142402 66.0302960768767 14.8660687473185 79.6241169495775 1 22.1359436211787 59.0762219509677 75.5049667240507 28.0713376952364 3.16227766016838 40.6078810084939 7.81024967590665 83.240615086627 53.6003731330296 14.8660687473185 9.8488578017961 17.464249196573 80.156097709407 68.9420046125727 30 69.7710541700496 89.3196506934504 30.5286750449475 18.0277563773199 23.1948270094864 83.2586331859946 24.5153013442625 18.0277563773199 31.9530906173409 92.1357693840997 74.2428447730823 30.2324329156619 23.7697286480094 24.0831891575846 27.2029410174709 72.2495674727538 84.581321815162 66.6408283261845 33.5261092284804 68.4470598345904 18.1107702762748 84.1724420460759 84.0119039184329 35.3553390593274 19.1049731745428 74.2428447730823 86.4060183089118 111.198021565134 90.3382532485547 6.70820393249937 31.7804971641414 21.0237960416286 34.2052627529741 11.4017542509914 87.0976463516667 68.1175454637056 23 67.4759216313494 88.4590300647707 21.095023109729 21.6333076527839 8.06225774829855 81.6149496109628 24.5153013442625 17.2046505340853 17.0880074906351 89.4427190999916 81.0246875958186 22.0227155455452 22.6715680975093 3 13.1529464379659 79.0759128938769 82.7345151674922 65.1920240520265 17 67.1863081289633 6.70820393249937 82.6075057122535 88.684835231284 23.0867927612304 8.60232526704263 81.0246875958186 84.717176534632 101.21264743104 87.4757109145162 31.04834939252 48.7647413609464 5.09901951359278 26.8700576850888 20.2484567313166 95.1314879522022 80.049984384758 35.8468966578698 80.0812087820857 100.662803457881 34.8855270850248 4.47213595499958 22.2036033111745 94.1116358374457 18.0277563773199 17.2046505340853 32.8024389337135 102.489023802552 89.0898422941695 35.3411940941446 7.07106781186548 19.1049731745428 28.0178514522438 87.091905479212 95.3362470417207 77.3692445355388 33.3016516106934 79.3095202355934 15.2643375224737 95.0789145920377 98.0459076147495 38.2753184180093 19.2353840616713 89.0898422941695 97.2676719162127 117.046999107196 100.578327685441 24.0831891575846 23.1948270094864 35.3553390593274 39.6232255123179 14.7648230602334 73.3893725276351 52.0384473250308 9.21954445729289 51.0392006206994 72.0624728967859 6.40312423743285 36.8781778291715 10.6301458127346 65.1229606206597 31.9530906173409 17.0880074906351 32.8024389337135 72.691127381545 67.4166151627327 7.81024967590665 39.1152144312159 14.3178210632764 5 65.5515064662895 66.1891229734916 49.0102030193714 2.23606797749979 51.0098029794274 17.6918060129541 66.1211010192662 73.9797269527267 6.08276253029822 14.2126704035519 67.4166151627327 68.1835757349231 84.380092438916 70.7106781186548 36.8781778291715 76.1183289359403 103.121287811974 92.9623579735368 82.2800097228968 35.1283361405006 23.3238075793812 66.9402718847182 22.4722050542442 7 68.4470598345904 105.621967412087 81.7863069223693 9.21954445729289 92.1357693840997 89.4427190999916 102.489023802552 72.691127381545 35.1710107901379 67.6830850360709 109.48059188733 86.4927742646748 76.2954782408499 35.7351367704113 7.81024967590665 25.4950975679639 73.4370478709486 23.7065391822594 87.8009111570034 8.48528137423857 27 66.6108099335236 83.6779540858881 35.1710107901379 6.40312423743285 34 2 92.2821759604746 81.0246875958186 88.0056816347672 71.5891053163818 70.8590149522275 6.08276253029822 24.5967477524977 58.821764679411 28.6356421265527 28.4604989415154 61.3514466007119 91 73.0068489937759 28.0713376952364 74.2428447730823 81.0246875958186 89.0898422941695 67.4166151627327 35.1710107901379 60.0832755431992 96.0468635614927 78.1024967590665 68.9637585982667 2 29.1547594742265 26.9258240356725 69.0796641566822 25.9422435421457 76.9415362466854 28.1602556806574 11.4017542509914 62.2414652783817 73.1641988953614 1e-05 29.4278779391243 68.5930025585701 34.7131099154196 72.0069441095788 29.4108823397055 36.8917334913934 36.4005494464026 15.2643375224737 66.098411478643 46.0977222864644 1.4142135623731 45.5411901469428 66.4830805543786 1.4142135623731 38.9486841883009 14.142135623731 59.6824932455071 30.2324329156619 22.0227155455452 35.3411940941446 7.81024967590665 67.6830850360709 60.0832755431992 42.154477816716 19.0262975904404 9.05538513813742 58.1893461039046 60.8276253029822 43.1856457633784 9.89949493661167 45.1774279923061 20.2484567313166 60.6712452484701 67.0820393249937 6 16.1554944214035 60.0832755431992 62.8012738724303 82.2009732302483 65.7343137181792 34.0147027033899 53.2541078227774 8.94427190999916 31.6227766016838 27.2029410174709 102.078401241399 87.0976463516667 42.7200187265877 87.091905479212 107.707938426097 41.6293165929973 5.8309518948453 28.6530975637888 101.138518873869 23.7697286480094 22.6715680975093 7.07106781186548 39.1152144312159 109.48059188733 96.0468635614927 42.154477816716 25 34.4818792991333 94.0478601564119 102.357217625334 84.4037913840368 39.4081209904761 86.3481325796916 21.9317121994613 102.107786186951 105.076162853427 44.7772263544762 26 96.0468635614927 104.292856898256 123.490890352285 107.563934476199 29.1547594742265 30.6757233003559 22.4722050542442 33.5410196624968 9.21954445729289 84.1724420460759 65.1229606206597 20 64.4980619863884 85.4751425854324 18.1107702762748 23.43074902772 5.09901951359278 78.63841300535 24.0831891575846 3 19.1049731745428 14.3178210632764 86.4927742646748 78.1024967590665 19.0262975904404 25 10.1980390271856 76.1577310586391 79.7621464104371 62.2012861603359 14.422205101856 64.1950153828161 6 79.6303962064738 85.7088093488645 20.2484567313166 6.40312423743285 78.1024967590665 81.7435012707432 98.6154146165801 84.5281018360166 30.4138126514911 27 30.4138126514911 35.2278299076171 9.8488578017961 75 55.0363516232681 10.1980390271856 54.3323108288245 75.3259583410659 8 32.0156211871642 5.8309518948453 68.4689710744948 27.2029410174709 13.1529464379659 28.0178514522438 5 76.2954782408499 68.9637585982667 9.05538513813742 34.4818792991333 10.1980390271856 67.0522184569608 69.5844810284592 52.0864665724217 6.32455532033676 54.0832691319598 12.8062484748657 69.462219947249 76.1183289359403 10.295630140987 9.21954445729289 68.9637585982667 71.5681493403316 89.044932477935 74.3303437365925 32.3882694814033 79.4040301244213 86.0058137569781 69.6347614342147 68.8839603971781 8.06225774829855 23.7697286480094 56.9209978830308 27.8567765543682 29.1547594742265 59.464274989274 89 71.0633520177595 28.2842712474619 72.2495674727538 79.0759128938769 87.091905479212 65.5515064662895 35.7351367704113 2 58.1893461039046 94.0478601564119 76.1577310586391 67.0522184569608 29.4278779391243 25.9422435421457 67.2309452558864 25.0798724079689 74.9666592559653 28.4429253066558 13.0384048104053 60.4152298679729 71.1969100453102 2 29.8328677803526 68.8839603971781 35.1710107901379 70.0357051795725 71.3091859440283 95.8175349296777 85.2349693494401 75.1864349467376 30.1496268633627 15.6524758424985 60.0166643524946 15.2970585407784 6.32455532033676 61.660360037872 98.3717439105356 74.9666592559653 1.4142135623731 84.581321815162 82.7345151674922 95.3362470417207 66.1891229734916 7.81024967590665 29.1547594742265 60.8276253029822 102.357217625334 79.7621464104371 69.5844810284592 29.4278779391243 18.0277563773199 67.0671305484289 16.1554944214035 80.8084154033477 1 22.8035085019828 60.1331855134916 76.6876782801514 29.1547594742265 2 39.4588393138977 6.40312423743285 84.5990543682375 57.2712842531054 77.7946013551069 67.6756972627545 57.2712842531054 31.2409987036266 3.16227766016838 42.2965719651132 3.60555127546399 23.3452350598575 44.1021541423999 80.3616824114578 57.3149195236284 16.7630546142402 66.6408283261845 65.1920240520265 77.3692445355388 49.0102030193714 25.4950975679639 26.9258240356725 43.1856457633784 84.4037913840368 62.2012861603359 52.0864665724217 25.9422435421457 18.0277563773199 50.0899191454728 2 62.9682459657247 17.7200451466693 28.0178514522438 43.0464865000618 58.8557558782486 26.9258240356725 19.9248588451713 50.5371150739731 23.7065391822594 66.8879660327626 21.095023109729 36.1247837363769 41.4366987102013 16.1554944214035 75.0266619276108 53.1507290636732 11.3137084989848 52 73.0068489937759 8.48528137423857 37.4833296279826 11.4017542509914 66.0302960768767 33.5261092284804 17 33.3016516106934 2.23606797749979 73.4370478709486 69.0796641566822 9.89949493661167 39.4081209904761 14.422205101856 6.32455532033676 67.2309452558864 67.0671305484289 50.0899191454728 52.0864665724217 18.4390889145858 67.0298440994756 75.4320886625844 7.07106781186548 15.2643375224737 69.0796641566822 69.065186599328 84.2199501305955 71.449282711585 38.6393581727233 59.0931468107766 79.6994353806851 69.3397432934389 59.2283715798434 30 1.4142135623731 44.2831796509691 3 21.3775583264319 46.0977222864644 82.2800097228968 59.3043000127309 14.8660687473185 68.4470598345904 67.1863081289633 79.3095202355934 51.0098029794274 23.7065391822594 25.9422435421457 45.1774279923061 86.3481325796916 64.1950153828161 54.0832691319598 25.0798724079689 16.1554944214035 2 52.0864665724217 64.9384323802169 15.8113883008419 26.4007575648882 45.0444225182208 60.8276253029822 25.9422435421457 18.0277563773199 49.6588360717405 21.9544984001001 68.60029154457 36.4005494464026 17.6918060129541 27.6586333718787 6.08276253029822 83.0240928887513 65.7647321898295 20.8806130178211 65.5133574166368 86.3133825081603 19.6977156035922 19.2093727122985 7.07106781186548 79.6241169495775 18.1107702762748 6.70820393249937 15.2643375224737 17.6918060129541 87.8009111570034 76.9415362466854 20.2484567313166 21.9317121994613 6 12.8062484748657 74.9666592559653 80.8084154033477 62.9682459657247 18.4390889145858 64.9384323802169 80.6039701255465 85.146931829632 23.0217288664427 4.12310562561766 76.9415362466854 82.7647267862342 101.788997440784 85.8661749468322 24.5153013442625 71.5681493403316 95.5091618641898 84.7230783199005 74.953318805774 29.1547594742265 15.2315462117278 59.8414572015087 15.1327459504216 6.08276253029822 61.5223536610881 98.0815986819138 74.8131004570724 1 84.1724420460759 82.6075057122535 95.0789145920377 66.1211010192662 8.48528137423857 28.1602556806574 60.6712452484701 102.107786186951 79.6303962064738 69.462219947249 28.4429253066558 1 17.7200451466693 67.0298440994756 15.8113883008419 80.6039701255465 21.8403296678416 60.0749531835024 76.4852927038918 28.1602556806574 2.23606797749979 40.4474968323134 7.21110255092798 84.1189633792524 85 97.3293378175358 82.0060973342836 79.1012010022604 8.54400374531753 25 65.924198895398 28.3196045170126 20 68.2495421230062 100.244700608062 80.6225774829855 22.1359436211787 84.0119039184329 88.684835231284 98.0459076147495 73.9797269527267 27 11.4017542509914 67.0820393249937 105.076162853427 85.7088093488645 76.1183289359403 13.0384048104053 22.8035085019828 28.0178514522438 75.4320886625844 26.4007575648882 85.146931829632 21.8403296678416 68.4105255059483 81.2219182240853 11.4017542509914 22.3606797749979 61 27.0739727413618 82.2253002426869 23.7697286480094 40.4598566482878 42.0594816896262 19.1049731745428 68.1542368455549 46.0977222864644 7.07106781186548 45.0111097397076 66.0302960768767 5.09901951359278 42.2018956920184 16.1245154965971 59.0762219509677 35.3553390593274 23.0867927612304 38.2753184180093 6.08276253029822 66.6108099335236 62.2414652783817 6 44.7772263544762 20.2484567313166 10.295630140987 60.4152298679729 60.1331855134916 43.0464865000618 7.07106781186548 45.0444225182208 23.0217288664427 60.0749531835024 68.4105255059483 19.2093727122985 62.2414652783817 62.1288982680363 78.7718223732319 64.6297145282261 39.560080889705 34.5253530032641 21.2602916254693 28.0713376952364 2.82842712474619 79.2464510246358 61.660360037872 16.7630546142402 61.3921819126833 82.2009732302483 15.6524758424985 23.0217288664427 4.12310562561766 75.5049667240507 19.1049731745428 8.60232526704263 19.2353840616713 14.2126704035519 83.6779540858881 73.1641988953614 16.1554944214035 26 6.40312423743285 9.21954445729289 71.1969100453102 76.6876782801514 58.8557558782486 15.2643375224737 60.8276253029822 4.12310562561766 76.4852927038918 81.2219182240853 19.2093727122985 73.1641988953614 78.644770964127 97.9081201943945 81.7435012707432 25.0199920063936 81.0246875958186 88.0056816347672 71.5891053163818 70.8590149522275 6.08276253029822 24.5967477524977 58.821764679411 28.6356421265527 28.4604989415154 61.3514466007119 91 73.0068489937759 28.0713376952364 74.2428447730823 81.0246875958186 89.0898422941695 67.4166151627327 35.1710107901379 1e-05 60.0832755431992 96.0468635614927 78.1024967590665 68.9637585982667 2 29.1547594742265 26.9258240356725 69.0796641566822 25.9422435421457 76.9415362466854 28.1602556806574 11.4017542509914 62.2414652783817 73.1641988953614 29.4278779391243 68.5930025585701 34.7131099154196 72.0069441095788 73.24616030892 97.718984849414 86.9540108333135 77.1297607930946 30.0166620396073 17.464249196573 61.9838688692469 17.2626765016321 4.47213595499958 63.6396103067893 100.284595028349 76.9415362466854 3.16227766016838 86.4060183089118 84.717176534632 97.2676719162127 68.1835757349231 6.40312423743285 29.4278779391243 62.8012738724303 104.292856898256 81.7435012707432 71.5681493403316 29.8328677803526 2 19.9248588451713 69.065186599328 18.0277563773199 82.7647267862342 2.23606797749979 22.3606797749979 62.1288982680363 78.644770964127 29.4278779391243 39.2045915678253 5.3851648071345 86.3539228987311 77.884529914483 119.037809119624 114.58621208505 97.4166310236604 69.065186599328 50.1597448159378 82.0060973342836 46.9574275274956 41 82.4196578493262 120.929731662648 94.8736001214247 40.6078810084939 111.198021565134 101.21264743104 117.046999107196 84.380092438916 34 68.5930025585701 82.2009732302483 123.490890352285 98.6154146165801 89.044932477935 68.8839603971781 39.4588393138977 50.5371150739731 84.2199501305955 49.6588360717405 101.788997440784 40.4474968323134 61 78.7718223732319 97.9081201943945 68.5930025585701 39.2045915678253 34.0587727318528 113.137084989848 74.1484996476665 101.242283656583 91.2688336728371 80.3616824114578 35.0142828000232 21.6333076527839 65 20.6155281280883 7.28010988928052 66.4906008395172 103.73041983912 79.8310716450681 7.81024967590665 90.3382532485547 87.4757109145162 100.578327685441 70.7106781186548 2 34.7131099154196 65.7343137181792 107.563934476199 84.5281018360166 74.3303437365925 35.1710107901379 6.40312423743285 23.7065391822594 71.449282711585 21.9544984001001 85.8661749468322 7.21110255092798 27.0739727413618 64.6297145282261 81.7435012707432 34.7131099154196 5.3851648071345 34.0587727318528 90.5538513813742 59.2114853723498 20.2484567313166 3.16227766016838 23.0217288664427 77.7817459305202 68.9637585982667 33.5410196624968 70.178344238091 89 34.5398320783411 23.3238075793812 29 83.240615086627 6.70820393249937 31.04834939252 24.0831891575846 36.8781778291715 92.2821759604746 72.0069441095788 34.0147027033899 29.1547594742265 30.4138126514911 32.3882694814033 70.0357051795725 84.5990543682375 66.8879660327626 38.6393581727233 68.60029154457 24.5153013442625 84.1189633792524 82.2253002426869 39.560080889705 25.0199920063936 72.0069441095788 86.3539228987311 113.137084989848 90.5538513813742
Deviation Vector:
15.5006416159968 55.8217111664347 33.4539666697741 87.6192299546747 2.48218163762795 14.6189416576588 67.3443419436935 32.4697433886041 12.6122388903646 41.7539691404476 29.5347042363808 36.0073027266194 18.8934394485651 39.4374274915882 46.9272163436457 9.29343621985347 44.1493724247345 109.966729129276 46.7175723930011 47.1638411778892 40.1444818262842 17.8566525797677 128.363682785091 113.760339684905 23.486666185104 16.120835231984 46.5765244910947 38.1828533049109 51.1095385792107 18.1621060834926 11.4717633542854 34.7912805092549 90.1119359129544 102.999765798781 30.6792514801271 85.5109735796018 15.1837279236256 82.1710988284249 35.8368865940931 15.236465681842 67.1356253219425 73.6354847601664 45.1905756041799 86.0328407573305 53.5985650258581 20.150505005364 4.64021351632536 27.504512984579 26.5817540677533 21.2505082050011 7.78277460991446 8.10638021613364 16.4216986258615 37.1682381948053 137.17951758794 32.2644313432585 10.0590245522673 16.1934749181159 9.03864490125062 18.2698354181875 89.519641246598 60.6649712094868 44.0768590659954 33.4801773513477 9.90171085977394 154.155114936559 153.130185503621 33.0196907491837 32.8240916130898 133.638894325084 148.573488974791 75.2055381122214 81.8524723378796 22.4426158473558 4.4812860777254 30.5422934049677 0.839299812959218 118.970058811363 57.379345642562 11.2344179065567 95.3632277429779 106.837657579585 10.2433158749995 4.66439571019432 49.7695790614362 17.5490247085381 10.3936219711722 36.0122589041698 24.9853506820208 53.5904614283448 117.620958264764 17.0228070948697 18.4174099424974 27.1651027275529 22.0654752488574 37.5402886644369 58.9615086243004 51.5534920713784 17.2848660363838 31.6698624614202 34.4632284786541 4.13434312646566 118.27965300813 107.05903716231 52.9040684555034 41.2144068608201 72.9151868630955 112.18111271079 158.283671146054 19.7229485868106 5.07077567193528 39.7573404999821 30.5074099674352 6.6045418457779 98.3587982717735 80.3263279243396 7.25146542939928 42.3745782455427 61.6525922811894 20.8970640228915 10.2763122469589 2.45616371993697 0.338596918739027 16.4067056602879 14.3984408794767 13.4134333593424 5.59206729776563 39.7582293787755 89.7983501148406 9.67987768791665 33.9357082533269 1.27189322926292 7.71783447096902 70.0707930873626 108.528395685772 23.7745158102629 13.8789640005234 49.4933029000689 0.479902616577112 46.0281411742923 83.1932916037069 1.07121527561381 0.241437699851318 59.2092453409146 23.9172300281494 132.848883942455 44.0098407933663 17.8043131551219 38.481116553596 123.3778110495 41.7430219326111 67.5683359893005 2.57335179447277 35.3241189229814 6.20693992309922 38.0952484986707 81.3124064545947 55.2948640389239 16.5792747834707 24.8282667916395 96.5215462525186 126.915573387148 93.8066514352943 26.5266982185664 29.7905175124893 4.88558460423631 51.330211673912 8.2467888304885 1.0500182822477 64.1601037462038 5.60229797402767 32.0854425538928 28.4773581042323 58.5388522541318 8.2036088600572 101.424625559534 15.0909055154255 7.01548753831719 25.1252759627908 76.2597592780971 3.0856942931047 27.279596463356 14.7898527164875 20.9126359088744 113.059964856394 24.4935817296071 26.014402170275 72.0368898287556 58.5426853112465 15.2550199139361 11.572708479699 2.28116851974901 7.50813163230331 58.437878576986 75.8938816870734 72.9868710599307 6.0002335281126 4.47730566149493 88.0783512899133 34.5454984380738 47.8967657958763 8.43315795253349 36.7907342807472 9.47785519485505 99.4489047672992 9.3037319848937 78.5496629973857 0.786243600933903 15.0884356254681 0.536132420885281 52.9056439839305 2.08066143392616 70.9177332217628 18.423046363075 11.0541091245779 41.7444122725682 99.5785772347781 18.8381783424659 5.47691611669361 48.3563919350397 28.1072939831335 39.2933842402979 46.5446565286791 1.38116005028536 6.65526053042622 12.6109331655076 81.0158559583284 27.3202551325097 38.935580182552 60.1111441925656 2.93104673816406 6.48182154922565 19.206782078777 53.3051852268756 11.1088534058445 18.2408369464652 37.5874802767527 1.57821908832256 55.3031999133763 22.715509235384 0.481853464703007 8.33897558000812 4.62158909972079 14.4718019751359 79.9587986455449 40.4058483704801 29.5354756267811 15.7638449302706 63.7290167802688 21.1291359440992 43.746643353753 73.3102939316603 11.1841007073801 10.4267751218144 67.5951258769817 8.73867302796549 117.079467304345 50.1906840786435 25.0120560946863 38.9338433572328 4.98973438659255 11.0556295665242 50.1231009933496 43.4661518640974 4.37603059753951 53.9768628651831 10.6425957469481 22.4318919146455 114.61794479349 79.5194047027103 12.2998256070073 6.45504318425322 103.074510383513 88.154072466601 77.1505714382459 29.3478458799685 4.2296758252371 26.5752709053825 93.4458356182507 102.347547963889 86.6842521815389 4.9488518038195 16.4064773904971 5.59138364318754 41.5824594637381 1.78599298951994 4.28511244538573 9.09492115766994 38.726927970795 36.5095761243797 78.1511407779073 40.9306876720441 16.6891242772364 22.6945532022381 23.5532079937729 28.1957449787183 4.96108804519642 2.25842983335191 79.21075091079 116.235406118162 38.1499235000496 2.65342273983048 100.698868617512 26.405311851176 82.8261107294553 147.066413361286 75.4295972168393 9.73845179553072 33.6752899379529 33.8090430485664 134.657722518175 24.9422673221913 3.91897412402011 22.3099065792368 17.9866825549092 146.430679516021 117.889129545097 25.3060185148021 9.74293281611869 7.08584823619941 26.7787857013173 117.333819594322 19.7397593731823 42.0783405644604 2.82311239810915 8.79079606758135 58.7193751270206 43.4046764042811 13.1461682329308 0.66303974370114 14.0933880447068 1.38545716049035 24.6503391817193 7.09550205099044 52.9622837280843 55.7400736157809 0.681674902911725 50.8899692868677 59.1497739612149 1.19491129601137 52.7785860782709 65.2583994188983 29.6578218972552 0.95034086671671 7.6437187895039 31.7232701244599 30.1816450063482 52.5201260848721 8.80483209990182 9.48549140860356 61.3222666219483 1.26687415296532 4.97044226009539 5.37103469241477 11.0665749506184 34.6982644616364 45.3885352723449 28.5012625908863 9.43177748705809 55.2257558953731 15.6501454821748 89.5326697541039 94.7523427212858 5.46352732459205 1.26643990244155 74.1282663990961 60.561282329057 10.4141252347993 22.4361763829169 20.1246706084973 29.2166019006494 4.66485607095131 40.0365360094959 31.2311087567027 150.007614000176 4.25771935404445 28.7383134974002 112.343155160018 161.256323929166 18.4806499869039 39.094218124923 90.3244179792446 24.7835307065617 34.8029890422407 5.48534312494585 41.7357421296867 59.7754430242708 30.6051196561262 5.90575683321825 0.298181129271228 35.9506147291727 30.2914178354764 134.071776138041 127.520401100881 31.4443370466808 59.4985758632646 72.260105786831 25.7965344591143 8.56680011491532 121.863041273761 12.627627210162 14.6455816289416 96.8665073044637 22.4896318947755 39.5709444515841 102.12359303909 6.42744757030321 32.1599336061125 17.5528679036755 6.59663921118436 9.34518976454215 45.2297737675405 68.398582690723 19.3138331618338 33.0881111790969 59.3586175561533 10.5413912634947 29.4075885241629 79.1817553041513 21.8434930273327 9.44475386895406 21.7720159613672 2.78019975616427 86.0029138958132 47.4929968484861 9.23233111539499 29.0125542435954 7.79512535042294 2.15391129984642 78.1617797576473 83.8172196752857 38.3214527909061 1.25084704268709 32.9839528036883 6.31354617598166 32.6880259266038 124.214484432548 18.8406063485386 6.16132691279819 45.5051047800363 105.755310372746 133.234356108514 95.4203455890461 25.6412844873343 75.0333347262533 11.6621678517357 135.894535551189 16.7558138586126 36.4080374818886 15.2722856343539 68.7571669180546 11.1554129021966 2.97606665872786 86.5454461354473 20.7861674390896 79.0956995996185 37.9867356613763 100.105855550704 91.6470033550599 53.7682873693757 6.45465710938079 13.0679365629597 89.1808474021114 81.9032271698691 80.3454513456863 52.0897819256627 35.263176886953 1.3237787058222 5.07717043709353 73.6064307651004 23.1814343356151 4.06259722032196 0.892727063852603 24.9756464552159 55.2483438076912 24.8493150767441 35.1346384188749 2.93868591623013 22.5617515846827 6.78670819448969 30.7666621405778 5.22531502564154 0.466945534877335 7.78542917057298 26.6724065585342 19.6725317465639 16.2394488441566 10.7148531103007 102.702328546219 108.019963169688 36.109448807045 9.83866172436594 1.12597643456862 87.4809655472893 33.2320394453404 19.2942374039703 5.91602651951753 89.9207463618956 28.2092392540327 14.7542083147007 11.0374923999394 7.53720619095778 14.6636917624603 98.0482883450669 121.902842758806 98.2454043343232 2.00622290769833 73.0004473207108 14.0757075632033 51.8031660119509 25.9703955376146 40.5459311804948 13.6204602273103 25.2824893611132 26.8685634268332 68.2577303120867 52.9350985964325 3.66609650497165 30.8589009572321 9.07408869656228 4.43052988090633 6.01396847026701 85.1258552406048 12.1298286799675 36.2979876349057 47.6770496369408 110.425507592483 2.88949115727017 1.21562430414405 0.0156180122747465 51.0094130662878 12.7612696981126 5.41778967474101 19.8912760179827 22.4747470501931 10.5175863518779 22.2860132580284 7.05348584151977 3.58899421497019 2.14144527212481 73.2683290821934 124.5534182312 85.3769861525756 0.22335838503195 14.7575464299457 10.8711829309794 51.793101976978 71.445974240637 12.4840463031185 13.7463382493508 100.24592889147 56.7835340979336 50.514593968999 51.4569324596474 26.3396751300952 21.9890688971484 6.60231871056283 12.6375781966083 11.9039966187043 128.523922767421 37.8043365260835 43.4786056474428 19.6367879720137 79.2379100644865 26.1850984915305 2.22035398537436 20.36001474855 12.8190176706618 14.5592551317948 8.37788637768678 9.80864539520746 11.0496926211031 32.6129519701053 56.8514357739332 0.855260880829422 11.1901501755343 44.9092449979794 65.1386762317838 132.644735120546 40.0214205783778 23.9626722904919 79.4853645917913 18.1271633947032 115.86865826348 155.938065778324 15.6755867998411 0.831615780403989 112.158350974338 85.5829196083743 73.8718883111639 98.9291674926673 32.5635850152797 5.04909353069883 43.4451412250964 20.3245528522673 14.296519871121 7.26223110988825 74.4105245188592 10.1829247896136 46.2699432933947 20.9358450896011 8.98688155833653 37.4081319542416 6.97966524493477 90.2483444702322 36.2770644023527 21.2286180494722 44.6883571358005 18.6748790391696 67.9088322787569 1.97818922588331 38.1948861989265 5.48619841641872 7.2041556755953 37.2846168435967 22.9866107403566 10.9799377318861 1.36851199638702 81.9330765086208 19.5300527244664 82.1982685407235 71.2779725222742 5.04679217255121 20.7622837117241 38.1543228706722 91.5455162828666 67.737477101673 47.0157538806162 42.26983204715 21.3826863027935 162.05099361797 133.561371394285 4.77909179687575 33.7051096231236 10.8915505087185 96.6549105128596 10.5273718661182 0.580556781184243 80.7607408581146 76.6149187126568 89.1665239633435 13.2132849739604 6.95578263347864 131.78584386525 127.872225845175 46.8333265080333 6.83554784553655 99.6092794611401 137.539987548243 15.0694920223646 72.4242059503998 31.2002522743003 8.88578458954101 3.89058768794026 51.9626531906386 1.83277384069069 131.282939785631 12.8157192998639 20.0397797866087 67.616001837243 13.7997640616136 24.1740419928925 5.28558838542583 7.5819468832172 0.0409359158350065 119.269322920057 3.28560206014543 43.0286053753925 98.4621006293968 86.4799862766165 7.38629261760253 20.6433245770488 60.4268820514979 36.9340778919507 19.5334485186063 39.7931454272736 28.0031383888719 64.2961960731084 13.8662685828918 116.117473065143 85.474200141687 128.576673815489 54.6596479738071 19.9165715240286 95.8824682786683 145.8332401436 50.2659040122169 101.012252975262 2.80471290881699 40.4027536859717 22.9801122609557 108.266597488044 11.5906320556411 4.04593750223073 4.61615485013202 5.32751516683147 83.7163994255749 14.9602564677281 9.56183847442616e-06 32.1958302978987 97.7399888713377 18.8886971051771 22.1049613612866 24.2895284251437 7.65819362072109 36.1573634087771 22.5069371326612 34.0613325283665 11.416596465283 0.483799976754841 20.6296689465625 86.5992828216451 0.224828125780834 49.2219205144252 3.42959123450778 7.66670234359704 34.9418243642171 19.5142770265071 56.304641992823 7.27746319113406 43.6931604178965 49.2855604991715 36.7886220347058 20.7832073619851 7.90419285106432 60.3210647385385 94.8664674776747 25.5465830940962 12.28635491798 40.1823119463909 1.20004303280962 63.0792989877685 96.166842396551 2.19749787560468 3.8646098355238 0.889873883643172 85.3826532907038 7.17994454404038 34.847278004503 54.6694357353996 22.869681969089 8.79322403248553 40.5865761544439 16.0068078633399 63.3427215965726 132.908304244972 30.6251314780487 13.0600702075297 84.628392339172 28.4622830890412 6.30757984117183 41.0104944672851 152.111845008715 7.79896988784323 20.3425554418808 5.30698957005841 53.3820704883378 90.925949963882 128.902028164819 41.2904364252456 2.34022369632986 48.3208440222415 36.9464738355961 156.317853959249 11.9215510319154 24.9083331637958 133.147980126475 32.9154003638166 73.4570706292054 46.8395667076978 66.3462836102802 29.8701418613392 137.239452305022 118.769922551985 13.6985940610658 45.5064946376019 30.2753234146958 25.3936115243109 12.8770668428442 6.63476448699427 13.9354866382234 2.39195981584358 0.178501180195288 27.7833066355955 22.9950105456185 76.9287090087349 9.29700811125952 2.22395790063774 0.531257777638288 18.0137098843309 25.8754404691973 0.593391509897148 0.0776564454068974 21.0080629291127 8.53088320148324 11.3489944402602 8.9990978449179 0.356895928404778 0.201681095856753 90.8096578820501 36.6940654810624 93.3935825514363 10.3103657363082 16.8562059801345 6.08363741327974 65.7606293617649 58.7656219128404 8.62642972143621 0.174713657843139 98.3048542709289 50.9948214451702 151.74954175947 108.794603177084 19.0567002307271 35.1437716350862 0.524910894924289 53.7785616102273 1.85766172650052 8.41313806076076 0.244125431509119 4.25958915674917 64.470413553912 15.2333856779714 3.37401444380809 32.8965477247798 1.75432379504772 38.8260687818887 40.8179478225991 4.14501804925894 16.4419188581687 5.3327061561792 59.1429953173733 31.8588528477019 1.40440756727242 35.7839704244894 15.0513338883937 65.7724652501801 6.75378187873546 14.3544112005423 6.37641522089865 73.3219545825317 11.5182929870021 63.9507825398434 77.371227495322 15.711214135422 5.4942140543429 71.2891368092656 102.074467149887 69.8600376524195 85.1746962469486 46.3376127734728 95.4623230706211 60.7323844050746 0.4580926133188 111.866659202063 0.865182683960505 7.30782609065407 32.1434147523289 44.7884125120476 18.1512413181885 68.475460544991 93.2725289479015 99.3299325961951 45.6368026545443 86.9232244480039 63.9868008160575 127.421009771213 36.555800367224 32.3846346540409 0.224612536126691 91.1166644341683 59.7785600394278 77.0513537826313 57.6766475164647 0.757261257230916 23.6436637795511 97.895400735871 26.5709116762884 53.3242473787024 17.4727400687502 7.54923703063074 31.1532216531673 13.5415431643993 2.57028565859521 15.5796274489071 12.9391571591567 48.9740686066637 58.1067233211872 53.6631680853738 131.645651149512 123.78293545714 20.8819824302967 23.9864579771154 19.1535532526376 15.8981185234644 5.69558146746624 2.57100748166732 6.26550791252529 91.4854372175411 98.4126810778464 0.302527845465824 73.5448614992545 26.6426286961082 116.849188942868 6.84038524101381 2.71607951870438 14.8894521959585 94.8577819892084 144.038097775054 97.4701539701564 38.0916276164981 10.5900464894262 2.00678430426164 49.4696562289131 0.301488356131484 51.195901947898 0.925453940995714 32.1784229621551 87.9880506620413 3.9609564080739 33.7813820097758 2.57825842666406 12.9972101434571 2.09975628387463 74.9936140156403 34.0352704779676 54.4763422232239 87.5027290554832 39.8547902541726 0.122157158761371 3.09706606159095 38.4820266346128 3.1491848721681 30.3815786470714 22.4533791339629 78.495105203537 1.30773123658063 17.0953997262784 60.6351254741462 93.2263265433285 47.6200441454439 71.4223281364121 4.16960596557469 19.5698769292372 24.5537826648368 15.3789669265771 84.6157464750868 77.8180904154981 41.3344059501901 21.5833268967621 77.4223827326038 2.251341009143 54.1533956621262 4.4071326650829 40.7266744127972 5.17095197639239 49.6148422136236 14.2036519689244 28.1557394380832 77.7708239455399 12.598142026075 51.244793172145 17.3475771859304 50.7498041921064 18.2813322582095 21.5106543354178 56.6657230435945 24.6621286107539 8.20194681855009 2.01803736591491 19.5428057624366 11.3740711985967 56.0789406172216 4.91677797809562 29.1133208519872 14.6952117801439 10.4284293127044 5.82501102819635 0.684221777302889 42.6240140183748 94.7872568552833 2.23051099261758 3.1424266721298 8.7371122174933 2.99799430103869 103.087758347063 48.6863482464726 65.9691751402397 22.6317115266809 9.45344472393232 82.416860993652 72.8616097199877 9.04257884041526 6.49593950434676 51.4246257771476 6.46831062353058 11.0070106663015 107.152448777552 21.5475755588151 50.5630600990835 122.618206493737 57.2290917202375 33.7454654571537 42.2479723700274 1.77706292307799 44.7552486596896 0.660724702399697 5.20895557554993 54.6523906982547 43.298608460451 48.8715079320696 13.8458901887454 51.4414210056076 60.7243914892932 121.913412520576 62.5163395430737 19.2215763453141 16.5193478535457 41.3935660290652 107.53070965379 73.7895437804344 28.0937452463627 14.669058278108 12.9555312767283 1.89003335959878 69.2395093452775 58.1577175765512 17.0084733446236 31.7514636671801 65.4604080065067 18.5533297323139 28.9213130923598 11.7584027668908 43.4398893505024 19.6878027068014 19.3772827578858 9.43069797168842 19.761683763496 14.5520683797474 8.78751162830351 1.4019165759366 88.7962967927511 15.6539403975664 50.3428317873659 54.177772474015 13.0108784717581 7.06262462292882 10.1717316117937 103.296473791584 23.2525984475556 7.09372753795676 12.5230889020232 3.13176639215953 1.40644108717567 124.825492396255 22.7194686910843 29.5055468558602 5.34947337608058 7.31748130420061 69.0940697724862 58.0587810205998 55.1862619745214 7.56284906974892 89.0119711531803 10.0622061854818 111.27919940883 0.617768598217538 1.58292753014291 61.3653938662123 45.7660216282843 20.5846599910009 69.933224372135 6.7865999107662 68.1269030942732 151.179593066753 76.6335496275277 120.85801345732 9.451987245323 10.9160300822238 76.800498337291 24.3351269683697 0.899016206819939 29.3750024827084 15.5736668992611 12.2555738639364 0.473465258264172 107.809523479445 124.667366281135 129.786916558921 14.93484157469 6.82616619580712 12.8741084856455 66.8770150425607 124.022616586109 16.0487635566685 85.2385007819737 25.4617312944041 0.228374825071132 28.5476417557906 4.45077708160179 12.3540720459536 15.0664749231351 19.2379303492619 63.56959163275 87.1042257733492 23.5808139640156 0.752087401898634 45.5007832835054 8.37627065756415 88.578630885984 66.469014356301 111.28097294896 98.4740329148264 99.6245750285951 11.1253810485667 34.1157357585433 7.02599241543089 27.0905083646856 24.9487369659242 100.43745864219 118.536365346639 34.3099578769487 6.69498046475474 55.3142553306913 1.22753409909634 49.4140648062515 19.1743945011036 24.5437650049771 8.35023303879468 16.3596641698496 102.49425926593 129.737768046839 32.7914135252527 2.99788115372761 21.5613948666474 43.9777025047432 80.5091393058721 33.842429519532 90.955687887951 13.1596808137983 48.4718690317732 18.1825974564335 1.36295882269933 6.3283402126574 90.4825419771346 38.4901670593223 1.75105444189938 37.7914249090395 30.4225862049996 53.3622380468239 27.4189337607458 20.9945590172202 3.13232702575823 0.786835739988292 43.5011915997023 5.40070029684716 3.13724537226996 51.7242888441944 15.9764856903866 79.6127899242131 51.9551821714058 7.84725280017139 47.2695103891361 1.66645858878919 37.9567870910846 34.4924056255538 1.30350010626427 0.483141197817531 4.24607456586851 13.234727773597 37.0544898105452 55.2168586710347 64.9715077788702 5.1821711753412 54.1098233021462 31.4547803419414 31.7310397808979 83.6353214526172 25.5457753583809 79.6759907939152 53.7376171795044 89.6964449643617 102.642063430875 36.9050956890341 43.1553900713581 19.7351816963575 28.4833831973541 0.675657932495539 41.8071195908814 23.3786795144789 26.5947449928319 22.7597470948248 59.10700004625 18.7070660515513 14.8419067016919 5.31420481267077 9.28528829594646 16.4673644172534 11.1802173921794 6.39912250049153 7.40574001199775 23.9870013470782 91.5223576372243 6.5276927273208 26.5077340047598 5.28786852388805 1.32776916997786 110.192815228167 32.3645938011334 86.7461291913095 18.3398660688367 78.2832537491981 4.06628127673764 88.9749503161052 48.2060558402896 11.7145436932624 34.037021161144 126.475651330814 83.0961821381284 81.1526931559833 9.03211318718675 65.5392344961817 119.995706476557 77.3198556984928 26.7623750556481 2.3226735117523 18.2652738929855 29.4497453855358 35.6166228328539 11.8372126744465 51.1263218218355 12.6041253904064 51.2928462753487 12.8540583891972 40.2812653729095 7.75879819732952 114.36758744928 46.2867443315599 0.602546816002875 7.94188052040878e-07 32.0910081573327 117.044291806194 106.718280690209 104.84745757009 1.51113157023624 9.72464012464262 13.5656634369835 84.3310685097466 8.18207345779443 104.065892316672 16.535892525169 7.71205080129923 33.3033074924603 23.7315910622141 3.82846677729402 62.6083372827074 24.5146022376594 62.8394217689378 103.526985385473 31.6264271135751 112.049185096518 47.8514120320869 13.8723076367057 6.37153535128458 66.8377188390821 17.3440611000389 2.05982780428122 46.8193984401037 6.51314175313715 36.7567735567671 2.57761892633236 51.7619931872367 5.92972027299245 53.9987946147059 33.6170066381408 5.28616385605472 26.1528214940191 62.6036265430046 43.8024201775685 98.4277426924627 51.7465808266268 30.0477002980275 0.508301617510771 25.0675744831472 91.9645715840412 6.92711861987092 45.0663027716188 0.919967977187219 28.1058759887058 20.6005236389498 57.8093243594698 27.0498177625646 37.3219308850784 6.44724027331299 110.880447260874 31.4607740631227 68.5171330829636 13.5520174624167 111.019608389453 44.2388717535969 29.894836598714 26.9313102750051 58.2081147421303 27.3054632140725 72.8229470184219 12.8529525214473 141.508433926824 5.92575761577186 122.666683587432 28.8654267069832 158.017089073011 16.861752733473 43.9414996766036 110.035653840015 119.843793762894 123.196161923943 35.7070359801481 33.4899612033781 97.0599487853216 63.8845199536981 35.7640540663004 43.605623456668 45.2819723928127 3.39078994107691 3.58509230298577 34.7418798265145 34.4432310524308 65.0332220441563 47.1788293036091 61.8213406250726 44.4386940370705 145.245479401781 20.6837913018384 92.9417055511737 29.5201834964842 93.4215606696835 35.865031974164 4.08098305561838 85.0486028264776 10.3302121352913 3.44960257744628 68.6266477614642 72.7067079026264 11.1676331175059 7.88805428396077 48.1060831340147 99.5039856738084 137.99804967272 64.2486048509593 1.84038823202261 47.373560234483 106.24581019162 154.671877330767 54.9629120806559 1.72876149975671 53.6916661180937 7.81034802012389 10.9171223706254 40.330984561188 6.17435205791117 35.295782991916 1.7515010778582 42.3717101468329 44.5949318595294 94.8962130157215 9.09939362943201 1.21798850023261 19.033875852831 40.8193976913327 90.8668235546343 21.4622045056986 2.92388680834128 21.6495136570888 10.4629639475434 73.4122659506142 10.867660729555 46.810894092245 51.2340578854969 2.40780701243602 36.7499266576358 43.3798729449954 119.40264454 10.5022699844058 40.5946315150447 11.0376754442607 58.59366383444 111.449931793663 3.7256653620989 14.3885323658825 4.25171490442996 10.1270207739059 27.0139198080185 27.2244275130937 22.9824851721423 101.942047274968 59.8764901867968 36.6184890147703 3.03746439478909 40.5564935435833 80.9565462163226 1.27264741484396 38.5827121379714 20.3663275233102 83.9847831974714 5.6847629163809 122.007132526327
