Instancenumber:
26
Instancename:
B-n38-k6
Customers:
37
Depot:
0
Dimension:
1406
Vehicles:
37
Capacity:
100
Demands:
0 18 10 16 12 21 23 15 25 3 6 7 4 20 25 20 12 3 12 14 26 9 22 20 9 13 21 10 8 5 14 7 21 20 1 21 17 2
Uncertainty:budgeted
Gamma:
37
Mean Vector:
52.8015151297763 62.1288982680363 36.2215405525497 86.5332306111357 60.4152298679729 30.6757233003559 57.9396237474839 77.6208734813001 28.1602556806574 53.2353266168247 30.4138126514911 70.6045324324154 53.6003731330296 31.7804971641414 48.7647413609464 23.1948270094864 76.1183289359403 81.0246875958186 29.4108823397055 53.2541078227774 30.6757233003559 27 79.4040301244213 71.3091859440283 57.2712842531054 21.095023109729 59.0931468107766 36.4005494464026 71.5681493403316 85 23.7697286480094 34.5253530032641 81.0246875958186 73.24616030892 77.884529914483 74.1484996476665 59.2114853723498 52.8015151297763 22.8035085019828 21.6333076527839 94 80.3616824114578 37.2155881318568 80.6535802057168 100.960388271837 36.6196668472011 3.16227766016838 24.7588368062799 94.5568612000208 14.8660687473185 21.0237960416286 5.09901951359278 35.3553390593274 103.121287811974 88.0056816347672 36.8917334913934 8.94427190999916 22.4722050542442 30.4138126514911 86.0058137569781 95.8175349296777 77.7946013551069 36.1247837363769 79.6994353806851 17.6918060129541 95.5091618641898 97.3293378175358 40.4598566482878 21.2602916254693 88.0056816347672 97.718984849414 119.037809119624 101.242283656583 20.2484567313166 62.1288982680363 22.8035085019828 26 77.2787163454466 69.6419413859206 35.8468966578698 71.028163428319 89.4706655837543 37 25.8069758011279 32.0156211871642 83.86298349093 9.8488578017961 34.2052627529741 26.8700576850888 39.6232255123179 92.9623579735368 71.5891053163818 36.4005494464026 31.6227766016838 33.5410196624968 35.2278299076171 69.6347614342147 85.2349693494401 67.6756972627545 41.4366987102013 69.3397432934389 27.6586333718787 84.7230783199005 82.0060973342836 42.0594816896262 28.0713376952364 71.5891053163818 86.9540108333135 114.58621208505 91.2688336728371 3.16227766016838 36.2215405525497 21.6333076527839 26 76.9415362466854 60.0166643524946 15.6524758424985 59.9082632030006 80.6039701255465 15 23.7065391822594 6.08276253029822 73.9797269527267 17.464249196573 11.4017542509914 20.2484567313166 14.7648230602334 82.2800097228968 70.8590149522275 15.2643375224737 27.2029410174709 9.21954445729289 9.8488578017961 68.8839603971781 75.1864349467376 57.2712842531054 16.1554944214035 59.2283715798434 6.08276253029822 74.953318805774 79.1012010022604 19.1049731745428 2.82842712474619 70.8590149522275 77.1297607930946 97.4166310236604 80.3616824114578 23.0217288664427 86.5332306111357 94 77.2787163454466 76.9415362466854 28.6006992921502 64.8459713474939 32.4499614791759 28.1602556806574 67.3572564761956 97.0051545022222 79.0759128938769 29.2745623366089 80.156097709407 87.0976463516667 95.1314879522022 73.3893725276351 35.1283361405006 6.08276253029822 66.098411478643 102.078401241399 84.1724420460759 75 8.06225774829855 30.1496268633627 31.2409987036266 75.0266619276108 30 83.0240928887513 29.1547594742265 8.54400374531753 68.1542368455549 79.2464510246358 6.08276253029822 30.0166620396073 69.065186599328 35.0142828000232 77.7817459305202 60.4152298679729 80.3616824114578 69.6419413859206 60.0166643524946 28.6006992921502 45.1774279923061 4.12310562561766 20.6155281280883 47.0425339453563 82.9698740507662 60.2079728939615 14.3178210632764 68.9420046125727 68.1175454637056 80.049984384758 52.0384473250308 23.3238075793812 24.5967477524977 46.0977222864644 87.0976463516667 65.1229606206597 55.0363516232681 23.7697286480094 15.6524758424985 3.16227766016838 53.1507290636732 1.4142135623731 65.7647321898295 15.2315462117278 25 46.0977222864644 61.660360037872 24.5967477524977 17.464249196573 50.1597448159378 21.6333076527839 68.9637585982667 30.6757233003559 37.2155881318568 35.8468966578698 15.6524758424985 64.8459713474939 45.1774279923061 44.7213595499958 65.6201188660917 2.82842712474619 39.3573373083089 15.0332963783729 58.8557558782486 30 23 35.8468966578698 9.21954445729289 66.9402718847182 58.821764679411 1.4142135623731 42.7200187265877 20 10.1980390271856 56.9209978830308 60.0166643524946 42.2965719651132 11.3137084989848 44.2831796509691 20.8806130178211 59.8414572015087 65.924198895398 7.07106781186548 16.7630546142402 58.821764679411 61.9838688692469 82.0060973342836 65 33.5410196624968 57.9396237474839 80.6535802057168 71.028163428319 59.9082632030006 32.4499614791759 4.12310562561766 44.7213595499958 21.0237960416286 46.3896540189728 83.168503653727 59.6824932455071 14.142135623731 69.7710541700496 67.4759216313494 80.0812087820857 51.0392006206994 22.4722050542442 28.6356421265527 45.5411901469428 87.091905479212 64.4980619863884 54.3323108288245 27.8567765543682 15.2970585407784 3.60555127546399 52 3 65.5133574166368 15.1327459504216 28.3196045170126 45.0111097397076 61.3921819126833 28.6356421265527 17.2626765016321 46.9574275274956 20.6155281280883 70.178344238091 77.6208734813001 100.960388271837 89.4706655837543 80.6039701255465 28.1602556806574 20.6155281280883 65.6201188660917 21.0237960416286 67.3646791723972 103.580886267689 80.6225774829855 7.07106781186548 89.3196506934504 88.4590300647707 100.662803457881 72.0624728967859 7 28.4604989415154 66.4830805543786 107.707938426097 85.4751425854324 75.3259583410659 29.1547594742265 6.32455532033676 23.3452350598575 73.0068489937759 21.3775583264319 86.3133825081603 6.08276253029822 20 66.0302960768767 82.2009732302483 28.4604989415154 4.47213595499958 41 7.28010988928052 89 28.1602556806574 36.6196668472011 37 15 67.3572564761956 47.0425339453563 2.82842712474619 46.3896540189728 67.3646791723972 38.5875627631495 13.3416640641263 60.5309838016862 30.5286750449475 21.095023109729 34.8855270850248 6.40312423743285 68.4470598345904 61.3514466007119 1.4142135623731 41.6293165929973 18.1107702762748 8 59.464274989274 61.660360037872 44.1021541423999 8.48528137423857 46.0977222864644 19.6977156035922 61.5223536610881 68.2495421230062 5.09901951359278 15.6524758424985 61.3514466007119 63.6396103067893 82.4196578493262 66.4906008395172 34.5398320783411 53.2353266168247 3.16227766016838 25.8069758011279 23.7065391822594 97.0051545022222 82.9698740507662 39.3573373083089 83.168503653727 103.580886267689 38.5875627631495 26.2488094968134 97.1236325515062 18.0277563773199 21.6333076527839 4.47213595499958 36.8781778291715 105.621967412087 91 38.9486841883009 5.8309518948453 23.43074902772 32.0156211871642 89 98.3717439105356 80.3616824114578 37.4833296279826 82.2800097228968 19.2093727122985 98.0815986819138 100.244700608062 42.2018956920184 23.0217288664427 91 100.284595028349 120.929731662648 103.73041983912 23.3238075793812 30.4138126514911 24.7588368062799 32.0156211871642 6.08276253029822 79.0759128938769 60.2079728939615 15.0332963783729 59.6824932455071 80.6225774829855 13.3416640641263 26.2488094968134 73.824115301167 23.1948270094864 8.06225774829855 22.2036033111745 10.6301458127346 81.7863069223693 73.0068489937759 14.142135623731 28.6530975637888 5.09901951359278 5.8309518948453 71.0633520177595 74.9666592559653 57.3149195236284 11.4017542509914 59.3043000127309 7.07106781186548 74.8131004570724 80.6225774829855 16.1245154965971 4.12310562561766 73.0068489937759 76.9415362466854 94.8736001214247 79.8310716450681 29 70.6045324324154 94.5568612000208 83.86298349093 73.9797269527267 29.2745623366089 14.3178210632764 58.8557558782486 14.142135623731 7.07106781186548 60.5309838016862 97.1236325515062 73.824115301167 83.2586331859946 81.6149496109628 94.1116358374457 65.1229606206597 9.21954445729289 28.0713376952364 59.6824932455071 101.138518873869 78.63841300535 68.4689710744948 28.2842712474619 1.4142135623731 16.7630546142402 66.0302960768767 14.8660687473185 79.6241169495775 1 22.1359436211787 59.0762219509677 75.5049667240507 28.0713376952364 3.16227766016838 40.6078810084939 7.81024967590665 83.240615086627 53.6003731330296 14.8660687473185 9.8488578017961 17.464249196573 80.156097709407 68.9420046125727 30 69.7710541700496 89.3196506934504 30.5286750449475 18.0277563773199 23.1948270094864 83.2586331859946 24.5153013442625 18.0277563773199 31.9530906173409 92.1357693840997 74.2428447730823 30.2324329156619 23.7697286480094 24.0831891575846 27.2029410174709 72.2495674727538 84.581321815162 66.6408283261845 33.5261092284804 68.4470598345904 18.1107702762748 84.1724420460759 84.0119039184329 35.3553390593274 19.1049731745428 74.2428447730823 86.4060183089118 111.198021565134 90.3382532485547 6.70820393249937 31.7804971641414 21.0237960416286 34.2052627529741 11.4017542509914 87.0976463516667 68.1175454637056 23 67.4759216313494 88.4590300647707 21.095023109729 21.6333076527839 8.06225774829855 81.6149496109628 24.5153013442625 17.2046505340853 17.0880074906351 89.4427190999916 81.0246875958186 22.0227155455452 22.6715680975093 3 13.1529464379659 79.0759128938769 82.7345151674922 65.1920240520265 17 67.1863081289633 6.70820393249937 82.6075057122535 88.684835231284 23.0867927612304 8.60232526704263 81.0246875958186 84.717176534632 101.21264743104 87.4757109145162 31.04834939252 48.7647413609464 5.09901951359278 26.8700576850888 20.2484567313166 95.1314879522022 80.049984384758 35.8468966578698 80.0812087820857 100.662803457881 34.8855270850248 4.47213595499958 22.2036033111745 94.1116358374457 18.0277563773199 17.2046505340853 32.8024389337135 102.489023802552 89.0898422941695 35.3411940941446 7.07106781186548 19.1049731745428 28.0178514522438 87.091905479212 95.3362470417207 77.3692445355388 33.3016516106934 79.3095202355934 15.2643375224737 95.0789145920377 98.0459076147495 38.2753184180093 19.2353840616713 89.0898422941695 97.2676719162127 117.046999107196 100.578327685441 24.0831891575846 23.1948270094864 35.3553390593274 39.6232255123179 14.7648230602334 73.3893725276351 52.0384473250308 9.21954445729289 51.0392006206994 72.0624728967859 6.40312423743285 36.8781778291715 10.6301458127346 65.1229606206597 31.9530906173409 17.0880074906351 32.8024389337135 72.691127381545 67.4166151627327 7.81024967590665 39.1152144312159 14.3178210632764 5 65.5515064662895 66.1891229734916 49.0102030193714 2.23606797749979 51.0098029794274 17.6918060129541 66.1211010192662 73.9797269527267 6.08276253029822 14.2126704035519 67.4166151627327 68.1835757349231 84.380092438916 70.7106781186548 36.8781778291715 76.1183289359403 103.121287811974 92.9623579735368 82.2800097228968 35.1283361405006 23.3238075793812 66.9402718847182 22.4722050542442 7 68.4470598345904 105.621967412087 81.7863069223693 9.21954445729289 92.1357693840997 89.4427190999916 102.489023802552 72.691127381545 35.1710107901379 67.6830850360709 109.48059188733 86.4927742646748 76.2954782408499 35.7351367704113 7.81024967590665 25.4950975679639 73.4370478709486 23.7065391822594 87.8009111570034 8.48528137423857 27 66.6108099335236 83.6779540858881 35.1710107901379 6.40312423743285 34 2 92.2821759604746 81.0246875958186 88.0056816347672 71.5891053163818 70.8590149522275 6.08276253029822 24.5967477524977 58.821764679411 28.6356421265527 28.4604989415154 61.3514466007119 91 73.0068489937759 28.0713376952364 74.2428447730823 81.0246875958186 89.0898422941695 67.4166151627327 35.1710107901379 60.0832755431992 96.0468635614927 78.1024967590665 68.9637585982667 2 29.1547594742265 26.9258240356725 69.0796641566822 25.9422435421457 76.9415362466854 28.1602556806574 11.4017542509914 62.2414652783817 73.1641988953614 1e-05 29.4278779391243 68.5930025585701 34.7131099154196 72.0069441095788 29.4108823397055 36.8917334913934 36.4005494464026 15.2643375224737 66.098411478643 46.0977222864644 1.4142135623731 45.5411901469428 66.4830805543786 1.4142135623731 38.9486841883009 14.142135623731 59.6824932455071 30.2324329156619 22.0227155455452 35.3411940941446 7.81024967590665 67.6830850360709 60.0832755431992 42.154477816716 19.0262975904404 9.05538513813742 58.1893461039046 60.8276253029822 43.1856457633784 9.89949493661167 45.1774279923061 20.2484567313166 60.6712452484701 67.0820393249937 6 16.1554944214035 60.0832755431992 62.8012738724303 82.2009732302483 65.7343137181792 34.0147027033899 53.2541078227774 8.94427190999916 31.6227766016838 27.2029410174709 102.078401241399 87.0976463516667 42.7200187265877 87.091905479212 107.707938426097 41.6293165929973 5.8309518948453 28.6530975637888 101.138518873869 23.7697286480094 22.6715680975093 7.07106781186548 39.1152144312159 109.48059188733 96.0468635614927 42.154477816716 25 34.4818792991333 94.0478601564119 102.357217625334 84.4037913840368 39.4081209904761 86.3481325796916 21.9317121994613 102.107786186951 105.076162853427 44.7772263544762 26 96.0468635614927 104.292856898256 123.490890352285 107.563934476199 29.1547594742265 30.6757233003559 22.4722050542442 33.5410196624968 9.21954445729289 84.1724420460759 65.1229606206597 20 64.4980619863884 85.4751425854324 18.1107702762748 23.43074902772 5.09901951359278 78.63841300535 24.0831891575846 3 19.1049731745428 14.3178210632764 86.4927742646748 78.1024967590665 19.0262975904404 25 10.1980390271856 76.1577310586391 79.7621464104371 62.2012861603359 14.422205101856 64.1950153828161 6 79.6303962064738 85.7088093488645 20.2484567313166 6.40312423743285 78.1024967590665 81.7435012707432 98.6154146165801 84.5281018360166 30.4138126514911 27 30.4138126514911 35.2278299076171 9.8488578017961 75 55.0363516232681 10.1980390271856 54.3323108288245 75.3259583410659 8 32.0156211871642 5.8309518948453 68.4689710744948 27.2029410174709 13.1529464379659 28.0178514522438 5 76.2954782408499 68.9637585982667 9.05538513813742 34.4818792991333 10.1980390271856 67.0522184569608 69.5844810284592 52.0864665724217 6.32455532033676 54.0832691319598 12.8062484748657 69.462219947249 76.1183289359403 10.295630140987 9.21954445729289 68.9637585982667 71.5681493403316 89.044932477935 74.3303437365925 32.3882694814033 79.4040301244213 86.0058137569781 69.6347614342147 68.8839603971781 8.06225774829855 23.7697286480094 56.9209978830308 27.8567765543682 29.1547594742265 59.464274989274 89 71.0633520177595 28.2842712474619 72.2495674727538 79.0759128938769 87.091905479212 65.5515064662895 35.7351367704113 2 58.1893461039046 94.0478601564119 76.1577310586391 67.0522184569608 29.4278779391243 25.9422435421457 67.2309452558864 25.0798724079689 74.9666592559653 28.4429253066558 13.0384048104053 60.4152298679729 71.1969100453102 2 29.8328677803526 68.8839603971781 35.1710107901379 70.0357051795725 71.3091859440283 95.8175349296777 85.2349693494401 75.1864349467376 30.1496268633627 15.6524758424985 60.0166643524946 15.2970585407784 6.32455532033676 61.660360037872 98.3717439105356 74.9666592559653 1.4142135623731 84.581321815162 82.7345151674922 95.3362470417207 66.1891229734916 7.81024967590665 29.1547594742265 60.8276253029822 102.357217625334 79.7621464104371 69.5844810284592 29.4278779391243 18.0277563773199 67.0671305484289 16.1554944214035 80.8084154033477 1 22.8035085019828 60.1331855134916 76.6876782801514 29.1547594742265 2 39.4588393138977 6.40312423743285 84.5990543682375 57.2712842531054 77.7946013551069 67.6756972627545 57.2712842531054 31.2409987036266 3.16227766016838 42.2965719651132 3.60555127546399 23.3452350598575 44.1021541423999 80.3616824114578 57.3149195236284 16.7630546142402 66.6408283261845 65.1920240520265 77.3692445355388 49.0102030193714 25.4950975679639 26.9258240356725 43.1856457633784 84.4037913840368 62.2012861603359 52.0864665724217 25.9422435421457 18.0277563773199 50.0899191454728 2 62.9682459657247 17.7200451466693 28.0178514522438 43.0464865000618 58.8557558782486 26.9258240356725 19.9248588451713 50.5371150739731 23.7065391822594 66.8879660327626 21.095023109729 36.1247837363769 41.4366987102013 16.1554944214035 75.0266619276108 53.1507290636732 11.3137084989848 52 73.0068489937759 8.48528137423857 37.4833296279826 11.4017542509914 66.0302960768767 33.5261092284804 17 33.3016516106934 2.23606797749979 73.4370478709486 69.0796641566822 9.89949493661167 39.4081209904761 14.422205101856 6.32455532033676 67.2309452558864 67.0671305484289 50.0899191454728 52.0864665724217 18.4390889145858 67.0298440994756 75.4320886625844 7.07106781186548 15.2643375224737 69.0796641566822 69.065186599328 84.2199501305955 71.449282711585 38.6393581727233 59.0931468107766 79.6994353806851 69.3397432934389 59.2283715798434 30 1.4142135623731 44.2831796509691 3 21.3775583264319 46.0977222864644 82.2800097228968 59.3043000127309 14.8660687473185 68.4470598345904 67.1863081289633 79.3095202355934 51.0098029794274 23.7065391822594 25.9422435421457 45.1774279923061 86.3481325796916 64.1950153828161 54.0832691319598 25.0798724079689 16.1554944214035 2 52.0864665724217 64.9384323802169 15.8113883008419 26.4007575648882 45.0444225182208 60.8276253029822 25.9422435421457 18.0277563773199 49.6588360717405 21.9544984001001 68.60029154457 36.4005494464026 17.6918060129541 27.6586333718787 6.08276253029822 83.0240928887513 65.7647321898295 20.8806130178211 65.5133574166368 86.3133825081603 19.6977156035922 19.2093727122985 7.07106781186548 79.6241169495775 18.1107702762748 6.70820393249937 15.2643375224737 17.6918060129541 87.8009111570034 76.9415362466854 20.2484567313166 21.9317121994613 6 12.8062484748657 74.9666592559653 80.8084154033477 62.9682459657247 18.4390889145858 64.9384323802169 80.6039701255465 85.146931829632 23.0217288664427 4.12310562561766 76.9415362466854 82.7647267862342 101.788997440784 85.8661749468322 24.5153013442625 71.5681493403316 95.5091618641898 84.7230783199005 74.953318805774 29.1547594742265 15.2315462117278 59.8414572015087 15.1327459504216 6.08276253029822 61.5223536610881 98.0815986819138 74.8131004570724 1 84.1724420460759 82.6075057122535 95.0789145920377 66.1211010192662 8.48528137423857 28.1602556806574 60.6712452484701 102.107786186951 79.6303962064738 69.462219947249 28.4429253066558 1 17.7200451466693 67.0298440994756 15.8113883008419 80.6039701255465 21.8403296678416 60.0749531835024 76.4852927038918 28.1602556806574 2.23606797749979 40.4474968323134 7.21110255092798 84.1189633792524 85 97.3293378175358 82.0060973342836 79.1012010022604 8.54400374531753 25 65.924198895398 28.3196045170126 20 68.2495421230062 100.244700608062 80.6225774829855 22.1359436211787 84.0119039184329 88.684835231284 98.0459076147495 73.9797269527267 27 11.4017542509914 67.0820393249937 105.076162853427 85.7088093488645 76.1183289359403 13.0384048104053 22.8035085019828 28.0178514522438 75.4320886625844 26.4007575648882 85.146931829632 21.8403296678416 68.4105255059483 81.2219182240853 11.4017542509914 22.3606797749979 61 27.0739727413618 82.2253002426869 23.7697286480094 40.4598566482878 42.0594816896262 19.1049731745428 68.1542368455549 46.0977222864644 7.07106781186548 45.0111097397076 66.0302960768767 5.09901951359278 42.2018956920184 16.1245154965971 59.0762219509677 35.3553390593274 23.0867927612304 38.2753184180093 6.08276253029822 66.6108099335236 62.2414652783817 6 44.7772263544762 20.2484567313166 10.295630140987 60.4152298679729 60.1331855134916 43.0464865000618 7.07106781186548 45.0444225182208 23.0217288664427 60.0749531835024 68.4105255059483 19.2093727122985 62.2414652783817 62.1288982680363 78.7718223732319 64.6297145282261 39.560080889705 34.5253530032641 21.2602916254693 28.0713376952364 2.82842712474619 79.2464510246358 61.660360037872 16.7630546142402 61.3921819126833 82.2009732302483 15.6524758424985 23.0217288664427 4.12310562561766 75.5049667240507 19.1049731745428 8.60232526704263 19.2353840616713 14.2126704035519 83.6779540858881 73.1641988953614 16.1554944214035 26 6.40312423743285 9.21954445729289 71.1969100453102 76.6876782801514 58.8557558782486 15.2643375224737 60.8276253029822 4.12310562561766 76.4852927038918 81.2219182240853 19.2093727122985 73.1641988953614 78.644770964127 97.9081201943945 81.7435012707432 25.0199920063936 81.0246875958186 88.0056816347672 71.5891053163818 70.8590149522275 6.08276253029822 24.5967477524977 58.821764679411 28.6356421265527 28.4604989415154 61.3514466007119 91 73.0068489937759 28.0713376952364 74.2428447730823 81.0246875958186 89.0898422941695 67.4166151627327 35.1710107901379 1e-05 60.0832755431992 96.0468635614927 78.1024967590665 68.9637585982667 2 29.1547594742265 26.9258240356725 69.0796641566822 25.9422435421457 76.9415362466854 28.1602556806574 11.4017542509914 62.2414652783817 73.1641988953614 29.4278779391243 68.5930025585701 34.7131099154196 72.0069441095788 73.24616030892 97.718984849414 86.9540108333135 77.1297607930946 30.0166620396073 17.464249196573 61.9838688692469 17.2626765016321 4.47213595499958 63.6396103067893 100.284595028349 76.9415362466854 3.16227766016838 86.4060183089118 84.717176534632 97.2676719162127 68.1835757349231 6.40312423743285 29.4278779391243 62.8012738724303 104.292856898256 81.7435012707432 71.5681493403316 29.8328677803526 2 19.9248588451713 69.065186599328 18.0277563773199 82.7647267862342 2.23606797749979 22.3606797749979 62.1288982680363 78.644770964127 29.4278779391243 39.2045915678253 5.3851648071345 86.3539228987311 77.884529914483 119.037809119624 114.58621208505 97.4166310236604 69.065186599328 50.1597448159378 82.0060973342836 46.9574275274956 41 82.4196578493262 120.929731662648 94.8736001214247 40.6078810084939 111.198021565134 101.21264743104 117.046999107196 84.380092438916 34 68.5930025585701 82.2009732302483 123.490890352285 98.6154146165801 89.044932477935 68.8839603971781 39.4588393138977 50.5371150739731 84.2199501305955 49.6588360717405 101.788997440784 40.4474968323134 61 78.7718223732319 97.9081201943945 68.5930025585701 39.2045915678253 34.0587727318528 113.137084989848 74.1484996476665 101.242283656583 91.2688336728371 80.3616824114578 35.0142828000232 21.6333076527839 65 20.6155281280883 7.28010988928052 66.4906008395172 103.73041983912 79.8310716450681 7.81024967590665 90.3382532485547 87.4757109145162 100.578327685441 70.7106781186548 2 34.7131099154196 65.7343137181792 107.563934476199 84.5281018360166 74.3303437365925 35.1710107901379 6.40312423743285 23.7065391822594 71.449282711585 21.9544984001001 85.8661749468322 7.21110255092798 27.0739727413618 64.6297145282261 81.7435012707432 34.7131099154196 5.3851648071345 34.0587727318528 90.5538513813742 59.2114853723498 20.2484567313166 3.16227766016838 23.0217288664427 77.7817459305202 68.9637585982667 33.5410196624968 70.178344238091 89 34.5398320783411 23.3238075793812 29 83.240615086627 6.70820393249937 31.04834939252 24.0831891575846 36.8781778291715 92.2821759604746 72.0069441095788 34.0147027033899 29.1547594742265 30.4138126514911 32.3882694814033 70.0357051795725 84.5990543682375 66.8879660327626 38.6393581727233 68.60029154457 24.5153013442625 84.1189633792524 82.2253002426869 39.560080889705 25.0199920063936 72.0069441095788 86.3539228987311 113.137084989848 90.5538513813742
Deviation Vector:
1.18235833847996 28.5266382538656 30.5000848735416 135.256076555631 42.4393921982631 27.6199675145057 58.2828000566225 71.9298264770903 16.4746566396408 9.48879240787608 39.379030586863 31.6462331429419 25.3724012530196 20.7793553801698 47.7045610768977 10.0652432699425 50.9663778040185 104.260827633934 33.8166735805097 63.5789735515937 40.8808616206885 31.995403020979 85.5406026782381 67.730763483443 0.690384299325158 23.8622471756726 16.5171932800877 7.1339013291788 77.2855024243884 56.2166884664157 25.6258005950866 38.056583488427 90.790211958151 21.5184522833219 80.9210402301387 14.5806733205151 70.7084536501849 22.1008522839444 25.6157056534606 3.306748168835 56.0998709085102 63.6265192047231 22.3692718914851 86.3130046521467 145.947509599509 57.8346090622253 4.75642290183202 12.1024648023839 117.228272990023 15.275908234421 1.18464019236641 4.82416836764932 20.7266474052922 116.901434285927 23.7236802158707 22.0720566836111 5.71059452041553 12.3390612336841 24.1569642776808 7.91297491776544 115.982701610025 19.1387188972015 43.1432679140013 56.1588938427503 9.55001380475477 57.9670127103179 87.7205025487633 4.35432912718367 21.8022363838185 35.0484776873532 25.4533976875903 193.114808528546 120.478762851008 17.4450195032383 66.2369862013731 23.0144547175184 21.1778953066545 72.9425617133134 104.328123786875 15.340811662115 24.5127138976446 139.074288817645 50.8398849453321 24.0353453296054 33.9908894880886 1.44875129214748 15.0652409686316 2.52487158638213 15.2180247493638 27.6401303155048 15.4150565971337 10.7716163364776 34.3471940369711 43.0102926224903 28.6808583463122 52.2565642727147 23.7235519883281 11.0828835942365 107.672687917647 56.6098405031831 36.6307904776791 6.22705148413243 115.403752820768 7.53953147956899 45.7055182839518 22.5105547670636 78.8331548377853 23.9016109250929 13.6872221375972 88.7961992796077 2.22254408780401 16.8271410304288 19.491064421841 11.7139229869888 107.403646851359 20.1851760817117 7.32239594896405 77.8334324420265 33.0590321574359 15.5125043070653 8.78181859381169 3.50343946389368 87.6387088048219 22.9485237601048 3.5313647537495 8.37038409975454 17.2906669617779 53.5154659540516 38.5055845713099 17.3362545255619 10.6156069728418 9.88050374122569 13.4030674879408 8.6808096069871 87.4891739687554 47.0321720671028 14.9911045861018 37.8157424914501 6.66727835106996 78.5042471297105 127.462225704368 3.29710501529903 4.27640338040721 62.7818560054284 48.0606232408943 124.839777723517 98.2290609687988 25.1149699100122 82.5845849307434 0.576495318861191 38.5424458517639 101.932694013788 16.6483191601352 3.69827972851369 32.8552665969906 25.1137667634588 31.6859017969768 54.0528528508174 121.952664899226 29.6793357215688 5.33891664944685 26.6618557875069 43.6817439335499 104.761994447521 15.1801943270413 9.87111961035023 41.1365817136285 138.832891844246 53.4436015427574 6.90763294241615 6.29735686248859 18.6917433665301 8.26887180425626 50.0189478543421 45.179305273073 73.7082915324587 9.38318103259422 9.41522114963513 24.0157117626598 101.135026206674 6.74031654514844 25.5477490090263 67.3157937803489 2.2356775566026 70.6375454243448 21.7987193667071 76.7989639708693 96.0060295330854 55.097174349951 24.9267540643621 34.608053129176 4.05976548742061 24.2780427875124 57.6374411873542 65.1955677263201 96.9223951978368 17.4917413656718 97.0791350236472 91.5165457277666 18.4323517226171 78.069603805208 11.6211930480721 20.9128072932711 6.38747773003224 101.463257400661 47.5304986134864 56.4869913562217 35.3402929774948 3.21627784057432 4.35992970633002 60.4132767766349 1.8576850102086 39.6892891026245 7.38677315905082 34.4358028577948 69.6838447381397 52.151123232385 17.3838245171042 22.0726363408732 6.89526230620858 34.143773473447 27.8322091708634 34.4213462069173 42.0390612870694 0.0878774617684829 4.40667587248403 72.177243663635 55.3029399668897 2.83149406692168 54.4791526186475 4.11363104987593 61.5369065875603 19.9713555281681 39.9200423240031 2.27285069800572 19.9425193208828 50.4769793481606 10.1610400745613 48.6988978362 94.9152318628279 1.20845223651661 10.1585114545973 26.0168684382556 14.8688319270844 41.1401170511429 63.1333260555901 56.817753362312 17.7459881701255 5.86031691192054 20.4807084777061 4.76691251475398 5.55663209556965 9.78936567939323 20.1452162614038 71.4035723463382 85.9639920307148 121.639237660774 45.5395370302024 33.0264640844379 89.6099536828513 123.466801561215 57.7246967008998 88.8923013820201 40.0094312017279 6.14742949244283 69.7460329681803 9.95851388653281 59.0425227775091 86.1078988808667 71.689176164948 17.819284738423 18.3847999406415 97.0957410971418 74.8368130929225 4.85715323007723 12.0311986871512 10.3115765539553 65.5102421322133 41.5928548370816 31.7609860254385 43.084748979913 15.5227240934715 8.82214078062794 1.98689504978362 6.89782970635672 0.492818803127874 20.4137510193318 24.4536944485185 24.4930934571032 58.3459073105231 94.3112341954726 22.0312358588212 8.33116829613623 65.4431868069626 7.750949418978 24.368495189984 102.994649896059 85.7814455273413 144.941461191809 59.3157181031618 11.9536015536004 25.8447958379905 65.5802610987437 4.98490954987705 37.8470043800668 113.375261821123 62.2800770175711 6.51894858410533 80.9857223706362 110.579411104307 142.372610619962 5.28474703735245 1.26665906446893 10.380327247701 41.5121132572512 33.7774105765729 45.2163894181091 70.50494238805 8.83977798889277 8.81568162628104 14.1450657171377 15.5552392162992 11.4776150292989 93.9538142668168 9.77339409817522 18.2575291562373 94.8034165289854 107.460035096705 3.87590256676304 6.39246836326056 17.0900053214934 4.08174046262062 94.0472367642532 39.8811735206691 29.2143696828136 59.8857285140472 13.2665122352069 105.768905511154 43.0018698545396 0.466079589010253 55.3885694726048 47.2975693523482 9.18845700091669 18.343943453688 64.5768635400182 26.3316178929924 1.31196195883708 55.6717289910025 1.1024462093976 25.010202874478 83.6451099463234 1.10037300833518 24.0809079781798 4.96109987894011 1.92204227334313 33.2316587863455 73.1789699229456 2.19037900114768 2.03468088146051 60.986950420826 29.1342098540933 40.396736467765 17.5617866718346 4.63720305211737 6.98875593477272 64.7316304466538 57.3786147308436 109.694744804819 66.425257006211 6.54110175851382 79.6247917614519 1.79192691950496 23.0066814450569 2.54815571480495 30.5806946342188 27.5447548766458 38.1769431991016 31.3912117788775 31.2275333033185 44.0739985870152 19.4985593156013 3.7402717043199 5.29866539942599 28.58400878391 1.39728012135742 19.699303232047 26.8070133226882 136.431632372142 22.7397370946432 2.87810501119375 28.0207347625599 13.9766821381299 102.368670141287 142.955106936294 108.165904069449 59.8498204105706 72.5679180242388 11.9340320908926 127.6324864589 25.5257666684596 34.2105194143982 26.950539208981 74.7375375067554 7.60002797707216 154.565620393879 117.893746681942 9.51074004885631 18.9115144249536 37.4844051731857 22.7070570372439 0.837247386002239 49.8550870360813 45.0210971166208 6.48776481586311 19.4219899724971 85.4761418022173 12.884472649322 15.2039244080332 68.8855895472395 35.9420184182597 8.64930561911158 11.1607386084749 3.8245463194683 48.8001314444634 24.0573548293093 1.12325330410304 16.2473929625946 6.17738470848802 4.0856715968118 17.1959904790065 109.910072635484 86.6215451718269 16.1065484665283 39.2040215266383 11.2225687921618 79.6337746224481 13.8073884889766 5.94244698144365 0.246963296496997 4.29972707639564 82.9263736955598 18.741332852153 55.0328315066077 5.77675203672437 44.417291296033 95.9551638996275 105.616991347813 117.985218979709 46.6639844991332 8.10614853226483 89.3463697879192 14.7146103324902 7.55764466550092 15.2231838366427 1.05019624645904 103.230788760435 27.5519534519558 47.1612727796372 92.5562965837273 67.1813005376921 7.55847795967035 23.1096517306692 54.7042378999388 61.3025032558117 116.723992624639 60.071455778749 1.25058418011786 0.041332722055415 20.8848868543331 6.87456105433527 1.31002017807164 55.5240083805117 0.301652245046988 17.2104206970548 52.9633020186598 70.2763958413028 4.65787467325795 1.67467480512949 36.5161551774161 1.04341548252523 91.2097922299189 42.3951699595264 17.4538906427382 5.30068881365094 18.2054883981689 94.9760561818913 21.385262193629 41.2008993595008 9.51635547130445 115.549752557251 23.7703801879914 17.2386107252264 11.3786208939068 5.73375330595544 38.301487678229 6.28329058664195 30.2346454640754 148.022111357796 28.0460438737989 17.1043632425889 2.00454223321205 11.2199338083985 34.3597238873069 27.8871749284776 105.165873802538 35.5374105784784 44.1450326674065 96.4624321140343 19.2489690258899 49.6304681932882 129.621590819527 18.8174393883988 26.3758985285653 80.9711522173913 92.4925416890798 88.588713041692 58.6447748382099 9.26156786984935 17.2788331198488 16.5155126530749 35.8455059070472 15.0767410998895 10.0548401284494 104.800214804368 31.9972421346053 3.47149969082727 23.0620460924663 14.9997974867998 0.685072289359302 5.14750715203895 104.207652629736 2.84375542576535 18.9999915500347 15.6109819558045 44.8987400218337 58.4492997633955 31.8631576695742 4.36140910539608 1.51299208741518 11.6184234050285 61.8375203352042 34.8213545274092 92.2838691887934 9.11597813576596 101.552527639466 5.76681016200494 110.108310191808 47.386922793699 14.1741993963046 2.15278910688729 106.943862659001 3.01254936883219 159.164410113769 125.55700399248 48.8725922118445 65.2186069476564 7.58113858913559 5.60088596334722 8.5474032734091 144.45251048828 67.7953784497272 2.60252797217655 0.649032927148976 32.7073132738451 34.4028797370833 2.28118225518874 23.2315409751674 75.9152157468413 12.6638024065666 26.6779901351511 2.08746405813082 152.141199252871 30.7504021528139 52.2769557942595 2.788488015434 4.40030337333058 19.9634785741421 8.78891710751262 72.8990419990148 102.628742544006 11.6946102828506 36.3395123936711 20.7906369086816 28.2765454671532 26.1967528103229 50.1320367943826 0.162892289080349 11.3702375466641 147.673521711466 50.3997971295763 1.98462409898647 17.7923082945455 11.6715379895758 0.984179850660348 42.1474209027212 21.9901451288524 39.4779539264544 25.1686724780665 6.1740122307263 63.3083117899246 29.3969067466516 4.69543094808864 40.510817966684 8.00554284612657 38.1727947669376 47.7013484443754 16.8046973324114 42.6002657141165 115.853008829847 8.20641056232666 7.80108244388613 12.4620078201101 8.30326870160735 3.67260284852828 40.3796138214498 56.0697381793597 20.4837894470547 1.3963498238718 49.7213323921305 5.48130728749622 69.7618049837815 73.5708300131483 6.37842855993353 22.1469915108868 68.9206570140561 33.1349366459596 119.927049804825 110.325227521977 35.757887935837 35.3639589968051 121.092726512618 128.061066828439 98.5628133950625 22.7081142544228 11.7624483794236 10.5574403718842 11.5269581177227 10.4141193905886 99.6867329006418 50.7374427758507 131.631639641311 7.64196067695285 73.613322789829 50.3596506806277 160.232117074029 102.855327953883 49.5964745042437 24.0282720680465 45.2247927277295 65.608853667268 50.7237733565183 52.4644043174369 0.989359287266718 2.22049254401003 102.816086805552 27.2384374775682 50.3153154393719 10.1397730210516 29.2375675018323 102.759384221595 2.78061948973784 22.1859454540213 8.28497679976128 41.8582509113841 2.55447000238352 15.8597265115341 112.530275298331 14.4181739052437 2.38011976269266 86.3700617108272 3.9185191940161 0.402391102638536 24.7899347977125 41.3259943586824 16.4899429581938 21.994709646754 112.092409521173 26.5163819310475 20.0293205033108 1.37528519977702 90.889544953976 122.796831212802 100.226280732141 43.9083948734701 88.0486255820486 121.055755491635 60.2220447743803 28.4240335238052 1.65804059195398 6.63537676212125 8.84504438415566 59.5639617529308 22.2686555181729 124.829386394858 13.1516768367304 5.80671952570227 10.4508591897875 16.7929031393061 6.73115300200988e-06 5.91957255816536 99.3517250845523 45.7281312201085 15.662575239413 7.16212505850128 41.8402657009894 29.0080464806012 9.18948347483465 48.8847813926996 53.4787216404363 1.86045179258122 34.5247708691341 43.5811229049188 1.50973062785795 24.0868245778896 3.92588723587146 54.1104362907972 7.63251593874348 23.0944822758798 46.6078724474678 8.44664041198439 86.381076413206 1.2586506034007 13.3792493421151 9.67118040468172 0.153901106501246 45.6446503028747 61.8975193373978 7.98519187010033 10.0374883161567 2.90755837963981 7.81710114359972 50.7222202892013 92.685545859088 3.62144338060143 17.4404542513473 53.4420041837672 87.9523187980414 4.53868549492215 0.177199808889089 31.7784734798848 72.9982055277019 6.80476252730632 50.2732260463956 22.0873665925775 140.788591203619 20.9936288735144 3.94051509276613 0.464702742123843 138.911140213673 58.7405398506949 6.33717915258975 26.9228612597832 144.828968210109 33.3775350878989 32.8266235365585 10.2458484418438 21.9934599375656 91.8721326227957 0.724196122945055 66.4444455628049 22.5880574690341 13.5720379285716 73.9108110203417 67.4381799354419 84.1651847018833 9.4215559922968 133.694264266843 16.9162291707599 30.0494032470253 162.974441682178 3.54747769677721 1.00614765333328 65.8365211948714 4.44897079999376 105.046998669272 47.1492592445353 8.27103005359109 28.9237165720107 9.97030699990181 52.7733047941981 6.707941669249 128.825089038029 57.7422302140882 10.6643815914212 84.3859074944022 60.5368632661624 6.44481296126058 5.72357314685081 7.89023829961654 28.5768292253463 4.67560137709074 2.47373922574515 14.4623582971839 14.031877993757 128.306061273643 9.98320696066344 23.1950617298084 35.1350546577223 9.16941918710448 115.256834950012 106.08916518919 60.8552857525905 22.3846233800176 24.9837991824708 6.12611406985621 61.8246021226175 70.926013765808 26.4184247680891 0.595075128501746 99.2835713872848 102.323520088716 80.9152839406451 99.3492905688956 15.5743801445143 36.5507810212959 26.0750611187829 42.9892909047268 0.819841558277841 82.6214158225602 62.8173526452955 4.55482759798353 70.4017794740191 25.581708436255 9.62905618680279 20.7924148722199 1.14694144434698 91.1632779120474 6.58870767345939 21.0723489207868 16.929613566698 0.646282498119266 99.6285054864541 109.142347018681 0.49809394796953 2.3676941099981 9.9663171816271 55.7471997252 62.3607708120718 34.1502422171378 5.8460072282311 29.2611138326 3.59936229281701 8.23147141690335 6.85315843661094 8.16593209380247 13.573340514531 65.334588249522 27.7055837632829 138.507414264511 31.4156430827946 49.5055024382744 29.8376348576427 7.91821368196341 16.8355165453823 108.795451209607 5.97826053007446 10.4222580127419 73.1155964633998 27.4032033052817 12.07657527333 15.6039203713764 99.0547010310525 6.65878013146158 6.18483984665239 84.3860096237532 12.8393114700561 104.15712135766 24.4529162107217 37.8276012964464 0.450489048140716 75.4930264121071 150.438299415419 38.5592303345772 94.9373174968967 1.86220697485365 33.7107246014222 84.8294031869046 25.3471249580369 4.51517012367974 33.8724937932075 18.6880111348152 95.9834910509368 111.541581859631 3.0507421068872 6.09047857396484 104.684294199404 22.5283483031547 45.006414647155 83.993945298798 155.632118185944 90.0800754051582 108.290440570856 33.4927276801158 18.0088956305992 1.95737003417982 9.98159841139067 8.30359118986411 75.7533711034667 100.885252926351 55.8593272554472 2.05598822229355 58.917154834284 59.4339670629178 31.81991349969 32.1745227424894 6.10488203026632 0.200364836252572 7.39150095322239 16.9872557355607 5.35215966068254 91.3232984193321 47.0629908735962 0.531565531757715 84.0167806947037 24.2056317006845 18.8800181237388 1.14610048333818 11.6864059957613 52.6923203689561 53.5003022637523 14.880364471725 0.613517533527683 20.1865699390356 10.3812313017977 123.286616868536 31.1669913105506 50.367947305905 77.4123591345529 8.38522421367425 1.45749818904163 0.830569146230266 67.6836334270987 2.67974464897118 22.9021122641629 13.5673705304701 98.790809355944 7.81335065424782 5.27210733134215 90.0212843531543 19.7064838108401 29.5248043342684 50.8189839104321 7.01634256752479 11.0690718140839 28.6444881021201 12.4199325572585 40.1033004297465 9.53401795078779 17.1123286383078 27.4201186022978 44.1132383120121 2.34004817008274 12.6822887239547 24.6710245644386 32.6395202522164 1.39328534737829 18.2523551695511 5.00972956623902 23.4364029658565 23.0718357419467 5.51675028241719 96.2443166737542 9.07935041529792 35.2555313684111 32.8825680066357 11.9233620984121 43.4343751307804 49.4240463583617 11.9081889107396 15.7776539048613 89.9567249333978 12.1692019006094 50.239755030288 17.1866839355443 14.4542699738968 12.6482035271799 0.478979903819196 28.7605674813525 1.25288323260921 50.5105216128963 52.3821967834894 14.2650472704624 9.12241133583739 13.8409105699892 7.63315796335714 93.8839814208853 66.534716094189 75.987829085384 82.4266608708631 9.99316049514351 23.2737868473004 14.2461914983139 2.50667937356358 11.869820247593 80.4639004580362 79.2909420691789 127.648419259548 8.38616421689011 17.4494768336361 55.6571704488423 33.5366207892594 3.98157257064891 44.4013489140673 4.04297168170188 2.2129516467978 42.8912316283489 1.53609001424568 34.0537749761258 9.4896489726185 88.2318511216315 38.8105064712977 14.3330633877535 60.7110501366743 59.5213890274466 23.5941903390049 23.8491666828381 15.551723574297 33.4539895059591 16.1836226034099 52.8589554180243 13.1706441967549 38.1524434625656 20.089532384716 9.04165100968554 2.96611341705929 17.6820625327531 5.28456155123685 21.6990192565181 12.0611186245298 24.0076206899274 41.8418507474517 22.7678502697022 10.64354705322 71.3865283815782 22.2267748929888 36.2789405475883 28.383722205684 26.9699527456681 13.7039702255381 5.99529366694502 80.5684629860414 75.6227325756989 6.75322434776495 15.1372077120981 35.3425542951565 12.230623782213 13.4195936332291 7.53406510550252 22.6233438041534 19.1398202241175 0.344084333986466 7.46873242257304 2.40454837247839 74.8340491196419 80.7083689429979 32.7816403302653 26.1380030736141 6.78201063152727 17.4804100497044 1.67117192650501 2.98716815624609 26.8572723052958 16.5938585793545 40.7400227928965 19.1607398024533 24.3507105233221 26.6179323915722 4.19515858262971 14.1626942857922 2.096562186473 38.3490067118905 99.131944035599 28.8111070288674 50.1099289819219 132.332607151548 134.260442743401 99.0198293091822 13.3470305012623 15.5945066052726 96.0583110226842 22.9203467698208 6.53971535776962 28.802352227258 2.37226625120279 22.5256381204916 1.51711784370199 1.41501292949093 123.323301088249 97.0857786597322 91.366241838566 12.8566838274043 29.7956175951589 11.04076343684 80.5382777541139 4.7054894014816 29.1527007295133 30.5688078279526 1.21530072268602 25.4666618587519 84.3780326493777 19.6161192461155 15.1189909489536 17.187484259462 47.4301538457801 67.8992145228726 15.3801199309467 1.67228390276593 23.5599857992899 7.23968333813885 12.2268610284728 47.7148348497545 86.8408356096149 100.086358798902 81.4356170110881 7.82992711268468 38.0391690229246 60.6689861569877 26.4288329176623 27.7620736176785 21.5017291826414 69.037574583186 102.949613915713 30.3952885091392 73.1464250136877 38.9632090604124 140.422407053787 95.4603955457044 40.8803412319137 11.6430828439698 73.8694086185378 120.475496791942 54.4638886331748 98.0976045928884 4.00499722003254 32.4942908651983 15.4139628817759 64.3687159748538 14.4277874542028 96.4400619751823 5.0440499543773 47.3293730255305 5.4935652979162 12.8063155390065 6.39453811073375 66.9260434439015 11.1887586018285 14.898698342472 9.29602393632228 54.4792278125541 66.0038303432045 13.4906411651548 27.8645654001268 56.2338964139927 3.20252906074865 57.592303214476 2.17131092642405 1.31947939329635 39.8185995387729 24.9441460608594 75.6138491943976 14.7912898693659 24.637733240145 11.0632570223368 0.491284529939216 91.5464303574876 5.45655213440235 3.78548763427736 26.9261444943901 12.8407389289694 1.41256143845327 50.2828029483669 79.7367441565704 8.81749525876461 2.32729668069039 72.6104725802533 29.9739419155719 44.5993858444496 11.4124336107085 1.28176280304953 28.7898424656327 6.82016625675892 60.8794597173995 56.3181088501868 52.6014155933979 42.3199466021198 11.1523836321305 38.2483907875448 4.19890059148842 116.340948137476 79.1205500964661 19.0784860677786 15.9684492993791 59.5135266844263 22.3387629494655 7.84746881022946 1.94611668204491 114.377844841703 18.5659620526164 9.23320535088524 10.0534116986828 15.7616662106838 23.3695455173212 16.265039430955 21.2254690153265 15.8186353678077 1.33145215472507 9.12239617080401 96.1731231841932 28.7395253993089 62.1627840022244 2.85458352618192 29.4731210998203 0.835759432597712 80.9525319273175 15.2574137229118 27.4399315410175 115.816769550418 121.930143842207 125.974043043195 116.461212276627 30.2044486787403 64.693123425743 5.14615238902347 21.8251725258012 42.4631718158839 2.42913596390365 19.1084719810133 28.6906623916298 39.263312866637 6.37124081419764 61.989985122822 77.6935912571092 36.7328253714275 34.6040039834416 40.184212912669 90.0630916060544 128.347681611199 103.195723073655 29.4033298667767 1.89069562014202e-06 57.7135651282951 98.2578967617455 52.6102079745382 80.2228510097379 0.910162546864567 25.115459859476 25.9936838858694 28.4405253502796 20.3775947572611 48.1416504602592 5.91578924604133 4.17720960632078 88.6398441130026 19.6483235694946 19.7529555287547 27.2345564753894 23.1848360558072 104.273443925161 64.8083191616159 40.3273861092997 3.96680709399891 20.737406270172 38.0149933658011 9.58371250680548 93.0737672793144 3.13095118408534 0.151906922968183 83.7426867881989 8.59860214820139 66.9374279780644 4.75909801388391 90.4067526841658 22.5900515564388 53.7129615717496 39.7658188870756 4.62135136838093 41.6013432279686 97.2539371915506 118.209697721736 46.8246513148004 39.215328791947 40.0809308594789 1.87837932891398 6.88855701083788 111.337702666442 29.0323030093858 61.4753599822743 1.46153848509116 32.0245057033638 0.0763226509003552 83.8594857617083 43.4884895568816 10.588859495287 3.80421319555279 34.5601540695966 11.3187412903893 105.681265569646 49.7513438991322 142.346796353218 67.2375692779672 65.4163544980804 109.874222422412 18.4774549759184 64.4033324823037 21.8990960679299 118.113367941898 63.2049079660443 2.15335206480912 99.9629409692907 17.5397104900413 73.2541079497428 122.090161259058 51.5715908441136 107.350912440847 13.6690638128986 185.549115516101 152.766969696679 80.9472583042552 36.495211463712 53.4648491357622 46.0033933335696 134.424667212906 59.9087097472945 120.149859179142 27.3503289431978 98.0038844125464 104.428498440395 153.127237880959 28.4289253051858 45.5000564919681 31.0337184315826 10.4394905578529 64.8105419288938 132.088287868623 3.35324633375794 91.5935491316546 22.935764847958 15.2069506142662 77.5316347290701 32.0366041682633 6.37910296374397 12.7861999774548 142.584219321657 61.2067283914529 1.02311937372179 139.198012586132 56.2372860405951 5.40809478175067 58.2351011541836 2.34539480509571 48.9011349498949 7.06725159861371 122.888149858945 83.5799183669608 95.7296008406194 6.76387344156217 6.20499930251914 23.4044507359653 9.28536526471914 30.3744037724069 44.7784681159091 7.50775850512867 39.9554742275845 90.194351088325 58.8118575077361 52.5046005390702 4.8949872337995 46.8140744421264 53.347571983999 28.1506259677016 26.3668624215175 4.63388328754155 15.3722059458738 81.7008619730831 41.7727306877931 26.7899828316873 67.7146600811592 111.126320359947 29.4449633697382 3.78118700644411 23.0539022393494 52.8469474217211 1.80872914557427 9.65860309500059 39.1027269674601 57.4386243120983 46.4545277341241 69.5849796285932 31.2402919150119 18.4652826136584 22.0054710594289 46.6367214047029 3.37201960368981 48.4734771196266 80.8766594287222 29.6601681288451 31.4987009836895 12.0558134606841 43.3867444508879 86.1958090770755 38.2621930393781 4.79381354986761 63.8921306980972 0.740255333747325 140.514606395976 135.199179255766
