Instancenumber:
27
Instancename:
B-n38-k6
Customers:
37
Depot:
0
Dimension:
1406
Vehicles:
37
Capacity:
100
Demands:
0 18 10 16 12 21 23 15 25 3 6 7 4 20 25 20 12 3 12 14 26 9 22 20 9 13 21 10 8 5 14 7 21 20 1 21 17 2
Uncertainty:budgeted
Gamma:
11
Mean Vector:
52.8015151297763 62.1288982680363 36.2215405525497 86.5332306111357 60.4152298679729 30.6757233003559 57.9396237474839 77.6208734813001 28.1602556806574 53.2353266168247 30.4138126514911 70.6045324324154 53.6003731330296 31.7804971641414 48.7647413609464 23.1948270094864 76.1183289359403 81.0246875958186 29.4108823397055 53.2541078227774 30.6757233003559 27 79.4040301244213 71.3091859440283 57.2712842531054 21.095023109729 59.0931468107766 36.4005494464026 71.5681493403316 85 23.7697286480094 34.5253530032641 81.0246875958186 73.24616030892 77.884529914483 74.1484996476665 59.2114853723498 52.8015151297763 22.8035085019828 21.6333076527839 94 80.3616824114578 37.2155881318568 80.6535802057168 100.960388271837 36.6196668472011 3.16227766016838 24.7588368062799 94.5568612000208 14.8660687473185 21.0237960416286 5.09901951359278 35.3553390593274 103.121287811974 88.0056816347672 36.8917334913934 8.94427190999916 22.4722050542442 30.4138126514911 86.0058137569781 95.8175349296777 77.7946013551069 36.1247837363769 79.6994353806851 17.6918060129541 95.5091618641898 97.3293378175358 40.4598566482878 21.2602916254693 88.0056816347672 97.718984849414 119.037809119624 101.242283656583 20.2484567313166 62.1288982680363 22.8035085019828 26 77.2787163454466 69.6419413859206 35.8468966578698 71.028163428319 89.4706655837543 37 25.8069758011279 32.0156211871642 83.86298349093 9.8488578017961 34.2052627529741 26.8700576850888 39.6232255123179 92.9623579735368 71.5891053163818 36.4005494464026 31.6227766016838 33.5410196624968 35.2278299076171 69.6347614342147 85.2349693494401 67.6756972627545 41.4366987102013 69.3397432934389 27.6586333718787 84.7230783199005 82.0060973342836 42.0594816896262 28.0713376952364 71.5891053163818 86.9540108333135 114.58621208505 91.2688336728371 3.16227766016838 36.2215405525497 21.6333076527839 26 76.9415362466854 60.0166643524946 15.6524758424985 59.9082632030006 80.6039701255465 15 23.7065391822594 6.08276253029822 73.9797269527267 17.464249196573 11.4017542509914 20.2484567313166 14.7648230602334 82.2800097228968 70.8590149522275 15.2643375224737 27.2029410174709 9.21954445729289 9.8488578017961 68.8839603971781 75.1864349467376 57.2712842531054 16.1554944214035 59.2283715798434 6.08276253029822 74.953318805774 79.1012010022604 19.1049731745428 2.82842712474619 70.8590149522275 77.1297607930946 97.4166310236604 80.3616824114578 23.0217288664427 86.5332306111357 94 77.2787163454466 76.9415362466854 28.6006992921502 64.8459713474939 32.4499614791759 28.1602556806574 67.3572564761956 97.0051545022222 79.0759128938769 29.2745623366089 80.156097709407 87.0976463516667 95.1314879522022 73.3893725276351 35.1283361405006 6.08276253029822 66.098411478643 102.078401241399 84.1724420460759 75 8.06225774829855 30.1496268633627 31.2409987036266 75.0266619276108 30 83.0240928887513 29.1547594742265 8.54400374531753 68.1542368455549 79.2464510246358 6.08276253029822 30.0166620396073 69.065186599328 35.0142828000232 77.7817459305202 60.4152298679729 80.3616824114578 69.6419413859206 60.0166643524946 28.6006992921502 45.1774279923061 4.12310562561766 20.6155281280883 47.0425339453563 82.9698740507662 60.2079728939615 14.3178210632764 68.9420046125727 68.1175454637056 80.049984384758 52.0384473250308 23.3238075793812 24.5967477524977 46.0977222864644 87.0976463516667 65.1229606206597 55.0363516232681 23.7697286480094 15.6524758424985 3.16227766016838 53.1507290636732 1.4142135623731 65.7647321898295 15.2315462117278 25 46.0977222864644 61.660360037872 24.5967477524977 17.464249196573 50.1597448159378 21.6333076527839 68.9637585982667 30.6757233003559 37.2155881318568 35.8468966578698 15.6524758424985 64.8459713474939 45.1774279923061 44.7213595499958 65.6201188660917 2.82842712474619 39.3573373083089 15.0332963783729 58.8557558782486 30 23 35.8468966578698 9.21954445729289 66.9402718847182 58.821764679411 1.4142135623731 42.7200187265877 20 10.1980390271856 56.9209978830308 60.0166643524946 42.2965719651132 11.3137084989848 44.2831796509691 20.8806130178211 59.8414572015087 65.924198895398 7.07106781186548 16.7630546142402 58.821764679411 61.9838688692469 82.0060973342836 65 33.5410196624968 57.9396237474839 80.6535802057168 71.028163428319 59.9082632030006 32.4499614791759 4.12310562561766 44.7213595499958 21.0237960416286 46.3896540189728 83.168503653727 59.6824932455071 14.142135623731 69.7710541700496 67.4759216313494 80.0812087820857 51.0392006206994 22.4722050542442 28.6356421265527 45.5411901469428 87.091905479212 64.4980619863884 54.3323108288245 27.8567765543682 15.2970585407784 3.60555127546399 52 3 65.5133574166368 15.1327459504216 28.3196045170126 45.0111097397076 61.3921819126833 28.6356421265527 17.2626765016321 46.9574275274956 20.6155281280883 70.178344238091 77.6208734813001 100.960388271837 89.4706655837543 80.6039701255465 28.1602556806574 20.6155281280883 65.6201188660917 21.0237960416286 67.3646791723972 103.580886267689 80.6225774829855 7.07106781186548 89.3196506934504 88.4590300647707 100.662803457881 72.0624728967859 7 28.4604989415154 66.4830805543786 107.707938426097 85.4751425854324 75.3259583410659 29.1547594742265 6.32455532033676 23.3452350598575 73.0068489937759 21.3775583264319 86.3133825081603 6.08276253029822 20 66.0302960768767 82.2009732302483 28.4604989415154 4.47213595499958 41 7.28010988928052 89 28.1602556806574 36.6196668472011 37 15 67.3572564761956 47.0425339453563 2.82842712474619 46.3896540189728 67.3646791723972 38.5875627631495 13.3416640641263 60.5309838016862 30.5286750449475 21.095023109729 34.8855270850248 6.40312423743285 68.4470598345904 61.3514466007119 1.4142135623731 41.6293165929973 18.1107702762748 8 59.464274989274 61.660360037872 44.1021541423999 8.48528137423857 46.0977222864644 19.6977156035922 61.5223536610881 68.2495421230062 5.09901951359278 15.6524758424985 61.3514466007119 63.6396103067893 82.4196578493262 66.4906008395172 34.5398320783411 53.2353266168247 3.16227766016838 25.8069758011279 23.7065391822594 97.0051545022222 82.9698740507662 39.3573373083089 83.168503653727 103.580886267689 38.5875627631495 26.2488094968134 97.1236325515062 18.0277563773199 21.6333076527839 4.47213595499958 36.8781778291715 105.621967412087 91 38.9486841883009 5.8309518948453 23.43074902772 32.0156211871642 89 98.3717439105356 80.3616824114578 37.4833296279826 82.2800097228968 19.2093727122985 98.0815986819138 100.244700608062 42.2018956920184 23.0217288664427 91 100.284595028349 120.929731662648 103.73041983912 23.3238075793812 30.4138126514911 24.7588368062799 32.0156211871642 6.08276253029822 79.0759128938769 60.2079728939615 15.0332963783729 59.6824932455071 80.6225774829855 13.3416640641263 26.2488094968134 73.824115301167 23.1948270094864 8.06225774829855 22.2036033111745 10.6301458127346 81.7863069223693 73.0068489937759 14.142135623731 28.6530975637888 5.09901951359278 5.8309518948453 71.0633520177595 74.9666592559653 57.3149195236284 11.4017542509914 59.3043000127309 7.07106781186548 74.8131004570724 80.6225774829855 16.1245154965971 4.12310562561766 73.0068489937759 76.9415362466854 94.8736001214247 79.8310716450681 29 70.6045324324154 94.5568612000208 83.86298349093 73.9797269527267 29.2745623366089 14.3178210632764 58.8557558782486 14.142135623731 7.07106781186548 60.5309838016862 97.1236325515062 73.824115301167 83.2586331859946 81.6149496109628 94.1116358374457 65.1229606206597 9.21954445729289 28.0713376952364 59.6824932455071 101.138518873869 78.63841300535 68.4689710744948 28.2842712474619 1.4142135623731 16.7630546142402 66.0302960768767 14.8660687473185 79.6241169495775 1 22.1359436211787 59.0762219509677 75.5049667240507 28.0713376952364 3.16227766016838 40.6078810084939 7.81024967590665 83.240615086627 53.6003731330296 14.8660687473185 9.8488578017961 17.464249196573 80.156097709407 68.9420046125727 30 69.7710541700496 89.3196506934504 30.5286750449475 18.0277563773199 23.1948270094864 83.2586331859946 24.5153013442625 18.0277563773199 31.9530906173409 92.1357693840997 74.2428447730823 30.2324329156619 23.7697286480094 24.0831891575846 27.2029410174709 72.2495674727538 84.581321815162 66.6408283261845 33.5261092284804 68.4470598345904 18.1107702762748 84.1724420460759 84.0119039184329 35.3553390593274 19.1049731745428 74.2428447730823 86.4060183089118 111.198021565134 90.3382532485547 6.70820393249937 31.7804971641414 21.0237960416286 34.2052627529741 11.4017542509914 87.0976463516667 68.1175454637056 23 67.4759216313494 88.4590300647707 21.095023109729 21.6333076527839 8.06225774829855 81.6149496109628 24.5153013442625 17.2046505340853 17.0880074906351 89.4427190999916 81.0246875958186 22.0227155455452 22.6715680975093 3 13.1529464379659 79.0759128938769 82.7345151674922 65.1920240520265 17 67.1863081289633 6.70820393249937 82.6075057122535 88.684835231284 23.0867927612304 8.60232526704263 81.0246875958186 84.717176534632 101.21264743104 87.4757109145162 31.04834939252 48.7647413609464 5.09901951359278 26.8700576850888 20.2484567313166 95.1314879522022 80.049984384758 35.8468966578698 80.0812087820857 100.662803457881 34.8855270850248 4.47213595499958 22.2036033111745 94.1116358374457 18.0277563773199 17.2046505340853 32.8024389337135 102.489023802552 89.0898422941695 35.3411940941446 7.07106781186548 19.1049731745428 28.0178514522438 87.091905479212 95.3362470417207 77.3692445355388 33.3016516106934 79.3095202355934 15.2643375224737 95.0789145920377 98.0459076147495 38.2753184180093 19.2353840616713 89.0898422941695 97.2676719162127 117.046999107196 100.578327685441 24.0831891575846 23.1948270094864 35.3553390593274 39.6232255123179 14.7648230602334 73.3893725276351 52.0384473250308 9.21954445729289 51.0392006206994 72.0624728967859 6.40312423743285 36.8781778291715 10.6301458127346 65.1229606206597 31.9530906173409 17.0880074906351 32.8024389337135 72.691127381545 67.4166151627327 7.81024967590665 39.1152144312159 14.3178210632764 5 65.5515064662895 66.1891229734916 49.0102030193714 2.23606797749979 51.0098029794274 17.6918060129541 66.1211010192662 73.9797269527267 6.08276253029822 14.2126704035519 67.4166151627327 68.1835757349231 84.380092438916 70.7106781186548 36.8781778291715 76.1183289359403 103.121287811974 92.9623579735368 82.2800097228968 35.1283361405006 23.3238075793812 66.9402718847182 22.4722050542442 7 68.4470598345904 105.621967412087 81.7863069223693 9.21954445729289 92.1357693840997 89.4427190999916 102.489023802552 72.691127381545 35.1710107901379 67.6830850360709 109.48059188733 86.4927742646748 76.2954782408499 35.7351367704113 7.81024967590665 25.4950975679639 73.4370478709486 23.7065391822594 87.8009111570034 8.48528137423857 27 66.6108099335236 83.6779540858881 35.1710107901379 6.40312423743285 34 2 92.2821759604746 81.0246875958186 88.0056816347672 71.5891053163818 70.8590149522275 6.08276253029822 24.5967477524977 58.821764679411 28.6356421265527 28.4604989415154 61.3514466007119 91 73.0068489937759 28.0713376952364 74.2428447730823 81.0246875958186 89.0898422941695 67.4166151627327 35.1710107901379 60.0832755431992 96.0468635614927 78.1024967590665 68.9637585982667 2 29.1547594742265 26.9258240356725 69.0796641566822 25.9422435421457 76.9415362466854 28.1602556806574 11.4017542509914 62.2414652783817 73.1641988953614 1e-05 29.4278779391243 68.5930025585701 34.7131099154196 72.0069441095788 29.4108823397055 36.8917334913934 36.4005494464026 15.2643375224737 66.098411478643 46.0977222864644 1.4142135623731 45.5411901469428 66.4830805543786 1.4142135623731 38.9486841883009 14.142135623731 59.6824932455071 30.2324329156619 22.0227155455452 35.3411940941446 7.81024967590665 67.6830850360709 60.0832755431992 42.154477816716 19.0262975904404 9.05538513813742 58.1893461039046 60.8276253029822 43.1856457633784 9.89949493661167 45.1774279923061 20.2484567313166 60.6712452484701 67.0820393249937 6 16.1554944214035 60.0832755431992 62.8012738724303 82.2009732302483 65.7343137181792 34.0147027033899 53.2541078227774 8.94427190999916 31.6227766016838 27.2029410174709 102.078401241399 87.0976463516667 42.7200187265877 87.091905479212 107.707938426097 41.6293165929973 5.8309518948453 28.6530975637888 101.138518873869 23.7697286480094 22.6715680975093 7.07106781186548 39.1152144312159 109.48059188733 96.0468635614927 42.154477816716 25 34.4818792991333 94.0478601564119 102.357217625334 84.4037913840368 39.4081209904761 86.3481325796916 21.9317121994613 102.107786186951 105.076162853427 44.7772263544762 26 96.0468635614927 104.292856898256 123.490890352285 107.563934476199 29.1547594742265 30.6757233003559 22.4722050542442 33.5410196624968 9.21954445729289 84.1724420460759 65.1229606206597 20 64.4980619863884 85.4751425854324 18.1107702762748 23.43074902772 5.09901951359278 78.63841300535 24.0831891575846 3 19.1049731745428 14.3178210632764 86.4927742646748 78.1024967590665 19.0262975904404 25 10.1980390271856 76.1577310586391 79.7621464104371 62.2012861603359 14.422205101856 64.1950153828161 6 79.6303962064738 85.7088093488645 20.2484567313166 6.40312423743285 78.1024967590665 81.7435012707432 98.6154146165801 84.5281018360166 30.4138126514911 27 30.4138126514911 35.2278299076171 9.8488578017961 75 55.0363516232681 10.1980390271856 54.3323108288245 75.3259583410659 8 32.0156211871642 5.8309518948453 68.4689710744948 27.2029410174709 13.1529464379659 28.0178514522438 5 76.2954782408499 68.9637585982667 9.05538513813742 34.4818792991333 10.1980390271856 67.0522184569608 69.5844810284592 52.0864665724217 6.32455532033676 54.0832691319598 12.8062484748657 69.462219947249 76.1183289359403 10.295630140987 9.21954445729289 68.9637585982667 71.5681493403316 89.044932477935 74.3303437365925 32.3882694814033 79.4040301244213 86.0058137569781 69.6347614342147 68.8839603971781 8.06225774829855 23.7697286480094 56.9209978830308 27.8567765543682 29.1547594742265 59.464274989274 89 71.0633520177595 28.2842712474619 72.2495674727538 79.0759128938769 87.091905479212 65.5515064662895 35.7351367704113 2 58.1893461039046 94.0478601564119 76.1577310586391 67.0522184569608 29.4278779391243 25.9422435421457 67.2309452558864 25.0798724079689 74.9666592559653 28.4429253066558 13.0384048104053 60.4152298679729 71.1969100453102 2 29.8328677803526 68.8839603971781 35.1710107901379 70.0357051795725 71.3091859440283 95.8175349296777 85.2349693494401 75.1864349467376 30.1496268633627 15.6524758424985 60.0166643524946 15.2970585407784 6.32455532033676 61.660360037872 98.3717439105356 74.9666592559653 1.4142135623731 84.581321815162 82.7345151674922 95.3362470417207 66.1891229734916 7.81024967590665 29.1547594742265 60.8276253029822 102.357217625334 79.7621464104371 69.5844810284592 29.4278779391243 18.0277563773199 67.0671305484289 16.1554944214035 80.8084154033477 1 22.8035085019828 60.1331855134916 76.6876782801514 29.1547594742265 2 39.4588393138977 6.40312423743285 84.5990543682375 57.2712842531054 77.7946013551069 67.6756972627545 57.2712842531054 31.2409987036266 3.16227766016838 42.2965719651132 3.60555127546399 23.3452350598575 44.1021541423999 80.3616824114578 57.3149195236284 16.7630546142402 66.6408283261845 65.1920240520265 77.3692445355388 49.0102030193714 25.4950975679639 26.9258240356725 43.1856457633784 84.4037913840368 62.2012861603359 52.0864665724217 25.9422435421457 18.0277563773199 50.0899191454728 2 62.9682459657247 17.7200451466693 28.0178514522438 43.0464865000618 58.8557558782486 26.9258240356725 19.9248588451713 50.5371150739731 23.7065391822594 66.8879660327626 21.095023109729 36.1247837363769 41.4366987102013 16.1554944214035 75.0266619276108 53.1507290636732 11.3137084989848 52 73.0068489937759 8.48528137423857 37.4833296279826 11.4017542509914 66.0302960768767 33.5261092284804 17 33.3016516106934 2.23606797749979 73.4370478709486 69.0796641566822 9.89949493661167 39.4081209904761 14.422205101856 6.32455532033676 67.2309452558864 67.0671305484289 50.0899191454728 52.0864665724217 18.4390889145858 67.0298440994756 75.4320886625844 7.07106781186548 15.2643375224737 69.0796641566822 69.065186599328 84.2199501305955 71.449282711585 38.6393581727233 59.0931468107766 79.6994353806851 69.3397432934389 59.2283715798434 30 1.4142135623731 44.2831796509691 3 21.3775583264319 46.0977222864644 82.2800097228968 59.3043000127309 14.8660687473185 68.4470598345904 67.1863081289633 79.3095202355934 51.0098029794274 23.7065391822594 25.9422435421457 45.1774279923061 86.3481325796916 64.1950153828161 54.0832691319598 25.0798724079689 16.1554944214035 2 52.0864665724217 64.9384323802169 15.8113883008419 26.4007575648882 45.0444225182208 60.8276253029822 25.9422435421457 18.0277563773199 49.6588360717405 21.9544984001001 68.60029154457 36.4005494464026 17.6918060129541 27.6586333718787 6.08276253029822 83.0240928887513 65.7647321898295 20.8806130178211 65.5133574166368 86.3133825081603 19.6977156035922 19.2093727122985 7.07106781186548 79.6241169495775 18.1107702762748 6.70820393249937 15.2643375224737 17.6918060129541 87.8009111570034 76.9415362466854 20.2484567313166 21.9317121994613 6 12.8062484748657 74.9666592559653 80.8084154033477 62.9682459657247 18.4390889145858 64.9384323802169 80.6039701255465 85.146931829632 23.0217288664427 4.12310562561766 76.9415362466854 82.7647267862342 101.788997440784 85.8661749468322 24.5153013442625 71.5681493403316 95.5091618641898 84.7230783199005 74.953318805774 29.1547594742265 15.2315462117278 59.8414572015087 15.1327459504216 6.08276253029822 61.5223536610881 98.0815986819138 74.8131004570724 1 84.1724420460759 82.6075057122535 95.0789145920377 66.1211010192662 8.48528137423857 28.1602556806574 60.6712452484701 102.107786186951 79.6303962064738 69.462219947249 28.4429253066558 1 17.7200451466693 67.0298440994756 15.8113883008419 80.6039701255465 21.8403296678416 60.0749531835024 76.4852927038918 28.1602556806574 2.23606797749979 40.4474968323134 7.21110255092798 84.1189633792524 85 97.3293378175358 82.0060973342836 79.1012010022604 8.54400374531753 25 65.924198895398 28.3196045170126 20 68.2495421230062 100.244700608062 80.6225774829855 22.1359436211787 84.0119039184329 88.684835231284 98.0459076147495 73.9797269527267 27 11.4017542509914 67.0820393249937 105.076162853427 85.7088093488645 76.1183289359403 13.0384048104053 22.8035085019828 28.0178514522438 75.4320886625844 26.4007575648882 85.146931829632 21.8403296678416 68.4105255059483 81.2219182240853 11.4017542509914 22.3606797749979 61 27.0739727413618 82.2253002426869 23.7697286480094 40.4598566482878 42.0594816896262 19.1049731745428 68.1542368455549 46.0977222864644 7.07106781186548 45.0111097397076 66.0302960768767 5.09901951359278 42.2018956920184 16.1245154965971 59.0762219509677 35.3553390593274 23.0867927612304 38.2753184180093 6.08276253029822 66.6108099335236 62.2414652783817 6 44.7772263544762 20.2484567313166 10.295630140987 60.4152298679729 60.1331855134916 43.0464865000618 7.07106781186548 45.0444225182208 23.0217288664427 60.0749531835024 68.4105255059483 19.2093727122985 62.2414652783817 62.1288982680363 78.7718223732319 64.6297145282261 39.560080889705 34.5253530032641 21.2602916254693 28.0713376952364 2.82842712474619 79.2464510246358 61.660360037872 16.7630546142402 61.3921819126833 82.2009732302483 15.6524758424985 23.0217288664427 4.12310562561766 75.5049667240507 19.1049731745428 8.60232526704263 19.2353840616713 14.2126704035519 83.6779540858881 73.1641988953614 16.1554944214035 26 6.40312423743285 9.21954445729289 71.1969100453102 76.6876782801514 58.8557558782486 15.2643375224737 60.8276253029822 4.12310562561766 76.4852927038918 81.2219182240853 19.2093727122985 73.1641988953614 78.644770964127 97.9081201943945 81.7435012707432 25.0199920063936 81.0246875958186 88.0056816347672 71.5891053163818 70.8590149522275 6.08276253029822 24.5967477524977 58.821764679411 28.6356421265527 28.4604989415154 61.3514466007119 91 73.0068489937759 28.0713376952364 74.2428447730823 81.0246875958186 89.0898422941695 67.4166151627327 35.1710107901379 1e-05 60.0832755431992 96.0468635614927 78.1024967590665 68.9637585982667 2 29.1547594742265 26.9258240356725 69.0796641566822 25.9422435421457 76.9415362466854 28.1602556806574 11.4017542509914 62.2414652783817 73.1641988953614 29.4278779391243 68.5930025585701 34.7131099154196 72.0069441095788 73.24616030892 97.718984849414 86.9540108333135 77.1297607930946 30.0166620396073 17.464249196573 61.9838688692469 17.2626765016321 4.47213595499958 63.6396103067893 100.284595028349 76.9415362466854 3.16227766016838 86.4060183089118 84.717176534632 97.2676719162127 68.1835757349231 6.40312423743285 29.4278779391243 62.8012738724303 104.292856898256 81.7435012707432 71.5681493403316 29.8328677803526 2 19.9248588451713 69.065186599328 18.0277563773199 82.7647267862342 2.23606797749979 22.3606797749979 62.1288982680363 78.644770964127 29.4278779391243 39.2045915678253 5.3851648071345 86.3539228987311 77.884529914483 119.037809119624 114.58621208505 97.4166310236604 69.065186599328 50.1597448159378 82.0060973342836 46.9574275274956 41 82.4196578493262 120.929731662648 94.8736001214247 40.6078810084939 111.198021565134 101.21264743104 117.046999107196 84.380092438916 34 68.5930025585701 82.2009732302483 123.490890352285 98.6154146165801 89.044932477935 68.8839603971781 39.4588393138977 50.5371150739731 84.2199501305955 49.6588360717405 101.788997440784 40.4474968323134 61 78.7718223732319 97.9081201943945 68.5930025585701 39.2045915678253 34.0587727318528 113.137084989848 74.1484996476665 101.242283656583 91.2688336728371 80.3616824114578 35.0142828000232 21.6333076527839 65 20.6155281280883 7.28010988928052 66.4906008395172 103.73041983912 79.8310716450681 7.81024967590665 90.3382532485547 87.4757109145162 100.578327685441 70.7106781186548 2 34.7131099154196 65.7343137181792 107.563934476199 84.5281018360166 74.3303437365925 35.1710107901379 6.40312423743285 23.7065391822594 71.449282711585 21.9544984001001 85.8661749468322 7.21110255092798 27.0739727413618 64.6297145282261 81.7435012707432 34.7131099154196 5.3851648071345 34.0587727318528 90.5538513813742 59.2114853723498 20.2484567313166 3.16227766016838 23.0217288664427 77.7817459305202 68.9637585982667 33.5410196624968 70.178344238091 89 34.5398320783411 23.3238075793812 29 83.240615086627 6.70820393249937 31.04834939252 24.0831891575846 36.8781778291715 92.2821759604746 72.0069441095788 34.0147027033899 29.1547594742265 30.4138126514911 32.3882694814033 70.0357051795725 84.5990543682375 66.8879660327626 38.6393581727233 68.60029154457 24.5153013442625 84.1189633792524 82.2253002426869 39.560080889705 25.0199920063936 72.0069441095788 86.3539228987311 113.137084989848 90.5538513813742
Deviation Vector:
42.626415638926 36.0679220211523 40.3975187958121 2.89390188605555 44.8674188561509 8.70903607211189 38.7217692002825 78.574075139206 16.7550457827676 35.4344538237247 28.694155141239 77.5510058331086 0.30222137085606 7.48581239533253 5.13951257932818 16.913061325192 3.73954739470136 12.4406260863063 38.2974627522824 67.0077403551595 28.2571457551072 3.64418965513537 9.82113088938351 102.466667004003 67.7667139594846 23.0120866789788 0.129340299399502 16.1697677081482 78.6855925747649 105.754802043362 7.38994335795109 9.68089468431587 16.0722425613435 104.462733811029 24.4434562157566 69.774708833762 4.95884530081043 51.8592538653341 7.45555503580875 14.6833296429937 2.01425320236096 102.091941485509 5.61126268253879 2.18302180058419 152.041608956814 9.3809055719829 2.39144242654381 38.5020009884902 38.7411206413651 6.42285077114876 24.9552423626534 6.78612724361185 20.0471024913933 135.15956423002 100.454831368573 4.57200134713489 6.9337544150915 25.7002750719801 17.2795444342991 21.3570999304988 72.9627316339005 68.3849689562771 19.0999379291582 76.4985517916316 12.0107325877986 80.4725262814515 26.7174442385217 30.8560936822158 4.21745676714045 52.931305451265 140.849401605895 26.1645944771027 24.8563377308778 32.2385630066641 15.3375965141785 2.85319549806183 5.77134446724659 77.518886753113 3.75066949983534 22.6440261439895 101.936462532668 111.020239683959 12.4397944304555 9.69897458438787 29.6207275044158 123.921742505395 4.92204420620027 2.5335086525817 26.734922024298 42.3138720285749 29.9700775996312 9.31381051199251 11.6702116362727 26.9144790360817 36.5576658926491 35.2099382146867 4.6883958687338 116.298391300822 9.18909365146242 11.009766579893 23.5444658488467 43.6219027237995 41.1331873932934 47.9789510015591 64.8959618363638 20.5585752618387 50.8416200092935 12.050604737531 12.5049272700249 69.7333161658785 2.43581762634887 55.9364438294692 8.18936951332007 28.7685794938703 22.6030187384904 78.2467158576079 14.9920566850465 47.5388015195551 111.057571184182 4.89648812555084 5.57309476558036 0.449281486894445 33.7742229583562 9.70474678282354 10.5463031978207 31.3136815856805 22.9620210021565 81.6464834410588 91.0234696339022 0.986381402156717 34.221333108207 14.9736809300376 0.151944417661339 8.07025164809975 43.8219464456114 89.2506750701538 13.7245144223779 76.5840815227468 0.429593542832195 71.8545450785917 34.0710841689824 16.0653320092442 2.47939469473408 57.3448908242115 24.7614406070248 114.013224741578 39.1108852498489 29.4411884743853 29.20913366038 22.3868311715444 124.053672402474 44.0594153927075 8.92396730917885 28.2380823066592 36.6141731529274 34.8339878824087 23.9516239923503 102.55053856173 47.6785009361643 0.404478748749791 89.9179774070169 20.4332447135331 1.10303657568851 83.4593839632312 12.3567002266003 3.61582914474928 70.6758765435209 122.625240312745 21.9793937105311 85.4907760347586 4.30199308354726 20.8590545468135 11.0727261175194 105.802221417906 45.0339804141508 56.0799075813024 27.8199532375627 3.08842519358269 22.3520935434861 102.367767563576 3.64741058745452 9.21192828112554 16.4412495617992 31.9207641479748 57.7418833634546 82.5502373065246 41.9725361972321 76.4632732614135 47.8453762488227 32.182688999778 50.2266989675976 1.2065930144004 28.0338796513548 52.8457108763099 118.634912005278 5.13309543717376 1.30941147402152 60.1699582310327 87.6360121937561 28.2237559560682 20.1021068803637 4.519965721643 25.689527767445 34.1456289000434 139.70348407902 59.8619963310558 77.9418293649084 22.150007754502 20.045933862749 0.372535074790027 31.7457040935851 0.359171702181535 27.9302660606578 12.7233828501394 29.1405638431436 53.7986939139048 35.4773154870296 1.51447945094603 11.1537270112413 68.8476698829968 25.6747054363399 8.55704396813864 1.19219290715935 34.2499146300856 44.7168711834136 22.9890988750564 65.206972847062 60.4877772478076 31.9818542944777 43.6874093041334 0.184200859528128 43.3493271324263 12.9219353582948 65.3035607623235 6.47419382555615 19.2555001836821 14.4255789966287 0.0520813929839822 9.5529051268839 3.33896545242835 0.174591671244517 31.6121653246318 6.21473725241 5.59010319381921 89.6685488951676 88.6061675544973 3.75875462700341 5.93219474569531 68.1045085010438 15.1912139250826 16.1906734610979 72.4111297163619 6.02177439910442 5.18688900845312 23.0796153508519 29.2999247376669 12.4483542946431 90.8655991221205 6.21349399435081 50.2298248266135 35.2737722671216 17.7837075115429 20.4896854622494 42.0844677518771 5.60712720930923 24.9466541693101 10.6749067804283 6.30920082620172 46.8632200277794 38.8211598158669 2.7261596507049 47.927699087161 93.8216420315592 40.3213258797195 63.0376406968902 30.0996417417072 10.1232515594669 60.2942353310695 20.6762952210895 17.0987873218252 23.0983545019036 14.1503301920828 20.8576201867795 4.60334645901305 42.504337569496 0.388574765318226 8.06439380867453 14.666491205935 43.256984272622 13.8789962124849 12.8786883947228 9.69204055924604 9.64502766572634 25.9108747012042 0.185923481671494 20.5134076485515 86.1296089104215 52.1735168690923 38.3210410187488 3.76797237033314 32.869595999014 12.8038310953396 48.1438311592181 19.5801808597722 75.7571390253956 35.4673482337944 51.9536008491335 10.4517578820008 3.57421372602112 78.004312153767 11.7636183520296 33.5196483931514 9.7284609254398 42.1319807914762 7.68145971771875 62.5595324659848 137.605733616723 17.9754464029033 45.1903046245622 9.55642489171265 12.7694115917004 9.7425011680032 4.76973061886582 95.4369613962767 4.16816083844061 4.64274402216168 92.3108097181745 13.8520961373573 21.3143337823868 0.894291879366641 8.82573067172457 2.10975641762809 73.0731633232168 26.7222966872676 44.7174309130924 11.8134960534876 19.3702301038006 16.1112543831755 8.04614815527716 3.7656679108579 52.0029855343225 19.3943904985938 6.56629637466342 11.799881188751 8.59072582180396 8.72223183018316 30.9097806909114 4.37705278074133 3.35742495916898 95.0683934281443 0.621297957601208 1.51507977350386 63.3756221169438 4.22425485037563 4.40544425038315 34.5651212912989 28.6956621670987 14.2159693706447 6.36218258410794 55.9760957306837 10.2883449770443 59.3722785516618 102.653408729755 6.84981049043567 4.50232688064325 67.417589425003 2.30989131019911 130.139962813958 88.9688371847143 7.16136079843149 68.354736821382 2.63330680994202 12.7805891555703 34.4735035960155 8.80977733250734 52.8651310585986 4.46853712007621 129.416990799293 78.9938470066608 24.6142064984217 34.6135004909875 75.0529125032871 1.4937232469181 26.2780511594938 4.49897724679793 23.3637044972142 17.9169886959742 133.895994231995 37.2302381196535 5.36111462939195 24.820917905323 47.3251969358269 22.9735796122983 92.1816727927519 96.0485696968675 20.4573975809242 33.7022547213007 23.6563426882451 48.8857726708176 12.1622068784578 60.7216196777036 3.59333875882994 86.8185423396734 30.8604258210836 194.728508434224 108.384548244872 22.0384100125485 2.96393654019821 24.1300537153382 2.59880430462876 4.47285545586171 52.7378961627931 51.4133611435357 12.3000892328615 15.2360565059047 18.8322850051191 19.3684560147326 11.15360091594 5.80439904717093 18.1212087371176 10.8384311201414 25.2667161410503 6.73000903281471 131.060269717936 32.7570613047971 2.85620180557305 14.9540418715892 4.3764332738176 8.35845949476329 72.5072933732961 73.4384163352112 71.4117925134986 13.413066268379 18.2253194212892 10.9861990071303 86.8071202080133 109.016738320229 14.0642313279315 5.18593263236904 51.137232187841 73.3560305668201 34.7959100990506 109.158752390216 5.24852036433587 83.6628751671471 153.43334715436 34.7670106523059 74.744088865073 12.3313150296237 7.06146215024855 9.72575076029611 1.96895335752934 0.0339692451683661 48.3251062151377 11.2034504944363 33.4784055820141 83.2850422344762 52.0093001161095 123.453566549886 52.5825950079543 0.287885806592393 18.668750352143 25.487090064904 122.137842121597 76.4652702294667 24.2641864141468 20.9757149792163 0.987412396486575 20.5617107482616 24.6313692160927 20.7924317271016 44.0849146149039 0.73979205296935 25.2278141038757 43.4001278437833 22.5304512950246 31.8886975557609 3.63413852865561 53.144711064694 12.1622575714662 1.33716231092075 79.0056754569574 1.04208082480698 0.205523968880065 11.281622939038 14.8649810013445 32.7030911029275 0.598663395301047 57.4008230672492 14.2722864955927 25.2591515621145 15.39440836234 19.1319183511467 104.442600178385 10.6693501548075 3.08013865327142 51.4067043686014 108.426790978868 64.5215871231523 36.5534643552771 36.8394358948268 15.4461403969389 3.71043702812813 47.9226448308625 13.0844719944273 58.0471388081223 32.2417278800975 88.3435768779789 7.1340966150405 54.2132400807947 102.625301858971 14.494925677774 9.39399426281328 95.8961131521704 37.2277052457446 126.508652942032 133.439087702597 6.07228466437865 36.7904837497812 14.1587268931106 36.4283184485614 4.08968214250142 133.03208232636 17.9477198497617 37.1018642464032 22.6892083316421 38.4210254320663 33.6591522706811 32.7327467460596 10.5083330833144 96.1695379763718 35.2180168908729 5.47828379990132 22.4661290717028 42.3529564552261 38.3340535666126 12.3201642268283 32.5384740501056 0.412364648208997 12.5392882064851 35.8165234580619 112.437162249253 88.8777752583079 16.0589243552628 68.8203177844733 1.12579391152796 37.6677831049581 77.6063257315383 24.7727335115604 13.8809565761919 125.470128723065 43.3474266560195 35.0167096640231 126.803606093813 24.0672469695665 16.2264977110592 0.8132794889244 32.4990870824545 6.11507161307805 4.3972995125758 70.9677924906664 53.0653886216811 118.744116839182 121.29487991263 40.7713924629311 1.47567566708441 1.14864551033691 9.58090778454935 2.50290299647669 3.25490096038792 34.6114303271946 60.6503963629947 137.928789798831 27.9946545627356 10.8641099486799 18.0766252553838 26.8957019013909 31.8805634175734 18.5818176092305 31.4606069916693 11.7667852355049 9.28750793591856 14.0172655510796 66.489737477766 153.607644788799 2.56865018950503 19.8521028952312 8.89496779881204 124.171969694356 156.148134719415 14.6910798297137 12.9278199789411 27.5566650646434 0.0889794843220057 4.57312158071896 10.7846106390529 24.4010732946894 8.69809999770265 7.67277822628864 24.0559955686626 25.6783701190107 1.67142113210111 39.2051341872385 2.95717985182571 68.5847306587859 31.0957901557705 20.9219051416595 12.6866912958751 97.3498907274084 95.6823863680125 6.19657382383988 2.5902244989745 21.9975377909831 0.426729899818491 50.1817400081888 97.7428098342096 7.47189029675347 0.382921143175133 80.4201575487595 25.2825890707362 99.5328264879274 7.12300892870597 2.06515466370467 15.1651706261812 6.66075989637204 31.0183799838104 14.4372721159525 30.4966532348174 22.940884884715 76.3716302094854 93.0784824971717 90.9550150590461 104.031541265685 11.9213131207601 29.3085801611563 46.2672216560649 29.4955469488812 5.98227909797957 73.7812974715285 108.306413715384 52.9595621361517 2.25857351582671 100.578721772081 49.8701198919332 33.8544483331703 16.7787001506471 14.3476416415227 32.6759372774654 44.0187944045326 30.9779592065087 21.7815437932179 10.0428197496448 3.54928884466988 15.934401561172 98.9970002577701 13.115402055738 94.8182376869208 12.8904206471007 26.5822465926922 5.03908432902744 74.9865572522106 9.17238048463686 6.74925520809465 18.1609991687254 1.20031670377606 63.1492453971586 99.2810678262762 25.2001951927893 110.169711629364 47.9648535397707 7.97914266340884 13.7768227537081 54.2267346150914 22.2514220836119 31.8095137304991 76.8245771142228 91.7166442281138 111.380110461693 3.04960576867647 104.678297906678 20.8576034990026 35.1127142306036 4.35739724608174 25.0369303078024 61.2324086062382 135.684101356474 98.807666579885 32.5993920059092 2.61098296215461 18.1717122567139 14.7648533447545 39.7400565739882 22.9349760717506 123.291845763455 31.2417111897202 16.9229022242758 41.1023872088358 51.8294331364966 1.44238479811722e-06 16.8604537051144 95.0221803811036 50.5423384833692 81.5873984918453 20.0241296337324 22.3825549199835 22.7276230057732 4.68157315846563 106.72146623052 24.1387047523301 0.587376297585376 63.6749376005243 51.9275971533756 1.14475607734395 56.9748094673187 21.1131836898221 12.0704775095269 37.7650899706031 24.9227652295492 23.8534717787701 7.25028627741252 8.70563282046237 73.4999302284844 63.3827432683675 19.2679662400855 10.8607106518859 57.4132625091971 52.956100860843 10.0790592555972 0.680253938343494 45.847473181276 16.3269512112823 88.2172228184923 56.6499283656154 1.87820450167893 8.21532007070429 87.1926387868649 58.8705362544165 67.011515819789 94.620293506059 49.6972471806163 65.5320215513724 10.8339565459301 19.4723945903442 11.2531100544103 106.952122184455 42.0118216796867 26.3120034222596 58.4001244661007 173.844662002071 53.7378490928297 9.32288429097914 3.33279828100988 89.7928909633732 35.0864622442077 25.5965922427493 3.25863199297275 32.7165814940415 40.8652317540278 66.678543197899 38.155357434001 34.7024009487018 51.7421256501438 68.9188822814836 62.0528054302834 15.8044745110999 48.9181689879214 37.2236962879736 24.665682197247 43.9259569116872 25.6573230011974 42.9576875800928 0.894394999041418 139.791552114223 164.275414947273 55.3328547350975 94.3175205669855 12.5698806220674 32.6386559117057 34.7736747882873 14.0481646051625 6.71652746712517 127.935722072146 34.8506050533569 32.3266118212661 88.3415152399802 3.23288327206129 8.16479071738732 13.5839112550565 2.09614123878836 90.0452617172134 35.7606214056703 0.518512676749874 19.4731016161046 8.46669851267026 67.3843815513826 94.2319993603469 3.92543558868204 30.2540969785847 7.18788204331022 48.4750320972631 116.001457000591 2.35424808117284 9.67597512265156 82.3909722668612 9.67790812577029 89.1048624427968 45.7645029960828 8.45944963030543 3.56413711065056 35.5378808342949 68.3880670075915 126.734060673815 29.4660252250664 41.7207130522684 34.4282233472512 2.79581648522613 49.65683521003 0.980935750453568 50.3754813425115 10.6953579907123 12.6930234121344 28.8073426951641 27.6574450895534 5.10061178565348 35.9070028924232 6.68370203865338 14.9089811379115 36.1217695651659 9.60248907855947 25.8486482465295 1.69012707634743 42.5774810649711 66.2346338881556 9.1362821314599 7.41922034504671 9.6582137191613 33.6312809386314 52.1268615812849 71.0901207723929 6.69260146471078 65.123402166851 7.36513475492316 49.8031611864375 118.190950967708 3.30019627354783 3.37210170818608 1.26250858512746 7.42797894728653 41.4374795254539 51.2864450621261 9.65563963556143 6.64313719663017 104.943123855481 46.3274272066057 49.6817947213456 5.76763553228949 4.40195225760151 53.4480734285795 11.6136072269653 26.6840466390047 13.987136660433 67.1887360915247 104.698744827336 33.8179712546142 9.93558711606036 4.91321388549886 44.9713002572205 41.8930569118539 28.9900964648729 0.509737262582962 4.1275863197493 36.5879661147261 63.2100814835636 52.8314962597201 9.28204020135116 29.847392512263 77.5624249821295 8.36974049155044 94.0322791988939 46.0498416340231 13.3474584725756 93.7911902821633 5.43539168015013 1.23508826467966 17.6428270908803 54.9406087445175 46.8805402483148 54.3883581178839 7.85993848984417 11.8324959178941 5.58204517167907 25.9725918037894 26.484020133193 24.0861187075041 92.4909830817814 15.5408492808261 10.1252244513886 26.5823227467352 2.82106613867854 58.9119514426923 0.970118562118206 8.4252569684647 97.202931184746 144.526551590101 58.7446356155214 11.6395697745439 30.3254186588173 25.2345181965325 20.2331567599065 53.291403439378 28.3580097964255 35.9424844833453 10.7125657943063 32.4522166751359 3.43423608225298 95.8076809469663 1.28145865021851 35.2429398663278 20.195728918361 106.724862715534 1.24343402625609 0.802680117159805 4.37120849533436 5.89771881908308 26.5471950620348 1.46166105911523 24.1677048569982 19.5172039325762 26.151814687816 10.6012593710004 3.39702973370552 48.328397535419 1.58265443328473 14.5386456931146 45.523511647764 106.597874428152 27.8960745175631 7.47693314815197 7.66261013052012 44.6166237330755 86.2021384349145 25.608676812545 7.12377670586537 2.20915826001106 43.4617695900218 41.5259385326311 78.8501583354737 34.4555587270074 10.6661778926841 28.9077092022498 21.380548942757 0.907600756241324 23.8338373587928 9.52669131560811 38.5208841895217 29.8013321891763 33.1442659537611 1.59358208877579 19.5402870554163 51.5364610160371 9.44758206118747 28.6674077755098 11.3077087687712 30.2534789409862 43.5647043862958 25.3361054845951 40.3345098964145 81.7496129573696 4.38922559599822 33.9344756032814 43.5203687752747 12.7459264652552 44.0467853002939 9.98258951321781 104.603076620336 18.6120734440524 23.2478809237385 40.810625944737 2.72053120168536 11.1865004648139 83.078598719662 0.169838645155466 23.8863707437277 22.8037388086463 3.50872787274454 23.8435789425471 43.4001461533371 55.9966522036446 21.5552550040839 0.027074062451183 34.2758105847618 61.2778755220162 3.04096022040628 15.9876884212947 1.62227779189927 102.314016855548 83.3194918952737 40.0892287067294 53.8299596830371 81.3869023270484 96.7290193380669 25.1638053674308 74.2155717155967 22.8729092339283 1.75141435621838 53.6208732979754 3.95274574702398 20.9417506710524 37.3392084835666 74.7015977899978 67.1290001163432 5.74283225797691 63.3170316384651 7.5063274209736 27.0535800349947 75.4858235650383 11.0561588302314 25.6368748786859 43.8856578380472 76.0046549101713 63.5336269947064 80.1924121443683 1.66090232147168 22.9368265286066 1.80760184115861 4.67260769583068 82.7848526989766 4.21790251688313 17.181485809639 46.9188589037513 1.07559264385634 6.1774231816355 25.3203265793092 63.1026514108204 21.9666276500684 69.7397686381294 31.1312476488297 12.2389930948334 10.2303355639638 0.236599439800153 132.812283925853 98.7667962851007 8.87846611981128 58.8564931190389 139.270454151647 15.0946611303441 14.4430154062355 3.20725586181844 10.2077019888681 1.75555824947975 8.94731108087874 17.0639391301388 27.9476170451404 122.922232525653 70.1171407799682 17.3559249287912 32.6721008591487 3.35867500187449 14.3930914088744 38.5455437939345 129.405968593347 71.8841874896259 13.8715665160568 89.5868303719214 63.3524781768566 10.7709330549647 17.7228274612656 0.0613012241594147 62.9602576858713 94.3277035180296 5.47262834552249 67.9738139690099 24.887529195945 34.2786994901059 6.08093897734203 84.9248931490142 93.3379562012097 23.7769307349895 22.1764691138216 82.1910318596943 13.8082748229195 7.07666959597118 53.2186822160253 84.9213628849858 70.1045596949495 0.149988556872384 8.13324968402605 66.1220701046386 67.4839447962585 80.7032935481825 11.154799629168 19.2845473856875 44.6410714446265 44.9837347607235 34.8808532648971 105.704722792119 16.1285510933639 1.20786483678126 27.229085967198 92.8588992394162 11.4036196527929 128.19180105475 12.0256367861725 6.6122174568048 33.883819199474 17.2984150559573 2.48750975215843 2.50558001436206 10.310627150961 79.2450356908483 122.011232568277 69.6836803585188 39.2900090787031 53.3229642572131 13.5147446081541 35.4043360878331 54.3280818850782 1.47436547179313 11.8052887172649 104.685717678561 127.571336817073 22.4553696773965 13.1119100848292 32.0959093533576 63.7711407690672 101.02357405801 20.5258904656393 34.7253940661323 6.97661215737613 12.5935480640185 109.816858052012 114.259922067269 11.5531327317634 20.8058106918782 32.90965235992 16.6647239187248 44.0275957142421 24.533862535417 55.9190538261281 8.45555128041083 16.7605664263327 37.8345217951904 12.577397229914 16.1916062870634 69.5355669786698 28.6590543692382 42.2587469129331 8.0265849290944 44.9350396823387 46.4422028782496 4.6845839013891 51.5833310776908 63.7405887956493 5.92228832767452 51.2632299629605 31.3946299151485 1.23173228534278 59.7728500072904 2.18064834474897 50.4187161934366 56.7130805222379 27.2506071663611 21.4427496928456 0.78784637682188 76.5852499181475 23.4688956356632 4.34586389236685 4.79422745099553 26.45153858208 14.2187453097767 29.8585073563669 93.2875089018278 9.49251141166053 11.2948445907304 29.2389313294575 31.3197961417334 61.8491449009101 79.5649806939761 1.37885602891012 31.9793755477093 39.8189744822716 24.9693054005526 82.1222021100156 15.7168634874702 39.8602365791939 16.6513401956046 24.4992303870549 3.94871995688822 45.4258237803069 62.1528422807564 10.44656249207 33.8249275400964 46.1966378913821 18.5233529732621 15.6659615744366 0.352083138084094 117.823664318105 26.8386001195522 1.65561329969158 23.8610796048212 16.4795567625691 57.4602006826535 85.2714880420384 22.2948286633955 17.0994020612087 1.20537986665313 10.2716296566819 4.33280766771404 103.628094003856 69.7967489535978 8.77168260315485 22.2546335308588 6.1965236903979 16.7474859996201 61.9849054395995 19.8058794950513 73.3234511828214 0.751706808946055 78.4039056957457 128.778616007846 25.458974541322 115.377559407855 44.0044222858613 113.077963631933 69.5161175861612 7.18072462510128 0.949154507074031 53.8324087058018 27.460286322208 6.57579132703597 32.4740119088015 44.781715619475 67.0007524010813 1.92139123189645 18.2471404308832 127.646433295424 22.8689560543043 91.6792535847289 0.348643806740666 1.60799588545098e-05 55.2429982247157 56.1456205112333 27.1417274801255 54.8932671162084 1.6070566661781 32.3812909657506 5.40347372158368 12.3900855863169 29.0612113218085 77.0546872807267 3.61613187466385 5.83116549437581 49.7374859948693 45.9786198080064 13.6728677568884 10.5501554266374 6.33822637152921 36.2347280442252 78.2991525831481 111.5504848799 63.8469680503098 123.276320240952 0.219265722336506 0.44792585590706 2.50407667000086 4.36885919586749 7.16011279405452 18.906964327631 161.756273674011 123.949945861722 0.881467726332054 78.2896609918855 48.2194890349695 60.9147335640625 5.16110777995142 8.78963458746208 3.25420242147155 17.3566563625988 161.869780721141 100.610692019508 91.4529934590713 1.61505264194348 0.23178224308272 8.97823315984872 47.1416355691415 10.4653664370365 50.0240476475306 1.93454785860185 24.2328424610189 2.92338191501041 29.9128640699238 5.63959966289343 0.745107247959795 2.08760727190102 18.7638057786565 4.62668814093104 76.272304431434 21.9998485180365 34.728906028401 43.3292090224212 8.8587611085838 52.0938246087958 72.0061196632213 30.5775103144947 103.972570545354 194.591462706018 46.6927667700951 55.7174396226899 28.8177513058417 42.2949147583298 114.302067242588 129.692365285035 16.0486257362422 74.9337113146296 29.6960010396657 142.580812334718 4.59627423107713 85.9883396706962 27.0986865865666 44.6016570809498 51.1803053537832 65.1652128979806 65.6477462732827 105.019037076668 46.9760970738082 93.895145998638 85.9508622431962 17.2126208012859 7.19629393257928 56.7539739694673 27.3550072850349 31.8507950528761 33.8512818813464 71.9082584653916 93.7620106298808 7.36837050560765 24.2663661185226 32.8712590102805 95.1453416635376 19.6300848781952 2.26419137000166 54.1218433412478 89.5043443742626 62.5100447961674 2.1874271181496 110.584524769444 27.2284840948013 32.8568691630281 39.8415252728581 1.40933051220336 50.5774574714429 103.608541419436 159.024195561289 97.4306976790574 72.9595764618633 35.645088815878 6.82292439061689 10.5814138004311 84.9734200852703 25.697185264989 22.9812487339789 2.64004313140344 39.3113713271436 46.8031527099869 87.9860287155753 29.6092372524952 4.39356211109773 4.87257046896795 67.5621170727933 38.6824424988088 22.1773768817791 3.3428733539309 33.779097788377 25.8058285248959 14.7439539141063 4.05832895638597 109.189682813593 46.7305058917857 15.4626333634476 11.4983389253231 35.6620864815755 23.1694387406878 2.97047962662449 33.5880141430458 34.4626976919841 52.5282218211773 43.2739474979607 62.6605727453577 8.31237038273659 0.929108675924901 12.6013830666338 16.5833155805552 27.8725490945561 20.3024156904828 82.6862353441423 56.9676880438698 74.9769518590245 10.4363700656223 136.054611476075 17.4898976603221 42.6853789510471 27.179820614709 91.4355972714324 79.4392150026968 160.439294040408 134.346523913697
