Instancenumber:
12
Instancename:
B-n38-k6
Customers:
37
Depot:
0
Dimension:
1406
Vehicles:
37
Capacity:
100
Demands:
0 18 10 16 12 21 23 15 25 3 6 7 4 20 25 20 12 3 12 14 26 9 22 20 9 13 21 10 8 5 14 7 21 20 1 21 17 2
Uncertainty:budgeted
Gamma:
37
Mean Vector:
52.8015151297763 62.1288982680363 36.2215405525497 86.5332306111357 60.4152298679729 30.6757233003559 57.9396237474839 77.6208734813001 28.1602556806574 53.2353266168247 30.4138126514911 70.6045324324154 53.6003731330296 31.7804971641414 48.7647413609464 23.1948270094864 76.1183289359403 81.0246875958186 29.4108823397055 53.2541078227774 30.6757233003559 27 79.4040301244213 71.3091859440283 57.2712842531054 21.095023109729 59.0931468107766 36.4005494464026 71.5681493403316 85 23.7697286480094 34.5253530032641 81.0246875958186 73.24616030892 77.884529914483 74.1484996476665 59.2114853723498 52.8015151297763 22.8035085019828 21.6333076527839 94 80.3616824114578 37.2155881318568 80.6535802057168 100.960388271837 36.6196668472011 3.16227766016838 24.7588368062799 94.5568612000208 14.8660687473185 21.0237960416286 5.09901951359278 35.3553390593274 103.121287811974 88.0056816347672 36.8917334913934 8.94427190999916 22.4722050542442 30.4138126514911 86.0058137569781 95.8175349296777 77.7946013551069 36.1247837363769 79.6994353806851 17.6918060129541 95.5091618641898 97.3293378175358 40.4598566482878 21.2602916254693 88.0056816347672 97.718984849414 119.037809119624 101.242283656583 20.2484567313166 62.1288982680363 22.8035085019828 26 77.2787163454466 69.6419413859206 35.8468966578698 71.028163428319 89.4706655837543 37 25.8069758011279 32.0156211871642 83.86298349093 9.8488578017961 34.2052627529741 26.8700576850888 39.6232255123179 92.9623579735368 71.5891053163818 36.4005494464026 31.6227766016838 33.5410196624968 35.2278299076171 69.6347614342147 85.2349693494401 67.6756972627545 41.4366987102013 69.3397432934389 27.6586333718787 84.7230783199005 82.0060973342836 42.0594816896262 28.0713376952364 71.5891053163818 86.9540108333135 114.58621208505 91.2688336728371 3.16227766016838 36.2215405525497 21.6333076527839 26 76.9415362466854 60.0166643524946 15.6524758424985 59.9082632030006 80.6039701255465 15 23.7065391822594 6.08276253029822 73.9797269527267 17.464249196573 11.4017542509914 20.2484567313166 14.7648230602334 82.2800097228968 70.8590149522275 15.2643375224737 27.2029410174709 9.21954445729289 9.8488578017961 68.8839603971781 75.1864349467376 57.2712842531054 16.1554944214035 59.2283715798434 6.08276253029822 74.953318805774 79.1012010022604 19.1049731745428 2.82842712474619 70.8590149522275 77.1297607930946 97.4166310236604 80.3616824114578 23.0217288664427 86.5332306111357 94 77.2787163454466 76.9415362466854 28.6006992921502 64.8459713474939 32.4499614791759 28.1602556806574 67.3572564761956 97.0051545022222 79.0759128938769 29.2745623366089 80.156097709407 87.0976463516667 95.1314879522022 73.3893725276351 35.1283361405006 6.08276253029822 66.098411478643 102.078401241399 84.1724420460759 75 8.06225774829855 30.1496268633627 31.2409987036266 75.0266619276108 30 83.0240928887513 29.1547594742265 8.54400374531753 68.1542368455549 79.2464510246358 6.08276253029822 30.0166620396073 69.065186599328 35.0142828000232 77.7817459305202 60.4152298679729 80.3616824114578 69.6419413859206 60.0166643524946 28.6006992921502 45.1774279923061 4.12310562561766 20.6155281280883 47.0425339453563 82.9698740507662 60.2079728939615 14.3178210632764 68.9420046125727 68.1175454637056 80.049984384758 52.0384473250308 23.3238075793812 24.5967477524977 46.0977222864644 87.0976463516667 65.1229606206597 55.0363516232681 23.7697286480094 15.6524758424985 3.16227766016838 53.1507290636732 1.4142135623731 65.7647321898295 15.2315462117278 25 46.0977222864644 61.660360037872 24.5967477524977 17.464249196573 50.1597448159378 21.6333076527839 68.9637585982667 30.6757233003559 37.2155881318568 35.8468966578698 15.6524758424985 64.8459713474939 45.1774279923061 44.7213595499958 65.6201188660917 2.82842712474619 39.3573373083089 15.0332963783729 58.8557558782486 30 23 35.8468966578698 9.21954445729289 66.9402718847182 58.821764679411 1.4142135623731 42.7200187265877 20 10.1980390271856 56.9209978830308 60.0166643524946 42.2965719651132 11.3137084989848 44.2831796509691 20.8806130178211 59.8414572015087 65.924198895398 7.07106781186548 16.7630546142402 58.821764679411 61.9838688692469 82.0060973342836 65 33.5410196624968 57.9396237474839 80.6535802057168 71.028163428319 59.9082632030006 32.4499614791759 4.12310562561766 44.7213595499958 21.0237960416286 46.3896540189728 83.168503653727 59.6824932455071 14.142135623731 69.7710541700496 67.4759216313494 80.0812087820857 51.0392006206994 22.4722050542442 28.6356421265527 45.5411901469428 87.091905479212 64.4980619863884 54.3323108288245 27.8567765543682 15.2970585407784 3.60555127546399 52 3 65.5133574166368 15.1327459504216 28.3196045170126 45.0111097397076 61.3921819126833 28.6356421265527 17.2626765016321 46.9574275274956 20.6155281280883 70.178344238091 77.6208734813001 100.960388271837 89.4706655837543 80.6039701255465 28.1602556806574 20.6155281280883 65.6201188660917 21.0237960416286 67.3646791723972 103.580886267689 80.6225774829855 7.07106781186548 89.3196506934504 88.4590300647707 100.662803457881 72.0624728967859 7 28.4604989415154 66.4830805543786 107.707938426097 85.4751425854324 75.3259583410659 29.1547594742265 6.32455532033676 23.3452350598575 73.0068489937759 21.3775583264319 86.3133825081603 6.08276253029822 20 66.0302960768767 82.2009732302483 28.4604989415154 4.47213595499958 41 7.28010988928052 89 28.1602556806574 36.6196668472011 37 15 67.3572564761956 47.0425339453563 2.82842712474619 46.3896540189728 67.3646791723972 38.5875627631495 13.3416640641263 60.5309838016862 30.5286750449475 21.095023109729 34.8855270850248 6.40312423743285 68.4470598345904 61.3514466007119 1.4142135623731 41.6293165929973 18.1107702762748 8 59.464274989274 61.660360037872 44.1021541423999 8.48528137423857 46.0977222864644 19.6977156035922 61.5223536610881 68.2495421230062 5.09901951359278 15.6524758424985 61.3514466007119 63.6396103067893 82.4196578493262 66.4906008395172 34.5398320783411 53.2353266168247 3.16227766016838 25.8069758011279 23.7065391822594 97.0051545022222 82.9698740507662 39.3573373083089 83.168503653727 103.580886267689 38.5875627631495 26.2488094968134 97.1236325515062 18.0277563773199 21.6333076527839 4.47213595499958 36.8781778291715 105.621967412087 91 38.9486841883009 5.8309518948453 23.43074902772 32.0156211871642 89 98.3717439105356 80.3616824114578 37.4833296279826 82.2800097228968 19.2093727122985 98.0815986819138 100.244700608062 42.2018956920184 23.0217288664427 91 100.284595028349 120.929731662648 103.73041983912 23.3238075793812 30.4138126514911 24.7588368062799 32.0156211871642 6.08276253029822 79.0759128938769 60.2079728939615 15.0332963783729 59.6824932455071 80.6225774829855 13.3416640641263 26.2488094968134 73.824115301167 23.1948270094864 8.06225774829855 22.2036033111745 10.6301458127346 81.7863069223693 73.0068489937759 14.142135623731 28.6530975637888 5.09901951359278 5.8309518948453 71.0633520177595 74.9666592559653 57.3149195236284 11.4017542509914 59.3043000127309 7.07106781186548 74.8131004570724 80.6225774829855 16.1245154965971 4.12310562561766 73.0068489937759 76.9415362466854 94.8736001214247 79.8310716450681 29 70.6045324324154 94.5568612000208 83.86298349093 73.9797269527267 29.2745623366089 14.3178210632764 58.8557558782486 14.142135623731 7.07106781186548 60.5309838016862 97.1236325515062 73.824115301167 83.2586331859946 81.6149496109628 94.1116358374457 65.1229606206597 9.21954445729289 28.0713376952364 59.6824932455071 101.138518873869 78.63841300535 68.4689710744948 28.2842712474619 1.4142135623731 16.7630546142402 66.0302960768767 14.8660687473185 79.6241169495775 1 22.1359436211787 59.0762219509677 75.5049667240507 28.0713376952364 3.16227766016838 40.6078810084939 7.81024967590665 83.240615086627 53.6003731330296 14.8660687473185 9.8488578017961 17.464249196573 80.156097709407 68.9420046125727 30 69.7710541700496 89.3196506934504 30.5286750449475 18.0277563773199 23.1948270094864 83.2586331859946 24.5153013442625 18.0277563773199 31.9530906173409 92.1357693840997 74.2428447730823 30.2324329156619 23.7697286480094 24.0831891575846 27.2029410174709 72.2495674727538 84.581321815162 66.6408283261845 33.5261092284804 68.4470598345904 18.1107702762748 84.1724420460759 84.0119039184329 35.3553390593274 19.1049731745428 74.2428447730823 86.4060183089118 111.198021565134 90.3382532485547 6.70820393249937 31.7804971641414 21.0237960416286 34.2052627529741 11.4017542509914 87.0976463516667 68.1175454637056 23 67.4759216313494 88.4590300647707 21.095023109729 21.6333076527839 8.06225774829855 81.6149496109628 24.5153013442625 17.2046505340853 17.0880074906351 89.4427190999916 81.0246875958186 22.0227155455452 22.6715680975093 3 13.1529464379659 79.0759128938769 82.7345151674922 65.1920240520265 17 67.1863081289633 6.70820393249937 82.6075057122535 88.684835231284 23.0867927612304 8.60232526704263 81.0246875958186 84.717176534632 101.21264743104 87.4757109145162 31.04834939252 48.7647413609464 5.09901951359278 26.8700576850888 20.2484567313166 95.1314879522022 80.049984384758 35.8468966578698 80.0812087820857 100.662803457881 34.8855270850248 4.47213595499958 22.2036033111745 94.1116358374457 18.0277563773199 17.2046505340853 32.8024389337135 102.489023802552 89.0898422941695 35.3411940941446 7.07106781186548 19.1049731745428 28.0178514522438 87.091905479212 95.3362470417207 77.3692445355388 33.3016516106934 79.3095202355934 15.2643375224737 95.0789145920377 98.0459076147495 38.2753184180093 19.2353840616713 89.0898422941695 97.2676719162127 117.046999107196 100.578327685441 24.0831891575846 23.1948270094864 35.3553390593274 39.6232255123179 14.7648230602334 73.3893725276351 52.0384473250308 9.21954445729289 51.0392006206994 72.0624728967859 6.40312423743285 36.8781778291715 10.6301458127346 65.1229606206597 31.9530906173409 17.0880074906351 32.8024389337135 72.691127381545 67.4166151627327 7.81024967590665 39.1152144312159 14.3178210632764 5 65.5515064662895 66.1891229734916 49.0102030193714 2.23606797749979 51.0098029794274 17.6918060129541 66.1211010192662 73.9797269527267 6.08276253029822 14.2126704035519 67.4166151627327 68.1835757349231 84.380092438916 70.7106781186548 36.8781778291715 76.1183289359403 103.121287811974 92.9623579735368 82.2800097228968 35.1283361405006 23.3238075793812 66.9402718847182 22.4722050542442 7 68.4470598345904 105.621967412087 81.7863069223693 9.21954445729289 92.1357693840997 89.4427190999916 102.489023802552 72.691127381545 35.1710107901379 67.6830850360709 109.48059188733 86.4927742646748 76.2954782408499 35.7351367704113 7.81024967590665 25.4950975679639 73.4370478709486 23.7065391822594 87.8009111570034 8.48528137423857 27 66.6108099335236 83.6779540858881 35.1710107901379 6.40312423743285 34 2 92.2821759604746 81.0246875958186 88.0056816347672 71.5891053163818 70.8590149522275 6.08276253029822 24.5967477524977 58.821764679411 28.6356421265527 28.4604989415154 61.3514466007119 91 73.0068489937759 28.0713376952364 74.2428447730823 81.0246875958186 89.0898422941695 67.4166151627327 35.1710107901379 60.0832755431992 96.0468635614927 78.1024967590665 68.9637585982667 2 29.1547594742265 26.9258240356725 69.0796641566822 25.9422435421457 76.9415362466854 28.1602556806574 11.4017542509914 62.2414652783817 73.1641988953614 1e-05 29.4278779391243 68.5930025585701 34.7131099154196 72.0069441095788 29.4108823397055 36.8917334913934 36.4005494464026 15.2643375224737 66.098411478643 46.0977222864644 1.4142135623731 45.5411901469428 66.4830805543786 1.4142135623731 38.9486841883009 14.142135623731 59.6824932455071 30.2324329156619 22.0227155455452 35.3411940941446 7.81024967590665 67.6830850360709 60.0832755431992 42.154477816716 19.0262975904404 9.05538513813742 58.1893461039046 60.8276253029822 43.1856457633784 9.89949493661167 45.1774279923061 20.2484567313166 60.6712452484701 67.0820393249937 6 16.1554944214035 60.0832755431992 62.8012738724303 82.2009732302483 65.7343137181792 34.0147027033899 53.2541078227774 8.94427190999916 31.6227766016838 27.2029410174709 102.078401241399 87.0976463516667 42.7200187265877 87.091905479212 107.707938426097 41.6293165929973 5.8309518948453 28.6530975637888 101.138518873869 23.7697286480094 22.6715680975093 7.07106781186548 39.1152144312159 109.48059188733 96.0468635614927 42.154477816716 25 34.4818792991333 94.0478601564119 102.357217625334 84.4037913840368 39.4081209904761 86.3481325796916 21.9317121994613 102.107786186951 105.076162853427 44.7772263544762 26 96.0468635614927 104.292856898256 123.490890352285 107.563934476199 29.1547594742265 30.6757233003559 22.4722050542442 33.5410196624968 9.21954445729289 84.1724420460759 65.1229606206597 20 64.4980619863884 85.4751425854324 18.1107702762748 23.43074902772 5.09901951359278 78.63841300535 24.0831891575846 3 19.1049731745428 14.3178210632764 86.4927742646748 78.1024967590665 19.0262975904404 25 10.1980390271856 76.1577310586391 79.7621464104371 62.2012861603359 14.422205101856 64.1950153828161 6 79.6303962064738 85.7088093488645 20.2484567313166 6.40312423743285 78.1024967590665 81.7435012707432 98.6154146165801 84.5281018360166 30.4138126514911 27 30.4138126514911 35.2278299076171 9.8488578017961 75 55.0363516232681 10.1980390271856 54.3323108288245 75.3259583410659 8 32.0156211871642 5.8309518948453 68.4689710744948 27.2029410174709 13.1529464379659 28.0178514522438 5 76.2954782408499 68.9637585982667 9.05538513813742 34.4818792991333 10.1980390271856 67.0522184569608 69.5844810284592 52.0864665724217 6.32455532033676 54.0832691319598 12.8062484748657 69.462219947249 76.1183289359403 10.295630140987 9.21954445729289 68.9637585982667 71.5681493403316 89.044932477935 74.3303437365925 32.3882694814033 79.4040301244213 86.0058137569781 69.6347614342147 68.8839603971781 8.06225774829855 23.7697286480094 56.9209978830308 27.8567765543682 29.1547594742265 59.464274989274 89 71.0633520177595 28.2842712474619 72.2495674727538 79.0759128938769 87.091905479212 65.5515064662895 35.7351367704113 2 58.1893461039046 94.0478601564119 76.1577310586391 67.0522184569608 29.4278779391243 25.9422435421457 67.2309452558864 25.0798724079689 74.9666592559653 28.4429253066558 13.0384048104053 60.4152298679729 71.1969100453102 2 29.8328677803526 68.8839603971781 35.1710107901379 70.0357051795725 71.3091859440283 95.8175349296777 85.2349693494401 75.1864349467376 30.1496268633627 15.6524758424985 60.0166643524946 15.2970585407784 6.32455532033676 61.660360037872 98.3717439105356 74.9666592559653 1.4142135623731 84.581321815162 82.7345151674922 95.3362470417207 66.1891229734916 7.81024967590665 29.1547594742265 60.8276253029822 102.357217625334 79.7621464104371 69.5844810284592 29.4278779391243 18.0277563773199 67.0671305484289 16.1554944214035 80.8084154033477 1 22.8035085019828 60.1331855134916 76.6876782801514 29.1547594742265 2 39.4588393138977 6.40312423743285 84.5990543682375 57.2712842531054 77.7946013551069 67.6756972627545 57.2712842531054 31.2409987036266 3.16227766016838 42.2965719651132 3.60555127546399 23.3452350598575 44.1021541423999 80.3616824114578 57.3149195236284 16.7630546142402 66.6408283261845 65.1920240520265 77.3692445355388 49.0102030193714 25.4950975679639 26.9258240356725 43.1856457633784 84.4037913840368 62.2012861603359 52.0864665724217 25.9422435421457 18.0277563773199 50.0899191454728 2 62.9682459657247 17.7200451466693 28.0178514522438 43.0464865000618 58.8557558782486 26.9258240356725 19.9248588451713 50.5371150739731 23.7065391822594 66.8879660327626 21.095023109729 36.1247837363769 41.4366987102013 16.1554944214035 75.0266619276108 53.1507290636732 11.3137084989848 52 73.0068489937759 8.48528137423857 37.4833296279826 11.4017542509914 66.0302960768767 33.5261092284804 17 33.3016516106934 2.23606797749979 73.4370478709486 69.0796641566822 9.89949493661167 39.4081209904761 14.422205101856 6.32455532033676 67.2309452558864 67.0671305484289 50.0899191454728 52.0864665724217 18.4390889145858 67.0298440994756 75.4320886625844 7.07106781186548 15.2643375224737 69.0796641566822 69.065186599328 84.2199501305955 71.449282711585 38.6393581727233 59.0931468107766 79.6994353806851 69.3397432934389 59.2283715798434 30 1.4142135623731 44.2831796509691 3 21.3775583264319 46.0977222864644 82.2800097228968 59.3043000127309 14.8660687473185 68.4470598345904 67.1863081289633 79.3095202355934 51.0098029794274 23.7065391822594 25.9422435421457 45.1774279923061 86.3481325796916 64.1950153828161 54.0832691319598 25.0798724079689 16.1554944214035 2 52.0864665724217 64.9384323802169 15.8113883008419 26.4007575648882 45.0444225182208 60.8276253029822 25.9422435421457 18.0277563773199 49.6588360717405 21.9544984001001 68.60029154457 36.4005494464026 17.6918060129541 27.6586333718787 6.08276253029822 83.0240928887513 65.7647321898295 20.8806130178211 65.5133574166368 86.3133825081603 19.6977156035922 19.2093727122985 7.07106781186548 79.6241169495775 18.1107702762748 6.70820393249937 15.2643375224737 17.6918060129541 87.8009111570034 76.9415362466854 20.2484567313166 21.9317121994613 6 12.8062484748657 74.9666592559653 80.8084154033477 62.9682459657247 18.4390889145858 64.9384323802169 80.6039701255465 85.146931829632 23.0217288664427 4.12310562561766 76.9415362466854 82.7647267862342 101.788997440784 85.8661749468322 24.5153013442625 71.5681493403316 95.5091618641898 84.7230783199005 74.953318805774 29.1547594742265 15.2315462117278 59.8414572015087 15.1327459504216 6.08276253029822 61.5223536610881 98.0815986819138 74.8131004570724 1 84.1724420460759 82.6075057122535 95.0789145920377 66.1211010192662 8.48528137423857 28.1602556806574 60.6712452484701 102.107786186951 79.6303962064738 69.462219947249 28.4429253066558 1 17.7200451466693 67.0298440994756 15.8113883008419 80.6039701255465 21.8403296678416 60.0749531835024 76.4852927038918 28.1602556806574 2.23606797749979 40.4474968323134 7.21110255092798 84.1189633792524 85 97.3293378175358 82.0060973342836 79.1012010022604 8.54400374531753 25 65.924198895398 28.3196045170126 20 68.2495421230062 100.244700608062 80.6225774829855 22.1359436211787 84.0119039184329 88.684835231284 98.0459076147495 73.9797269527267 27 11.4017542509914 67.0820393249937 105.076162853427 85.7088093488645 76.1183289359403 13.0384048104053 22.8035085019828 28.0178514522438 75.4320886625844 26.4007575648882 85.146931829632 21.8403296678416 68.4105255059483 81.2219182240853 11.4017542509914 22.3606797749979 61 27.0739727413618 82.2253002426869 23.7697286480094 40.4598566482878 42.0594816896262 19.1049731745428 68.1542368455549 46.0977222864644 7.07106781186548 45.0111097397076 66.0302960768767 5.09901951359278 42.2018956920184 16.1245154965971 59.0762219509677 35.3553390593274 23.0867927612304 38.2753184180093 6.08276253029822 66.6108099335236 62.2414652783817 6 44.7772263544762 20.2484567313166 10.295630140987 60.4152298679729 60.1331855134916 43.0464865000618 7.07106781186548 45.0444225182208 23.0217288664427 60.0749531835024 68.4105255059483 19.2093727122985 62.2414652783817 62.1288982680363 78.7718223732319 64.6297145282261 39.560080889705 34.5253530032641 21.2602916254693 28.0713376952364 2.82842712474619 79.2464510246358 61.660360037872 16.7630546142402 61.3921819126833 82.2009732302483 15.6524758424985 23.0217288664427 4.12310562561766 75.5049667240507 19.1049731745428 8.60232526704263 19.2353840616713 14.2126704035519 83.6779540858881 73.1641988953614 16.1554944214035 26 6.40312423743285 9.21954445729289 71.1969100453102 76.6876782801514 58.8557558782486 15.2643375224737 60.8276253029822 4.12310562561766 76.4852927038918 81.2219182240853 19.2093727122985 73.1641988953614 78.644770964127 97.9081201943945 81.7435012707432 25.0199920063936 81.0246875958186 88.0056816347672 71.5891053163818 70.8590149522275 6.08276253029822 24.5967477524977 58.821764679411 28.6356421265527 28.4604989415154 61.3514466007119 91 73.0068489937759 28.0713376952364 74.2428447730823 81.0246875958186 89.0898422941695 67.4166151627327 35.1710107901379 1e-05 60.0832755431992 96.0468635614927 78.1024967590665 68.9637585982667 2 29.1547594742265 26.9258240356725 69.0796641566822 25.9422435421457 76.9415362466854 28.1602556806574 11.4017542509914 62.2414652783817 73.1641988953614 29.4278779391243 68.5930025585701 34.7131099154196 72.0069441095788 73.24616030892 97.718984849414 86.9540108333135 77.1297607930946 30.0166620396073 17.464249196573 61.9838688692469 17.2626765016321 4.47213595499958 63.6396103067893 100.284595028349 76.9415362466854 3.16227766016838 86.4060183089118 84.717176534632 97.2676719162127 68.1835757349231 6.40312423743285 29.4278779391243 62.8012738724303 104.292856898256 81.7435012707432 71.5681493403316 29.8328677803526 2 19.9248588451713 69.065186599328 18.0277563773199 82.7647267862342 2.23606797749979 22.3606797749979 62.1288982680363 78.644770964127 29.4278779391243 39.2045915678253 5.3851648071345 86.3539228987311 77.884529914483 119.037809119624 114.58621208505 97.4166310236604 69.065186599328 50.1597448159378 82.0060973342836 46.9574275274956 41 82.4196578493262 120.929731662648 94.8736001214247 40.6078810084939 111.198021565134 101.21264743104 117.046999107196 84.380092438916 34 68.5930025585701 82.2009732302483 123.490890352285 98.6154146165801 89.044932477935 68.8839603971781 39.4588393138977 50.5371150739731 84.2199501305955 49.6588360717405 101.788997440784 40.4474968323134 61 78.7718223732319 97.9081201943945 68.5930025585701 39.2045915678253 34.0587727318528 113.137084989848 74.1484996476665 101.242283656583 91.2688336728371 80.3616824114578 35.0142828000232 21.6333076527839 65 20.6155281280883 7.28010988928052 66.4906008395172 103.73041983912 79.8310716450681 7.81024967590665 90.3382532485547 87.4757109145162 100.578327685441 70.7106781186548 2 34.7131099154196 65.7343137181792 107.563934476199 84.5281018360166 74.3303437365925 35.1710107901379 6.40312423743285 23.7065391822594 71.449282711585 21.9544984001001 85.8661749468322 7.21110255092798 27.0739727413618 64.6297145282261 81.7435012707432 34.7131099154196 5.3851648071345 34.0587727318528 90.5538513813742 59.2114853723498 20.2484567313166 3.16227766016838 23.0217288664427 77.7817459305202 68.9637585982667 33.5410196624968 70.178344238091 89 34.5398320783411 23.3238075793812 29 83.240615086627 6.70820393249937 31.04834939252 24.0831891575846 36.8781778291715 92.2821759604746 72.0069441095788 34.0147027033899 29.1547594742265 30.4138126514911 32.3882694814033 70.0357051795725 84.5990543682375 66.8879660327626 38.6393581727233 68.60029154457 24.5153013442625 84.1189633792524 82.2253002426869 39.560080889705 25.0199920063936 72.0069441095788 86.3539228987311 113.137084989848 90.5538513813742
Deviation Vector:
8.19541072683195 74.1184755323829 38.5682922774501 65.3257831210955 33.3781550694029 38.1666424868932 23.126236358203 3.24854626096813 3.55970927332519 74.936993119556 12.8402521035325 9.18716404313707 87.1007333978102 17.0664280303044 73.4626887752343 8.6845341162051 25.2949090607837 16.1610090618955 38.1450647849958 17.3156920113553 23.80441739649 42.9253024638401 96.105449561512 47.4284299579768 24.1922499168182 0.0556621780607425 88.8008229533454 37.2911057146114 66.5309330651256 17.1048178597928 27.7205519219481 37.4540753870377 112.965610006885 44.2887032387907 16.6208637568376 23.7531590782159 13.1749711682903 32.3434428157537 8.25936769713688 7.54820723455068 37.0225951214182 63.0342670520886 17.8276604955513 31.6576729808985 133.408208573104 13.1524391469987 2.42524883403663 0.677311536610128 52.8214583296067 6.50474554119161 7.41106863832056 6.80526838753203 14.1787975347502 161.162408054343 32.860179174002 30.3785703270646 14.0020956506944 5.61283036116793 6.73884402955586 74.717791131746 43.2137872246078 107.962119474381 11.8213067920895 17.443612356979 6.47686836275251 51.6360046954285 52.4812670592966 23.8147228054454 24.5170899926382 79.3292426857209 91.6132356940383 184.156764686726 6.01854939187582 28.683046942927 19.4595709221724 31.487964514441 3.88368210660004 83.4721338308814 98.0694298027335 25.3793696190966 107.799474374252 12.0210938832603 15.4020207618177 7.54574786762723 2.2684854874895 66.2230633224411 10.9897864501204 0.341774542442671 27.9294238068766 52.9927191137924 81.6901761728097 106.698288853493 39.9988963964185 38.1364370949237 2.78216734903267 51.6069544022419 8.37523151459937 53.0299111631102 28.9113357245626 52.768004250748 105.644084916963 37.7463281251546 101.172854688297 129.817202105234 48.575778056833 42.3139543144769 95.7512797917326 113.414367183032 110.136887755083 102.162794955069 1.22048353443292 30.8797813178092 27.1220926547995 20.8577619368179 88.0916832165419 79.4965587174204 24.9168548656736 38.0067181708572 107.571368698794 15.0743908783286 8.19026013904645 3.57037294942824 64.2913525080942 25.2243043601957 1.89953375294322 19.2762948625209 18.9424161555259 23.6039829213977 111.542703239715 1.27916393519789 42.4456866184142 13.5654173346473 14.2662890642476 77.7113165172294 107.369943336828 55.9601777768336 16.3037181769861 67.4738905596601 3.98460103705572 25.7839215869009 50.0102583030176 19.888566646139 3.38428398044048 18.3953488340105 16.7287642983624 69.6623029878842 127.307344158249 4.19973981668173 116.777624793807 121.485666690116 91.7595447295947 5.28215797302027 7.23657209942721 27.8888890822635 49.0965011394376 11.8166329882229 93.0922633578813 113.456040837857 55.8667203187994 38.9314065638304 100.466736706371 55.7846195639074 111.77017678111 78.9350524066252 4.99828005805308 5.94046126886171 28.1795145449451 117.539307649454 41.2003831828252 81.1043271919584 12.0567906387524 33.8190552211813 15.4974282054235 79.9514349299933 41.4393652742555 59.1921732876655 4.50124185409675 11.4416706287072 61.0237226300913 119.178993388036 6.11440122254128 13.7000739173123 108.608791099555 44.0557471970255 68.953098947859 88.1579187469408 4.13842754263922 44.7251929971058 60.1632496981492 21.6791101374823 15.6197461280288 2.59543472917473 28.8303207651157 71.5349599857514 6.53013975071705 92.7661716647878 12.4694547300867 34.8178910830794 72.60497577687 108.898430709523 82.5549705669056 21.8075962306233 21.0484718618515 21.0269055064402 32.5995762168444 39.7711553212018 64.3424144989218 12.5665564972914 5.06372162939948 1.3854589566531 21.5917732871122 1.87908065993296 58.8289354356569 5.36829513923367 24.0146814610459 7.13063748729915 11.4256954704062 24.8939940592901 13.91728794638 59.5768812488669 3.10938762598314 78.8010147730621 5.85546477523245 57.3941579417144 37.1711717415066 4.21971411434767 94.4562058522834 12.7175105306602 34.6420259634757 58.8058807206039 0.043943133225638 28.9156894594837 3.07887387350808 51.2797437952893 35.725017227155 13.3191005034919 53.1246335500035 6.7632521842292 74.154447177371 10.5379588277809 1.65703160863231 64.6784059331197 30.157227049311 4.48600434439848 13.6671420487448 50.5402139067124 25.148448888369 4.81293882169432 10.0895769668668 29.0548667214025 96.53328379035 24.4956979375778 6.41893156474407 2.97858893626882 16.9074669826787 19.7338626455667 36.6793071606364 7.65141538946207 20.1203309697106 70.7961142436866 81.7722735327791 43.7113436188712 19.7844224220544 39.5459241239787 6.12976723997847 68.0247302305482 3.60389328061241 62.2701452070966 52.2557113411455 76.3452517506311 21.5169619445302 12.1167202070613 78.7343751738078 112.353513503315 31.3152503226365 31.6174629259847 17.7183648982564 55.0195449986822 17.9427394286938 54.6036941791519 52.8793145883153 5.37150437848975 18.6343876797949 0.91828215081687 19.2667014037399 4.51681078040518 37.5428609496604 12.3753909695837 45.9717146006479 52.7948339798569 25.3757137940823 28.946122040912 2.79641502880672 34.9167529719159 12.4346850942831 1.56731433577279 49.5467064328513 78.2029623428965 122.097181652474 102.09525301789 12.0366789943958 25.9713386954868 94.5121382491431 33.5179526693818 69.8197243513423 44.2807676744605 110.847938513489 0.204004870356994 0.828965921830229 139.846668419701 88.1247464463896 70.8041270317957 1.03180267763667 13.2986638598197 82.2544475663974 55.7834354149665 29.6193091828807 13.8550619719365 38.9420917018317 2.17246890188236 31.6763023767434 8.95757537885392 28.9524806916014 131.097572010001 5.26936441695893 6.62330299040958 101.7651655178 123.679169962915 31.4703588423883 5.72212029520411 46.9399756681329 11.1617967827594 81.252939066146 27.0007275672777 54.970936525843 11.9529563806428 20.7948503773399 84.175379728549 16.5544333131941 3.94736491402023 55.865205193415 82.6799383010124 29.0100053244036 18.0333988802099 4.13247000324154 11.0719857099086 5.130914339203 14.4703680571979 3.50000987726995 108.073211535082 46.5223869016311 0.391917932448871 3.13388809575731 8.8070422875824 1.35710334916038 55.9891215123547 50.4044283836891 3.7258079723014 6.95630436770446 13.684699325893 26.8674144306436 20.8154848003313 13.9029717386996 3.31739703133256 20.3038303486307 4.81571093194101 61.9625767285296 87.1292736920994 88.3114357939599 45.7843255391608 43.9937033277104 2.86531971897985 23.9115666746378 37.4135968328721 61.2498740786906 82.5404813106024 12.3789327412726 72.7422601324723 146.009736138491 33.2291545963739 21.713616602854 52.5990604998532 20.5203500563142 19.5241403547787 4.59671022393507 48.2330476626083 22.9957062973255 19.9256116518112 54.2315034126127 6.04976076375962 12.0861795934074 36.1784256812932 122.452038489261 70.7817639586772 12.3976904344899 39.2332067283612 65.6616967214396 21.6666666928327 46.8320453778942 50.108413996221 34.9063483848662 30.0175947964839 127.941871399956 12.7698681986185 151.855422119901 42.6350159229121 26.1730673371806 47.7575756006975 31.831312356633 28.9880915943714 4.89692924070525 38.4729549785716 87.1211749723377 4.76508637727034 82.9011088716394 68.4093866836905 21.6784826368091 42.1753454628083 78.80552870176 32.2618896262999 8.2068342769502 35.1550173593623 9.50959447235827 62.7671069299673 49.3884210389832 14.8331352527408 5.38079555958459 7.51859389492213 3.20957207550913 47.2764231854811 26.0908680201274 78.9550023324394 3.90860009162606 7.56971882490541 10.6412560090615 119.591706357829 43.4281149221898 16.1360649013248 6.35969850542208 14.4530542743998 21.5287441963085 68.418861659887 54.6443990076098 2.91348174489601 73.2964639761826 42.2849208302403 79.584201809453 76.6912516840333 12.5177297431069 5.58552632865188 47.1561436848121 20.4428815154558 2.45413313058863 4.20431852324822 56.976309829227 75.5631958191355 93.1096572384469 63.2049015980322 82.0398476443577 2.76185315392732 13.2733735287588 34.2403513987044 84.7476119050854 15.7938726423794 105.957712481386 88.9089890148484 3.63042325881795 0.367296544307515 11.279864742773 2.93588523304085 6.8039967181843 75.858441288248 0.765620762459897 25.2833810582381 62.2174070688514 13.394736580744 44.6159422123695 1.18839987117727 49.3001736328832 3.05091032011706 63.7552454408949 20.8464836699946 3.11910125377868 10.9616009879772 8.00528915752817 63.8403550859679 35.1737581477582 47.3009961941154 109.601840560702 123.432834347982 49.4292737383534 24.9546023301698 22.6228172927903 117.622675464355 37.7632007374099 12.5544811476088 34.6666281988957 3.9067718154816 70.9847118438414 3.9748773804736 2.06475832110429 34.0488499448966 29.4929962190319 61.5917301740082 78.6304062043593 34.0541456295805 34.528132816985 61.1009250168115 16.0609077354963 51.9846129290771 107.812749139257 0.932843379412239 19.2295531452332 110.853231620611 98.4481441417193 162.894241707649 59.9142712838179 0.155728177856587 44.9775587783445 12.7773019571769 48.0630829903451 16.0539061215253 31.8464671056451 51.3695112270801 27.4715128144722 18.8722360202216 128.312274117956 13.7748505752431 6.96788908515296 6.29095797831612 64.0242999682695 10.0256752208624 9.7679962127298 4.14053197180601 112.82676849794 121.326036767068 16.5900760092034 15.0762273333826 2.2911736006942 0.1813294690531 101.421221399199 34.8049365725041 2.61883011345994 11.2668466384525 19.312925324729 7.91257989915568 41.4121690373729 84.3104365898947 27.7676943608275 2.49659643872051 126.271227857653 83.1536224645808 7.27704306532707 26.0436557375508 3.39447353845267 61.751384735732 2.9442395238228 41.9134298091351 5.93192916110025 85.5711219019116 57.1403228284875 38.6223390697797 104.783017246197 129.00555247102 46.0395187538098 4.2197085141653 25.5921311027265 42.0398705564027 28.9983562403878 4.98918612686094 15.1051419706623 129.625479299138 63.3137221271222 17.693901043146 2.1296949466363 19.069170987466 1.50880533542648 69.8909731044922 30.7416700647914 97.2224964794221 36.3893878975452 20.1873405461544 9.33875475094762 110.730688504865 54.1471373194905 27.6015108621266 15.4765077788119 100.642654972897 63.6754583541912 128.464047481204 40.516374736426 32.9566301732677 12.725186126098 3.00336303096421 40.5609201678505 3.57319555614921 75.4812223179132 28.6175708782054 6.34958781010733 51.5851789491598 60.5268456340212 7.35845677013668 23.938580307792 16.4830465762463 1.53115010393505 30.365349427221 15.7615512385506 2.53770328469875 9.1926233530974 83.9222408666306 10.418616708712 47.688551159197 21.4676958182736 1.5971187267822 49.6523037977597 28.1493352161587 50.9977893555877 3.49282792767489 79.3183257543623 1.21808939614088 68.3187658280527 24.5206434421784 8.74275499201833 22.4824362791663 28.0721966726413 56.9073587754938 16.6667929175335 102.170016435985 51.0597196723338 67.45834172437 85.5137266604829 55.6033241058368 33.659288483863 51.9330213528862 12.1838040868372 28.9579527708613 18.0304482159853 10.1132591746839 34.9050670386147 98.1022998639025 86.9581415534265 2.00597670289756 48.0618757131338 83.7415744445089 55.0368586862431 92.978980147526 47.8869380124517 106.773925230788 132.996062380351 111.589733099019 1.53063191320842 22.2159125346673 12.6652050774422 37.1555854249579 42.3875477641338 9.75918873633998 58.4434572567822 6.57368437627968 6.21602537867204 28.2324296952955 2.89529662981931 37.2628780155292 6.54379358699303 15.0852112670693 1.82302239424123 142.515531073467 71.0000358742251 7.70137847983393 97.5581152175627 98.2271558819539 6.1820079862571 19.6685732908545 94.3390780599432 44.0404071566046 3.11798665611003 31.5634365382509 108.354502482707 107.400417156037 13.0722808721159 57.8466426214252 91.9563329144261 43.2747334696529 94.4396916805758 39.7497561609034 19.0319174147427 33.7784464983446 120.422470446886 67.7496584590146 2.25280654133574 4.24870279683712 37.8640808949943 80.2017485641293 31.2657561981956 61.6963345094421 45.1883800453189 5.59110027126768 44.8051088286177 62.5273978743918 5.77881947510739e-06 13.4269033290052 42.1507792813494 55.3395634571064 90.4339506226718 17.4104298112807 55.5519387106861 49.7035251430051 16.8890993329231 70.7367454898519 55.7881928285408 2.22331683343431 10.1548657982493 47.7872197449341 0.610260634315322 63.2456151429135 3.14842545154897 44.6591217001842 10.5559739436615 3.04207346045001 3.68707329745943 11.5245221205638 19.2127062306704 90.7596680111711 42.5853808590029 28.3314713808111 6.21270876453931 57.5238245363651 21.477955411652 60.716357304438 2.1465533852794 42.0591626517546 4.77575122898412 50.4384430240421 60.2953200683714 8.95058104003355 22.9943177648314 46.7624467399121 77.3007539825333 74.2610682502131 14.6010013918707 27.7134443867679 45.222612905236 3.9811263544962 48.4946875045247 34.838939076117 45.1775428673574 11.3068745257379 17.2006897880736 68.9539265700128 28.8605371285176 21.1046320720304 3.73738212576312 15.8111962688094 39.5638309693524 0.590253431788826 9.39822727258046 7.61740332963756 39.6391618341648 84.0409640380835 82.2983604321545 51.8596869539038 1.80663022119958 37.6788269055325 40.9319029707361 99.3985589388923 80.8699526834284 9.15021582770899 10.6245395791207 12.340204969117 115.953576298287 36.268564130379 61.6767738082661 9.31942932429641 75.9027613847315 133.975122168089 1.58054301940767 132.609647084885 41.2371722488405 12.7438168741136 8.94925864241564 1.87928834442902 8.50412782940842 87.4713730252156 39.5846078906887 26.2717354178187 68.6275296840908 87.3882593621469 13.8457686941741 10.5690030549066 0.834556479969373 127.501254875517 1.32356572091793 0.707805600762312 20.7810378307077 7.0183418417845 104.399370943233 32.7651994036859 13.7440908766901 33.2518261374411 10.0163130788906 17.6402271106748 3.89972892994689 45.609006245755 8.51006901508625 53.8698866741557 2.34904785125268 48.0064570925919 38.1969241799485 3.63633361847958 6.52031767603765 65.91038760785 19.2600171291441 31.0006544031003 21.7019960142551 25.6528155186331 0.0432077701871106 40.1695798839365 8.43692164069918 7.54525892880783 10.9122083683205 22.1887810304079 7.76193514276566 10.8911391832551 48.1409039992793 1.78003198121304 22.1111547569997 1.28155862224218 43.9584068962637 38.4380228773374 20.3852063202534 45.506585735511 0.09145877688579 121.977434940537 50.4195901019892 5.50892391717908 27.9842821359418 11.4484274764356 81.2153137986239 87.4832888169401 67.8268088404164 3.81485666851902 25.67736109039 19.6935982612881 63.7344288733547 55.6818931660637 7.77243315407136 8.47406318492473 29.3743956756068 71.1688968945564 5.24479794542897 42.4750128390523 45.2654335172752 65.1129673384591 66.3870188093897 28.574122991556 71.8132464454316 11.7912643360292 14.9779784809168 3.312729614213 34.7984225292169 16.1412768914949 3.33314046715384 112.805926788927 37.3826024257809 22.2641203153246 18.0259492722604 105.772812721557 24.6836401203228 95.7524266450396 34.609106845286 3.17123398575692 25.4611361018427 135.735903380816 114.01444891779 90.8622988529435 16.1393100652975 16.2310994455495 43.5584712355766 24.4372177619987 121.452305546065 20.1032821865719 20.1549146950709 84.0572774602975 108.704488935882 1.38271138591797 5.23039261349653 64.9571641260757 18.5539897482767 56.4103602951773 71.394241259774 14.4091758589171 115.84222291859 79.4905268338768 42.7480624839733 4.05075475122235 13.086964753384 0.62738952671363 10.0965470030411 30.9211979135315 147.728211813466 70.3598240766663 0.651595380600353 26.469323926431 62.5031751884239 31.6025332681722 2.75990399297332 10.1838066582857 27.9054161491559 41.9461481961599 66.7300391639475 75.8447523987308 97.1666692275846 16.8150514638916 12.9054742676533 86.9762292494844 20.4004217091617 72.015657409078 0.613501737975452 3.73852674540451 4.22711777666339 123.827172795668 9.16411794562012 2.85877720583562 41.2579453643788 0.677737324652679 5.2312869475205 72.3708593023849 11.4248003274627 2.15850881443172 7.94813952751244 0.695022344479267 3.06881054004496 25.3579812694262 1.20855333487271 2.32435088369506 41.0596798007368 30.2874847287248 80.43960292213 4.38882421728076 71.0711144726908 27.9709247942622 93.8258263594874 40.9979489368951 25.506649638546 8.13760784822685 21.8962603063438 53.7535601926972 74.2318383633612 58.3643487920648 20.7747343393775 22.7818408970149 55.5435590901274 2.2302676219538 67.1715128854529 9.35841477185087 34.2091970002689 48.5817654144322 9.73652641798284 36.8301416700385 23.1224657559095 15.373938980846 32.9540866534567 33.7503830397494 19.0643930628342 3.57386224040552 25.0337762974037 3.36690727449894 35.6992361431849 20.2645941859244 5.31995046274734 80.1996375877252 59.1589780108711 0.480079302415289 28.205222612253 2.10280781836825 23.6917400526377 42.2261388207355 13.9619361329639 51.6912997113323 1.68528556522921 119.12205318271 82.1756391184817 2.33839945482947 43.7779193679055 9.08576467754968 4.8341100798622 47.4326913780687 8.8681012843953 46.5721158316345 23.2831849498883 23.8364043354535 82.713559992897 15.8972303593173 1.20876880139521 7.80579136630051 21.392586492947 53.5317886928344 60.6198966901385 56.1234550201333 44.680904016101 70.3209838745405 55.9056259029576 23.598577876981 73.8329179088813 43.617885308458 0.742124244543782 71.0913885879189 3.26125211846037 28.7752933092666 70.5871372583918 17.6425668251345 79.574709566451 16.2706485728096 30.8446459951788 55.5189693214509 7.78193714873141 61.9756349358766 36.3151521979284 5.97575255537595 23.4199618489898 30.4400396311331 97.7727869052253 6.81639129052952 14.1268854486166 1.0930643569745 1.27481902918139 45.4691806807082 54.7268480170459 21.4590618623273 0.847748502739957 16.7908247981974 56.0129360991351 19.030360739032 12.8554867432056 26.8694846511659 12.3197757905739 84.9172267663534 18.9325572415685 0.387253346516719 26.4848296474553 2.58530637916787 19.6194161156099 44.2609017006736 31.7281753147161 45.0040725343223 129.415032916859 31.863519413101 5.29361101490705 9.93399436326418 17.6469217285176 14.3794809087012 0.879178949844052 1.8063986515019 16.2766230581566 60.9633395847806 14.3111331489302 31.5353240375975 34.3733932058497 6.17249911117139 16.4978197488963 119.901868811485 113.253908452659 36.6956700980093 13.0294933252683 31.7068272009634 90.5864760059228 107.947057719148 2.29686427426215 0.0726412064661622 99.2286333713917 87.5096654983131 45.0558646271834 131.029435819894 2.54968099660919 24.0324591942613 56.0230054127568 135.842100741962 24.5155639135351 25.1356720464335 21.0484634939561 32.8353434221898 0.450575263211367 9.20297389803107 41.0382843884167 93.1563313066515 43.4626753062449 0.85304681906599 74.1438871901606 43.1125505471862 24.2880108661947 35.8888619384029 4.19981782883397 0.862176654045285 68.2878772069323 122.690343489685 41.3183500244563 43.2777509843863 23.9775301728332 0.618646018461213 11.3524925239426 33.9386996103454 0.784732911806905 87.31812353874 8.86606631396591 9.22958690027927 108.53999564863 27.949654874325 0.292153234945592 4.84676139395631 1.6464547059361 127.234493771384 56.825396445514 25.1204138594276 114.740325254937 105.646045266864 10.3201399594999 8.84431712316793 37.0679917853366 13.0947713493971 17.5133794476448 55.8099093236912 100.762681980471 110.503098622472 18.7790252611092 42.3723258540619 83.8828546353756 134.050962760485 83.4048265093464 4.38784801352863 4.0992375592235 9.50644616197649 70.2786271748332 35.0684266153896 93.2458496804911 14.0134741153802 12.8336392345195 28.5155180071136 33.2625451663411 18.307531649211 96.8623785955746 14.6173468935454 39.6545606410867 14.602029636547 10.5737517445871 7.88165805445836 92.436973597943 13.7783453896639 58.0717127428664 10.7271988245588 39.2989521256621 66.534740364177 24.2447791846222 23.8627627199545 61.1346506043477 3.47213493425964 38.4615341071504 42.6360657113123 1.18253875568919 15.0046862721763 13.0321153822554 34.9401498748564 17.5807622226797 34.1004072394126 38.2982695685492 0.583490399291456 61.6477319836457 97.3078053707865 6.68212627064434 61.1859105409174 12.7665214846261 6.43407964325258 24.7332879452878 72.770138130959 34.6400450363169 9.45237485130894 70.3876695529163 15.970797397821 13.1766523876914 43.9560482937636 21.9951880710671 74.1074348967536 37.1597870573782 62.049186754307 99.579715702323 11.7872865765171 44.1490165715007 16.3474028049031 26.489902646007 4.27278284331448 89.1096595254791 7.74057020449556 7.97507541018935 99.5610219981352 131.734309486709 23.1085756889102 2.10191018200574 3.71794454155595 106.718651457225 23.0212797793577 5.5213161106395 8.0316778894231 2.89336311690315 87.964629704246 0.0988338237847723 16.2894041080638 19.8029085599689 10.0143499850195 0.697645809921331 69.8432576055396 44.4916236975674 71.8448720273923 8.32342541097199 71.6716372715772 1.57525876944286 35.1612893386609 119.902522420299 0.66181482939557 89.8917462959453 62.4086903549984 151.278773115149 59.4068519021379 22.9955564368242 31.9656232635664 63.5509273687717 64.0958652057061 17.3267460436097 4.94786594087523 4.19911465720144 1.85745749611439 11.2271020145248 23.1258131638097 27.5544546971046 54.2035792060138 17.3348123933031 12.6454534222874 119.080513781138 80.951055302212 34.5765463141471 3.59042312603891 12.4411415760368 9.68275262020055e-06 76.5431677136985 86.3479140109014 40.6292408999698 2.04560885962006 2.717463297852 10.7899460962799 1.72634351908965 66.3866817626407 30.1875303583466 123.816194028315 1.72954021121595 5.20359492263223 23.4896699888675 57.3271334511888 39.7781142539813 42.6593648882399 55.4356191633538 109.625793672572 47.8662041691027 35.4413802505786 61.6196368817692 85.0450150967091 28.765881850359 16.5227024989503 96.267034947083 16.1564393413443 1.42586377052908 20.0376528199006 99.1989788568633 51.7482361652557 4.05763420364277 55.0216555588796 133.140179886534 17.2159038399706 45.4404290018249 8.34948380729057 16.0996160436783 45.8799249880421 66.6056920974207 6.8979586961928 51.0592936933716 20.8847601697378 1.08154174698207 21.7346702703108 102.465078510568 4.79791832222733 7.15139408248093 3.25173223613838 3.62754314087659 45.9694264242769 14.9865483005617 25.6280016606732 8.47529058283725 6.18696457916739 16.4604863335017 11.1323216699417 54.5743459697182 58.3758742032776 44.5968472974917 99.9813148157248 59.2895732459176 9.39675142444989 21.5098684452211 46.2174015554717 24.0320174562087 135.987193407321 76.361711065559 34.0565449557925 25.4338541183049 146.102417406493 108.040673508295 79.499697425167 17.5859059317545 100.408127349384 33.4268619457101 46.2456665969805 10.2184964288385 43.9039877745069 13.9393395774305 10.4900664917887 62.3101609581336 33.0916808672288 56.448354850613 147.506454715629 62.3623639624725 80.9677290481002 125.410503268135 36.6104805388487 14.4349583498893 16.6040289177921 6.64889370506524 157.538712489204 39.8999429843744 66.1405650692604 81.5365411778981 66.6752605061448 5.30321007918134 1.55542501546474 2.73081031380382 7.8376993196978 11.0324162676446 64.1678337944965 137.167509155455 32.4358314338147 6.26807899944584 9.27308098672513 68.3003626345395 91.1405548830924 42.1225456600648 1.96630408405526 40.6842256363075 13.2990747727728 148.015694944332 57.6812120569187 1.86639379087082 45.4246408060499 2.4548629242019 38.3378025565098 2.7949325708429 13.0372129381267 35.5794701870097 1.68982060509243 9.7450552514328 61.5577430140853 72.5576482214846 43.5062383890436 0.839074546397203 35.3899385243798 120.002699483662 11.7134942128164 28.7379995279895 3.83989509130427 26.7717597539934 86.7475754028408 111.761791163795 11.3734449595421 85.4714344534572 68.9780271252513 43.0109179477465 4.36795833640712 3.82337325835101 65.8369368001553 2.61345073272976 46.8181860647525 35.4821043709831 15.2933685251487 108.256501723916 16.587071197462 13.7942095333339 35.3420046770289 25.0665336457389 26.5550201924883 101.310619613743 100.175802676487 9.76689799735267 27.3503677614915 55.6408292241321 7.39947776601092 10.1427101325955 41.9307823977979 19.766419581928 38.5268950840402 7.04845257109636 3.12610075561837 116.391800446618 8.34249394901458
