Instancenumber:
32
Instancename:
B-n38-k6
Customers:
37
Depot:
0
Dimension:
1406
Vehicles:
37
Capacity:
100
Demands:
0 18 10 16 12 21 23 15 25 3 6 7 4 20 25 20 12 3 12 14 26 9 22 20 9 13 21 10 8 5 14 7 21 20 1 21 17 2
Uncertainty:budgeted
Gamma:
37
Mean Vector:
52.8015151297763 62.1288982680363 36.2215405525497 86.5332306111357 60.4152298679729 30.6757233003559 57.9396237474839 77.6208734813001 28.1602556806574 53.2353266168247 30.4138126514911 70.6045324324154 53.6003731330296 31.7804971641414 48.7647413609464 23.1948270094864 76.1183289359403 81.0246875958186 29.4108823397055 53.2541078227774 30.6757233003559 27 79.4040301244213 71.3091859440283 57.2712842531054 21.095023109729 59.0931468107766 36.4005494464026 71.5681493403316 85 23.7697286480094 34.5253530032641 81.0246875958186 73.24616030892 77.884529914483 74.1484996476665 59.2114853723498 52.8015151297763 22.8035085019828 21.6333076527839 94 80.3616824114578 37.2155881318568 80.6535802057168 100.960388271837 36.6196668472011 3.16227766016838 24.7588368062799 94.5568612000208 14.8660687473185 21.0237960416286 5.09901951359278 35.3553390593274 103.121287811974 88.0056816347672 36.8917334913934 8.94427190999916 22.4722050542442 30.4138126514911 86.0058137569781 95.8175349296777 77.7946013551069 36.1247837363769 79.6994353806851 17.6918060129541 95.5091618641898 97.3293378175358 40.4598566482878 21.2602916254693 88.0056816347672 97.718984849414 119.037809119624 101.242283656583 20.2484567313166 62.1288982680363 22.8035085019828 26 77.2787163454466 69.6419413859206 35.8468966578698 71.028163428319 89.4706655837543 37 25.8069758011279 32.0156211871642 83.86298349093 9.8488578017961 34.2052627529741 26.8700576850888 39.6232255123179 92.9623579735368 71.5891053163818 36.4005494464026 31.6227766016838 33.5410196624968 35.2278299076171 69.6347614342147 85.2349693494401 67.6756972627545 41.4366987102013 69.3397432934389 27.6586333718787 84.7230783199005 82.0060973342836 42.0594816896262 28.0713376952364 71.5891053163818 86.9540108333135 114.58621208505 91.2688336728371 3.16227766016838 36.2215405525497 21.6333076527839 26 76.9415362466854 60.0166643524946 15.6524758424985 59.9082632030006 80.6039701255465 15 23.7065391822594 6.08276253029822 73.9797269527267 17.464249196573 11.4017542509914 20.2484567313166 14.7648230602334 82.2800097228968 70.8590149522275 15.2643375224737 27.2029410174709 9.21954445729289 9.8488578017961 68.8839603971781 75.1864349467376 57.2712842531054 16.1554944214035 59.2283715798434 6.08276253029822 74.953318805774 79.1012010022604 19.1049731745428 2.82842712474619 70.8590149522275 77.1297607930946 97.4166310236604 80.3616824114578 23.0217288664427 86.5332306111357 94 77.2787163454466 76.9415362466854 28.6006992921502 64.8459713474939 32.4499614791759 28.1602556806574 67.3572564761956 97.0051545022222 79.0759128938769 29.2745623366089 80.156097709407 87.0976463516667 95.1314879522022 73.3893725276351 35.1283361405006 6.08276253029822 66.098411478643 102.078401241399 84.1724420460759 75 8.06225774829855 30.1496268633627 31.2409987036266 75.0266619276108 30 83.0240928887513 29.1547594742265 8.54400374531753 68.1542368455549 79.2464510246358 6.08276253029822 30.0166620396073 69.065186599328 35.0142828000232 77.7817459305202 60.4152298679729 80.3616824114578 69.6419413859206 60.0166643524946 28.6006992921502 45.1774279923061 4.12310562561766 20.6155281280883 47.0425339453563 82.9698740507662 60.2079728939615 14.3178210632764 68.9420046125727 68.1175454637056 80.049984384758 52.0384473250308 23.3238075793812 24.5967477524977 46.0977222864644 87.0976463516667 65.1229606206597 55.0363516232681 23.7697286480094 15.6524758424985 3.16227766016838 53.1507290636732 1.4142135623731 65.7647321898295 15.2315462117278 25 46.0977222864644 61.660360037872 24.5967477524977 17.464249196573 50.1597448159378 21.6333076527839 68.9637585982667 30.6757233003559 37.2155881318568 35.8468966578698 15.6524758424985 64.8459713474939 45.1774279923061 44.7213595499958 65.6201188660917 2.82842712474619 39.3573373083089 15.0332963783729 58.8557558782486 30 23 35.8468966578698 9.21954445729289 66.9402718847182 58.821764679411 1.4142135623731 42.7200187265877 20 10.1980390271856 56.9209978830308 60.0166643524946 42.2965719651132 11.3137084989848 44.2831796509691 20.8806130178211 59.8414572015087 65.924198895398 7.07106781186548 16.7630546142402 58.821764679411 61.9838688692469 82.0060973342836 65 33.5410196624968 57.9396237474839 80.6535802057168 71.028163428319 59.9082632030006 32.4499614791759 4.12310562561766 44.7213595499958 21.0237960416286 46.3896540189728 83.168503653727 59.6824932455071 14.142135623731 69.7710541700496 67.4759216313494 80.0812087820857 51.0392006206994 22.4722050542442 28.6356421265527 45.5411901469428 87.091905479212 64.4980619863884 54.3323108288245 27.8567765543682 15.2970585407784 3.60555127546399 52 3 65.5133574166368 15.1327459504216 28.3196045170126 45.0111097397076 61.3921819126833 28.6356421265527 17.2626765016321 46.9574275274956 20.6155281280883 70.178344238091 77.6208734813001 100.960388271837 89.4706655837543 80.6039701255465 28.1602556806574 20.6155281280883 65.6201188660917 21.0237960416286 67.3646791723972 103.580886267689 80.6225774829855 7.07106781186548 89.3196506934504 88.4590300647707 100.662803457881 72.0624728967859 7 28.4604989415154 66.4830805543786 107.707938426097 85.4751425854324 75.3259583410659 29.1547594742265 6.32455532033676 23.3452350598575 73.0068489937759 21.3775583264319 86.3133825081603 6.08276253029822 20 66.0302960768767 82.2009732302483 28.4604989415154 4.47213595499958 41 7.28010988928052 89 28.1602556806574 36.6196668472011 37 15 67.3572564761956 47.0425339453563 2.82842712474619 46.3896540189728 67.3646791723972 38.5875627631495 13.3416640641263 60.5309838016862 30.5286750449475 21.095023109729 34.8855270850248 6.40312423743285 68.4470598345904 61.3514466007119 1.4142135623731 41.6293165929973 18.1107702762748 8 59.464274989274 61.660360037872 44.1021541423999 8.48528137423857 46.0977222864644 19.6977156035922 61.5223536610881 68.2495421230062 5.09901951359278 15.6524758424985 61.3514466007119 63.6396103067893 82.4196578493262 66.4906008395172 34.5398320783411 53.2353266168247 3.16227766016838 25.8069758011279 23.7065391822594 97.0051545022222 82.9698740507662 39.3573373083089 83.168503653727 103.580886267689 38.5875627631495 26.2488094968134 97.1236325515062 18.0277563773199 21.6333076527839 4.47213595499958 36.8781778291715 105.621967412087 91 38.9486841883009 5.8309518948453 23.43074902772 32.0156211871642 89 98.3717439105356 80.3616824114578 37.4833296279826 82.2800097228968 19.2093727122985 98.0815986819138 100.244700608062 42.2018956920184 23.0217288664427 91 100.284595028349 120.929731662648 103.73041983912 23.3238075793812 30.4138126514911 24.7588368062799 32.0156211871642 6.08276253029822 79.0759128938769 60.2079728939615 15.0332963783729 59.6824932455071 80.6225774829855 13.3416640641263 26.2488094968134 73.824115301167 23.1948270094864 8.06225774829855 22.2036033111745 10.6301458127346 81.7863069223693 73.0068489937759 14.142135623731 28.6530975637888 5.09901951359278 5.8309518948453 71.0633520177595 74.9666592559653 57.3149195236284 11.4017542509914 59.3043000127309 7.07106781186548 74.8131004570724 80.6225774829855 16.1245154965971 4.12310562561766 73.0068489937759 76.9415362466854 94.8736001214247 79.8310716450681 29 70.6045324324154 94.5568612000208 83.86298349093 73.9797269527267 29.2745623366089 14.3178210632764 58.8557558782486 14.142135623731 7.07106781186548 60.5309838016862 97.1236325515062 73.824115301167 83.2586331859946 81.6149496109628 94.1116358374457 65.1229606206597 9.21954445729289 28.0713376952364 59.6824932455071 101.138518873869 78.63841300535 68.4689710744948 28.2842712474619 1.4142135623731 16.7630546142402 66.0302960768767 14.8660687473185 79.6241169495775 1 22.1359436211787 59.0762219509677 75.5049667240507 28.0713376952364 3.16227766016838 40.6078810084939 7.81024967590665 83.240615086627 53.6003731330296 14.8660687473185 9.8488578017961 17.464249196573 80.156097709407 68.9420046125727 30 69.7710541700496 89.3196506934504 30.5286750449475 18.0277563773199 23.1948270094864 83.2586331859946 24.5153013442625 18.0277563773199 31.9530906173409 92.1357693840997 74.2428447730823 30.2324329156619 23.7697286480094 24.0831891575846 27.2029410174709 72.2495674727538 84.581321815162 66.6408283261845 33.5261092284804 68.4470598345904 18.1107702762748 84.1724420460759 84.0119039184329 35.3553390593274 19.1049731745428 74.2428447730823 86.4060183089118 111.198021565134 90.3382532485547 6.70820393249937 31.7804971641414 21.0237960416286 34.2052627529741 11.4017542509914 87.0976463516667 68.1175454637056 23 67.4759216313494 88.4590300647707 21.095023109729 21.6333076527839 8.06225774829855 81.6149496109628 24.5153013442625 17.2046505340853 17.0880074906351 89.4427190999916 81.0246875958186 22.0227155455452 22.6715680975093 3 13.1529464379659 79.0759128938769 82.7345151674922 65.1920240520265 17 67.1863081289633 6.70820393249937 82.6075057122535 88.684835231284 23.0867927612304 8.60232526704263 81.0246875958186 84.717176534632 101.21264743104 87.4757109145162 31.04834939252 48.7647413609464 5.09901951359278 26.8700576850888 20.2484567313166 95.1314879522022 80.049984384758 35.8468966578698 80.0812087820857 100.662803457881 34.8855270850248 4.47213595499958 22.2036033111745 94.1116358374457 18.0277563773199 17.2046505340853 32.8024389337135 102.489023802552 89.0898422941695 35.3411940941446 7.07106781186548 19.1049731745428 28.0178514522438 87.091905479212 95.3362470417207 77.3692445355388 33.3016516106934 79.3095202355934 15.2643375224737 95.0789145920377 98.0459076147495 38.2753184180093 19.2353840616713 89.0898422941695 97.2676719162127 117.046999107196 100.578327685441 24.0831891575846 23.1948270094864 35.3553390593274 39.6232255123179 14.7648230602334 73.3893725276351 52.0384473250308 9.21954445729289 51.0392006206994 72.0624728967859 6.40312423743285 36.8781778291715 10.6301458127346 65.1229606206597 31.9530906173409 17.0880074906351 32.8024389337135 72.691127381545 67.4166151627327 7.81024967590665 39.1152144312159 14.3178210632764 5 65.5515064662895 66.1891229734916 49.0102030193714 2.23606797749979 51.0098029794274 17.6918060129541 66.1211010192662 73.9797269527267 6.08276253029822 14.2126704035519 67.4166151627327 68.1835757349231 84.380092438916 70.7106781186548 36.8781778291715 76.1183289359403 103.121287811974 92.9623579735368 82.2800097228968 35.1283361405006 23.3238075793812 66.9402718847182 22.4722050542442 7 68.4470598345904 105.621967412087 81.7863069223693 9.21954445729289 92.1357693840997 89.4427190999916 102.489023802552 72.691127381545 35.1710107901379 67.6830850360709 109.48059188733 86.4927742646748 76.2954782408499 35.7351367704113 7.81024967590665 25.4950975679639 73.4370478709486 23.7065391822594 87.8009111570034 8.48528137423857 27 66.6108099335236 83.6779540858881 35.1710107901379 6.40312423743285 34 2 92.2821759604746 81.0246875958186 88.0056816347672 71.5891053163818 70.8590149522275 6.08276253029822 24.5967477524977 58.821764679411 28.6356421265527 28.4604989415154 61.3514466007119 91 73.0068489937759 28.0713376952364 74.2428447730823 81.0246875958186 89.0898422941695 67.4166151627327 35.1710107901379 60.0832755431992 96.0468635614927 78.1024967590665 68.9637585982667 2 29.1547594742265 26.9258240356725 69.0796641566822 25.9422435421457 76.9415362466854 28.1602556806574 11.4017542509914 62.2414652783817 73.1641988953614 1e-05 29.4278779391243 68.5930025585701 34.7131099154196 72.0069441095788 29.4108823397055 36.8917334913934 36.4005494464026 15.2643375224737 66.098411478643 46.0977222864644 1.4142135623731 45.5411901469428 66.4830805543786 1.4142135623731 38.9486841883009 14.142135623731 59.6824932455071 30.2324329156619 22.0227155455452 35.3411940941446 7.81024967590665 67.6830850360709 60.0832755431992 42.154477816716 19.0262975904404 9.05538513813742 58.1893461039046 60.8276253029822 43.1856457633784 9.89949493661167 45.1774279923061 20.2484567313166 60.6712452484701 67.0820393249937 6 16.1554944214035 60.0832755431992 62.8012738724303 82.2009732302483 65.7343137181792 34.0147027033899 53.2541078227774 8.94427190999916 31.6227766016838 27.2029410174709 102.078401241399 87.0976463516667 42.7200187265877 87.091905479212 107.707938426097 41.6293165929973 5.8309518948453 28.6530975637888 101.138518873869 23.7697286480094 22.6715680975093 7.07106781186548 39.1152144312159 109.48059188733 96.0468635614927 42.154477816716 25 34.4818792991333 94.0478601564119 102.357217625334 84.4037913840368 39.4081209904761 86.3481325796916 21.9317121994613 102.107786186951 105.076162853427 44.7772263544762 26 96.0468635614927 104.292856898256 123.490890352285 107.563934476199 29.1547594742265 30.6757233003559 22.4722050542442 33.5410196624968 9.21954445729289 84.1724420460759 65.1229606206597 20 64.4980619863884 85.4751425854324 18.1107702762748 23.43074902772 5.09901951359278 78.63841300535 24.0831891575846 3 19.1049731745428 14.3178210632764 86.4927742646748 78.1024967590665 19.0262975904404 25 10.1980390271856 76.1577310586391 79.7621464104371 62.2012861603359 14.422205101856 64.1950153828161 6 79.6303962064738 85.7088093488645 20.2484567313166 6.40312423743285 78.1024967590665 81.7435012707432 98.6154146165801 84.5281018360166 30.4138126514911 27 30.4138126514911 35.2278299076171 9.8488578017961 75 55.0363516232681 10.1980390271856 54.3323108288245 75.3259583410659 8 32.0156211871642 5.8309518948453 68.4689710744948 27.2029410174709 13.1529464379659 28.0178514522438 5 76.2954782408499 68.9637585982667 9.05538513813742 34.4818792991333 10.1980390271856 67.0522184569608 69.5844810284592 52.0864665724217 6.32455532033676 54.0832691319598 12.8062484748657 69.462219947249 76.1183289359403 10.295630140987 9.21954445729289 68.9637585982667 71.5681493403316 89.044932477935 74.3303437365925 32.3882694814033 79.4040301244213 86.0058137569781 69.6347614342147 68.8839603971781 8.06225774829855 23.7697286480094 56.9209978830308 27.8567765543682 29.1547594742265 59.464274989274 89 71.0633520177595 28.2842712474619 72.2495674727538 79.0759128938769 87.091905479212 65.5515064662895 35.7351367704113 2 58.1893461039046 94.0478601564119 76.1577310586391 67.0522184569608 29.4278779391243 25.9422435421457 67.2309452558864 25.0798724079689 74.9666592559653 28.4429253066558 13.0384048104053 60.4152298679729 71.1969100453102 2 29.8328677803526 68.8839603971781 35.1710107901379 70.0357051795725 71.3091859440283 95.8175349296777 85.2349693494401 75.1864349467376 30.1496268633627 15.6524758424985 60.0166643524946 15.2970585407784 6.32455532033676 61.660360037872 98.3717439105356 74.9666592559653 1.4142135623731 84.581321815162 82.7345151674922 95.3362470417207 66.1891229734916 7.81024967590665 29.1547594742265 60.8276253029822 102.357217625334 79.7621464104371 69.5844810284592 29.4278779391243 18.0277563773199 67.0671305484289 16.1554944214035 80.8084154033477 1 22.8035085019828 60.1331855134916 76.6876782801514 29.1547594742265 2 39.4588393138977 6.40312423743285 84.5990543682375 57.2712842531054 77.7946013551069 67.6756972627545 57.2712842531054 31.2409987036266 3.16227766016838 42.2965719651132 3.60555127546399 23.3452350598575 44.1021541423999 80.3616824114578 57.3149195236284 16.7630546142402 66.6408283261845 65.1920240520265 77.3692445355388 49.0102030193714 25.4950975679639 26.9258240356725 43.1856457633784 84.4037913840368 62.2012861603359 52.0864665724217 25.9422435421457 18.0277563773199 50.0899191454728 2 62.9682459657247 17.7200451466693 28.0178514522438 43.0464865000618 58.8557558782486 26.9258240356725 19.9248588451713 50.5371150739731 23.7065391822594 66.8879660327626 21.095023109729 36.1247837363769 41.4366987102013 16.1554944214035 75.0266619276108 53.1507290636732 11.3137084989848 52 73.0068489937759 8.48528137423857 37.4833296279826 11.4017542509914 66.0302960768767 33.5261092284804 17 33.3016516106934 2.23606797749979 73.4370478709486 69.0796641566822 9.89949493661167 39.4081209904761 14.422205101856 6.32455532033676 67.2309452558864 67.0671305484289 50.0899191454728 52.0864665724217 18.4390889145858 67.0298440994756 75.4320886625844 7.07106781186548 15.2643375224737 69.0796641566822 69.065186599328 84.2199501305955 71.449282711585 38.6393581727233 59.0931468107766 79.6994353806851 69.3397432934389 59.2283715798434 30 1.4142135623731 44.2831796509691 3 21.3775583264319 46.0977222864644 82.2800097228968 59.3043000127309 14.8660687473185 68.4470598345904 67.1863081289633 79.3095202355934 51.0098029794274 23.7065391822594 25.9422435421457 45.1774279923061 86.3481325796916 64.1950153828161 54.0832691319598 25.0798724079689 16.1554944214035 2 52.0864665724217 64.9384323802169 15.8113883008419 26.4007575648882 45.0444225182208 60.8276253029822 25.9422435421457 18.0277563773199 49.6588360717405 21.9544984001001 68.60029154457 36.4005494464026 17.6918060129541 27.6586333718787 6.08276253029822 83.0240928887513 65.7647321898295 20.8806130178211 65.5133574166368 86.3133825081603 19.6977156035922 19.2093727122985 7.07106781186548 79.6241169495775 18.1107702762748 6.70820393249937 15.2643375224737 17.6918060129541 87.8009111570034 76.9415362466854 20.2484567313166 21.9317121994613 6 12.8062484748657 74.9666592559653 80.8084154033477 62.9682459657247 18.4390889145858 64.9384323802169 80.6039701255465 85.146931829632 23.0217288664427 4.12310562561766 76.9415362466854 82.7647267862342 101.788997440784 85.8661749468322 24.5153013442625 71.5681493403316 95.5091618641898 84.7230783199005 74.953318805774 29.1547594742265 15.2315462117278 59.8414572015087 15.1327459504216 6.08276253029822 61.5223536610881 98.0815986819138 74.8131004570724 1 84.1724420460759 82.6075057122535 95.0789145920377 66.1211010192662 8.48528137423857 28.1602556806574 60.6712452484701 102.107786186951 79.6303962064738 69.462219947249 28.4429253066558 1 17.7200451466693 67.0298440994756 15.8113883008419 80.6039701255465 21.8403296678416 60.0749531835024 76.4852927038918 28.1602556806574 2.23606797749979 40.4474968323134 7.21110255092798 84.1189633792524 85 97.3293378175358 82.0060973342836 79.1012010022604 8.54400374531753 25 65.924198895398 28.3196045170126 20 68.2495421230062 100.244700608062 80.6225774829855 22.1359436211787 84.0119039184329 88.684835231284 98.0459076147495 73.9797269527267 27 11.4017542509914 67.0820393249937 105.076162853427 85.7088093488645 76.1183289359403 13.0384048104053 22.8035085019828 28.0178514522438 75.4320886625844 26.4007575648882 85.146931829632 21.8403296678416 68.4105255059483 81.2219182240853 11.4017542509914 22.3606797749979 61 27.0739727413618 82.2253002426869 23.7697286480094 40.4598566482878 42.0594816896262 19.1049731745428 68.1542368455549 46.0977222864644 7.07106781186548 45.0111097397076 66.0302960768767 5.09901951359278 42.2018956920184 16.1245154965971 59.0762219509677 35.3553390593274 23.0867927612304 38.2753184180093 6.08276253029822 66.6108099335236 62.2414652783817 6 44.7772263544762 20.2484567313166 10.295630140987 60.4152298679729 60.1331855134916 43.0464865000618 7.07106781186548 45.0444225182208 23.0217288664427 60.0749531835024 68.4105255059483 19.2093727122985 62.2414652783817 62.1288982680363 78.7718223732319 64.6297145282261 39.560080889705 34.5253530032641 21.2602916254693 28.0713376952364 2.82842712474619 79.2464510246358 61.660360037872 16.7630546142402 61.3921819126833 82.2009732302483 15.6524758424985 23.0217288664427 4.12310562561766 75.5049667240507 19.1049731745428 8.60232526704263 19.2353840616713 14.2126704035519 83.6779540858881 73.1641988953614 16.1554944214035 26 6.40312423743285 9.21954445729289 71.1969100453102 76.6876782801514 58.8557558782486 15.2643375224737 60.8276253029822 4.12310562561766 76.4852927038918 81.2219182240853 19.2093727122985 73.1641988953614 78.644770964127 97.9081201943945 81.7435012707432 25.0199920063936 81.0246875958186 88.0056816347672 71.5891053163818 70.8590149522275 6.08276253029822 24.5967477524977 58.821764679411 28.6356421265527 28.4604989415154 61.3514466007119 91 73.0068489937759 28.0713376952364 74.2428447730823 81.0246875958186 89.0898422941695 67.4166151627327 35.1710107901379 1e-05 60.0832755431992 96.0468635614927 78.1024967590665 68.9637585982667 2 29.1547594742265 26.9258240356725 69.0796641566822 25.9422435421457 76.9415362466854 28.1602556806574 11.4017542509914 62.2414652783817 73.1641988953614 29.4278779391243 68.5930025585701 34.7131099154196 72.0069441095788 73.24616030892 97.718984849414 86.9540108333135 77.1297607930946 30.0166620396073 17.464249196573 61.9838688692469 17.2626765016321 4.47213595499958 63.6396103067893 100.284595028349 76.9415362466854 3.16227766016838 86.4060183089118 84.717176534632 97.2676719162127 68.1835757349231 6.40312423743285 29.4278779391243 62.8012738724303 104.292856898256 81.7435012707432 71.5681493403316 29.8328677803526 2 19.9248588451713 69.065186599328 18.0277563773199 82.7647267862342 2.23606797749979 22.3606797749979 62.1288982680363 78.644770964127 29.4278779391243 39.2045915678253 5.3851648071345 86.3539228987311 77.884529914483 119.037809119624 114.58621208505 97.4166310236604 69.065186599328 50.1597448159378 82.0060973342836 46.9574275274956 41 82.4196578493262 120.929731662648 94.8736001214247 40.6078810084939 111.198021565134 101.21264743104 117.046999107196 84.380092438916 34 68.5930025585701 82.2009732302483 123.490890352285 98.6154146165801 89.044932477935 68.8839603971781 39.4588393138977 50.5371150739731 84.2199501305955 49.6588360717405 101.788997440784 40.4474968323134 61 78.7718223732319 97.9081201943945 68.5930025585701 39.2045915678253 34.0587727318528 113.137084989848 74.1484996476665 101.242283656583 91.2688336728371 80.3616824114578 35.0142828000232 21.6333076527839 65 20.6155281280883 7.28010988928052 66.4906008395172 103.73041983912 79.8310716450681 7.81024967590665 90.3382532485547 87.4757109145162 100.578327685441 70.7106781186548 2 34.7131099154196 65.7343137181792 107.563934476199 84.5281018360166 74.3303437365925 35.1710107901379 6.40312423743285 23.7065391822594 71.449282711585 21.9544984001001 85.8661749468322 7.21110255092798 27.0739727413618 64.6297145282261 81.7435012707432 34.7131099154196 5.3851648071345 34.0587727318528 90.5538513813742 59.2114853723498 20.2484567313166 3.16227766016838 23.0217288664427 77.7817459305202 68.9637585982667 33.5410196624968 70.178344238091 89 34.5398320783411 23.3238075793812 29 83.240615086627 6.70820393249937 31.04834939252 24.0831891575846 36.8781778291715 92.2821759604746 72.0069441095788 34.0147027033899 29.1547594742265 30.4138126514911 32.3882694814033 70.0357051795725 84.5990543682375 66.8879660327626 38.6393581727233 68.60029154457 24.5153013442625 84.1189633792524 82.2253002426869 39.560080889705 25.0199920063936 72.0069441095788 86.3539228987311 113.137084989848 90.5538513813742
Deviation Vector:
62.9402519700154 30.0144265152447 13.8824101701846 24.7081463674056 95.874484806544 45.5684386391039 35.6701855945135 17.9489640619299 45.5883368448287 85.9242102671365 6.84150978499394 80.7573747245525 63.6983471081398 49.9780795414424 26.6939320356794 7.52791421710606 32.5768181007719 31.111037777889 41.5967154560472 80.7599763704564 48.7593162806168 6.36297096712727 86.957365990216 25.5999923655976 91.713118831445 26.5056724492043 76.2125757833118 8.49124354865096 41.7096853690407 33.4096454735679 37.5869379891978 5.12588185824058 70.9900993224504 24.7727819027053 33.801948227006 62.0425786350845 11.6857272106472 55.4228393137636 24.3535311507411 4.10815350113687 97.5103569300815 103.901262306996 49.6343627375888 48.3431390183302 125.107795322453 9.32903983685995 2.92176676859892 1.01034491599262 60.3958090441201 10.5835845264744 32.7405622429044 3.06903586155582 33.5025258553226 105.811668987601 84.5635485172695 34.0373997462385 5.86952875272153 14.0281441456285 35.1553823190404 106.56378529028 97.4750703894921 86.4181810463377 50.1230364102821 21.2882944466535 25.6365472110104 18.6388427259987 107.436145196789 0.812170014417377 26.4647530322026 48.0043463172878 20.5183425502246 78.0645069126303 21.4677749379049 31.2569581970275 77.9834629924923 33.0929214966637 4.47409160374998 42.7186257030164 103.907730464747 29.064850655079 89.8304097865209 127.316058731584 52.269628570648 15.1219664693016 26.3404067159875 62.6653098031795 14.8579252995313 50.5885350715894 36.851710839128 41.1348515775902 101.482708542343 54.5818206001086 19.0249299814319 26.9680739109107 34.531793206563 12.1667324135488 72.9742901838387 43.2171030719844 24.7318280950993 27.6138079206929 72.9803297855909 15.9153077245592 112.021307904233 103.700578454112 20.7245868263032 26.6971897576459 77.9907594725741 57.8092132608168 172.318691662538 87.1712868240679 4.66635292811996 41.3723959659507 16.2628658513266 32.8114131604483 7.83441088147454 94.4954770844364 5.99280512520241 96.4772648415881 115.030818001872 1.91999014052229 24.2333235629526 5.42837432999935 65.8738633203357 26.9801008425317 1.35542939150431 5.94545001485845 3.89648450335367 96.0073436055634 56.7339601509648 9.6066025097287 5.62830657699583 2.09115626294267 11.865594829932 105.330878547586 112.130411185958 4.07586714188974 13.7936973188419 56.5300159273482 4.47686989440753 54.8131573488531 22.4015034460603 11.1817136522645 0.699062388063903 73.3356641917142 17.0386948770238 33.9963375516337 79.0030485980119 13.8999615939129 28.8198788540225 73.6827444925899 56.5506397547016 104.276625135044 1.42810810814328 105.193548272147 41.3348058506487 4.75377924800643 19.4989576389713 149.165273731435 105.617620893838 31.91352836934 43.3410812421909 134.352397713871 125.284659848502 8.74298580384252 50.7713194400768 7.18971839881765 12.5784764258621 68.6755284732045 42.9345385207876 69.4719076428904 11.3199713695598 23.9170621069046 47.2229484133728 1.86665767904128 6.0565519800574 8.81164755955728 10.8997607562426 10.124461409197 48.3833313143969 56.0199939798873 2.08329729351608 43.2745552481603 30.1009466236437 13.7404657243835 111.814778734378 5.03196294107251 45.1018889505692 7.01191780733843 97.2866682974963 7.73760754681922 53.7986652370025 2.20733401122677 3.84979787079519 41.4655541827675 54.3028393404642 0.343581114271116 6.25810437810304 58.2413682592999 46.2163205206218 75.8204071660725 7.5317513864762 10.6403908474779 2.80640469446705 1.38101892980496 41.901189954853 20.5776600654769 7.49001417014605 20.3217305248441 23.4937435940923 2.67529163404366 83.0134758578049 0.307035081883443 43.492871769152 5.65605862301772 15.2382795893235 21.7830179474294 28.0325313515345 28.7970711395109 10.0109490928642 22.535606861822 31.1802276503462 9.49702093577182 30.2043564382599 0.0633990648943197 36.5336679259389 0.199990332634181 0.480517372224397 65.789332609771 38.3514623983336 45.0081230618758 2.19786077188228 39.4478249702145 17.1694086737824 52.4497603057755 30.9677291266619 37.3330248935721 43.2721994262415 10.7716526055507 57.0177841053479 63.6306774776987 0.548722873697394 33.6324288475422 25.9772111889213 10.7012717324632 65.9494679999282 16.9274688483459 64.3705621164365 18.2517512663509 64.3352045412024 9.78811544993439 26.1012449075708 83.5770189857492 4.28843312211727 23.8170680774486 74.672940496706 100.763114879732 117.562635366701 82.9977335134994 48.8200380870687 38.5184501273106 27.1344204535109 43.0606712368487 2.44166804991911 47.9780393256434 6.17396125803387 47.9866637129594 31.0175240541464 50.0172925951462 51.1501757549151 41.8242138236735 7.54635212037077 69.9820595489648 100.407829060374 16.5065499854284 21.7439593024729 22.928900089445 13.9790265743831 14.6444582391538 87.7206394475276 20.2934612988223 42.9405004359107 40.2082619342994 24.2062378523212 5.03625876026264 64.3684106497092 3.67663124144616 91.4629199182129 15.8151197603753 24.8104191689151 55.1513237701594 5.12932804113566 34.7212329605995 3.54203747548877 5.83713532674919 21.9492748932938 5.35072524055053 92.937131844189 92.2478894514586 103.288871269119 14.9918852635284 45.4642367955744 1.27210297973313 78.0235439856445 31.0351384202998 18.0421941774011 167.287618035707 70.1551919161588 5.34570944115786 27.7125682929898 22.2069022073341 107.773044074496 79.311501517027 0.476619868678144 29.2203918307256 57.9104153327486 140.660385620749 53.4987262807576 48.2692573079483 21.1281491593965 9.49938357045901 5.59683243107931 59.0070352345467 23.2621370707405 38.4031270178122 5.67246004513453 10.5301499782908 34.4130992868129 41.3900375529357 40.9891318771319 0.220340992322489 28.2701910239255 10.3985309708452 9.87684644240412 7.10173175593693 46.8070193216484 14.0157664517859 3.61331411410585 35.1615616364786 53.3839606029998 1.55888886952721 35.8618748968092 39.0102539067332 0.980066904509759 11.2222894929871 97.2000809052227 27.367536144495 10.9850891358355 21.1177097324933 9.84325741520206 85.24620682477 29.5089309478648 0.213058208400876 17.7893238158132 28.4183105910451 4.76465269928416 80.8638926498011 28.9372442670351 49.2512106785928 2.01143928748157 13.0533213478468 22.9679833805878 57.0045978973797 5.81273013655576 6.51144024503893 18.4504676056416 83.6442466627249 1.87465726624926 117.006634089549 17.2232332604191 40.2133233316732 18.3368865413306 3.26375580527055 3.01952970299189 8.76781873100978 23.9496772353515 8.00238945367913 49.8382577624992 63.8429658234015 72.6922727076837 45.4258386215283 10.1509670025778 114.875323847278 23.9385062166883 17.610548053249 5.03368988347927 10.9567057566841 57.8360321729363 145.13297713992 55.0679222874537 4.57511752648223 5.89725196931294 30.5280295538938 7.55145718321753 33.137245956697 48.5535915961983 47.3641216165441 6.07835498712838 12.1719371537504 103.662845517935 33.372124408952 7.24013681831166 32.2615851543327 124.214711297921 28.9385155133455 17.5174242021093 167.201777159533 8.97997507292007 42.9186885418069 18.6477600936937 34.794756278363 5.85177993620695 90.1383942940695 38.7278253869398 9.97535144176989 19.5519402753587 11.4851575477412 12.8167484029323 22.9723029928652 8.19286226406869 17.3536426057432 0.269727901334873 8.05250779677271 0.801071892333887 9.67560326723317 51.0700482602834 9.61024366766691 39.595957157917 3.94357195467199 7.65716279112536 57.7366251066259 82.9359682813724 85.0984472440517 6.69824632760801 50.1095206034709 1.03923781450802 54.7879743409482 66.9568845241559 8.57797902898572 2.13223718636105 115.619039550055 124.552133484561 140.334199615365 87.5926682510293 18.434657464038 36.4584214340835 134.726933714981 65.2566128319571 109.270349545017 19.72092481758 12.7301439495801 35.246007990246 10.0000397008844 8.85141088457378 40.810749491317 80.1671138331574 23.9896634780599 112.712157780069 47.4163176816487 103.367994921867 67.7673691583573 12.8469082081378 16.2340534930739 53.6553311940455 35.8609181190178 111.923705955757 71.6174016042143 30.7422761911258 0.88730939984662 26.4515469159408 105.915703409783 8.69294519618725 125.042562843357 1.45687165434949 1.23143216600156 34.2490211834301 26.1927591706734 41.5583508019935 4.29398285786905 8.02357058768043 4.12196322141618 51.6626909282042 42.6895128445619 18.3577054037665 2.42356521344878 25.683853090671 34.7829652900668 39.3681439521401 35.9420087414179 70.8117758677023 3.84452060529561 18.6935550351197 14.0979485288698 14.4122560950322 125.832156971605 27.8637431471656 7.54066859365723 29.7476363546948 55.0183025960902 77.636004745032 26.6831383894634 13.663916087298 0.0989507035826571 22.4877150178838 29.2879030463244 5.05281540681803 93.7241781565756 25.2207689618798 105.421756917646 20.6089476649199 79.9519521348815 37.1006481835775 4.67524873426894 2.29171795340903 3.72246961643807 32.6884135429583 176.872368157616 43.7308924077744 6.36839677103155 36.9393779549651 31.5145797336433 33.9448515927334 1.69100179099562 57.0196567823017 109.924232020201 0.766031623274899 11.1270338900124 35.88594686693 20.3415953102518 16.4856093375486 11.7014178557023 17.9992199534524 32.7743306454381 25.0412133632656 17.8946147056865 10.3680713562756 122.771045663406 18.2186279508266 19.6832520899669 4.28723577887648 4.45698709057717 15.1592035921304 20.2157483213948 30.7116011698306 5.29819347965852 19.7852860285252 5.6979901830168 22.793062411359 69.0467628436984 3.98028236884046 12.3722814496337 52.7643664399521 98.6778876428958 160.579854158712 114.232521546876 35.77358750678 78.9922926585168 7.49954000046666 41.8600138189551 19.3940406118385 57.695607821301 110.701528638269 42.2398919828451 25.3881455685271 122.008393928027 20.903379464463 1.93620482674249 24.4447225142046 134.246904482497 23.4566275863504 15.5472909008354 4.55879519041216 153.000127648641 102.276272634261 21.5606652300177 1.25975934893813 27.5588593231141 40.8914379924164 39.5464197398049 56.6978372687419 0.428438179367744 8.85756582685768 98.8139387802069 17.8643053490098 21.5062182804042 90.737493745791 26.6462673713489 4.22625719335139 68.5897768471031 61.0545708468128 137.824719455123 138.433720451186 9.25410750498875 16.9209073067493 2.3709868708956 63.2508055846389 19.6181872696404 36.695434661767 55.7277475061291 10.4072999522829 8.92186625751958 25.0934496625857 8.11792890512492 1.52316567200012 15.9051507083797 16.380617957457 7.01240944169388 22.4259891067527 2.77725423465438 48.9601183265239 18.9272505447063 0.704513161078083 36.7493756706835 21.8587076628025 6.30266611301653 76.4140138814949 54.6584505441739 16.1910722314987 3.09789810532516 81.3956541893911 16.9497708101303 61.9285337584888 99.555860645007 8.16497481205359 0.565083197137786 95.244830537763 89.4755554874318 115.471660272598 20.2546761535363 27.9103042461484 66.2956385511858 47.564546599221 102.727345070039 42.1616667021728 17.6537874426303 22.7390213811182 51.1390588916757 16.225172583397 4.62674553529182 58.085315359817 147.400427989245 77.0193249165426 8.65549574990061 65.2982441631625 75.3149686216381 58.7270258069312 18.0333263784241 1.45936429697397 61.1428150470202 0.783671634426663 0.937087949331361 17.9356404274775 33.7250598013722 10.5950132000696 40.2158367088906 72.2260563115305 27.0962569326697 110.92096456411 6.15721392555033 38.5946367425377 26.2314970297521 133.59935222648 9.29689268435391 9.59728934797719 16.4104707753591 1.53377032641444 78.2023782296736 101.006305363583 131.031295644449 107.984314222381 33.2245548369411 7.65270740364521 20.2617901775508 82.8035668120808 9.74955933011069 1.12305876580536 21.7408191020126 53.5581332594859 5.91017074694454 35.3062880155735 44.2271309832161 7.4370891944592 132.994718532837 103.785161285126 50.9395948994506 86.7521406273628 86.117912455609 75.3674558198962 74.5389992846114 3.24451702206376 22.39280231563 39.7060440475324 110.009539616459 26.7827915976333 103.651378097041 12.6388249305356 1.97182293952067 35.367201693508 5.05445443347757 3.54905822870432e-07 13.2505040792293 36.9007204155377 44.9044599851359 91.7389616733996 9.39158649881928 0.284498467733581 47.8117443683902 10.2834123820342 39.4120125433737 64.2806591510285 0.431444852115328 54.2838066683628 98.8092300701538 0.242605112699142 43.0416347093636 18.5011095025116 96.4118607423431 11.3481673586685 14.2456532105578 37.8119043019803 2.89976549953586 95.7667309568488 55.169068359947 14.2243479515054 15.6202806340753 5.78647357202026 45.7514716351527 60.4580388020873 52.1352158198341 8.46738846617164 46.5063047626655 0.63093569229777 84.5333461882213 46.7331689495801 7.8311343798799 1.39388919796258 42.3207765045235 62.3197827725556 62.4701355191923 85.4961053681232 25.8658270752926 56.7180692633475 7.74804105615483 19.6161272450002 33.6389833517037 35.2167878442554 26.3206309767849 52.3602513681557 62.7376522521555 102.221145504624 27.8593955243647 6.36529092621642 21.1357161105424 160.550870571055 33.968659447255 35.3364796612597 4.24334046209387 23.0380138567958 101.401333676081 17.3833487513298 60.8842913097269 8.23181900672677 7.315257962673 113.917331721802 105.011310673652 128.068991794622 51.1339823383118 8.97612816826548 19.3728177725518 44.026027313391 147.588304353949 0.779555595088708 38.9016677067215 61.9017997852213 66.5102721916268 136.638473072724 106.433786460431 27.4032250830196 21.6503485838656 1.87663378236884 8.80907490923234 12.6769342961555 98.9150344933472 65.141028982864 26.7219287255404 63.0709870216792 79.7104557034041 5.61161859637656 36.7125271433932 1.18509013254094 38.5987214089891 33.3508968039233 1.68506417283217 13.4305266107177 13.8846326060507 137.317465259201 46.3911061997669 12.1948782959958 1.63062371568431 15.0655804585981 81.6502769434028 117.23512204296 92.9729685260951 13.5856170001549 31.3245494223334 3.03655085626988 33.6130626493888 126.630691274812 29.2795655875688 7.22204963630841 121.914995801842 6.72789474765902 86.4418981751763 93.8061992977836 32.9254582780368 15.8302750305002 14.0296487942791 13.6963673498036 8.82611582195821 30.1349167462564 34.1890908965488 14.1446218578205 8.70805172096907 89.1028735638337 3.70907664392359 36.1782510596694 6.67159720799147 72.4135937919196 3.93413527933402 15.9071001659335 25.4561215711272 6.08371174938871 80.3282932716835 53.5802677328761 4.82099472218522 53.1302681550461 13.0843441582489 64.0015618934179 96.8563043718552 57.4354644575708 2.88432821841654 71.7436145067933 15.1753984368276 92.5659084398806 61.652632046196 6.60193211781228 2.69735163622857 87.6701630787101 73.7173616017859 105.849950534701 3.47145562909022 0.806271817499108 75.3841087605758 17.8012237595065 84.1042560075816 97.3336158783099 10.7792039033403 17.2476749999096 48.0569556108324 41.2730844153748 8.99902393543833 7.52205198279397 95.4092581714801 96.7543047759847 25.5528786124442 115.917490798072 100.900334727314 48.7810988552708 61.1308187597445 37.2207046377821 0.0729191547070439 80.802537732448 69.7614987870673 93.0235543322297 73.4138869072563 45.6639357761485 6.13144523159622 93.2792518389665 30.0112747975239 94.9362880255297 27.0157942641668 16.2110524350576 78.0126203649599 19.4262893705218 2.90061589386355 26.0357325824217 4.099684305695 40.8320679429443 111.940510472447 64.4485616163625 97.3726374546102 23.9214718078353 77.4636401994055 13.9260635750294 0.247770643225145 18.447474443328 6.73004363987107 8.17020464719029 53.4893222057418 135.017021878733 53.0050875010309 1.27836803932598 95.981757750809 119.866985688815 47.578147182777 39.9330507490141 10.7327893025698 21.4405869635182 22.1666215975983 96.6738482299896 29.9459483819046 91.4508307341724 16.522591508118 0.727764046939102 106.441890322481 6.22669693920684 73.7852611277957 0.0202649498178036 35.2629102297164 53.2225661085837 70.8636636625873 27.2965851252862 2.33146273270387 12.9423910342095 8.95261470992223 99.9589307659424 36.3884441412012 16.4749234227884 57.3238897181545 86.0703171414469 49.4948945781335 4.91445412817627 33.0103612154277 3.93990867057953 32.1360233930704 56.4289822838763 5.60168150995011 64.4450822324756 6.51356529234175 28.9303090361478 28.8496094602428 59.110670099283 5.98017851626964 25.5969077307957 21.6584978895358 3.5743980637864 117.271994120191 5.66775918938095 5.3666326303974 33.9701097474534 17.5986553030489 51.446782619078 1.23874209845587 32.4653901460202 24.012181735105 10.9602744436339 3.04763866147439 21.4299697353932 16.2352919813435 18.2877689781458 12.1601060781886 13.2972580797865 56.5589970554373 21.5394398934685 0.986186255615219 24.6875073574092 10.8924873196938 7.27798491394798 4.98799028534092 12.0241501923763 27.6186666585403 39.1593362592406 1.70092982216781 24.4821339612991 17.5629459966363 66.3494152107975 24.6723819434364 22.1585285166294 36.4970305650185 1.8759461074983 72.4492283875778 30.7960406418326 2.37282538547778 63.2862820746009 13.8653385099507 10.0862577070894 24.926759090499 69.2258221231507 16.6569909460429 50.7179877660664 5.96833194996626 38.4187663938911 115.760931996237 8.26789067907626 24.3348113193372 107.898097434507 9.57928518427569 54.0783826636419 2.32902655045238 8.98540183862729 4.64224575158559 44.9285741677655 53.3170106549162 16.5255809353452 36.5061714835088 0.965838458186872 56.8528507660507 0.979326724611482 7.69695097907157 34.7325362184129 95.8883700769624 79.8589888529175 17.8282700620427 96.1737595218165 89.1005434331615 42.3752253683372 70.062687695432 1.6734145357006 40.6382366148595 3.60110921484771 90.1746949107135 16.9360284990102 35.3093159826549 23.8912792716258 23.1520814439599 1.24150076359404 46.2631628279996 102.068737725712 19.9675590609188 24.3097176073359 8.01686088826949 81.5952365607841 38.5118141132841 17.0705010692217 80.4687687868743 23.6021423359843 0.240537034368964 46.5174985297538 24.7948956902869 10.0554216320491 2.46377957992407 78.0871161892094 5.51147109946759 33.4988111333409 47.1219513073763 121.699886409157 10.0903196658813 8.9600391112272 10.4691808814971 36.0220837912044 9.89122198573759 6.02756058684778 10.9326730518226 21.2128443329935 19.7374491458079 40.2369989575708 3.91657064349775 24.4099313112931 2.81032167259824 18.6495469970818 30.5449914998578 52.2316277907195 73.7582821195957 4.89785392311087 103.464115026579 93.9393506422211 114.15406892637 36.7604313882132 3.3687075480628 85.8526216084107 27.6417668937464 124.39373394063 36.9229990796627 10.2421477073646 85.8839944207831 109.766650845253 17.0646978278416 6.44176733602852 47.1059210404944 0.84744531064503 32.215373127061 8.10397185423891 5.80400893426813 77.1840145663256 10.6125063819215 88.2024731026917 0.151178518514376 25.388632885846 54.9854087546908 58.9076118308327 8.69927454893601 9.10530184316696 35.6488894250212 79.0499347427345 136.691033392374 98.1722011098872 58.4885918978787 29.9509546225522 1.20327383684346 0.579555123489066 36.3630339935531 24.3061180007645 101.140301733818 21.2396450478856 19.7462887325823 63.3654646678756 13.9514270321149 1.18536546113132 36.9855844964636 3.49597039208959 49.2726037482861 123.484185588244 99.3079848097784 126.283014093639 85.5066699929303 9.64216616535983 27.3136904444967 81.2289413443792 40.5014697549232 2.63648902191215 15.3818454300541 156.554394552434 97.141705353348 33.0114592986935 104.031887958632 81.3455002540633 107.635626090944 33.5848703558381 9.28574260740307 7.69318195080862 32.6474974913295 93.1402042307477 50.1949334306386 8.76237717563719 3.03217939578199 20.8501411513369 26.4371181444313 54.9135983303004 38.1345934219034 19.7238898202854 26.487757651125 27.6278772558374 4.71532752030116 6.91829843619982 7.09796943139948 69.4810140328344 2.94996664948961 115.935902274702 17.70474187713 62.2724175818069 64.8474313735854 18.5360390231978 100.492939960102 51.6456697935904 5.90561969643721 48.90217165248 27.1548790765949 1.56358170871331 65.0086724554428 12.1766726232083 57.9762400713815 14.1688370665856 0.351523697544685 59.978391108383 3.13791736855313 16.5050746224282 53.2176258447369 8.75670988384545 43.6923175544187 13.6297216748058 0.666656342171793 33.9664379929337 64.7621276702285 5.2863777248213 8.2660174205741 62.8103484647597 29.0497215523149 76.7728404044917 80.5904634010911 7.3060498336766 74.1122459911264 67.9378996369622 106.385945431431 67.1417906343413 23.2417638290983 19.3132593410676 10.6082445462968 28.0363679225164 2.449522936926 32.7323443429209 7.86624856302846 3.70583926523013 49.9609671489576 11.73830029015 2.5318115671329 30.6113158626302 1.6104180204067 76.7712117591688 22.2148165598741 11.7538276544066 1.22238425356069 17.4464513066188 25.2896195035083 83.4457365421872 21.815317998931 38.2516417346695 5.81781659504282 9.08888467830582 79.9414776430226 35.2983089328825 80.4067160772946 10.4896239658059 94.5130981470206 4.49574577122516 7.62721017198922 41.8248720571846 0.450007416779357 43.8027559222023 119.044580841471 87.0857080852662 82.7028463119595 0.373501535483866 89.9807860455793 17.5299043425242 11.2916164018385 90.1529989388195 9.29969956764567 13.4866890407114 38.9818711698717 30.5053272307998 8.20575937619248 44.5571275510724 60.6491949379737 43.1139457642957 6.74952070968542 28.9891103720579 35.2796060394056 102.3670818164 92.7849018503389 54.8048854844927 1.60931860107184e-05 67.0596309781026 59.461920822027 120.024696527834 40.0089348831168 1.43762811414339 12.4012335525553 16.2516411554893 91.0128149128623 8.1124791435535 114.876359704137 19.7937203001945 3.73568460276971 60.8238673901576 66.00041526946 14.2833901128043 42.7447967045369 27.9302310296561 74.432226976249 94.1855711467325 23.7993071162996 114.953396311834 29.7560504424324 27.3158563756139 4.99832442607518 38.8163933974773 22.449877302169 3.22718814566808 9.47722483495121 105.342166843765 50.2825160252405 0.417082997818503 46.6763608440982 107.81181371674 4.1150444268775 76.3889494726692 2.33763424425377 13.7623942867066 6.12736848214394 5.8650872168834 63.7908533769965 113.836439586767 22.6470943679307 2.21603900031858 18.7588679929818 2.40850650028266 28.7252260819607 129.497511491889 1.87712261826334 22.376879926081 76.0568183944809 85.1741117859294 20.4930187822951 63.1182116267009 1.97474383255215 84.8500132290076 47.4985097288646 4.86169466873828 8.92167786919454 73.9176256735123 75.3690280306027 36.6856256572322 73.0404957374664 0.240714306755194 15.4831957170792 76.8957208093175 136.102616238082 70.4641459613199 56.8771488976445 135.999204228197 80.8641245369171 64.9231381664492 100.183856174363 52.9748931671189 2.49333542370721 41.3000345420215 196.715806508344 0.334598371111504 39.2446055613242 55.5264785304759 39.6213093071807 1.94872770745523 22.1300385738014 3.68235086233247 2.25814932680293 25.4603048863892 64.4609773758699 49.7871545104746 65.6285107707397 77.82543508024 54.5265688550978 4.60594908904986 27.1107613049032 48.5781609477563 14.2105234619122 56.3371898195089 127.624383710689 44.3221348403111 29.4209201273883 88.5574529040611 17.7813205643114 3.87731140854879 19.3323122397372 43.9264827661425 37.0678958236932 2.55475034098228 83.6437610912095 37.6969245234455 33.240657022054 96.6348663119762 2.47405763217955 46.328556647958 92.3687870620175 161.323702613546 119.080287467236 106.096778217462 17.6879778381596 5.37322908723131 10.2664822833138 83.8257757853024 7.6271924512985 16.9620737292156 9.43541038549565 15.8934138794077 55.1089644135569 118.431418761067 41.8051057478251 4.38603884293337 37.0662337654171 84.9340805089851 32.5985114875665 6.57016332075426 4.65022320335743 19.3680948378434 58.1764635651729 21.2762350171928 39.1892784689449 3.33309328531774 65.8114855999358 51.7715390339875 32.982616083338 10.1540052985184 100.484811648947 8.00259289704434 6.94198046163689 23.8322644013606 36.6561285044697 67.0429716889147 14.5736812168772 48.5404862340331 7.97017546134653 16.7215694372659 52.617499045332 110.784632826046 96.1754580307056 56.9167896600888 54.2613553068061 49.0352106276734 0.957287432697809 72.8688265453957 2.16995583557154 23.324318682025 29.7922163543989 107.788639233799 123.562841182884 35.3367610179525 16.2170845335569
