Instancenumber:
21
Instancename:
B-n38-k6
Customers:
37
Depot:
0
Dimension:
1406
Vehicles:
37
Capacity:
100
Demands:
0 18 10 16 12 21 23 15 25 3 6 7 4 20 25 20 12 3 12 14 26 9 22 20 9 13 21 10 8 5 14 7 21 20 1 21 17 2
Uncertainty:budgeted
Gamma:
11
Mean Vector:
52.8015151297763 62.1288982680363 36.2215405525497 86.5332306111357 60.4152298679729 30.6757233003559 57.9396237474839 77.6208734813001 28.1602556806574 53.2353266168247 30.4138126514911 70.6045324324154 53.6003731330296 31.7804971641414 48.7647413609464 23.1948270094864 76.1183289359403 81.0246875958186 29.4108823397055 53.2541078227774 30.6757233003559 27 79.4040301244213 71.3091859440283 57.2712842531054 21.095023109729 59.0931468107766 36.4005494464026 71.5681493403316 85 23.7697286480094 34.5253530032641 81.0246875958186 73.24616030892 77.884529914483 74.1484996476665 59.2114853723498 52.8015151297763 22.8035085019828 21.6333076527839 94 80.3616824114578 37.2155881318568 80.6535802057168 100.960388271837 36.6196668472011 3.16227766016838 24.7588368062799 94.5568612000208 14.8660687473185 21.0237960416286 5.09901951359278 35.3553390593274 103.121287811974 88.0056816347672 36.8917334913934 8.94427190999916 22.4722050542442 30.4138126514911 86.0058137569781 95.8175349296777 77.7946013551069 36.1247837363769 79.6994353806851 17.6918060129541 95.5091618641898 97.3293378175358 40.4598566482878 21.2602916254693 88.0056816347672 97.718984849414 119.037809119624 101.242283656583 20.2484567313166 62.1288982680363 22.8035085019828 26 77.2787163454466 69.6419413859206 35.8468966578698 71.028163428319 89.4706655837543 37 25.8069758011279 32.0156211871642 83.86298349093 9.8488578017961 34.2052627529741 26.8700576850888 39.6232255123179 92.9623579735368 71.5891053163818 36.4005494464026 31.6227766016838 33.5410196624968 35.2278299076171 69.6347614342147 85.2349693494401 67.6756972627545 41.4366987102013 69.3397432934389 27.6586333718787 84.7230783199005 82.0060973342836 42.0594816896262 28.0713376952364 71.5891053163818 86.9540108333135 114.58621208505 91.2688336728371 3.16227766016838 36.2215405525497 21.6333076527839 26 76.9415362466854 60.0166643524946 15.6524758424985 59.9082632030006 80.6039701255465 15 23.7065391822594 6.08276253029822 73.9797269527267 17.464249196573 11.4017542509914 20.2484567313166 14.7648230602334 82.2800097228968 70.8590149522275 15.2643375224737 27.2029410174709 9.21954445729289 9.8488578017961 68.8839603971781 75.1864349467376 57.2712842531054 16.1554944214035 59.2283715798434 6.08276253029822 74.953318805774 79.1012010022604 19.1049731745428 2.82842712474619 70.8590149522275 77.1297607930946 97.4166310236604 80.3616824114578 23.0217288664427 86.5332306111357 94 77.2787163454466 76.9415362466854 28.6006992921502 64.8459713474939 32.4499614791759 28.1602556806574 67.3572564761956 97.0051545022222 79.0759128938769 29.2745623366089 80.156097709407 87.0976463516667 95.1314879522022 73.3893725276351 35.1283361405006 6.08276253029822 66.098411478643 102.078401241399 84.1724420460759 75 8.06225774829855 30.1496268633627 31.2409987036266 75.0266619276108 30 83.0240928887513 29.1547594742265 8.54400374531753 68.1542368455549 79.2464510246358 6.08276253029822 30.0166620396073 69.065186599328 35.0142828000232 77.7817459305202 60.4152298679729 80.3616824114578 69.6419413859206 60.0166643524946 28.6006992921502 45.1774279923061 4.12310562561766 20.6155281280883 47.0425339453563 82.9698740507662 60.2079728939615 14.3178210632764 68.9420046125727 68.1175454637056 80.049984384758 52.0384473250308 23.3238075793812 24.5967477524977 46.0977222864644 87.0976463516667 65.1229606206597 55.0363516232681 23.7697286480094 15.6524758424985 3.16227766016838 53.1507290636732 1.4142135623731 65.7647321898295 15.2315462117278 25 46.0977222864644 61.660360037872 24.5967477524977 17.464249196573 50.1597448159378 21.6333076527839 68.9637585982667 30.6757233003559 37.2155881318568 35.8468966578698 15.6524758424985 64.8459713474939 45.1774279923061 44.7213595499958 65.6201188660917 2.82842712474619 39.3573373083089 15.0332963783729 58.8557558782486 30 23 35.8468966578698 9.21954445729289 66.9402718847182 58.821764679411 1.4142135623731 42.7200187265877 20 10.1980390271856 56.9209978830308 60.0166643524946 42.2965719651132 11.3137084989848 44.2831796509691 20.8806130178211 59.8414572015087 65.924198895398 7.07106781186548 16.7630546142402 58.821764679411 61.9838688692469 82.0060973342836 65 33.5410196624968 57.9396237474839 80.6535802057168 71.028163428319 59.9082632030006 32.4499614791759 4.12310562561766 44.7213595499958 21.0237960416286 46.3896540189728 83.168503653727 59.6824932455071 14.142135623731 69.7710541700496 67.4759216313494 80.0812087820857 51.0392006206994 22.4722050542442 28.6356421265527 45.5411901469428 87.091905479212 64.4980619863884 54.3323108288245 27.8567765543682 15.2970585407784 3.60555127546399 52 3 65.5133574166368 15.1327459504216 28.3196045170126 45.0111097397076 61.3921819126833 28.6356421265527 17.2626765016321 46.9574275274956 20.6155281280883 70.178344238091 77.6208734813001 100.960388271837 89.4706655837543 80.6039701255465 28.1602556806574 20.6155281280883 65.6201188660917 21.0237960416286 67.3646791723972 103.580886267689 80.6225774829855 7.07106781186548 89.3196506934504 88.4590300647707 100.662803457881 72.0624728967859 7 28.4604989415154 66.4830805543786 107.707938426097 85.4751425854324 75.3259583410659 29.1547594742265 6.32455532033676 23.3452350598575 73.0068489937759 21.3775583264319 86.3133825081603 6.08276253029822 20 66.0302960768767 82.2009732302483 28.4604989415154 4.47213595499958 41 7.28010988928052 89 28.1602556806574 36.6196668472011 37 15 67.3572564761956 47.0425339453563 2.82842712474619 46.3896540189728 67.3646791723972 38.5875627631495 13.3416640641263 60.5309838016862 30.5286750449475 21.095023109729 34.8855270850248 6.40312423743285 68.4470598345904 61.3514466007119 1.4142135623731 41.6293165929973 18.1107702762748 8 59.464274989274 61.660360037872 44.1021541423999 8.48528137423857 46.0977222864644 19.6977156035922 61.5223536610881 68.2495421230062 5.09901951359278 15.6524758424985 61.3514466007119 63.6396103067893 82.4196578493262 66.4906008395172 34.5398320783411 53.2353266168247 3.16227766016838 25.8069758011279 23.7065391822594 97.0051545022222 82.9698740507662 39.3573373083089 83.168503653727 103.580886267689 38.5875627631495 26.2488094968134 97.1236325515062 18.0277563773199 21.6333076527839 4.47213595499958 36.8781778291715 105.621967412087 91 38.9486841883009 5.8309518948453 23.43074902772 32.0156211871642 89 98.3717439105356 80.3616824114578 37.4833296279826 82.2800097228968 19.2093727122985 98.0815986819138 100.244700608062 42.2018956920184 23.0217288664427 91 100.284595028349 120.929731662648 103.73041983912 23.3238075793812 30.4138126514911 24.7588368062799 32.0156211871642 6.08276253029822 79.0759128938769 60.2079728939615 15.0332963783729 59.6824932455071 80.6225774829855 13.3416640641263 26.2488094968134 73.824115301167 23.1948270094864 8.06225774829855 22.2036033111745 10.6301458127346 81.7863069223693 73.0068489937759 14.142135623731 28.6530975637888 5.09901951359278 5.8309518948453 71.0633520177595 74.9666592559653 57.3149195236284 11.4017542509914 59.3043000127309 7.07106781186548 74.8131004570724 80.6225774829855 16.1245154965971 4.12310562561766 73.0068489937759 76.9415362466854 94.8736001214247 79.8310716450681 29 70.6045324324154 94.5568612000208 83.86298349093 73.9797269527267 29.2745623366089 14.3178210632764 58.8557558782486 14.142135623731 7.07106781186548 60.5309838016862 97.1236325515062 73.824115301167 83.2586331859946 81.6149496109628 94.1116358374457 65.1229606206597 9.21954445729289 28.0713376952364 59.6824932455071 101.138518873869 78.63841300535 68.4689710744948 28.2842712474619 1.4142135623731 16.7630546142402 66.0302960768767 14.8660687473185 79.6241169495775 1 22.1359436211787 59.0762219509677 75.5049667240507 28.0713376952364 3.16227766016838 40.6078810084939 7.81024967590665 83.240615086627 53.6003731330296 14.8660687473185 9.8488578017961 17.464249196573 80.156097709407 68.9420046125727 30 69.7710541700496 89.3196506934504 30.5286750449475 18.0277563773199 23.1948270094864 83.2586331859946 24.5153013442625 18.0277563773199 31.9530906173409 92.1357693840997 74.2428447730823 30.2324329156619 23.7697286480094 24.0831891575846 27.2029410174709 72.2495674727538 84.581321815162 66.6408283261845 33.5261092284804 68.4470598345904 18.1107702762748 84.1724420460759 84.0119039184329 35.3553390593274 19.1049731745428 74.2428447730823 86.4060183089118 111.198021565134 90.3382532485547 6.70820393249937 31.7804971641414 21.0237960416286 34.2052627529741 11.4017542509914 87.0976463516667 68.1175454637056 23 67.4759216313494 88.4590300647707 21.095023109729 21.6333076527839 8.06225774829855 81.6149496109628 24.5153013442625 17.2046505340853 17.0880074906351 89.4427190999916 81.0246875958186 22.0227155455452 22.6715680975093 3 13.1529464379659 79.0759128938769 82.7345151674922 65.1920240520265 17 67.1863081289633 6.70820393249937 82.6075057122535 88.684835231284 23.0867927612304 8.60232526704263 81.0246875958186 84.717176534632 101.21264743104 87.4757109145162 31.04834939252 48.7647413609464 5.09901951359278 26.8700576850888 20.2484567313166 95.1314879522022 80.049984384758 35.8468966578698 80.0812087820857 100.662803457881 34.8855270850248 4.47213595499958 22.2036033111745 94.1116358374457 18.0277563773199 17.2046505340853 32.8024389337135 102.489023802552 89.0898422941695 35.3411940941446 7.07106781186548 19.1049731745428 28.0178514522438 87.091905479212 95.3362470417207 77.3692445355388 33.3016516106934 79.3095202355934 15.2643375224737 95.0789145920377 98.0459076147495 38.2753184180093 19.2353840616713 89.0898422941695 97.2676719162127 117.046999107196 100.578327685441 24.0831891575846 23.1948270094864 35.3553390593274 39.6232255123179 14.7648230602334 73.3893725276351 52.0384473250308 9.21954445729289 51.0392006206994 72.0624728967859 6.40312423743285 36.8781778291715 10.6301458127346 65.1229606206597 31.9530906173409 17.0880074906351 32.8024389337135 72.691127381545 67.4166151627327 7.81024967590665 39.1152144312159 14.3178210632764 5 65.5515064662895 66.1891229734916 49.0102030193714 2.23606797749979 51.0098029794274 17.6918060129541 66.1211010192662 73.9797269527267 6.08276253029822 14.2126704035519 67.4166151627327 68.1835757349231 84.380092438916 70.7106781186548 36.8781778291715 76.1183289359403 103.121287811974 92.9623579735368 82.2800097228968 35.1283361405006 23.3238075793812 66.9402718847182 22.4722050542442 7 68.4470598345904 105.621967412087 81.7863069223693 9.21954445729289 92.1357693840997 89.4427190999916 102.489023802552 72.691127381545 35.1710107901379 67.6830850360709 109.48059188733 86.4927742646748 76.2954782408499 35.7351367704113 7.81024967590665 25.4950975679639 73.4370478709486 23.7065391822594 87.8009111570034 8.48528137423857 27 66.6108099335236 83.6779540858881 35.1710107901379 6.40312423743285 34 2 92.2821759604746 81.0246875958186 88.0056816347672 71.5891053163818 70.8590149522275 6.08276253029822 24.5967477524977 58.821764679411 28.6356421265527 28.4604989415154 61.3514466007119 91 73.0068489937759 28.0713376952364 74.2428447730823 81.0246875958186 89.0898422941695 67.4166151627327 35.1710107901379 60.0832755431992 96.0468635614927 78.1024967590665 68.9637585982667 2 29.1547594742265 26.9258240356725 69.0796641566822 25.9422435421457 76.9415362466854 28.1602556806574 11.4017542509914 62.2414652783817 73.1641988953614 1e-05 29.4278779391243 68.5930025585701 34.7131099154196 72.0069441095788 29.4108823397055 36.8917334913934 36.4005494464026 15.2643375224737 66.098411478643 46.0977222864644 1.4142135623731 45.5411901469428 66.4830805543786 1.4142135623731 38.9486841883009 14.142135623731 59.6824932455071 30.2324329156619 22.0227155455452 35.3411940941446 7.81024967590665 67.6830850360709 60.0832755431992 42.154477816716 19.0262975904404 9.05538513813742 58.1893461039046 60.8276253029822 43.1856457633784 9.89949493661167 45.1774279923061 20.2484567313166 60.6712452484701 67.0820393249937 6 16.1554944214035 60.0832755431992 62.8012738724303 82.2009732302483 65.7343137181792 34.0147027033899 53.2541078227774 8.94427190999916 31.6227766016838 27.2029410174709 102.078401241399 87.0976463516667 42.7200187265877 87.091905479212 107.707938426097 41.6293165929973 5.8309518948453 28.6530975637888 101.138518873869 23.7697286480094 22.6715680975093 7.07106781186548 39.1152144312159 109.48059188733 96.0468635614927 42.154477816716 25 34.4818792991333 94.0478601564119 102.357217625334 84.4037913840368 39.4081209904761 86.3481325796916 21.9317121994613 102.107786186951 105.076162853427 44.7772263544762 26 96.0468635614927 104.292856898256 123.490890352285 107.563934476199 29.1547594742265 30.6757233003559 22.4722050542442 33.5410196624968 9.21954445729289 84.1724420460759 65.1229606206597 20 64.4980619863884 85.4751425854324 18.1107702762748 23.43074902772 5.09901951359278 78.63841300535 24.0831891575846 3 19.1049731745428 14.3178210632764 86.4927742646748 78.1024967590665 19.0262975904404 25 10.1980390271856 76.1577310586391 79.7621464104371 62.2012861603359 14.422205101856 64.1950153828161 6 79.6303962064738 85.7088093488645 20.2484567313166 6.40312423743285 78.1024967590665 81.7435012707432 98.6154146165801 84.5281018360166 30.4138126514911 27 30.4138126514911 35.2278299076171 9.8488578017961 75 55.0363516232681 10.1980390271856 54.3323108288245 75.3259583410659 8 32.0156211871642 5.8309518948453 68.4689710744948 27.2029410174709 13.1529464379659 28.0178514522438 5 76.2954782408499 68.9637585982667 9.05538513813742 34.4818792991333 10.1980390271856 67.0522184569608 69.5844810284592 52.0864665724217 6.32455532033676 54.0832691319598 12.8062484748657 69.462219947249 76.1183289359403 10.295630140987 9.21954445729289 68.9637585982667 71.5681493403316 89.044932477935 74.3303437365925 32.3882694814033 79.4040301244213 86.0058137569781 69.6347614342147 68.8839603971781 8.06225774829855 23.7697286480094 56.9209978830308 27.8567765543682 29.1547594742265 59.464274989274 89 71.0633520177595 28.2842712474619 72.2495674727538 79.0759128938769 87.091905479212 65.5515064662895 35.7351367704113 2 58.1893461039046 94.0478601564119 76.1577310586391 67.0522184569608 29.4278779391243 25.9422435421457 67.2309452558864 25.0798724079689 74.9666592559653 28.4429253066558 13.0384048104053 60.4152298679729 71.1969100453102 2 29.8328677803526 68.8839603971781 35.1710107901379 70.0357051795725 71.3091859440283 95.8175349296777 85.2349693494401 75.1864349467376 30.1496268633627 15.6524758424985 60.0166643524946 15.2970585407784 6.32455532033676 61.660360037872 98.3717439105356 74.9666592559653 1.4142135623731 84.581321815162 82.7345151674922 95.3362470417207 66.1891229734916 7.81024967590665 29.1547594742265 60.8276253029822 102.357217625334 79.7621464104371 69.5844810284592 29.4278779391243 18.0277563773199 67.0671305484289 16.1554944214035 80.8084154033477 1 22.8035085019828 60.1331855134916 76.6876782801514 29.1547594742265 2 39.4588393138977 6.40312423743285 84.5990543682375 57.2712842531054 77.7946013551069 67.6756972627545 57.2712842531054 31.2409987036266 3.16227766016838 42.2965719651132 3.60555127546399 23.3452350598575 44.1021541423999 80.3616824114578 57.3149195236284 16.7630546142402 66.6408283261845 65.1920240520265 77.3692445355388 49.0102030193714 25.4950975679639 26.9258240356725 43.1856457633784 84.4037913840368 62.2012861603359 52.0864665724217 25.9422435421457 18.0277563773199 50.0899191454728 2 62.9682459657247 17.7200451466693 28.0178514522438 43.0464865000618 58.8557558782486 26.9258240356725 19.9248588451713 50.5371150739731 23.7065391822594 66.8879660327626 21.095023109729 36.1247837363769 41.4366987102013 16.1554944214035 75.0266619276108 53.1507290636732 11.3137084989848 52 73.0068489937759 8.48528137423857 37.4833296279826 11.4017542509914 66.0302960768767 33.5261092284804 17 33.3016516106934 2.23606797749979 73.4370478709486 69.0796641566822 9.89949493661167 39.4081209904761 14.422205101856 6.32455532033676 67.2309452558864 67.0671305484289 50.0899191454728 52.0864665724217 18.4390889145858 67.0298440994756 75.4320886625844 7.07106781186548 15.2643375224737 69.0796641566822 69.065186599328 84.2199501305955 71.449282711585 38.6393581727233 59.0931468107766 79.6994353806851 69.3397432934389 59.2283715798434 30 1.4142135623731 44.2831796509691 3 21.3775583264319 46.0977222864644 82.2800097228968 59.3043000127309 14.8660687473185 68.4470598345904 67.1863081289633 79.3095202355934 51.0098029794274 23.7065391822594 25.9422435421457 45.1774279923061 86.3481325796916 64.1950153828161 54.0832691319598 25.0798724079689 16.1554944214035 2 52.0864665724217 64.9384323802169 15.8113883008419 26.4007575648882 45.0444225182208 60.8276253029822 25.9422435421457 18.0277563773199 49.6588360717405 21.9544984001001 68.60029154457 36.4005494464026 17.6918060129541 27.6586333718787 6.08276253029822 83.0240928887513 65.7647321898295 20.8806130178211 65.5133574166368 86.3133825081603 19.6977156035922 19.2093727122985 7.07106781186548 79.6241169495775 18.1107702762748 6.70820393249937 15.2643375224737 17.6918060129541 87.8009111570034 76.9415362466854 20.2484567313166 21.9317121994613 6 12.8062484748657 74.9666592559653 80.8084154033477 62.9682459657247 18.4390889145858 64.9384323802169 80.6039701255465 85.146931829632 23.0217288664427 4.12310562561766 76.9415362466854 82.7647267862342 101.788997440784 85.8661749468322 24.5153013442625 71.5681493403316 95.5091618641898 84.7230783199005 74.953318805774 29.1547594742265 15.2315462117278 59.8414572015087 15.1327459504216 6.08276253029822 61.5223536610881 98.0815986819138 74.8131004570724 1 84.1724420460759 82.6075057122535 95.0789145920377 66.1211010192662 8.48528137423857 28.1602556806574 60.6712452484701 102.107786186951 79.6303962064738 69.462219947249 28.4429253066558 1 17.7200451466693 67.0298440994756 15.8113883008419 80.6039701255465 21.8403296678416 60.0749531835024 76.4852927038918 28.1602556806574 2.23606797749979 40.4474968323134 7.21110255092798 84.1189633792524 85 97.3293378175358 82.0060973342836 79.1012010022604 8.54400374531753 25 65.924198895398 28.3196045170126 20 68.2495421230062 100.244700608062 80.6225774829855 22.1359436211787 84.0119039184329 88.684835231284 98.0459076147495 73.9797269527267 27 11.4017542509914 67.0820393249937 105.076162853427 85.7088093488645 76.1183289359403 13.0384048104053 22.8035085019828 28.0178514522438 75.4320886625844 26.4007575648882 85.146931829632 21.8403296678416 68.4105255059483 81.2219182240853 11.4017542509914 22.3606797749979 61 27.0739727413618 82.2253002426869 23.7697286480094 40.4598566482878 42.0594816896262 19.1049731745428 68.1542368455549 46.0977222864644 7.07106781186548 45.0111097397076 66.0302960768767 5.09901951359278 42.2018956920184 16.1245154965971 59.0762219509677 35.3553390593274 23.0867927612304 38.2753184180093 6.08276253029822 66.6108099335236 62.2414652783817 6 44.7772263544762 20.2484567313166 10.295630140987 60.4152298679729 60.1331855134916 43.0464865000618 7.07106781186548 45.0444225182208 23.0217288664427 60.0749531835024 68.4105255059483 19.2093727122985 62.2414652783817 62.1288982680363 78.7718223732319 64.6297145282261 39.560080889705 34.5253530032641 21.2602916254693 28.0713376952364 2.82842712474619 79.2464510246358 61.660360037872 16.7630546142402 61.3921819126833 82.2009732302483 15.6524758424985 23.0217288664427 4.12310562561766 75.5049667240507 19.1049731745428 8.60232526704263 19.2353840616713 14.2126704035519 83.6779540858881 73.1641988953614 16.1554944214035 26 6.40312423743285 9.21954445729289 71.1969100453102 76.6876782801514 58.8557558782486 15.2643375224737 60.8276253029822 4.12310562561766 76.4852927038918 81.2219182240853 19.2093727122985 73.1641988953614 78.644770964127 97.9081201943945 81.7435012707432 25.0199920063936 81.0246875958186 88.0056816347672 71.5891053163818 70.8590149522275 6.08276253029822 24.5967477524977 58.821764679411 28.6356421265527 28.4604989415154 61.3514466007119 91 73.0068489937759 28.0713376952364 74.2428447730823 81.0246875958186 89.0898422941695 67.4166151627327 35.1710107901379 1e-05 60.0832755431992 96.0468635614927 78.1024967590665 68.9637585982667 2 29.1547594742265 26.9258240356725 69.0796641566822 25.9422435421457 76.9415362466854 28.1602556806574 11.4017542509914 62.2414652783817 73.1641988953614 29.4278779391243 68.5930025585701 34.7131099154196 72.0069441095788 73.24616030892 97.718984849414 86.9540108333135 77.1297607930946 30.0166620396073 17.464249196573 61.9838688692469 17.2626765016321 4.47213595499958 63.6396103067893 100.284595028349 76.9415362466854 3.16227766016838 86.4060183089118 84.717176534632 97.2676719162127 68.1835757349231 6.40312423743285 29.4278779391243 62.8012738724303 104.292856898256 81.7435012707432 71.5681493403316 29.8328677803526 2 19.9248588451713 69.065186599328 18.0277563773199 82.7647267862342 2.23606797749979 22.3606797749979 62.1288982680363 78.644770964127 29.4278779391243 39.2045915678253 5.3851648071345 86.3539228987311 77.884529914483 119.037809119624 114.58621208505 97.4166310236604 69.065186599328 50.1597448159378 82.0060973342836 46.9574275274956 41 82.4196578493262 120.929731662648 94.8736001214247 40.6078810084939 111.198021565134 101.21264743104 117.046999107196 84.380092438916 34 68.5930025585701 82.2009732302483 123.490890352285 98.6154146165801 89.044932477935 68.8839603971781 39.4588393138977 50.5371150739731 84.2199501305955 49.6588360717405 101.788997440784 40.4474968323134 61 78.7718223732319 97.9081201943945 68.5930025585701 39.2045915678253 34.0587727318528 113.137084989848 74.1484996476665 101.242283656583 91.2688336728371 80.3616824114578 35.0142828000232 21.6333076527839 65 20.6155281280883 7.28010988928052 66.4906008395172 103.73041983912 79.8310716450681 7.81024967590665 90.3382532485547 87.4757109145162 100.578327685441 70.7106781186548 2 34.7131099154196 65.7343137181792 107.563934476199 84.5281018360166 74.3303437365925 35.1710107901379 6.40312423743285 23.7065391822594 71.449282711585 21.9544984001001 85.8661749468322 7.21110255092798 27.0739727413618 64.6297145282261 81.7435012707432 34.7131099154196 5.3851648071345 34.0587727318528 90.5538513813742 59.2114853723498 20.2484567313166 3.16227766016838 23.0217288664427 77.7817459305202 68.9637585982667 33.5410196624968 70.178344238091 89 34.5398320783411 23.3238075793812 29 83.240615086627 6.70820393249937 31.04834939252 24.0831891575846 36.8781778291715 92.2821759604746 72.0069441095788 34.0147027033899 29.1547594742265 30.4138126514911 32.3882694814033 70.0357051795725 84.5990543682375 66.8879660327626 38.6393581727233 68.60029154457 24.5153013442625 84.1189633792524 82.2253002426869 39.560080889705 25.0199920063936 72.0069441095788 86.3539228987311 113.137084989848 90.5538513813742
Deviation Vector:
58.123436424216 96.5409650909199 54.4846989069294 101.446083277741 30.1928252308324 33.8456570829834 65.9268685424691 83.2813211454686 21.6338602470091 81.9977076988243 15.7534911477073 50.0812139091685 55.4954393394426 25.5180909721676 17.0305252539671 4.57642487388638 10.5222631943021 84.4033512976622 33.9733832105236 10.9717068545349 46.8372367912646 9.56441065783664 61.0189305176765 68.4147248223567 22.5216122874913 18.6235993000147 68.1623979760366 32.8097909786472 9.29349564536349 5.24058128062106 26.5310681373191 42.4884966387599 130.898276311638 72.809022880885 60.4880372332157 36.2545613650349 27.8899851644579 15.2145666389955 35.6161069391939 26.8093822738273 18.9962998950181 36.4436702766874 11.9923003540195 99.8042698855005 126.851048593563 24.5892691086194 4.53706981092999 34.5306384678928 8.21044129071827 14.3239260641164 33.6528933781609 8.22819097248881 46.5901687073476 76.6006255151927 83.3189493577116 3.12354117419181 14.5403804924847 10.648978927375 29.9886901528753 11.1096765172338 51.3129001105169 37.0183188838685 49.1231967490997 41.8196769085518 26.0048110830884 48.720331212116 98.6591162182894 12.7269093387325 16.9711978927983 83.5338208245421 151.837771300865 119.079031641119 142.010758459132 5.05631572623205 37.988370926782 23.551017584881 23.950960102524 32.4451844796063 55.7911479395757 36.1344426555439 98.2587883625753 69.3821302900411 36.8282059828983 27.7373692464065 48.6091314965196 26.4802770098291 11.4194453715569 51.9103359649328 21.2173977779306 20.5702179608451 1.90019738759831 94.8668056349434 36.218268426556 43.647663732941 7.49738319293315 29.5394367001029 18.3854098222126 105.451975093751 78.0356315314057 44.0175553621512 38.8325118976635 29.8867311651871 36.96341004047 27.5843273806072 55.9504953231871 29.4111682319552 98.0161997216116 54.3563309853939 168.163952342169 49.6427858046984 0.021477439036613 44.3571905627681 28.5428080258935 26.055865726289 51.786554353821 72.700607552801 20.6284780617659 12.3523110894566 88.8745263891307 7.2178395676525 17.1951249618895 6.83123314164859 13.3164048676168 1.64127837827089 9.99891128243195 8.17084981868124 13.7682700296679 93.8805738937809 1.01862387748512 7.0100151475447 15.6941268325121 5.29577908634389 15.1652555645351 69.7940964637772 68.4780844061175 71.2296415826842 7.02112112079948 38.7105493452667 1.4750318980377 20.6741261578045 94.7236449034983 4.76259305020911 4.24387036256672 63.1031856077935 96.5228201383039 53.3017872911033 38.2152251515705 21.7093457083586 65.1889396607803 148.345882713469 110.059035853474 113.771335235029 30.7414588166725 104.024853688581 51.0324918157367 9.16522933034059 25.6878796998637 85.2492123904355 115.961322338805 11.5852038996816 107.253068690691 36.3229993303858 92.2919003097036 91.8471910706611 50.2423121332607 1.54856450386053 57.4318010500976 24.3458167161978 76.4423498636067 83.3532732789724 4.14664369814411 14.4512430933614 42.5084551066918 29.1416316759485 41.0958930319908 81.8410899413942 27.2763142285054 1.87163139477958 20.6097873458079 4.95799180817879 1.03930066315255 3.00876921784295 106.445802475996 43.617637982175 6.07279358039275 89.8702510813133 126.26240420206 31.9964646911078 44.4128443425966 40.3637896010773 38.6350806224216 1.86247058508441 4.1639012462213 9.36103168207701 6.37832593408549 0.354236466599999 6.49418050160065 65.20248204732 16.6468862125186 109.007014689385 22.4176328162195 17.6960656393437 5.28113681177812 7.61104296792324 99.9122851426582 103.192009854563 63.3390141147293 10.8474066304212 2.77493560848364 4.59560215304026 27.5808721171676 0.492350122375577 102.165093065601 6.6075844762449 39.8463497255946 0.24076065319697 18.19021047576 37.8466494418263 8.11503041874027 51.916093261644 28.6344153319953 91.0218701669319 45.6065355115725 56.7762946254149 54.4457571107641 24.4743015547735 99.310875176779 15.6345173936903 39.4897924510268 9.81203531458291 0.23040505723581 51.7080008689902 13.6538472070235 17.43126407649 44.3674534965693 9.86756058433022 9.11928852319692 9.25114271199454 59.2674574813544 25.3921566786381 1.17427627466352 59.9915616773902 15.5964744873866 7.72487951428024 12.0535801025832 44.8523807602136 32.2600010300533 5.73340702621891 29.2123571226309 25.6283398827581 92.2624500606692 23.531797415574 6.51160532702301 23.5045926713289 15.0708386728802 50.4161936700799 109.841149514599 10.4880808911897 38.888976284507 34.5377878584521 25.0738222162307 88.1392563980202 16.9877331863756 39.5605056501448 6.33752251185001 6.08800624414204 0.458363398851499 7.66008546221832 94.7754393125295 54.1427835797597 8.44008991654967 23.9700123667145 46.2298434374101 110.2420508207 56.19615790027 20.1551136125396 14.2495171799596 10.8116214706402 122.247176559697 74.6427267950304 79.5847745987525 36.7456799125831 23.1633979935741 2.73774007240051 56.935521781535 0.432315130445892 103.032104821941 12.2271815477701 8.65051019386889 49.7727530927106 86.2004263507433 17.6493797477701 12.4351402197013 2.87902390016936 4.3111362588852 44.287989325613 15.3257230719188 23.314070590509 71.2367752312038 107.767716938693 32.0492791677984 28.7175763779362 3.55722617561274 4.13934668613678 77.0173422445376 119.661666597772 88.1833166632443 0.102946288465963 124.391160634025 77.0558639505651 117.961218558214 88.714963890608 3.94686897838056 30.1606794830236 24.2032299974231 3.49045975409061 102.898677583196 23.3807171163315 24.5017067488667 9.54567305905258 33.0611032637058 45.1292226372098 10.6738343618479 44.0357760492093 4.13300536995446 14.1684347422322 75.3579021529206 72.082462413687 26.7342184659544 1.39136874361203 24.0900507530195 3.28407477171657 6.92250713388282 18.0724522540599 23.7292147707286 45.1796142470097 2.56011795097889 7.77470037136898 58.1271407716672 4.42175422693685 45.7641278493088 52.6205056186816 45.0727696183336 20.6843056128957 12.985207998115 46.7734611950854 33.3883790407115 49.480409702217 1.38412465086266 54.5397789636107 79.8380368504311 0.00848588222101605 58.9041302476926 3.15631106033236 4.12948182271912 27.8342641092418 54.4275912156062 1.3716718663718 11.4126103199146 9.02127585161479 6.74098494089876 18.8384917208067 44.1438934916093 2.14160165447227 14.8381908091414 79.4373818678955 0.937264918087639 92.1988959349261 93.766186092114 43.1871262454022 56.1969339711479 2.43617882149815 10.4554530561857 14.1611358870159 67.3599952456078 51.4132989815833 19.8015237289767 54.1270106419297 42.6423478718322 27.7554737404772 37.9985214686086 8.41662130840208 13.075277660475 26.744182746316 1.16694557565759 45.7831933319087 8.23729800971547 104.070950985148 49.5650550788177 8.29731345008853 31.3816404038854 51.6986633706592 9.15254287543346 35.3933163994178 32.8238891518151 39.388037475807 2.32344045484087 8.1290163647459 53.2701728903077 144.197528011019 1.99156014090549 36.8060658915911 53.0072415530828 45.3619138839235 68.9008278189565 132.452667824419 25.0029835712392 32.6303936797718 7.4612984890483 47.5007993212353 1.00864746207466 9.69801126951514 94.5466596767147 13.396268565829 81.1020668975921 16.5216550668499 6.75397819587669 37.7164042015271 99.5564508313074 3.53627772221439 9.94489558761817 23.5702997570334 1.49788438101572 109.295134946376 103.767876204242 7.76913919615054 21.7998280923729 7.39145004689445 5.67083856034157 92.6623625636501 94.5848634755782 58.4458596954194 14.5526057461682 12.9190831023033 10.4090633985629 16.4410440421575 120.509561953556 14.7976668954458 5.32970074031464 12.3929537997884 59.6329567604947 138.369628017892 23.3419947326467 20.8519105295137 51.0628820447172 2.3581370588962 77.4858164410096 90.9548134325346 42.794122850311 9.2518100804782 81.3336919930225 15.1177489092191 0.575455942459151 92.1780827590331 75.6584089743061 110.937429517731 37.1200535399842 125.671513249588 124.788564161361 92.3691754900284 11.2239157397701 26.985256932964 48.4483098112013 87.7282541470681 92.7267935761434 45.0173756044201 30.7497691822936 1.48145303012871 26.4051323474333 49.7515314452358 18.0964067311321 57.6394990614858 0.58558254315143 33.4183772826334 85.2426393221138 98.821383453463 43.0790390505005 2.34178707430233 37.0310057598857 10.7008310267891 115.430804785012 35.7775418928815 12.0822739395004 14.4590520070215 9.84924276428107 127.587059566414 92.6907924212994 30.294188861203 105.019167275633 93.2579730228808 24.4791672021329 19.763032304115 8.79215757957217 134.346905442446 8.26943139983098 28.0910439124667 20.6017392321536 131.246082081294 72.7142323498758 17.9460337769724 13.1115077984731 13.7361141185903 35.8397938332959 82.1613282730594 38.3748751959456 75.5758847286132 27.4796292383198 24.7768447605295 4.49636652847821 8.85660308424381 8.8834979433005 0.305372950530319 14.7625379838246 68.1907640585029 127.598493523272 148.635343484778 79.8472236044641 8.01537006111739 22.8861927692755 16.035283700683 20.9544064890146 17.3531853218589 20.2616001453085 67.5497519504507 34.7124911295939 38.4577665807374 81.6945382929593 11.1306338599173 7.96296225715903 2.22997784550949 91.5103285335458 22.5465593776079 14.5715786318223 13.8822308518681 38.5082715688764 105.385545851386 7.05009506254297 28.3436359269157 0.108898876558175 7.47611679906958 107.179803436347 11.7516575703108 37.6181374197415 8.53000314012709 71.252639107317 2.86723287791636 17.5203785338425 28.2059526249348 37.4533036389994 8.01930353011505 87.5688686756347 51.5541922716498 83.7893493740459 114.890476211386 49.6838557535156 34.6594269950391 1.3104531284001 24.1130100724814 25.0754930653294 59.465652701029 93.977722883828 26.286150090563 123.708042177601 39.7213640268492 53.9220545580968 1.56065188940096 1.53010208194467 22.5367499118577 28.8292048414213 1.81013497335859 26.5000045893195 136.127448062388 22.0276886146867 48.9441181249883 1.43991115802895 24.985020352465 5.21073280687769 36.2063726928632 154.999845341393 14.0747108514521 44.8889991591256 85.673709329395 12.0658610049034 52.2420677018605 75.2304249486859 29.2547630127489 24.2405802933275 91.25463310487 3.44057147937127 102.094537208287 2.31756899579019 29.1252509864425 37.2402670534406 55.4309785728953 63.5540074390695 22.5146107740016 21.3160612147502 2.42109848245423 1.272338805493 13.4367110313214 10.9345539010068 6.05653220094932 58.6907889234361 4.24131838873744 45.8744763230757 5.39259707931754 1.37421433163111 29.2075420740825 42.4873891607219 5.38638708122445 8.37511606616619 11.9730745268303 16.610705346643 1.18219484544049 56.0830967460007 19.9291708157128 49.0476200268202 1.09437610777093 67.6080516728006 18.3311109850768 90.035276380511 99.756907886302 3.7661441119011 19.0573247686433 86.9617015537367 40.6894442669851 104.581104162174 111.748792811646 23.7233010487438 104.846107078998 22.4065600267585 73.9074418486436 57.34384242401 6.40795024434707 27.8489792902806 93.8076802006465 7.89182217323894 8.92104463194192 45.5464486813571 98.827683413449 110.765810547302 1.02709474047362 114.411545211369 79.4366155988287 35.6500931167408 34.2363081866718 41.8261647563576 91.2778476516336 105.145509643 76.8289732193011 57.8622270725503 24.8620054031354 4.767068415245 35.1206906690527 30.1277734382091 6.49393099669265 30.5515877598176 0.197812357823277 6.15467516905296 66.028143767931 117.209541114721 15.6593469580466 1.02406796030125 16.0245934408131 1.25529981921482 124.945238257105 19.9588007782582 86.1427234263513 71.7349346840317 64.6061181224093 1.75280496079657 17.9562016705504 60.1840690890286 43.8105441239542 46.053406793161 84.1130115152309 34.0857137165505 86.2231974077279 30.6893772332655 99.1120798399092 35.8901859852366 20.0732550194459 27.2603019857925 37.0461277833448 96.3051732231847 78.2406295569812 103.661087579974 22.377383077986 1.675842613266 45.3413406901061 35.4271954391854 42.2973117833787 9.70457940601079 113.539974660191 30.5147110353422 11.4215243776763 74.8931409663212 97.3039238067865 3.54219745176014e-06 17.0375369722255 42.2086518724565 22.2989765026574 94.2558285962322 0.357739576610733 20.1415610660851 47.3494218975746 21.1131190276657 60.8457264503343 39.4353081737564 1.20220119268736 28.6526146526592 86.3233374682027 1.52084435961249 40.2540131350545 10.2586250632343 62.7809296177615 6.70486945118309 9.38812860763846 48.6434661583151 8.27651124917835 24.0371412696424 64.0357378927977 1.92438007880197 13.8744816091703 8.28661034449428 65.7108910485664 6.36347725506566 21.2484202816768 8.24482666894087 20.7289701207861 21.6857760611746 87.8642491764307 73.8716655919446 4.52172617419819 23.5929349705701 1.25166972521406 26.882970179033 100.053942146702 61.8799562376661 43.6590966763819 23.4811127388329 14.0471832862392 30.2192342699087 41.2485052567395 99.8011657312522 4.76117824447561 40.2377696205449 104.464012790008 51.8029723459026 28.8051977019064 3.6899532305476 23.9568637921722 13.2878292879023 16.1271054899597 35.4884148377866 7.39976997459297 7.0949780628356 4.77293767061545 147.769115129415 42.7547543319842 12.5607716455972 33.9008292457371 78.6331175172643 164.144603315945 9.32025070679244 26.4080614095954 140.270545659053 11.809977908018 26.6458924184782 98.7186236212199 8.76196646215165 18.2489925239871 84.8740328512787 120.071862959104 73.0898049887319 25.279551607544 35.1594739597367 47.049163134222 32.2360977725155 2.03165345613108 5.52581041948401 37.1169902119752 58.3939688453388 14.6148154275966 72.2014597489656 71.4276270027374 2.73256532635871 30.4792518801803 4.48331286407547 4.9578102905947 16.586504131384 4.14504257202501 19.9875230961976 21.8320129318152 117.541941628784 90.3348571010274 10.8180782782106 33.927779725026 0.701241325231569 63.1761925952677 53.4614947888329 16.4485982633382 22.0865741516079 99.7548567867553 8.49441974751613 39.5720642123865 13.9369266219669 20.154322360408 2.58916735860817 124.737137563036 86.3148625405575 98.9820961758616 34.8013587914522 9.92251108677409 2.91906375764446 46.5680967736428 40.9313546264328 2.55079657503575 90.4220072790708 22.8295377328409 3.28417453280053 14.5609649583035 12.8162298191771 10.9458766594678 5.32953134243317 8.91624557522517 61.5199395003898 19.9955806267923 16.5712537507582 27.1008462106283 7.82298105919006 23.1789463810926 84.9434979642071 13.3085092959372 7.97890010270773 10.4132498422013 22.8165365345555 27.4164157026252 20.3193782775047 4.70951763562031 19.7269624011952 18.5182429510835 8.47528150227994 59.1032290692578 1.50250710304859 2.12165960618705 46.9828801223144 93.5997126292963 43.5536972354559 19.3667934037165 3.119090171204 64.4093933956915 45.458249436702 18.5539512214374 38.0962220046119 5.60339133227376 4.02242250582929 82.624104332959 39.837065774278 41.665465598256 47.1244052575273 121.780296171449 7.5734391789931 11.2528737211846 87.5412844015018 26.7250544167972 123.579261611818 101.731444022676 26.1570101330347 0.365430640833134 39.0000107035686 103.14422584914 0.182897021632229 53.1213683065448 7.26398170860017 3.84821912886916 68.7345709912725 23.2768623504699 109.164821259645 42.9910700779685 15.4982248176605 93.793518613523 49.5744219948061 0.181725099769114 5.74528685249641 86.0601367198707 27.6401132979456 25.3394111515916 76.6260976257883 56.4939638346188 14.0275554719165 18.0972562643931 9.99676500892121 4.24414043333839 38.3234962638408 23.6067740201196 3.85238312500792 26.5851302173851 144.489296916285 100.536601756002 0.868142762159995 43.3639394095338 67.1356834122179 58.7529824591333 86.3720463367191 8.26558212248942 22.2919954736012 42.6369770131322 36.8550499366006 47.413955828473 40.7825958055415 45.5756200051527 9.38484602636291 86.0060638560468 0.213891718468765 57.6293332527207 0.905391541852595 18.2226774965721 64.6411952247283 27.1173251856652 40.4877013686345 2.47908441653708 23.4506151932927 0.601527860607028 127.802978874453 70.6070941108404 0.84176606110983 33.3952531183957 2.15695440621435 46.2250972366765 0.658381934305754 27.5575570880237 1.31953447966725 23.8041521265187 55.9128381341318 3.58055636391687 25.8840823031673 6.80691361306185 49.6809442358484 52.9147117764169 77.4085671925616 65.2615266439288 18.7147182241167 40.9564896671334 42.6515572803145 63.0742111101309 37.8121798459659 13.8903499676146 40.1173053581826 1.01896084518836 31.0700759276384 2.61755916166773 81.6108758795351 21.5226208104834 39.301269224581 50.8124507862184 48.326431867764 38.0608051231419 0.94689382804629 43.3993317810588 30.0320726386403 17.1047169572949 31.8596710652258 0.23314737114583 52.8475258332441 18.6070993802042 3.82706972171703 5.3493941508671 17.6246869750436 41.4186534088377 66.6056348125238 7.90810921467287 18.8075450814619 0.228336147704845 54.588556587256 49.9334625710035 13.0443993972869 47.7752201296623 0.290070339659917 50.4791941230217 103.007582980624 7.42471432053704 14.5736936325676 16.7421654558358 2.13931605356632 9.82858121566753 47.9478673878981 58.0720017501772 81.2410404141726 14.0588231245964 26.2603513299428 90.5347297340809 7.19953937139341 4.20866313087466 83.3562904579164 46.0804831721595 120.221387055973 89.8602253344832 29.6691730202468 80.3040757424557 34.0990407044629 3.73209096416621 39.3616713721633 27.8880911195463 0.104439196365159 66.0392601373137 2.37794328118151 17.9821025121142 59.907170655022 75.8927080080685 90.6494554584339 17.3095348537391 3.15095826400745 18.2757943067654 55.4278397628494 19.6025845798734 9.91426379580401 36.6772353338899 69.7379383204159 30.359703337699 35.3011381377665 16.7155725030717 38.9192368517943 25.3329991824946 1.16957946792635 58.9689127395627 39.5429886369116 6.10182603010351 20.1561309552864 62.0162123633475 7.20858178279412 30.9053410496614 25.7905479472581 38.8869881231645 10.8580536047493 103.205836583876 23.5887139528875 22.7732208927325 19.894123255508 1.95411914937317 48.4233134155065 40.8711839919596 31.0206673054931 41.2261854512298 77.1203481755386 10.994377616204 19.4700365924281 9.27512206033576 27.5191206787099 16.8587660355961 0.247876643653124 13.6694820644994 21.9367898974652 139.494827182495 64.4189342841576 4.01698628025825 24.0054057058763 8.67705406583865 7.48266761885411 17.3678699274682 96.6960789119297 44.2544944473053 26.2386011128404 64.9946447638086 119.76859170783 24.7959045841398 20.2354526195865 2.09278822062419 121.446958413228 132.278347018043 84.3658672128223 45.966756327752 14.5467805672221 49.2464613342435 111.230856166338 125.972027236514 93.4113827357587 16.0885671945067 17.8547636701619 95.2600406622249 22.4373668003496 7.35511788551806 52.9735535849876 107.526661590104 87.6503701719834 0.0719452604974774 108.976614913889 52.8521076975811 144.341291017536 16.7045308925236 7.39468917967504 30.6491819477905 57.9678517824203 68.2197249624016 36.8612601068408 56.6107242973483 27.2860931820982 1.34187628534465 23.4358498324526 61.0919404865058 20.7726244672048 42.3208590216411 31.5973709210457 16.8694123794718 92.7883369405462 27.7380746351912 0.316019926882501 33.6955098980686 11.0823195962049 110.494554462783 67.8806556380625 135.599092283136 73.5085768540774 2.63375192684427 7.37476506524582 11.0406252347928 6.93794440412839 15.0515353284549 21.6284579502391 110.793725374545 78.6042346656882 26.3272847233406 24.0263741059106 9.51182155004396 88.2116657933999 151.805001905182 68.6684076652513 8.84646756374346 14.409947754361 41.8874789493648 130.195773291834 81.5319235456245 87.4956213223158 13.8136633004571 28.0955788413762 20.6288595521532 31.5398101882977 36.258828008499 133.624778631153 7.17711547068417 72.5566493067386 60.2336700663019 1.0885311221619 7.39334249009682 47.2682758330068 25.9536912376355 63.499749215625 20.920475216891 60.2896227444764 9.56191348629719 16.7578811415706 44.1562877939614 25.533178735322 2.37731375050606 34.2582962643735 102.25167793568 1.31637650745761 2.65735704533252 4.02884500473043 89.9139328097235 24.3028848219211 34.3743722445813 32.4161193211723 1.2804962581958 61.4173885353919 28.1733932942958 5.68072715396979 60.0084363800561 4.04366009331135 9.16090445460516 2.5632506509462 75.7863742429544 0.216691260356194 0.975084140885195 71.6633782506948 17.9551909759442 65.873338414338 50.4095766318218 0.647530048326671 59.7694353549503 59.9053896101341 71.7498387141579 103.935624450056 60.0563082220677 43.0551726146695 15.7949689150972 40.4315741071781 4.25741148193246 63.8647593524098 3.93565460543824 23.4829502422528 91.6763281102564 127.637338798359 9.7272220041416 1.78318574075164 3.49818733475734 81.0995909675741 19.5681636573608 4.83661209465936 24.5019985056899 4.0887663825286 50.5977126881284 66.4156287682658 4.72901191804266 19.3068117795062 5.58585951517663 9.88927195612247 15.1466632094767 123.408374620375 65.1151369861193 17.905472386507 57.6097941770406 1.61156643913244 88.3291759362197 68.1336040415544 0.222372840383497 19.85961843594 51.3414263601139 148.506893007468 88.0655094726252 17.9307001074588 104.62947202959 83.1023510817563 46.0358471378729 20.2962979171794 6.21500525990707 36.6858440961202 80.0286713611755 12.0166457218104 12.1637553306011 61.8410851035404 64.3664904438671 75.3476500241321 8.12374938159598 74.246004543592 12.0148954082121 103.501129486504 30.0906719377441 12.6977939989979 1.14464910329985e-05 93.2907205701485 147.341325998753 36.3491119880663 21.8757869816893 2.12512557401827 38.0253880649113 8.85276041441336 92.1523968542431 8.58017417809404 16.8683702264253 22.1056822084294 11.9421554255172 94.0197480371612 7.53109288992312 1.88654260984625 11.7054662417628 39.0409564068118 112.013929236027 112.153001194585 150.908812899685 31.0116423789769 70.4051669694661 18.7691979255823 24.2527241610203 74.5176968618616 28.0576358062068 6.87364520056469 46.9422829136915 44.6596097993417 20.9033463559597 0.809322728875623 32.1148221588166 15.1973568421515 70.1623822932141 46.9703317376986 7.95237364955539 11.7490055516878 63.9105773009835 99.0373645145678 59.6718461161592 88.5226375924248 3.22966191469605 0.302079181624909 22.3381341709868 14.5860591179175 3.87861622938654 106.912978074318 2.98709017733873 3.22888901944169 74.3436571763486 98.6076379663536 14.7446761865059 18.9386577669768 1.3612778770762 22.7461277177415 4.59035618311227 29.9704540194183 19.9441926905727 77.598657644725 48.1454296564465 22.3578206171592 86.3110158187592 50.1869112892362 25.6299882856984 12.1554582626571 15.8792298760098 22.8387488567988 22.201545731757 127.763554366461 120.477108143659 149.436109395686 64.0890077539538 44.1522303601524 97.9342379732108 20.9037735216039 186.445021264488 1.63304717375399 137.669756313966 83.99085985671 6.3512972413493 56.4160243832447 71.3174288656089 32.8743757067999 162.801423414299 44.4753661581497 56.450034217737 2.52017567123923 132.308649447765 75.4155666709752 32.4832838230232 14.3765791855231 174.819059147881 18.8861903956721 150.94066447824 49.6477671648625 32.320678474872 56.8000006703197 16.975678649055 61.6798091754366 23.6011276467448 2.53851551623622 39.8473774266722 28.8375583202482 1.67176929528097 3.12961566419249 48.0875616147659 133.901606355799 41.967914541521 31.9633964667858 2.24738556264054 20.0720242200793 103.095018151201 37.0177933239648 104.834338422664 114.573879401085 50.7774275424289 3.45317544609151 37.3000583209581 83.5055755786117 0.272548312680335 66.5995696790607 11.4717830132902 42.1707181080847 66.5898176261562 118.968681759304 16.4969980199079 7.71434751171721 49.4274421322467 114.092354763366 44.7101730578407 19.6352711475578 5.08693853219765 31.1803142279537 97.049976787786 0.222542354227876 4.31830332499218 10.7851342376515 136.522078075305 18.859194263912 14.1275215236003 29.9077904006642 93.5823421284787 3.67425856840779 42.7054523626393 17.7763789018908 17.0670423261151 110.077313162841 91.9830643060765 13.9411831318729 21.435381881741 39.228757259088 38.3955845293329 49.0062245880414 103.303821503584 39.4278283918612 20.4315846515305 4.80144924134308 9.69907420842407 29.750402179936 109.35397240485 45.5228296077951 33.1111446195376 94.4887052272449 75.8849871750271 106.887806342397 119.118476701473
