Instancenumber:
13
Instancename:
B-n38-k6
Customers:
37
Depot:
0
Dimension:
1406
Vehicles:
37
Capacity:
100
Demands:
0 18 10 16 12 21 23 15 25 3 6 7 4 20 25 20 12 3 12 14 26 9 22 20 9 13 21 10 8 5 14 7 21 20 1 21 17 2
Uncertainty:budgeted
Gamma:
11
Mean Vector:
52.8015151297763 62.1288982680363 36.2215405525497 86.5332306111357 60.4152298679729 30.6757233003559 57.9396237474839 77.6208734813001 28.1602556806574 53.2353266168247 30.4138126514911 70.6045324324154 53.6003731330296 31.7804971641414 48.7647413609464 23.1948270094864 76.1183289359403 81.0246875958186 29.4108823397055 53.2541078227774 30.6757233003559 27 79.4040301244213 71.3091859440283 57.2712842531054 21.095023109729 59.0931468107766 36.4005494464026 71.5681493403316 85 23.7697286480094 34.5253530032641 81.0246875958186 73.24616030892 77.884529914483 74.1484996476665 59.2114853723498 52.8015151297763 22.8035085019828 21.6333076527839 94 80.3616824114578 37.2155881318568 80.6535802057168 100.960388271837 36.6196668472011 3.16227766016838 24.7588368062799 94.5568612000208 14.8660687473185 21.0237960416286 5.09901951359278 35.3553390593274 103.121287811974 88.0056816347672 36.8917334913934 8.94427190999916 22.4722050542442 30.4138126514911 86.0058137569781 95.8175349296777 77.7946013551069 36.1247837363769 79.6994353806851 17.6918060129541 95.5091618641898 97.3293378175358 40.4598566482878 21.2602916254693 88.0056816347672 97.718984849414 119.037809119624 101.242283656583 20.2484567313166 62.1288982680363 22.8035085019828 26 77.2787163454466 69.6419413859206 35.8468966578698 71.028163428319 89.4706655837543 37 25.8069758011279 32.0156211871642 83.86298349093 9.8488578017961 34.2052627529741 26.8700576850888 39.6232255123179 92.9623579735368 71.5891053163818 36.4005494464026 31.6227766016838 33.5410196624968 35.2278299076171 69.6347614342147 85.2349693494401 67.6756972627545 41.4366987102013 69.3397432934389 27.6586333718787 84.7230783199005 82.0060973342836 42.0594816896262 28.0713376952364 71.5891053163818 86.9540108333135 114.58621208505 91.2688336728371 3.16227766016838 36.2215405525497 21.6333076527839 26 76.9415362466854 60.0166643524946 15.6524758424985 59.9082632030006 80.6039701255465 15 23.7065391822594 6.08276253029822 73.9797269527267 17.464249196573 11.4017542509914 20.2484567313166 14.7648230602334 82.2800097228968 70.8590149522275 15.2643375224737 27.2029410174709 9.21954445729289 9.8488578017961 68.8839603971781 75.1864349467376 57.2712842531054 16.1554944214035 59.2283715798434 6.08276253029822 74.953318805774 79.1012010022604 19.1049731745428 2.82842712474619 70.8590149522275 77.1297607930946 97.4166310236604 80.3616824114578 23.0217288664427 86.5332306111357 94 77.2787163454466 76.9415362466854 28.6006992921502 64.8459713474939 32.4499614791759 28.1602556806574 67.3572564761956 97.0051545022222 79.0759128938769 29.2745623366089 80.156097709407 87.0976463516667 95.1314879522022 73.3893725276351 35.1283361405006 6.08276253029822 66.098411478643 102.078401241399 84.1724420460759 75 8.06225774829855 30.1496268633627 31.2409987036266 75.0266619276108 30 83.0240928887513 29.1547594742265 8.54400374531753 68.1542368455549 79.2464510246358 6.08276253029822 30.0166620396073 69.065186599328 35.0142828000232 77.7817459305202 60.4152298679729 80.3616824114578 69.6419413859206 60.0166643524946 28.6006992921502 45.1774279923061 4.12310562561766 20.6155281280883 47.0425339453563 82.9698740507662 60.2079728939615 14.3178210632764 68.9420046125727 68.1175454637056 80.049984384758 52.0384473250308 23.3238075793812 24.5967477524977 46.0977222864644 87.0976463516667 65.1229606206597 55.0363516232681 23.7697286480094 15.6524758424985 3.16227766016838 53.1507290636732 1.4142135623731 65.7647321898295 15.2315462117278 25 46.0977222864644 61.660360037872 24.5967477524977 17.464249196573 50.1597448159378 21.6333076527839 68.9637585982667 30.6757233003559 37.2155881318568 35.8468966578698 15.6524758424985 64.8459713474939 45.1774279923061 44.7213595499958 65.6201188660917 2.82842712474619 39.3573373083089 15.0332963783729 58.8557558782486 30 23 35.8468966578698 9.21954445729289 66.9402718847182 58.821764679411 1.4142135623731 42.7200187265877 20 10.1980390271856 56.9209978830308 60.0166643524946 42.2965719651132 11.3137084989848 44.2831796509691 20.8806130178211 59.8414572015087 65.924198895398 7.07106781186548 16.7630546142402 58.821764679411 61.9838688692469 82.0060973342836 65 33.5410196624968 57.9396237474839 80.6535802057168 71.028163428319 59.9082632030006 32.4499614791759 4.12310562561766 44.7213595499958 21.0237960416286 46.3896540189728 83.168503653727 59.6824932455071 14.142135623731 69.7710541700496 67.4759216313494 80.0812087820857 51.0392006206994 22.4722050542442 28.6356421265527 45.5411901469428 87.091905479212 64.4980619863884 54.3323108288245 27.8567765543682 15.2970585407784 3.60555127546399 52 3 65.5133574166368 15.1327459504216 28.3196045170126 45.0111097397076 61.3921819126833 28.6356421265527 17.2626765016321 46.9574275274956 20.6155281280883 70.178344238091 77.6208734813001 100.960388271837 89.4706655837543 80.6039701255465 28.1602556806574 20.6155281280883 65.6201188660917 21.0237960416286 67.3646791723972 103.580886267689 80.6225774829855 7.07106781186548 89.3196506934504 88.4590300647707 100.662803457881 72.0624728967859 7 28.4604989415154 66.4830805543786 107.707938426097 85.4751425854324 75.3259583410659 29.1547594742265 6.32455532033676 23.3452350598575 73.0068489937759 21.3775583264319 86.3133825081603 6.08276253029822 20 66.0302960768767 82.2009732302483 28.4604989415154 4.47213595499958 41 7.28010988928052 89 28.1602556806574 36.6196668472011 37 15 67.3572564761956 47.0425339453563 2.82842712474619 46.3896540189728 67.3646791723972 38.5875627631495 13.3416640641263 60.5309838016862 30.5286750449475 21.095023109729 34.8855270850248 6.40312423743285 68.4470598345904 61.3514466007119 1.4142135623731 41.6293165929973 18.1107702762748 8 59.464274989274 61.660360037872 44.1021541423999 8.48528137423857 46.0977222864644 19.6977156035922 61.5223536610881 68.2495421230062 5.09901951359278 15.6524758424985 61.3514466007119 63.6396103067893 82.4196578493262 66.4906008395172 34.5398320783411 53.2353266168247 3.16227766016838 25.8069758011279 23.7065391822594 97.0051545022222 82.9698740507662 39.3573373083089 83.168503653727 103.580886267689 38.5875627631495 26.2488094968134 97.1236325515062 18.0277563773199 21.6333076527839 4.47213595499958 36.8781778291715 105.621967412087 91 38.9486841883009 5.8309518948453 23.43074902772 32.0156211871642 89 98.3717439105356 80.3616824114578 37.4833296279826 82.2800097228968 19.2093727122985 98.0815986819138 100.244700608062 42.2018956920184 23.0217288664427 91 100.284595028349 120.929731662648 103.73041983912 23.3238075793812 30.4138126514911 24.7588368062799 32.0156211871642 6.08276253029822 79.0759128938769 60.2079728939615 15.0332963783729 59.6824932455071 80.6225774829855 13.3416640641263 26.2488094968134 73.824115301167 23.1948270094864 8.06225774829855 22.2036033111745 10.6301458127346 81.7863069223693 73.0068489937759 14.142135623731 28.6530975637888 5.09901951359278 5.8309518948453 71.0633520177595 74.9666592559653 57.3149195236284 11.4017542509914 59.3043000127309 7.07106781186548 74.8131004570724 80.6225774829855 16.1245154965971 4.12310562561766 73.0068489937759 76.9415362466854 94.8736001214247 79.8310716450681 29 70.6045324324154 94.5568612000208 83.86298349093 73.9797269527267 29.2745623366089 14.3178210632764 58.8557558782486 14.142135623731 7.07106781186548 60.5309838016862 97.1236325515062 73.824115301167 83.2586331859946 81.6149496109628 94.1116358374457 65.1229606206597 9.21954445729289 28.0713376952364 59.6824932455071 101.138518873869 78.63841300535 68.4689710744948 28.2842712474619 1.4142135623731 16.7630546142402 66.0302960768767 14.8660687473185 79.6241169495775 1 22.1359436211787 59.0762219509677 75.5049667240507 28.0713376952364 3.16227766016838 40.6078810084939 7.81024967590665 83.240615086627 53.6003731330296 14.8660687473185 9.8488578017961 17.464249196573 80.156097709407 68.9420046125727 30 69.7710541700496 89.3196506934504 30.5286750449475 18.0277563773199 23.1948270094864 83.2586331859946 24.5153013442625 18.0277563773199 31.9530906173409 92.1357693840997 74.2428447730823 30.2324329156619 23.7697286480094 24.0831891575846 27.2029410174709 72.2495674727538 84.581321815162 66.6408283261845 33.5261092284804 68.4470598345904 18.1107702762748 84.1724420460759 84.0119039184329 35.3553390593274 19.1049731745428 74.2428447730823 86.4060183089118 111.198021565134 90.3382532485547 6.70820393249937 31.7804971641414 21.0237960416286 34.2052627529741 11.4017542509914 87.0976463516667 68.1175454637056 23 67.4759216313494 88.4590300647707 21.095023109729 21.6333076527839 8.06225774829855 81.6149496109628 24.5153013442625 17.2046505340853 17.0880074906351 89.4427190999916 81.0246875958186 22.0227155455452 22.6715680975093 3 13.1529464379659 79.0759128938769 82.7345151674922 65.1920240520265 17 67.1863081289633 6.70820393249937 82.6075057122535 88.684835231284 23.0867927612304 8.60232526704263 81.0246875958186 84.717176534632 101.21264743104 87.4757109145162 31.04834939252 48.7647413609464 5.09901951359278 26.8700576850888 20.2484567313166 95.1314879522022 80.049984384758 35.8468966578698 80.0812087820857 100.662803457881 34.8855270850248 4.47213595499958 22.2036033111745 94.1116358374457 18.0277563773199 17.2046505340853 32.8024389337135 102.489023802552 89.0898422941695 35.3411940941446 7.07106781186548 19.1049731745428 28.0178514522438 87.091905479212 95.3362470417207 77.3692445355388 33.3016516106934 79.3095202355934 15.2643375224737 95.0789145920377 98.0459076147495 38.2753184180093 19.2353840616713 89.0898422941695 97.2676719162127 117.046999107196 100.578327685441 24.0831891575846 23.1948270094864 35.3553390593274 39.6232255123179 14.7648230602334 73.3893725276351 52.0384473250308 9.21954445729289 51.0392006206994 72.0624728967859 6.40312423743285 36.8781778291715 10.6301458127346 65.1229606206597 31.9530906173409 17.0880074906351 32.8024389337135 72.691127381545 67.4166151627327 7.81024967590665 39.1152144312159 14.3178210632764 5 65.5515064662895 66.1891229734916 49.0102030193714 2.23606797749979 51.0098029794274 17.6918060129541 66.1211010192662 73.9797269527267 6.08276253029822 14.2126704035519 67.4166151627327 68.1835757349231 84.380092438916 70.7106781186548 36.8781778291715 76.1183289359403 103.121287811974 92.9623579735368 82.2800097228968 35.1283361405006 23.3238075793812 66.9402718847182 22.4722050542442 7 68.4470598345904 105.621967412087 81.7863069223693 9.21954445729289 92.1357693840997 89.4427190999916 102.489023802552 72.691127381545 35.1710107901379 67.6830850360709 109.48059188733 86.4927742646748 76.2954782408499 35.7351367704113 7.81024967590665 25.4950975679639 73.4370478709486 23.7065391822594 87.8009111570034 8.48528137423857 27 66.6108099335236 83.6779540858881 35.1710107901379 6.40312423743285 34 2 92.2821759604746 81.0246875958186 88.0056816347672 71.5891053163818 70.8590149522275 6.08276253029822 24.5967477524977 58.821764679411 28.6356421265527 28.4604989415154 61.3514466007119 91 73.0068489937759 28.0713376952364 74.2428447730823 81.0246875958186 89.0898422941695 67.4166151627327 35.1710107901379 60.0832755431992 96.0468635614927 78.1024967590665 68.9637585982667 2 29.1547594742265 26.9258240356725 69.0796641566822 25.9422435421457 76.9415362466854 28.1602556806574 11.4017542509914 62.2414652783817 73.1641988953614 1e-05 29.4278779391243 68.5930025585701 34.7131099154196 72.0069441095788 29.4108823397055 36.8917334913934 36.4005494464026 15.2643375224737 66.098411478643 46.0977222864644 1.4142135623731 45.5411901469428 66.4830805543786 1.4142135623731 38.9486841883009 14.142135623731 59.6824932455071 30.2324329156619 22.0227155455452 35.3411940941446 7.81024967590665 67.6830850360709 60.0832755431992 42.154477816716 19.0262975904404 9.05538513813742 58.1893461039046 60.8276253029822 43.1856457633784 9.89949493661167 45.1774279923061 20.2484567313166 60.6712452484701 67.0820393249937 6 16.1554944214035 60.0832755431992 62.8012738724303 82.2009732302483 65.7343137181792 34.0147027033899 53.2541078227774 8.94427190999916 31.6227766016838 27.2029410174709 102.078401241399 87.0976463516667 42.7200187265877 87.091905479212 107.707938426097 41.6293165929973 5.8309518948453 28.6530975637888 101.138518873869 23.7697286480094 22.6715680975093 7.07106781186548 39.1152144312159 109.48059188733 96.0468635614927 42.154477816716 25 34.4818792991333 94.0478601564119 102.357217625334 84.4037913840368 39.4081209904761 86.3481325796916 21.9317121994613 102.107786186951 105.076162853427 44.7772263544762 26 96.0468635614927 104.292856898256 123.490890352285 107.563934476199 29.1547594742265 30.6757233003559 22.4722050542442 33.5410196624968 9.21954445729289 84.1724420460759 65.1229606206597 20 64.4980619863884 85.4751425854324 18.1107702762748 23.43074902772 5.09901951359278 78.63841300535 24.0831891575846 3 19.1049731745428 14.3178210632764 86.4927742646748 78.1024967590665 19.0262975904404 25 10.1980390271856 76.1577310586391 79.7621464104371 62.2012861603359 14.422205101856 64.1950153828161 6 79.6303962064738 85.7088093488645 20.2484567313166 6.40312423743285 78.1024967590665 81.7435012707432 98.6154146165801 84.5281018360166 30.4138126514911 27 30.4138126514911 35.2278299076171 9.8488578017961 75 55.0363516232681 10.1980390271856 54.3323108288245 75.3259583410659 8 32.0156211871642 5.8309518948453 68.4689710744948 27.2029410174709 13.1529464379659 28.0178514522438 5 76.2954782408499 68.9637585982667 9.05538513813742 34.4818792991333 10.1980390271856 67.0522184569608 69.5844810284592 52.0864665724217 6.32455532033676 54.0832691319598 12.8062484748657 69.462219947249 76.1183289359403 10.295630140987 9.21954445729289 68.9637585982667 71.5681493403316 89.044932477935 74.3303437365925 32.3882694814033 79.4040301244213 86.0058137569781 69.6347614342147 68.8839603971781 8.06225774829855 23.7697286480094 56.9209978830308 27.8567765543682 29.1547594742265 59.464274989274 89 71.0633520177595 28.2842712474619 72.2495674727538 79.0759128938769 87.091905479212 65.5515064662895 35.7351367704113 2 58.1893461039046 94.0478601564119 76.1577310586391 67.0522184569608 29.4278779391243 25.9422435421457 67.2309452558864 25.0798724079689 74.9666592559653 28.4429253066558 13.0384048104053 60.4152298679729 71.1969100453102 2 29.8328677803526 68.8839603971781 35.1710107901379 70.0357051795725 71.3091859440283 95.8175349296777 85.2349693494401 75.1864349467376 30.1496268633627 15.6524758424985 60.0166643524946 15.2970585407784 6.32455532033676 61.660360037872 98.3717439105356 74.9666592559653 1.4142135623731 84.581321815162 82.7345151674922 95.3362470417207 66.1891229734916 7.81024967590665 29.1547594742265 60.8276253029822 102.357217625334 79.7621464104371 69.5844810284592 29.4278779391243 18.0277563773199 67.0671305484289 16.1554944214035 80.8084154033477 1 22.8035085019828 60.1331855134916 76.6876782801514 29.1547594742265 2 39.4588393138977 6.40312423743285 84.5990543682375 57.2712842531054 77.7946013551069 67.6756972627545 57.2712842531054 31.2409987036266 3.16227766016838 42.2965719651132 3.60555127546399 23.3452350598575 44.1021541423999 80.3616824114578 57.3149195236284 16.7630546142402 66.6408283261845 65.1920240520265 77.3692445355388 49.0102030193714 25.4950975679639 26.9258240356725 43.1856457633784 84.4037913840368 62.2012861603359 52.0864665724217 25.9422435421457 18.0277563773199 50.0899191454728 2 62.9682459657247 17.7200451466693 28.0178514522438 43.0464865000618 58.8557558782486 26.9258240356725 19.9248588451713 50.5371150739731 23.7065391822594 66.8879660327626 21.095023109729 36.1247837363769 41.4366987102013 16.1554944214035 75.0266619276108 53.1507290636732 11.3137084989848 52 73.0068489937759 8.48528137423857 37.4833296279826 11.4017542509914 66.0302960768767 33.5261092284804 17 33.3016516106934 2.23606797749979 73.4370478709486 69.0796641566822 9.89949493661167 39.4081209904761 14.422205101856 6.32455532033676 67.2309452558864 67.0671305484289 50.0899191454728 52.0864665724217 18.4390889145858 67.0298440994756 75.4320886625844 7.07106781186548 15.2643375224737 69.0796641566822 69.065186599328 84.2199501305955 71.449282711585 38.6393581727233 59.0931468107766 79.6994353806851 69.3397432934389 59.2283715798434 30 1.4142135623731 44.2831796509691 3 21.3775583264319 46.0977222864644 82.2800097228968 59.3043000127309 14.8660687473185 68.4470598345904 67.1863081289633 79.3095202355934 51.0098029794274 23.7065391822594 25.9422435421457 45.1774279923061 86.3481325796916 64.1950153828161 54.0832691319598 25.0798724079689 16.1554944214035 2 52.0864665724217 64.9384323802169 15.8113883008419 26.4007575648882 45.0444225182208 60.8276253029822 25.9422435421457 18.0277563773199 49.6588360717405 21.9544984001001 68.60029154457 36.4005494464026 17.6918060129541 27.6586333718787 6.08276253029822 83.0240928887513 65.7647321898295 20.8806130178211 65.5133574166368 86.3133825081603 19.6977156035922 19.2093727122985 7.07106781186548 79.6241169495775 18.1107702762748 6.70820393249937 15.2643375224737 17.6918060129541 87.8009111570034 76.9415362466854 20.2484567313166 21.9317121994613 6 12.8062484748657 74.9666592559653 80.8084154033477 62.9682459657247 18.4390889145858 64.9384323802169 80.6039701255465 85.146931829632 23.0217288664427 4.12310562561766 76.9415362466854 82.7647267862342 101.788997440784 85.8661749468322 24.5153013442625 71.5681493403316 95.5091618641898 84.7230783199005 74.953318805774 29.1547594742265 15.2315462117278 59.8414572015087 15.1327459504216 6.08276253029822 61.5223536610881 98.0815986819138 74.8131004570724 1 84.1724420460759 82.6075057122535 95.0789145920377 66.1211010192662 8.48528137423857 28.1602556806574 60.6712452484701 102.107786186951 79.6303962064738 69.462219947249 28.4429253066558 1 17.7200451466693 67.0298440994756 15.8113883008419 80.6039701255465 21.8403296678416 60.0749531835024 76.4852927038918 28.1602556806574 2.23606797749979 40.4474968323134 7.21110255092798 84.1189633792524 85 97.3293378175358 82.0060973342836 79.1012010022604 8.54400374531753 25 65.924198895398 28.3196045170126 20 68.2495421230062 100.244700608062 80.6225774829855 22.1359436211787 84.0119039184329 88.684835231284 98.0459076147495 73.9797269527267 27 11.4017542509914 67.0820393249937 105.076162853427 85.7088093488645 76.1183289359403 13.0384048104053 22.8035085019828 28.0178514522438 75.4320886625844 26.4007575648882 85.146931829632 21.8403296678416 68.4105255059483 81.2219182240853 11.4017542509914 22.3606797749979 61 27.0739727413618 82.2253002426869 23.7697286480094 40.4598566482878 42.0594816896262 19.1049731745428 68.1542368455549 46.0977222864644 7.07106781186548 45.0111097397076 66.0302960768767 5.09901951359278 42.2018956920184 16.1245154965971 59.0762219509677 35.3553390593274 23.0867927612304 38.2753184180093 6.08276253029822 66.6108099335236 62.2414652783817 6 44.7772263544762 20.2484567313166 10.295630140987 60.4152298679729 60.1331855134916 43.0464865000618 7.07106781186548 45.0444225182208 23.0217288664427 60.0749531835024 68.4105255059483 19.2093727122985 62.2414652783817 62.1288982680363 78.7718223732319 64.6297145282261 39.560080889705 34.5253530032641 21.2602916254693 28.0713376952364 2.82842712474619 79.2464510246358 61.660360037872 16.7630546142402 61.3921819126833 82.2009732302483 15.6524758424985 23.0217288664427 4.12310562561766 75.5049667240507 19.1049731745428 8.60232526704263 19.2353840616713 14.2126704035519 83.6779540858881 73.1641988953614 16.1554944214035 26 6.40312423743285 9.21954445729289 71.1969100453102 76.6876782801514 58.8557558782486 15.2643375224737 60.8276253029822 4.12310562561766 76.4852927038918 81.2219182240853 19.2093727122985 73.1641988953614 78.644770964127 97.9081201943945 81.7435012707432 25.0199920063936 81.0246875958186 88.0056816347672 71.5891053163818 70.8590149522275 6.08276253029822 24.5967477524977 58.821764679411 28.6356421265527 28.4604989415154 61.3514466007119 91 73.0068489937759 28.0713376952364 74.2428447730823 81.0246875958186 89.0898422941695 67.4166151627327 35.1710107901379 1e-05 60.0832755431992 96.0468635614927 78.1024967590665 68.9637585982667 2 29.1547594742265 26.9258240356725 69.0796641566822 25.9422435421457 76.9415362466854 28.1602556806574 11.4017542509914 62.2414652783817 73.1641988953614 29.4278779391243 68.5930025585701 34.7131099154196 72.0069441095788 73.24616030892 97.718984849414 86.9540108333135 77.1297607930946 30.0166620396073 17.464249196573 61.9838688692469 17.2626765016321 4.47213595499958 63.6396103067893 100.284595028349 76.9415362466854 3.16227766016838 86.4060183089118 84.717176534632 97.2676719162127 68.1835757349231 6.40312423743285 29.4278779391243 62.8012738724303 104.292856898256 81.7435012707432 71.5681493403316 29.8328677803526 2 19.9248588451713 69.065186599328 18.0277563773199 82.7647267862342 2.23606797749979 22.3606797749979 62.1288982680363 78.644770964127 29.4278779391243 39.2045915678253 5.3851648071345 86.3539228987311 77.884529914483 119.037809119624 114.58621208505 97.4166310236604 69.065186599328 50.1597448159378 82.0060973342836 46.9574275274956 41 82.4196578493262 120.929731662648 94.8736001214247 40.6078810084939 111.198021565134 101.21264743104 117.046999107196 84.380092438916 34 68.5930025585701 82.2009732302483 123.490890352285 98.6154146165801 89.044932477935 68.8839603971781 39.4588393138977 50.5371150739731 84.2199501305955 49.6588360717405 101.788997440784 40.4474968323134 61 78.7718223732319 97.9081201943945 68.5930025585701 39.2045915678253 34.0587727318528 113.137084989848 74.1484996476665 101.242283656583 91.2688336728371 80.3616824114578 35.0142828000232 21.6333076527839 65 20.6155281280883 7.28010988928052 66.4906008395172 103.73041983912 79.8310716450681 7.81024967590665 90.3382532485547 87.4757109145162 100.578327685441 70.7106781186548 2 34.7131099154196 65.7343137181792 107.563934476199 84.5281018360166 74.3303437365925 35.1710107901379 6.40312423743285 23.7065391822594 71.449282711585 21.9544984001001 85.8661749468322 7.21110255092798 27.0739727413618 64.6297145282261 81.7435012707432 34.7131099154196 5.3851648071345 34.0587727318528 90.5538513813742 59.2114853723498 20.2484567313166 3.16227766016838 23.0217288664427 77.7817459305202 68.9637585982667 33.5410196624968 70.178344238091 89 34.5398320783411 23.3238075793812 29 83.240615086627 6.70820393249937 31.04834939252 24.0831891575846 36.8781778291715 92.2821759604746 72.0069441095788 34.0147027033899 29.1547594742265 30.4138126514911 32.3882694814033 70.0357051795725 84.5990543682375 66.8879660327626 38.6393581727233 68.60029154457 24.5153013442625 84.1189633792524 82.2253002426869 39.560080889705 25.0199920063936 72.0069441095788 86.3539228987311 113.137084989848 90.5538513813742
Deviation Vector:
19.8159673103583 38.5410287763302 31.4099234981694 140.231184769207 48.7922142071149 30.6451059956301 45.4898379729578 92.9280752967197 24.7970354106474 33.6497005674237 49.024158101896 30.1711520763666 46.2274922555406 12.4292084587592 0.643751016555419 1.39828070175103 92.1786648687232 118.276425617876 36.5991531583274 72.2663816800921 16.6032133194251 11.5870581386022 2.58030243405272 47.1942070929112 53.7834737156424 11.2257493475091 33.9976993491577 37.7468572664717 40.6759425067674 136.347801845798 26.838718057532 32.579649960678 48.4597310577738 27.0958937651327 73.0436815457955 104.230581016476 81.0564442889349 5.10195032565021 22.2689847990875 13.4808834323709 68.4995400612919 77.3174514831597 39.0942329614378 128.33321211064 136.620995391331 38.9516515456759 0.0793867231066949 23.2203215524771 84.8263441943548 18.8726649513601 14.0549295236969 7.33413785684986 2.55681080164239 72.2901559169004 41.6990496595835 37.3129528496639 11.0298278335127 23.5766271777824 12.8363941616024 15.066431874129 98.3942915448501 120.672760308242 40.4172551840844 129.509855035193 5.21474830492031 41.0998542145808 136.682820573892 1.51079179519272 11.2030842355192 66.4044396911828 64.5428588697032 149.47188054463 9.14419990524737 1.71360715747457 75.8275370294638 32.9176356559454 29.8560661211409 96.257725992099 52.5830206158859 15.0219332456136 63.1269129050544 127.368023453547 8.54904599040893 24.8024763822218 15.9517219270614 59.1131336850203 3.40916791883143 3.59410866955014 3.43071748694904 30.4388232501054 26.0530683547831 82.654662860656 25.2267599605442 44.2427121933377 38.6796092330971 34.7976064080034 14.1397205085427 79.370014621996 69.3762460825175 30.2489659638195 4.11824937652487 1.63951755406854 30.4431977448902 12.277321957881 6.05260788535463 44.3474728778781 114.059064471199 112.363376499104 137.39567348832 65.8914156662703 0.26856803269154 16.7152520802975 11.2314962271699 8.21558311703122 109.453115997368 61.0624056296154 15.9790100963278 8.52806693481001 90.477868575614 17.2280938863121 21.5861953832248 8.53261255995297 50.0668461345318 28.0055144194292 13.4025873374959 4.12303028367058 14.2485398737049 113.426297749035 80.4117098725564 5.55339805040165 13.1172257174743 11.0100263998302 4.16697378228697 57.967555739939 101.044353657557 32.4727032483237 12.8434958436582 77.6376075928574 1.41648402282877 27.5608020240724 32.1483865239327 6.0715071461298 2.34527216634959 65.5868961642239 48.8833903986853 60.9226529314884 25.4485878478274 0.651447846227624 66.4345520396725 135.282408409797 90.944427872125 3.99693291634435 34.7664902129383 14.736602954007 0.947316764933194 21.5347360019461 29.0227223268411 96.4450511708963 40.8755618823572 45.8348935581961 108.855287001255 87.0205011236391 107.83625778371 11.3597748151015 7.52777038849658 5.17716886186321 47.7088901338368 103.026283821116 45.0822201164007 71.5990701698835 11.1016648752534 28.4013872567894 39.7526549614407 43.5023631442649 7.23798055529112 23.2373688341988 35.1375450127611 4.76705568788201 21.0040549362801 27.4665677533827 2.25530967895106 44.5753680864471 27.5255488688924 55.5449933492573 6.68384082926616 25.8418675506866 58.2403413948037 35.9915231948024 85.3415169534654 35.5118641159058 20.6078055476966 4.75665928079116 12.6664254352204 74.7836230389083 108.561688407888 49.894664812872 11.6615501509807 27.8447932220953 14.4167725018421 108.073208782537 70.6963886825091 37.053076859169 16.3750519723088 46.3119545023017 47.2171453825683 59.0669520216943 70.6960871331242 2.8756524070498 22.9300666126851 5.03661827625332 24.8520278232691 0.296098488427744 95.4505224972635 13.1923605703936 4.23450259016747 70.867156985552 79.7797833464909 21.9921453737469 7.47097943133587 54.6478693542514 11.0201252449695 60.9598064251648 18.9204903103357 41.823523693785 30.3729467498901 4.67839709692161 21.1512663708553 1.60058214618889 31.429233548045 35.2919788909231 3.9187868574256 17.1194538060129 7.51836958706948 25.0075350673336 43.1886674368715 23.9713327206481 47.7445486955543 10.1213178292178 77.8656916220919 68.8511397773956 1.50498345061437 0.189774705732762 27.5975548340179 9.06842442148012 49.5533257000854 92.981288097295 33.8461846061448 6.08763654180227 36.1802479930984 25.6413530430512 0.072238199252066 87.4435432616999 3.433655609113 10.3595261165776 48.4630946682057 82.6175947013682 75.1905167657705 74.7548332115881 45.8947622604008 93.8429759917549 4.96433260277431 80.0822815274266 25.6585696970045 18.2260337149423 6.40057535059836 10.8035321555937 33.7200173124369 58.3546505996717 111.394677718937 68.0836115825422 11.3431624804359 54.2277227494505 77.2738180488644 44.4943092229978 2.04720078129879 8.75120283919451 13.7029308704356 38.2692375833829 80.7777031587964 83.5602839918211 24.0134643676269 25.8707753253045 15.2301672827281 3.34438732423359 80.4286198035429 0.579536732487686 41.5426223578534 12.6698608762983 38.0404013354261 16.9278250027814 50.9905504006807 40.227480848156 25.9553536620311 59.1132225854478 7.01185184945331 100.325221439593 116.465676295943 32.0727769564041 94.9421038936421 97.8115091234077 41.0700536278416 4.88362371497531 23.9093931559422 20.5465682445465 53.3868720973941 41.8954722091129 110.188811887929 8.98755702888014 111.184430679793 59.0798362287098 94.6466016899637 4.35407335334034 11.1760926702097 8.80897116308634 65.6844171563898 163.386835276006 42.9678933345578 122.185948000674 21.2201655356915 1.38888676615521 8.68049627240387 113.775072268233 34.7258521175539 21.4954224033795 7.24420060048253 6.76372047410836 3.45133049561396 87.5470276613845 18.6661842945828 4.97937601606723 26.7391059216998 3.55238518500332 120.177845588117 28.6258580805534 53.6572678945393 19.1094889948759 21.3150764848918 81.2083755111739 7.58135512262279 2.94001421674155 11.4660837491744 74.1950329587932 42.4414110819616 2.90058525517659 85.4037335920718 14.0894164303243 2.27838392908698 10.0211608197714 2.92792297998273 57.2115728187424 31.0966361437936 1.17251930761734 31.9680785996677 9.14452513210482 8.62508504651359 19.772816816445 51.9863401479358 49.8532745626811 11.8586243890499 69.099140549013 12.1629701133528 26.0473343709433 24.6096147037873 1.7410527038533 22.5382195899697 12.2393361484934 54.5977710739699 101.753128162536 93.428077910926 35.198879222058 34.4794526584573 0.0820784771496554 12.7519721591489 2.87340188844406 23.6075187685413 23.1230965747111 22.9343597026829 29.2228594509098 58.6217148454522 40.1305277579808 31.1631309538289 104.195375936845 4.37600036719803 7.11297515131533 7.05583960998559 48.7113693607757 69.8492108721361 72.299141495195 32.1299919372071 2.52200320347128 15.6311513370362 46.1797365712194 76.1750987217329 101.097048143737 12.6582159936582 25.0939054412622 100.973996200224 19.5059033987417 27.2369024955066 100.844777587359 17.2256304564402 21.3037619622522 93.9066869817286 90.4868747811421 126.563053284919 132.287940286697 27.5452657217363 0.0899992127123033 0.00814256132177119 3.86105225137409 6.34398814259789 93.90656966497 71.8528438232418 19.3280393414365 90.4993698566822 92.2966366252273 13.0776180155179 14.4713545022851 23.1032085751431 4.1471121089112 7.93192877144364 21.7610994398627 17.2336703687404 17.4523038173072 27.8469416031201 2.15494051722574 25.2966017469347 8.20242954663212 6.8094677005473 82.4728463368574 74.087248290474 90.3275128471321 5.24006989812112 23.3579073009469 6.02413458657644 112.681095048501 3.45265315874083 6.55605402652699 6.22229051276862 3.15052058949273 40.5626716576386 87.8270292456057 98.2483696541953 2.73334870607726 41.3081138865492 105.970327010496 103.910621437631 115.7984036637 1.33708309753536 22.2212816571115 6.92857116059989 14.559449801482 6.40445464938155 6.81475702017788 120.714733355777 95.0231403719947 22.0602291121317 40.7592834139769 119.468982156565 93.3065067375587 0.309940559220494 17.7231961683194 82.5059605363907 49.8817507635276 80.6223064298484 41.6298507351088 10.5507309932964 1.5104549496949 17.0077897226837 16.8909586473867 16.519275271017 122.763499592354 1.18153294008323 15.8396951424815 0.572785342017398 10.5896127733179 5.89283842073997 3.94888786143211 3.21521277957242 1.99628080168241 97.7581130849667 10.5538212679689 19.1044761328895 4.46926478646449 5.40485740515721 72.2734006700187 7.90043096032185 17.2332448706493 97.7539704679861 123.621463061081 11.6274636498425 25.8641602311477 9.02398121865326 11.4013884364427 7.39239751727981 25.4962863068645 23.8034508919889 62.1517362729519 63.5508982282283 4.02707951372991 22.1147149094085 8.20870564205867 1.32332100584687 35.0815283089946 89.3527602656737 3.88795578777382 20.9810058503923 86.6769837709603 23.6724055500133 59.3405616790496 127.860546043541 30.2340602084222 17.2305132210781 87.6580974386292 113.099727303459 134.701671232146 41.194857119689 9.54932125979189 5.06782660131277 4.85079725605864 40.4038549332733 6.16075149256915 3.40279828945944 106.962867003981 15.5772804747983 22.9830384051766 120.145307653941 30.0018257882504 21.9616540021261 4.73935068777504 126.946087342082 7.82541331987807 15.9778222462032 27.410413823915 71.9804288172942 29.0683272487702 0.794348134727933 32.4334147381866 4.87528502201809 17.666503989516 40.2669574108781 125.812978174975 37.2873727488329 23.9887898177494 72.2274116492185 1.70757356457118 82.2875835700105 135.779897253673 1.19435379124458 9.94076637186381 10.9725090755836 104.452102509236 7.04224146610724 15.2636871429761 36.5399971074479 36.4200317204005 2.62651277827036 24.4176631523379 10.989426256244 145.577751579701 119.800839864176 16.9129376673713 17.8692424641717 80.4217169379724 15.6823670959529 4.5969294760704 25.7046848334626 45.7013072937142 15.0015393105437 19.8959773093446 6.63991016741492 137.474131877766 93.612727244203 27.3676348645029 7.96283105572818 9.54205136279901 28.8285048659807 43.1885251553925 38.5298295917345 83.6103635757387 0.837236588110229 42.7929189316976 10.4907483225496 9.00584288147341 70.0105702287817 9.10187991296035 16.187949093841 109.505725014022 111.520456230209 162.028216830078 113.964736254642 24.4868571321143 5.32936530137136 47.9500911736163 7.50217000155182 10.0297910773907 55.6139136765669 70.0967497918311 10.7399448184233 81.1486616753555 63.2062159537702 8.75519544021642 48.1237072663238 3.20525634088225 33.5623963628763 25.7128437720312 13.6871342800687 50.6569079619093 94.5422237798377 81.2454920715666 7.79950405106331 51.8567204407564 1.69449338861573 0.297751699391625 93.1134653770471 55.096330865911 14.5732122968319 1.42144255101686 22.2006212199441 25.5448828520188 26.028129426925 116.023663944359 5.07483630896581 8.86030051345092 87.5205730325136 69.7951382022911 109.9229368129 30.3809605331071 27.4487417888225 64.0365775660434 40.5508186283526 150.730243889714 47.90859900514 2.52312254385354 6.91763461268583 73.4758218094982 19.6976034730664 7.68299060294834 69.5141532288821 58.1753361492095 55.3161799705366 3.57597199261098 23.0510424252753 71.0800116830027 45.8555325833613 3.22040821885909 0.026755336270426 50.4083002062956 74.4458243167398 37.70941062202 42.901412135327 38.366471440919 2.95192114066936 35.6065562890197 5.19180488190839 1.18091682362515 69.7046239832269 11.6537625712593 12.9455721357694 102.460921019317 49.2311047102199 30.6937358172208 9.81770923389134 39.8005064140884 1.88905139532139 18.780726187664 52.0089439770342 17.1357579104106 93.1434545884228 2.20616335563409 4.53470054413407 8.63564145254155 24.6465057535439 28.5121015084457 32.609682253067 53.1562510105528 94.638944930403 83.705868550804 45.2283055077513 6.95164515283179 128.224122532649 48.7457001144018 78.693274761421 11.7520662185142 19.0710691128954 118.902713858097 29.9878185206442 76.6397486499491 1.97005820145017 25.1728113639648 27.5494717984044 108.68782327466 2.84779832968217 71.5621443602802 31.4726575320774 12.0208724267735 70.5568507849295 9.74337378358924 1.2490122071749e-05 23.7876549366909 11.2702335664469 12.7802141400755 83.4867355282225 17.1556337465369 50.3148852150633 24.7111687762023 22.1291860049452 51.391208868987 9.17670034094842 2.02879860514253 39.6722625519671 10.321931026444 0.502588616871549 16.0488794013749 6.92112174253963 40.1540489447039 0.715659511973287 19.2335801057692 5.57519795449854 7.8782067630053 7.47401247099151 70.9532546573295 40.2880766021263 4.18961263325126 4.38873141175615 26.0109847587469 77.5248940536139 69.8853057833682 5.74346220048306 40.5317434861669 16.2037249983639 45.1687212609039 84.8812391254839 1.99995307550205 21.451139825194 60.2540183047332 63.5670429870503 94.6279356067672 10.1225282986948 41.2007885626632 51.092494558204 9.1689590477249 43.2131762635409 35.7662439047905 146.704290269418 19.9952012056756 15.432269532821 127.227739856817 118.7936829036 21.6054334744253 4.91665873279641 34.766256272719 7.44028105077217 4.10215935298503 32.5008686434129 3.9472083928749 24.2352042483642 118.425996080052 52.8379807734845 50.5753575114449 8.81325228467197 46.5633649925305 29.8978126567466 165.600149253057 4.84072074085574 0.762413250284248 85.8612212530911 23.4569632826151 119.519655518907 120.664485712925 29.3050815690972 13.0932948037481 52.5499088480952 41.1580284597905 23.7146890873655 38.5030360113532 18.198728291749 16.9722042164979 4.32486327749389 3.38059099978195 9.88587483535365 87.1735184003286 85.5807174523215 22.9167786784882 77.9286900248651 95.8472711343097 1.40744049225606 4.72065288929424 2.94064941340174 49.3723398510738 33.7462065314914 2.78771666741879 6.72239822469687 1.32854113303249 79.6389300810931 31.9609741018726 2.13353176698655 7.2193414515021 15.0804909804696 97.6845015451793 114.628275690498 31.5287236204913 2.30615398576945 22.9759395252902 5.40912707204994 28.0250378346123 61.3557957024211 30.8937266745049 5.79621686517304 70.9418446345092 0.0144328180878154 34.6283169460033 26.8482850975824 39.9733916919797 40.4185681819047 46.4071776267664 28.5105221056246 15.5089659223725 7.57391700821009 76.281866460462 5.87602128841058 81.6191120867175 51.8935772601293 7.42446157867857 51.065231310151 9.38595747953056 91.5619143436777 2.19800303284538 3.57900206893889 33.3326766161505 6.81730271407739 6.32391533525718 4.84338190353624 13.7946436630513 15.1994615153899 9.9099649017441 16.6931125418623 80.4855147694179 45.3745430183233 7.29963664188097 23.7225781804036 11.1582812926653 104.562797163401 57.5649565788367 5.75821011812137 12.6857001999433 45.2243076459357 97.9485240295984 117.922977526813 56.2498401940028 36.5432410104361 21.7689627334204 54.4098289947536 13.2905567523207 82.8131292501845 4.84778657236803 4.14053890463598 51.9769834122519 19.0009434705703 13.0117770088291 28.3342017484345 37.3096067525696 37.6058324707105 15.4636332222557 22.8472653111742 76.7022953487842 132.246794394562 37.0486573839515 17.8781614807755 1.52653445186967 5.41232010029087 88.3040807729881 0.627312090691487 107.171651718902 2.02574570920519 14.7228411562393 90.6234795786601 18.1730467071468 23.2234101499768 29.74862771226 19.3145917930173 86.8812987528149 93.9842239553569 0.975291267354954 0.0771132531288734 61.7149941604323 38.2991048220516 12.3808155781459 13.0298880909197 13.8636548817951 53.108110367223 49.5640260486346 17.0012884127581 18.0358207553655 72.3763161664839 13.4633108142056 3.13637086893531 67.7071082938015 142.177476413613 74.6818017126152 0.332321851436199 130.113164197374 25.5469019960642 23.1880678061273 99.96582198416 2.94930112688161 23.6371590509926 74.9337493860503 112.820800769455 89.375961467833 45.3317638790424 28.1696039507819 16.8064649246368 23.1501343444208 23.3428758712882 75.5429213806424 1.24110545750154 20.6937666618262 66.8451557721256 109.190162944198 30.6757567781268 0.216703403147828 18.0208007183067 10.3478772623423 106.647092638976 2.07838092887645 67.6692826022379 8.80976522678494 64.9659969380665 21.5190487928578 3.56191496730267 57.9184955459037 2.16615271530752 33.5041028588296 71.1176604420349 38.9547594932675 10.6853237561723 13.3596325621366 6.01770745335816 84.0102195082768 22.5263891753805 36.3540197147248 15.7956012325421 32.9413022246207 46.9403292625566 36.9770139207814 33.0850778237254 36.5492152041903 34.9073199298512 0.309649132269068 25.0042072577308 1.54280495818779 7.90427451740093 16.9383274702977 21.3250535996035 59.6687137185347 58.3952228041921 0.124496579683747 30.2125052071529 25.2779139010396 16.4388646647124 67.9817839829107 5.12993176277784 46.7532124781646 34.1921331276412 3.70612023062427 11.4499449451236 53.7671327582507 11.6120730096531 12.6314390999165 49.2000178814084 11.1795810192728 36.908957838611 14.747759497815 60.3906427343 14.9283003449526 1.78865626866785 48.1706175559405 2.56471761723743 106.541982463382 101.109803862312 0.1961823217553 23.4813389684541 22.9197328393594 6.1708846051904 91.2306485344131 90.473418866015 17.1073179963794 70.9208153681877 22.8455606314045 56.4201789126201 32.3365143992481 4.44757345991562 16.5602703240463 6.6698159854126 100.430957694702 110.69048802371 17.802603731504 32.4338395460545 42.2119374290996 39.2182189141336 104.932432930531 24.0176658030824 44.3025930982607 1.66937604414736 58.4581983033413 0.887044122243547 27.4838910275188 52.562795907134 118.701911068428 65.8331087638008 14.5326396754218 100.102139039259 5.34766937656977 74.5845028096646 41.4114055771016 34.0560718785705 17.2016631327657 52.1060394977474 101.18454072014 17.6988398253147 19.9424563164744 40.1404520205739 14.6156518914978 2.90727105826329 3.68311539756657 47.5666151874979 18.0501606580555 8.44496257147824 70.804738226457 13.9645393014002 21.0638633535683 26.2997916560116 31.5375861721929 14.541776486052 69.4873950421494 11.9699157650361 16.9494780536057 18.5929100615791 8.93610135984807 64.2899975233653 10.2574868555627 17.12860802942 39.9948091982086 20.3325921927503 2.64715682241328 27.3217900181657 0.323785455582564 63.4973995824709 17.1931777978891 8.16798298469946 16.3812089812248 23.3190490063358 104.638496264563 27.045659759304 23.1917827544757 27.6883833623308 6.5039826769715 8.45990135649482 118.62404641005 83.1953689309503 56.053257184387 14.1605573050586 55.9797074334344 122.942656938701 121.78768425628 5.72386195616074 0.939083841050267 58.63094019966 76.2144579428856 7.17629773124418 131.922461402427 26.3987927050904 63.7538559701432 49.7135261720598 111.190254795898 76.842313392806 9.22691365463379 20.6872801588393 11.7481404063001 19.1552561879637 5.77529042329306 78.1019990344265 93.9170481856807 38.519496045078 1.62099900261171 40.11278587194 12.4747546739598 102.556920471197 75.1904143556689 0.908129985215203 13.5688319008414 24.3291383413097 89.343107011693 107.014185698316 20.8332409932683 19.311790774127 1.59251481443296 9.3505698874329 96.5890512431638 14.0251121267176 48.2160770120799 29.5065700860704 20.2758729883617 113.88645891753 6.90427479882086 0.0526824294647504 35.9115053352725 4.05017714533644 116.231106812638 92.154953441573 19.5756429272633 57.8022503314868 57.5318936753629 9.89966216662993 30.4932357473613 47.5955251593426 0.251395220623662 27.414835881465 11.8944229662995 114.884360411373 119.141298934654 14.5238746776651 129.969668985053 64.421420937625 36.6360612111197 16.3210397370887 37.9451233182449 3.87467566862214 50.1973704858387 128.1945060629 105.152496588351 102.492044128923 12.3171534418345 35.673058573693 33.8773831705023 89.7536651557932 41.9224864094939 40.0739679757716 2.73382939095991 91.897814515372 126.285528604183 3.72040752052517 9.43254126481432 40.0035141987404 40.2040140704622 1.25146105596063 32.7491910635404 60.4408037450651 58.2928306011999 29.6518211118398 69.0770354950838 57.0404935648971 4.1141129471893 42.0508635819467 22.2815914412263 4.87204049307691 48.7367756620655 1.87809185987668 76.5224516309849 9.78638048157393 30.8552542590391 34.2881479899864 9.87404956401793 43.6185147473564 51.9000900261947 7.23644283931043 9.77671793711865 16.10628088648 0.518622757790194 20.753522735211 30.8131766665898 69.0979577307578 4.73631490615025 42.0828226876979 14.6105933817135 31.7459855544535 64.9538427390968 7.4161019576737 24.6439007211642 44.0548299207935 24.5585730167629 91.0942964001757 12.6641320316079 30.8515769671211 15.2514420366564 18.4588411783425 0.629981482508584 19.4843179338592 47.7277887799736 25.4471446243041 32.0878856551271 39.8006529567941 12.3268410044379 11.9622907046415 4.69627294402367 122.422521863929 1.897829063098 11.6764074696499 15.2050058395169 2.1277790071378 6.23601186464721 95.3246191636435 2.076923145865 19.3528407790623 3.91097767926497 7.03637418662959 90.6179783913354 119.652991090452 67.6410829859222 0.646815538939315 39.1125009389747 6.02401105368758 111.045508240238 78.2272314098985 13.9898715503878 39.7191085442572 127.459467287744 93.1121606313173 64.4748758717546 19.2252685085671 68.2810836381914 115.412125093225 89.6713246150829 0.276837609824305 1.2450189701649 18.8226929915019 95.6024596321206 8.70571545861505 14.1238211977182 48.4317883651009 41.2891370168298 41.6711737135241 13.0800113401291 43.2305019750539 106.557549655229 95.9273280846193 90.7081815317519 33.8189853817915 1.01066618624314e-05 52.1769305190169 96.4245989839473 2.13424001786068 48.4885502820005 1.65888324002112 28.8764981756567 38.5412349607916 94.7992600966335 25.5481466826343 58.1720829230788 15.0578098858969 1.4464191785777 99.5101073177631 16.0807344789144 40.5940728546584 109.932771790563 14.7346570673372 37.3246874729854 117.313027623023 71.1869407443494 88.2243164274866 58.980895654314 35.4860901958584 27.6877050797279 76.2806402646049 2.38488311486866 5.69827156550922 43.3421199330325 148.78619673516 46.8870326276714 0.206738006648953 62.7052125597888 136.675746946745 9.01695064472712 97.4211112659331 5.22760050113351 31.8750460694902 77.4871048791153 58.6528785920544 36.099666655409 26.0190385225501 32.7297840007361 1.1369611943874 6.69446685324375 90.9515653007588 5.79732533172602 25.8492517139322 0.257189039076189 18.7813206679943 17.8684872594566 66.3372359626796 6.71513372713694 41.2550099712717 2.15068510962897 16.1686767996339 51.1396028186979 63.9857707574821 167.457387482263 130.310688745171 27.2682322678547 22.2934567794931 115.057832659849 52.6168775367876 17.6882848819217 123.278578086556 111.616151357576 118.386657477227 38.6812391151839 58.9887720965491 18.6106138623221 163.184142672667 75.439188398288 43.5533614431861 23.0685963443047 101.109316647253 119.975121449928 64.8779934966496 137.338261688142 74.8457686994754 59.1020478740185 10.2896471266147 25.5782472424256 4.94895488565554 127.837434410591 28.4378219571429 17.5006814276681 22.5420208058973 121.465270798873 8.36562962936762 63.6616804918033 0.309180201536442 64.0819266140843 103.846948734949 114.363368933489 91.0708846459362 102.053185285742 14.9244452309142 13.3979652799839 38.7486340972703 19.7233455628071 5.84736628658353 24.2001487826406 23.278902446174 36.5493112328702 5.46932004727887 131.391849319671 125.034569819515 136.601828005006 96.9051215829817 1.77913252307949 42.6843927776013 103.469170147808 128.353242157484 112.362555715992 89.4648741820357 9.49646348916623 10.3486572066005 35.3175355486504 107.932210179975 2.45459026977871 127.705926970036 10.9586459994476 18.3619225460274 81.5270254982181 83.6191890208699 1.72519399340168 4.8737135050965 49.3574556856399 60.5823190469949 88.8858370301216 15.7849272119606 4.65555995868043 5.49704940087181 78.0912633405958 20.9446300799455 31.4967361683793 58.3937729061156 9.4983088883127 23.1717125571545 13.4386318240569 28.8923761882002 22.8209890442354 3.51430802238901 17.486964335883 38.6161706362371 3.7301631107969 76.8918584617655 114.728112478147 54.1149623480572 20.9183297232342 2.39509582632584 47.0229076277945 42.780467632793 64.0383836280704 72.7040338622535 0.287414396115267 55.3372470029638 8.9635948564568 122.529632205106 121.338376971597 9.51205425580516 15.2581812948317 95.1610292333859 41.3827291162327 182.582763972964 147.173406143184
