Instancenumber:
34
Instancename:
B-n38-k6
Customers:
37
Depot:
0
Dimension:
1406
Vehicles:
37
Capacity:
100
Demands:
0 18 10 16 12 21 23 15 25 3 6 7 4 20 25 20 12 3 12 14 26 9 22 20 9 13 21 10 8 5 14 7 21 20 1 21 17 2
Uncertainty:budgeted
Gamma:
37
Mean Vector:
52.8015151297763 62.1288982680363 36.2215405525497 86.5332306111357 60.4152298679729 30.6757233003559 57.9396237474839 77.6208734813001 28.1602556806574 53.2353266168247 30.4138126514911 70.6045324324154 53.6003731330296 31.7804971641414 48.7647413609464 23.1948270094864 76.1183289359403 81.0246875958186 29.4108823397055 53.2541078227774 30.6757233003559 27 79.4040301244213 71.3091859440283 57.2712842531054 21.095023109729 59.0931468107766 36.4005494464026 71.5681493403316 85 23.7697286480094 34.5253530032641 81.0246875958186 73.24616030892 77.884529914483 74.1484996476665 59.2114853723498 52.8015151297763 22.8035085019828 21.6333076527839 94 80.3616824114578 37.2155881318568 80.6535802057168 100.960388271837 36.6196668472011 3.16227766016838 24.7588368062799 94.5568612000208 14.8660687473185 21.0237960416286 5.09901951359278 35.3553390593274 103.121287811974 88.0056816347672 36.8917334913934 8.94427190999916 22.4722050542442 30.4138126514911 86.0058137569781 95.8175349296777 77.7946013551069 36.1247837363769 79.6994353806851 17.6918060129541 95.5091618641898 97.3293378175358 40.4598566482878 21.2602916254693 88.0056816347672 97.718984849414 119.037809119624 101.242283656583 20.2484567313166 62.1288982680363 22.8035085019828 26 77.2787163454466 69.6419413859206 35.8468966578698 71.028163428319 89.4706655837543 37 25.8069758011279 32.0156211871642 83.86298349093 9.8488578017961 34.2052627529741 26.8700576850888 39.6232255123179 92.9623579735368 71.5891053163818 36.4005494464026 31.6227766016838 33.5410196624968 35.2278299076171 69.6347614342147 85.2349693494401 67.6756972627545 41.4366987102013 69.3397432934389 27.6586333718787 84.7230783199005 82.0060973342836 42.0594816896262 28.0713376952364 71.5891053163818 86.9540108333135 114.58621208505 91.2688336728371 3.16227766016838 36.2215405525497 21.6333076527839 26 76.9415362466854 60.0166643524946 15.6524758424985 59.9082632030006 80.6039701255465 15 23.7065391822594 6.08276253029822 73.9797269527267 17.464249196573 11.4017542509914 20.2484567313166 14.7648230602334 82.2800097228968 70.8590149522275 15.2643375224737 27.2029410174709 9.21954445729289 9.8488578017961 68.8839603971781 75.1864349467376 57.2712842531054 16.1554944214035 59.2283715798434 6.08276253029822 74.953318805774 79.1012010022604 19.1049731745428 2.82842712474619 70.8590149522275 77.1297607930946 97.4166310236604 80.3616824114578 23.0217288664427 86.5332306111357 94 77.2787163454466 76.9415362466854 28.6006992921502 64.8459713474939 32.4499614791759 28.1602556806574 67.3572564761956 97.0051545022222 79.0759128938769 29.2745623366089 80.156097709407 87.0976463516667 95.1314879522022 73.3893725276351 35.1283361405006 6.08276253029822 66.098411478643 102.078401241399 84.1724420460759 75 8.06225774829855 30.1496268633627 31.2409987036266 75.0266619276108 30 83.0240928887513 29.1547594742265 8.54400374531753 68.1542368455549 79.2464510246358 6.08276253029822 30.0166620396073 69.065186599328 35.0142828000232 77.7817459305202 60.4152298679729 80.3616824114578 69.6419413859206 60.0166643524946 28.6006992921502 45.1774279923061 4.12310562561766 20.6155281280883 47.0425339453563 82.9698740507662 60.2079728939615 14.3178210632764 68.9420046125727 68.1175454637056 80.049984384758 52.0384473250308 23.3238075793812 24.5967477524977 46.0977222864644 87.0976463516667 65.1229606206597 55.0363516232681 23.7697286480094 15.6524758424985 3.16227766016838 53.1507290636732 1.4142135623731 65.7647321898295 15.2315462117278 25 46.0977222864644 61.660360037872 24.5967477524977 17.464249196573 50.1597448159378 21.6333076527839 68.9637585982667 30.6757233003559 37.2155881318568 35.8468966578698 15.6524758424985 64.8459713474939 45.1774279923061 44.7213595499958 65.6201188660917 2.82842712474619 39.3573373083089 15.0332963783729 58.8557558782486 30 23 35.8468966578698 9.21954445729289 66.9402718847182 58.821764679411 1.4142135623731 42.7200187265877 20 10.1980390271856 56.9209978830308 60.0166643524946 42.2965719651132 11.3137084989848 44.2831796509691 20.8806130178211 59.8414572015087 65.924198895398 7.07106781186548 16.7630546142402 58.821764679411 61.9838688692469 82.0060973342836 65 33.5410196624968 57.9396237474839 80.6535802057168 71.028163428319 59.9082632030006 32.4499614791759 4.12310562561766 44.7213595499958 21.0237960416286 46.3896540189728 83.168503653727 59.6824932455071 14.142135623731 69.7710541700496 67.4759216313494 80.0812087820857 51.0392006206994 22.4722050542442 28.6356421265527 45.5411901469428 87.091905479212 64.4980619863884 54.3323108288245 27.8567765543682 15.2970585407784 3.60555127546399 52 3 65.5133574166368 15.1327459504216 28.3196045170126 45.0111097397076 61.3921819126833 28.6356421265527 17.2626765016321 46.9574275274956 20.6155281280883 70.178344238091 77.6208734813001 100.960388271837 89.4706655837543 80.6039701255465 28.1602556806574 20.6155281280883 65.6201188660917 21.0237960416286 67.3646791723972 103.580886267689 80.6225774829855 7.07106781186548 89.3196506934504 88.4590300647707 100.662803457881 72.0624728967859 7 28.4604989415154 66.4830805543786 107.707938426097 85.4751425854324 75.3259583410659 29.1547594742265 6.32455532033676 23.3452350598575 73.0068489937759 21.3775583264319 86.3133825081603 6.08276253029822 20 66.0302960768767 82.2009732302483 28.4604989415154 4.47213595499958 41 7.28010988928052 89 28.1602556806574 36.6196668472011 37 15 67.3572564761956 47.0425339453563 2.82842712474619 46.3896540189728 67.3646791723972 38.5875627631495 13.3416640641263 60.5309838016862 30.5286750449475 21.095023109729 34.8855270850248 6.40312423743285 68.4470598345904 61.3514466007119 1.4142135623731 41.6293165929973 18.1107702762748 8 59.464274989274 61.660360037872 44.1021541423999 8.48528137423857 46.0977222864644 19.6977156035922 61.5223536610881 68.2495421230062 5.09901951359278 15.6524758424985 61.3514466007119 63.6396103067893 82.4196578493262 66.4906008395172 34.5398320783411 53.2353266168247 3.16227766016838 25.8069758011279 23.7065391822594 97.0051545022222 82.9698740507662 39.3573373083089 83.168503653727 103.580886267689 38.5875627631495 26.2488094968134 97.1236325515062 18.0277563773199 21.6333076527839 4.47213595499958 36.8781778291715 105.621967412087 91 38.9486841883009 5.8309518948453 23.43074902772 32.0156211871642 89 98.3717439105356 80.3616824114578 37.4833296279826 82.2800097228968 19.2093727122985 98.0815986819138 100.244700608062 42.2018956920184 23.0217288664427 91 100.284595028349 120.929731662648 103.73041983912 23.3238075793812 30.4138126514911 24.7588368062799 32.0156211871642 6.08276253029822 79.0759128938769 60.2079728939615 15.0332963783729 59.6824932455071 80.6225774829855 13.3416640641263 26.2488094968134 73.824115301167 23.1948270094864 8.06225774829855 22.2036033111745 10.6301458127346 81.7863069223693 73.0068489937759 14.142135623731 28.6530975637888 5.09901951359278 5.8309518948453 71.0633520177595 74.9666592559653 57.3149195236284 11.4017542509914 59.3043000127309 7.07106781186548 74.8131004570724 80.6225774829855 16.1245154965971 4.12310562561766 73.0068489937759 76.9415362466854 94.8736001214247 79.8310716450681 29 70.6045324324154 94.5568612000208 83.86298349093 73.9797269527267 29.2745623366089 14.3178210632764 58.8557558782486 14.142135623731 7.07106781186548 60.5309838016862 97.1236325515062 73.824115301167 83.2586331859946 81.6149496109628 94.1116358374457 65.1229606206597 9.21954445729289 28.0713376952364 59.6824932455071 101.138518873869 78.63841300535 68.4689710744948 28.2842712474619 1.4142135623731 16.7630546142402 66.0302960768767 14.8660687473185 79.6241169495775 1 22.1359436211787 59.0762219509677 75.5049667240507 28.0713376952364 3.16227766016838 40.6078810084939 7.81024967590665 83.240615086627 53.6003731330296 14.8660687473185 9.8488578017961 17.464249196573 80.156097709407 68.9420046125727 30 69.7710541700496 89.3196506934504 30.5286750449475 18.0277563773199 23.1948270094864 83.2586331859946 24.5153013442625 18.0277563773199 31.9530906173409 92.1357693840997 74.2428447730823 30.2324329156619 23.7697286480094 24.0831891575846 27.2029410174709 72.2495674727538 84.581321815162 66.6408283261845 33.5261092284804 68.4470598345904 18.1107702762748 84.1724420460759 84.0119039184329 35.3553390593274 19.1049731745428 74.2428447730823 86.4060183089118 111.198021565134 90.3382532485547 6.70820393249937 31.7804971641414 21.0237960416286 34.2052627529741 11.4017542509914 87.0976463516667 68.1175454637056 23 67.4759216313494 88.4590300647707 21.095023109729 21.6333076527839 8.06225774829855 81.6149496109628 24.5153013442625 17.2046505340853 17.0880074906351 89.4427190999916 81.0246875958186 22.0227155455452 22.6715680975093 3 13.1529464379659 79.0759128938769 82.7345151674922 65.1920240520265 17 67.1863081289633 6.70820393249937 82.6075057122535 88.684835231284 23.0867927612304 8.60232526704263 81.0246875958186 84.717176534632 101.21264743104 87.4757109145162 31.04834939252 48.7647413609464 5.09901951359278 26.8700576850888 20.2484567313166 95.1314879522022 80.049984384758 35.8468966578698 80.0812087820857 100.662803457881 34.8855270850248 4.47213595499958 22.2036033111745 94.1116358374457 18.0277563773199 17.2046505340853 32.8024389337135 102.489023802552 89.0898422941695 35.3411940941446 7.07106781186548 19.1049731745428 28.0178514522438 87.091905479212 95.3362470417207 77.3692445355388 33.3016516106934 79.3095202355934 15.2643375224737 95.0789145920377 98.0459076147495 38.2753184180093 19.2353840616713 89.0898422941695 97.2676719162127 117.046999107196 100.578327685441 24.0831891575846 23.1948270094864 35.3553390593274 39.6232255123179 14.7648230602334 73.3893725276351 52.0384473250308 9.21954445729289 51.0392006206994 72.0624728967859 6.40312423743285 36.8781778291715 10.6301458127346 65.1229606206597 31.9530906173409 17.0880074906351 32.8024389337135 72.691127381545 67.4166151627327 7.81024967590665 39.1152144312159 14.3178210632764 5 65.5515064662895 66.1891229734916 49.0102030193714 2.23606797749979 51.0098029794274 17.6918060129541 66.1211010192662 73.9797269527267 6.08276253029822 14.2126704035519 67.4166151627327 68.1835757349231 84.380092438916 70.7106781186548 36.8781778291715 76.1183289359403 103.121287811974 92.9623579735368 82.2800097228968 35.1283361405006 23.3238075793812 66.9402718847182 22.4722050542442 7 68.4470598345904 105.621967412087 81.7863069223693 9.21954445729289 92.1357693840997 89.4427190999916 102.489023802552 72.691127381545 35.1710107901379 67.6830850360709 109.48059188733 86.4927742646748 76.2954782408499 35.7351367704113 7.81024967590665 25.4950975679639 73.4370478709486 23.7065391822594 87.8009111570034 8.48528137423857 27 66.6108099335236 83.6779540858881 35.1710107901379 6.40312423743285 34 2 92.2821759604746 81.0246875958186 88.0056816347672 71.5891053163818 70.8590149522275 6.08276253029822 24.5967477524977 58.821764679411 28.6356421265527 28.4604989415154 61.3514466007119 91 73.0068489937759 28.0713376952364 74.2428447730823 81.0246875958186 89.0898422941695 67.4166151627327 35.1710107901379 60.0832755431992 96.0468635614927 78.1024967590665 68.9637585982667 2 29.1547594742265 26.9258240356725 69.0796641566822 25.9422435421457 76.9415362466854 28.1602556806574 11.4017542509914 62.2414652783817 73.1641988953614 1e-05 29.4278779391243 68.5930025585701 34.7131099154196 72.0069441095788 29.4108823397055 36.8917334913934 36.4005494464026 15.2643375224737 66.098411478643 46.0977222864644 1.4142135623731 45.5411901469428 66.4830805543786 1.4142135623731 38.9486841883009 14.142135623731 59.6824932455071 30.2324329156619 22.0227155455452 35.3411940941446 7.81024967590665 67.6830850360709 60.0832755431992 42.154477816716 19.0262975904404 9.05538513813742 58.1893461039046 60.8276253029822 43.1856457633784 9.89949493661167 45.1774279923061 20.2484567313166 60.6712452484701 67.0820393249937 6 16.1554944214035 60.0832755431992 62.8012738724303 82.2009732302483 65.7343137181792 34.0147027033899 53.2541078227774 8.94427190999916 31.6227766016838 27.2029410174709 102.078401241399 87.0976463516667 42.7200187265877 87.091905479212 107.707938426097 41.6293165929973 5.8309518948453 28.6530975637888 101.138518873869 23.7697286480094 22.6715680975093 7.07106781186548 39.1152144312159 109.48059188733 96.0468635614927 42.154477816716 25 34.4818792991333 94.0478601564119 102.357217625334 84.4037913840368 39.4081209904761 86.3481325796916 21.9317121994613 102.107786186951 105.076162853427 44.7772263544762 26 96.0468635614927 104.292856898256 123.490890352285 107.563934476199 29.1547594742265 30.6757233003559 22.4722050542442 33.5410196624968 9.21954445729289 84.1724420460759 65.1229606206597 20 64.4980619863884 85.4751425854324 18.1107702762748 23.43074902772 5.09901951359278 78.63841300535 24.0831891575846 3 19.1049731745428 14.3178210632764 86.4927742646748 78.1024967590665 19.0262975904404 25 10.1980390271856 76.1577310586391 79.7621464104371 62.2012861603359 14.422205101856 64.1950153828161 6 79.6303962064738 85.7088093488645 20.2484567313166 6.40312423743285 78.1024967590665 81.7435012707432 98.6154146165801 84.5281018360166 30.4138126514911 27 30.4138126514911 35.2278299076171 9.8488578017961 75 55.0363516232681 10.1980390271856 54.3323108288245 75.3259583410659 8 32.0156211871642 5.8309518948453 68.4689710744948 27.2029410174709 13.1529464379659 28.0178514522438 5 76.2954782408499 68.9637585982667 9.05538513813742 34.4818792991333 10.1980390271856 67.0522184569608 69.5844810284592 52.0864665724217 6.32455532033676 54.0832691319598 12.8062484748657 69.462219947249 76.1183289359403 10.295630140987 9.21954445729289 68.9637585982667 71.5681493403316 89.044932477935 74.3303437365925 32.3882694814033 79.4040301244213 86.0058137569781 69.6347614342147 68.8839603971781 8.06225774829855 23.7697286480094 56.9209978830308 27.8567765543682 29.1547594742265 59.464274989274 89 71.0633520177595 28.2842712474619 72.2495674727538 79.0759128938769 87.091905479212 65.5515064662895 35.7351367704113 2 58.1893461039046 94.0478601564119 76.1577310586391 67.0522184569608 29.4278779391243 25.9422435421457 67.2309452558864 25.0798724079689 74.9666592559653 28.4429253066558 13.0384048104053 60.4152298679729 71.1969100453102 2 29.8328677803526 68.8839603971781 35.1710107901379 70.0357051795725 71.3091859440283 95.8175349296777 85.2349693494401 75.1864349467376 30.1496268633627 15.6524758424985 60.0166643524946 15.2970585407784 6.32455532033676 61.660360037872 98.3717439105356 74.9666592559653 1.4142135623731 84.581321815162 82.7345151674922 95.3362470417207 66.1891229734916 7.81024967590665 29.1547594742265 60.8276253029822 102.357217625334 79.7621464104371 69.5844810284592 29.4278779391243 18.0277563773199 67.0671305484289 16.1554944214035 80.8084154033477 1 22.8035085019828 60.1331855134916 76.6876782801514 29.1547594742265 2 39.4588393138977 6.40312423743285 84.5990543682375 57.2712842531054 77.7946013551069 67.6756972627545 57.2712842531054 31.2409987036266 3.16227766016838 42.2965719651132 3.60555127546399 23.3452350598575 44.1021541423999 80.3616824114578 57.3149195236284 16.7630546142402 66.6408283261845 65.1920240520265 77.3692445355388 49.0102030193714 25.4950975679639 26.9258240356725 43.1856457633784 84.4037913840368 62.2012861603359 52.0864665724217 25.9422435421457 18.0277563773199 50.0899191454728 2 62.9682459657247 17.7200451466693 28.0178514522438 43.0464865000618 58.8557558782486 26.9258240356725 19.9248588451713 50.5371150739731 23.7065391822594 66.8879660327626 21.095023109729 36.1247837363769 41.4366987102013 16.1554944214035 75.0266619276108 53.1507290636732 11.3137084989848 52 73.0068489937759 8.48528137423857 37.4833296279826 11.4017542509914 66.0302960768767 33.5261092284804 17 33.3016516106934 2.23606797749979 73.4370478709486 69.0796641566822 9.89949493661167 39.4081209904761 14.422205101856 6.32455532033676 67.2309452558864 67.0671305484289 50.0899191454728 52.0864665724217 18.4390889145858 67.0298440994756 75.4320886625844 7.07106781186548 15.2643375224737 69.0796641566822 69.065186599328 84.2199501305955 71.449282711585 38.6393581727233 59.0931468107766 79.6994353806851 69.3397432934389 59.2283715798434 30 1.4142135623731 44.2831796509691 3 21.3775583264319 46.0977222864644 82.2800097228968 59.3043000127309 14.8660687473185 68.4470598345904 67.1863081289633 79.3095202355934 51.0098029794274 23.7065391822594 25.9422435421457 45.1774279923061 86.3481325796916 64.1950153828161 54.0832691319598 25.0798724079689 16.1554944214035 2 52.0864665724217 64.9384323802169 15.8113883008419 26.4007575648882 45.0444225182208 60.8276253029822 25.9422435421457 18.0277563773199 49.6588360717405 21.9544984001001 68.60029154457 36.4005494464026 17.6918060129541 27.6586333718787 6.08276253029822 83.0240928887513 65.7647321898295 20.8806130178211 65.5133574166368 86.3133825081603 19.6977156035922 19.2093727122985 7.07106781186548 79.6241169495775 18.1107702762748 6.70820393249937 15.2643375224737 17.6918060129541 87.8009111570034 76.9415362466854 20.2484567313166 21.9317121994613 6 12.8062484748657 74.9666592559653 80.8084154033477 62.9682459657247 18.4390889145858 64.9384323802169 80.6039701255465 85.146931829632 23.0217288664427 4.12310562561766 76.9415362466854 82.7647267862342 101.788997440784 85.8661749468322 24.5153013442625 71.5681493403316 95.5091618641898 84.7230783199005 74.953318805774 29.1547594742265 15.2315462117278 59.8414572015087 15.1327459504216 6.08276253029822 61.5223536610881 98.0815986819138 74.8131004570724 1 84.1724420460759 82.6075057122535 95.0789145920377 66.1211010192662 8.48528137423857 28.1602556806574 60.6712452484701 102.107786186951 79.6303962064738 69.462219947249 28.4429253066558 1 17.7200451466693 67.0298440994756 15.8113883008419 80.6039701255465 21.8403296678416 60.0749531835024 76.4852927038918 28.1602556806574 2.23606797749979 40.4474968323134 7.21110255092798 84.1189633792524 85 97.3293378175358 82.0060973342836 79.1012010022604 8.54400374531753 25 65.924198895398 28.3196045170126 20 68.2495421230062 100.244700608062 80.6225774829855 22.1359436211787 84.0119039184329 88.684835231284 98.0459076147495 73.9797269527267 27 11.4017542509914 67.0820393249937 105.076162853427 85.7088093488645 76.1183289359403 13.0384048104053 22.8035085019828 28.0178514522438 75.4320886625844 26.4007575648882 85.146931829632 21.8403296678416 68.4105255059483 81.2219182240853 11.4017542509914 22.3606797749979 61 27.0739727413618 82.2253002426869 23.7697286480094 40.4598566482878 42.0594816896262 19.1049731745428 68.1542368455549 46.0977222864644 7.07106781186548 45.0111097397076 66.0302960768767 5.09901951359278 42.2018956920184 16.1245154965971 59.0762219509677 35.3553390593274 23.0867927612304 38.2753184180093 6.08276253029822 66.6108099335236 62.2414652783817 6 44.7772263544762 20.2484567313166 10.295630140987 60.4152298679729 60.1331855134916 43.0464865000618 7.07106781186548 45.0444225182208 23.0217288664427 60.0749531835024 68.4105255059483 19.2093727122985 62.2414652783817 62.1288982680363 78.7718223732319 64.6297145282261 39.560080889705 34.5253530032641 21.2602916254693 28.0713376952364 2.82842712474619 79.2464510246358 61.660360037872 16.7630546142402 61.3921819126833 82.2009732302483 15.6524758424985 23.0217288664427 4.12310562561766 75.5049667240507 19.1049731745428 8.60232526704263 19.2353840616713 14.2126704035519 83.6779540858881 73.1641988953614 16.1554944214035 26 6.40312423743285 9.21954445729289 71.1969100453102 76.6876782801514 58.8557558782486 15.2643375224737 60.8276253029822 4.12310562561766 76.4852927038918 81.2219182240853 19.2093727122985 73.1641988953614 78.644770964127 97.9081201943945 81.7435012707432 25.0199920063936 81.0246875958186 88.0056816347672 71.5891053163818 70.8590149522275 6.08276253029822 24.5967477524977 58.821764679411 28.6356421265527 28.4604989415154 61.3514466007119 91 73.0068489937759 28.0713376952364 74.2428447730823 81.0246875958186 89.0898422941695 67.4166151627327 35.1710107901379 1e-05 60.0832755431992 96.0468635614927 78.1024967590665 68.9637585982667 2 29.1547594742265 26.9258240356725 69.0796641566822 25.9422435421457 76.9415362466854 28.1602556806574 11.4017542509914 62.2414652783817 73.1641988953614 29.4278779391243 68.5930025585701 34.7131099154196 72.0069441095788 73.24616030892 97.718984849414 86.9540108333135 77.1297607930946 30.0166620396073 17.464249196573 61.9838688692469 17.2626765016321 4.47213595499958 63.6396103067893 100.284595028349 76.9415362466854 3.16227766016838 86.4060183089118 84.717176534632 97.2676719162127 68.1835757349231 6.40312423743285 29.4278779391243 62.8012738724303 104.292856898256 81.7435012707432 71.5681493403316 29.8328677803526 2 19.9248588451713 69.065186599328 18.0277563773199 82.7647267862342 2.23606797749979 22.3606797749979 62.1288982680363 78.644770964127 29.4278779391243 39.2045915678253 5.3851648071345 86.3539228987311 77.884529914483 119.037809119624 114.58621208505 97.4166310236604 69.065186599328 50.1597448159378 82.0060973342836 46.9574275274956 41 82.4196578493262 120.929731662648 94.8736001214247 40.6078810084939 111.198021565134 101.21264743104 117.046999107196 84.380092438916 34 68.5930025585701 82.2009732302483 123.490890352285 98.6154146165801 89.044932477935 68.8839603971781 39.4588393138977 50.5371150739731 84.2199501305955 49.6588360717405 101.788997440784 40.4474968323134 61 78.7718223732319 97.9081201943945 68.5930025585701 39.2045915678253 34.0587727318528 113.137084989848 74.1484996476665 101.242283656583 91.2688336728371 80.3616824114578 35.0142828000232 21.6333076527839 65 20.6155281280883 7.28010988928052 66.4906008395172 103.73041983912 79.8310716450681 7.81024967590665 90.3382532485547 87.4757109145162 100.578327685441 70.7106781186548 2 34.7131099154196 65.7343137181792 107.563934476199 84.5281018360166 74.3303437365925 35.1710107901379 6.40312423743285 23.7065391822594 71.449282711585 21.9544984001001 85.8661749468322 7.21110255092798 27.0739727413618 64.6297145282261 81.7435012707432 34.7131099154196 5.3851648071345 34.0587727318528 90.5538513813742 59.2114853723498 20.2484567313166 3.16227766016838 23.0217288664427 77.7817459305202 68.9637585982667 33.5410196624968 70.178344238091 89 34.5398320783411 23.3238075793812 29 83.240615086627 6.70820393249937 31.04834939252 24.0831891575846 36.8781778291715 92.2821759604746 72.0069441095788 34.0147027033899 29.1547594742265 30.4138126514911 32.3882694814033 70.0357051795725 84.5990543682375 66.8879660327626 38.6393581727233 68.60029154457 24.5153013442625 84.1189633792524 82.2253002426869 39.560080889705 25.0199920063936 72.0069441095788 86.3539228987311 113.137084989848 90.5538513813742
Deviation Vector:
51.3727860946428 22.3558665977048 33.2710292844679 73.1629538465967 8.91745745143717 38.9176995892899 24.6999476417761 104.055354341656 42.0226169963342 75.375145859951 21.5388238287397 41.827605635377 86.7403353651724 16.1728035124538 42.2203050590171 12.5654447901014 38.6019110254799 66.5440281865873 1.5360611800441 72.3221405682753 18.3820593542291 20.7096371634723 110.935852429191 104.503413503601 45.4398367468477 7.60164984098794 60.8593266029331 24.1695436738677 11.8012825478677 114.089027859257 20.0396917723795 39.2842326774949 6.13427086721338 9.90824294992695 27.8033235321083 16.5582104686639 83.1301990388797 41.3587019788014 35.6617317612741 27.471601768292 53.8456937643043 51.890901165342 8.78104090250732 45.5498760559645 116.569650438565 40.3455842601261 3.49904219802201 0.876276874496015 28.0532855758514 17.2256400852732 29.2956083891546 4.56831182241797 10.5853865915376 120.054882151932 64.6904488367852 40.3157995634296 13.6361080280494 3.11495651301919 3.96768695542937 5.42811605038816 141.890208722234 75.7356049101213 43.3840810926518 124.055858618209 19.616782776074 148.796774465941 14.9412349711201 35.8642026892857 15.1984004158283 8.01176743798299 51.7856015250208 153.284885772198 74.5906466015837 15.5081864187862 14.0481552434835 6.04329649511069 6.27368267724111 102.982185905932 20.921036185152 19.2848108734773 61.4382039093516 6.04042998878237 53.0541814819921 30.0492206756582 39.4343906810887 45.5059398890036 6.21317128973295 38.6499307010144 18.3048566154693 30.1655066104142 110.909151839741 38.3523045675529 3.94931487580295 24.2755226856843 15.6277303256053 42.88291288164 48.691813070117 52.7980379119735 32.3064169136673 58.5963981874273 49.264360219667 27.8609602884658 91.117294788022 118.681837263705 6.17703567166686 36.5372325277006 6.14967246410499 33.7520489999133 115.485344333948 35.2581474208365 2.92870206032709 8.92806214869156 9.81771181767078 19.0758908586397 108.554392342595 3.5530897987291 19.9774206406508 24.8843887998363 95.8496288110031 4.9680182009008 27.8950960367429 4.59766577264207 64.1352033949437 22.4446973479856 17.3706983373015 26.988324421182 12.9359956487573 49.0727202384382 23.0967638624935 20.6603907770563 10.4509351286125 9.55542862984652 7.23375707001991 100.546884196135 64.45868569868 50.4755328960757 18.3347961593339 55.8654067502081 7.72207193963367 38.7056367082082 105.167522403358 10.8763106649282 2.1577545905289 11.1255448385796 100.498553388795 53.3262911591545 17.3751046289191 21.9384464624164 83.3124019891314 132.103284178776 99.2371879151721 39.4800330626119 15.2973724977241 34.0266445083695 5.57981405147887 12.1659490135353 15.575895408046 101.669890721012 81.3245731026085 16.3116924939445 62.1409437090716 123.035941975406 151.604255678471 110.79783383176 43.7674871737617 5.01585194584528 50.5468632396158 77.0162053750512 11.9083598865149 30.5907382939168 10.2461418315825 44.3503137816862 30.5277238949385 30.5668627347381 0.050131388543432 54.2814227646783 27.837481089521 1.86158766823507 109.506716550882 23.0806408756183 9.87376181514815 37.9575494898485 55.5538750463185 18.618877523814 12.6732907447374 58.9845996684444 77.4506969812238 27.4512527032579 23.8903505492192 10.4640686413404 42.9806221641261 4.83768545463812 3.13650267371189 43.2159425889508 87.6735467071802 84.1751922707437 1.67392737706333 13.448312466503 35.8440765419308 20.6839485984586 31.3762459669419 3.98233135635833 2.53467941933815 72.8395723011328 50.3558862276231 6.81970370314684 33.4384274207689 36.4383310776989 5.04953214234642 1.8593330136121 10.5173560287207 0.451832212718126 14.8744333324676 15.2657659497068 21.281113847563 17.937105120648 21.7180785333683 4.64080137586551 13.6795273840007 37.6340053530606 11.9965990495011 7.46985646782896 9.11831269303567 26.299724489952 36.813775546965 21.1925104981108 31.0232181892526 51.6777648977833 69.2736930289884 65.9234889560875 3.96622566597826 20.6864060375724 17.6695979875414 88.5968585282201 14.3811418577911 2.92497814343679 57.715020773791 10.021103052808 2.26254610940539 18.0170771954631 0.0686860394052631 9.89726294662878 12.5158624603453 2.80185829473793 70.2361875830557 88.6468744916831 28.0788014643557 17.9451834944753 1.74331747668377 30.2172269505975 42.4923745949176 39.1530721958218 10.9987517744297 16.8859454009854 76.50336292735 59.2618629287791 60.2683543160552 9.92319604615514 15.8858410121122 38.1003174754161 93.3393947800008 17.7251639221147 70.8829399723684 22.9196108808061 0.52993251643153 1.61968095118418 17.5228971526534 5.20604369164008 93.4114037963383 51.761354987838 5.91881952105035 81.7526117935679 74.1530756688383 83.6301569017325 73.8267530542614 15.8773890797942 25.6291558332212 22.0410813563722 58.0323030304972 60.2654689611929 16.5593119476853 38.3425300018679 23.3782942476993 0.843306510981399 39.3849073711519 3.60761248623052 77.9593490126029 22.583010634176 38.3787860956934 1.67689210098415 32.1430005552182 25.3753062932433 4.95104400213633 3.77603813199252 32.8292058587787 29.147437914797 9.05301894054085 80.7263127367764 47.200968416054 99.9319676222824 1.14097236647363 19.5039754599005 51.5230023787777 23.9560524999212 24.5243164635272 62.6971787848808 17.709729508437 8.90291269468279 97.2939332922772 78.3743663157334 57.0851532785604 100.459150086501 4.45247065003887 13.3489453355422 0.106500967404952 150.087705622262 3.86570117543712 89.7567791078374 36.7189924672149 8.8570848500353 28.6874044528763 11.4382574166528 14.1140329552071 130.819986861761 1.44214899332327 12.5266281852819 20.1146683827112 29.0760524282294 40.5822644801509 3.72164849700881 65.3338576846664 10.6757900582612 13.521065213702 21.1859162229387 35.8711667920602 19.0910796009932 20.3644611417705 80.7763255149222 6.99482565901543 2.32090314716143 21.2869571626926 48.218582240109 22.700058324064 14.6083240630526 71.7182274003462 18.0081292136889 18.1852575529579 42.9107505200533 0.993179708134729 33.8928853316158 61.6046425053414 1.95718955460805 27.1357826420051 0.688354013245452 10.1858886551546 52.859633313083 40.9634067209936 69.5871992110589 10.5442349705585 21.3851588916889 15.4371835701926 74.4305515945659 20.7475998467212 4.77077695863143 5.25612458873635 78.7480381593425 92.3793514314477 5.52925688849702 56.9447489373512 55.273850751838 47.2543272619055 4.15936280574041 17.799889763005 34.9890445342118 76.0423980628424 20.5935034051458 17.2957413597084 1.63167277955426 153.118350064132 22.9427240883867 13.5125778393862 83.1407878562012 6.348637955859 25.2380941270372 3.99826151037991 59.9416115275386 45.3347067811049 141.812384805518 61.4187062168339 0.265431102969569 9.27720564457743 23.5081795863864 111.72474328828 68.8540887163458 3.49998507960558 59.641063073356 29.386174302414 28.7209776049809 3.12651841390697 121.655111003645 61.9988789952744 21.1690900570134 82.1313110280747 53.400330910033 93.0076224213266 6.23387398811617 18.2087207875708 36.7568788180682 1.97366933324129 20.2529522550558 1.07528519240721 47.0109441913865 89.627178462377 7.95163464578209 8.04458461695664 60.9764084706188 7.04419084060852 14.8044948503017 50.8169420986968 11.0999386575183 4.91416695437298 24.0752118674329 12.8925013293719 19.5073420813136 11.5266919998028 17.7678597847781 5.82534869345091 2.62616578073116 6.56090654624088 16.712876578051 7.66679184855944 55.4775377063774 13.1657115678404 59.589626915991 10.6096438454043 22.2545312767959 85.8556365153642 10.5579633049122 6.20950882443371 83.5653814751167 99.0524591715036 5.35630767127593 9.00352677920597 33.3399615905721 41.3313406327549 23.4096240323379 23.4503976998293 82.3672967445085 23.7585983360122 13.8593506435126 93.6941808054688 20.0974688800506 3.01175481221255 71.3301860364783 3.23189055426586 43.0993695231388 67.3095811083178 19.3086376497224 103.414101558886 20.010999782191 4.34945744494592 33.7168869760736 76.1084641642994 0.0130054989142515 45.577251651577 78.6918830444553 8.41731325277002 0.0256573910013109 2.97944377353536 11.7057499409859 17.2857649055805 116.658229404886 0.233735775063636 28.2354722000527 58.3921194313289 61.8482284275923 42.7560309591074 4.00991833667678 12.432466182014 5.53241534363503 50.7502178625511 14.5654879968837 7.47931624156848 10.1995500914135 25.3257832427655 42.9948733225801 111.645987716525 18.9673257766267 53.9310308968053 97.5297655536883 28.6824364794358 22.4398031047362 15.4636923672567 48.9895002228692 30.518238389342 22.4674000502158 3.55839438169738 142.115911532398 93.8733683958033 8.74025040562352 2.21996781680353 19.286550412646 3.47838408600631 23.6350387975543 38.0644226996156 74.3903532569815 38.4295866916924 23.7380135208289 13.7277803041779 122.253521107229 88.6461327539107 48.3544656067875 1.86873594363846 115.690756251331 67.1316551959942 172.130561002507 42.3070783152588 5.16535707338323 17.6020362766107 26.0966268431707 8.05803206852474 17.0272347842377 74.8761635017552 61.4601343313466 10.4751920060813 32.266984972872 46.1921876875173 11.9567899781195 8.53036508751638 1.29198811416858 69.8548877078444 11.9563824684716 16.5350768557009 16.8107705448778 72.8816426778636 114.335172645692 10.4325629665981 7.589407399526 0.394734092361095 16.2005912716107 12.7174811994961 98.1843258130117 63.4340148452815 4.39688582910126 75.1592291217643 0.829270879851454 14.8907452115387 140.741713495543 20.6309668921236 6.31515470125631 97.3861428027621 95.6630673826794 60.8453500065413 38.0752734441511 12.5784730319062 51.5251493711118 4.65778502089276 24.9169457727656 32.8716046881294 124.411348631658 87.0594896041446 30.5765151850918 13.5456146157215 42.5099348918482 7.34010937774693 4.40053712597975 4.59769979594782 64.3840152485129 23.7740032178451 5.82632075898013 9.4958601220245 151.639752395326 135.89654256664 44.6189564076018 0.791007859302223 19.4433386683434 38.8366696401281 25.4416697800595 93.2724682887976 50.5546856926547 34.1756938364589 43.9326176430113 2.38551759594328 0.101175497615013 96.9875581357958 21.4879854328768 20.3447032601817 24.6179084707873 144.804181925204 123.453918154699 159.327117922956 22.8775124587699 6.52627381408092 4.48704204963848 54.3724690935729 7.26094455174189 81.5284542609828 82.1847003839446 10.8412353567255 40.9998693299287 21.0141183382286 9.38303247550913 24.2115053841552 2.02665594709987 71.7366959116869 24.5524999306505 20.6485093934628 28.2544542161067 77.0901336600863 37.7782250200848 11.8307568565473 18.0093108052774 15.9544684815698 0.223540257672492 30.2507845877153 31.5833571569869 29.7057625018925 3.39692693665478 38.4356396527832 8.28837649372264 62.6526733731207 52.6187759023373 8.62793477204535 17.4661206194915 56.5067266033001 79.387191981541 7.96038240063837 22.8204035795389 41.2031467107598 96.6882914308592 116.117746157756 130.97344982608 91.2711195918922 5.48746133687038 37.3073321597826 39.1256916480076 20.7778871563305 8.27088980462627 98.9634172406141 37.8944853705909 9.4528399710576 12.3013286925598 75.4768564447031 110.004540556776 141.32974872013 93.0935523987348 2.83868547457721 24.2808146769178 128.473191934605 72.1528002163924 63.1138679302211 17.6773812615269 12.0704714173879 15.7893079488097 7.14132913034525 17.9527727658113 13.8091062342976 1.62564252150508 29.1605738815116 84.8991186772977 122.322145575388 20.388862075933 6.76871692627737 32.1214796412434 1.47183655607457 95.0773161645489 123.905868933007 3.00772832741255 41.9153601621403 95.5696250522384 2.39022873643194 17.244260524776 62.1540217874175 34.7104894794886 8.66967823672564 49.6504347581991 78.8487802059952 28.1319033244688 32.7879312208416 30.7071126905457 98.8127252074711 32.8657380344637 61.2332665973036 40.0477666145255 59.3750841197724 96.5775957491033 21.0568086736348 78.997340782435 2.39421914255308 39.3480232545629 21.3710190329172 71.3305860991723 7.86016055672736 17.2695362824407 9.88391861204161 11.8453418054112 78.0968043814295 18.5748273759836 1.07308172660599e-05 6.29440882058103 109.927686152153 50.8905615549902 65.884309295285 30.3788635880364 38.8038388444263 44.3938570599762 3.29474177080889 19.297741838062 73.9834069665569 1.95708404190703 32.1319676516916 79.6545972796872 0.178795286071857 62.8569405263386 10.0470132986303 66.524525788378 30.0214124553484 21.5830525505527 22.3987392789912 4.40329409496035 47.6026235447331 85.7679928770943 67.2940794574841 19.1462264654935 0.231725648587902 18.679427075138 25.4784371422551 55.2918340228902 5.69111826158646 67.4022221310846 30.2556835390403 33.4390805148501 89.3285878998483 4.69708628060983 25.5913433935317 45.4900424637009 23.6192554135268 14.2671709147775 68.959978792754 12.0641647224581 82.9396462524976 1.14740715070488 49.1036365657494 1.56454070879304 11.8184658119927 55.4706493143816 50.074448910375 96.5673640229263 174.154558337913 7.4763827266511 0.269604697973768 19.8819714303065 162.53763815366 0.386488693632979 1.6741436656586 0.0447152964979016 13.1924204458162 53.9417705573931 123.578954791685 38.4516529067372 8.95763233752597 39.8103224337258 137.621420474612 6.50906557306407 26.2521878210117 56.0001777074542 70.8666217344977 15.0698512483484 162.820658277425 25.5790969696535 46.6489624561117 39.6677375189266 35.7023374023884 100.981434044021 195.510267905076 52.4370104104837 46.7971108587241 34.6330285491311 35.8722594394311 53.5212994178818 12.0646833285267 1.36240004553942 43.1919466425554 25.7866503963649 2.09267329784197 63.0020310861642 23.4653321293905 8.66273082408549 6.27070480359505 75.1754371941718 30.8716843947486 4.76427505252364 9.24960587443424 16.0194073717004 2.1915322318177 62.1053407989891 17.3810889839572 21.1511491010353 15.1165887184212 67.1543692982466 86.8992500351635 55.8417615600751 11.2654250125786 93.8016103803929 1.43797296868013 58.7646013296993 27.6280921491442 4.42315842123064 1.54075705665453 22.8291515200505 15.3510598403335 152.777412914757 26.0754955034366 25.8831374734244 32.7297074687247 10.3689409005551 55.9457559584836 8.6819849127909 53.2983764693657 65.5787443568051 2.15321106577619 19.8952069584476 86.8733788216238 5.56228972079507 47.5438469702402 6.87257622980692 102.050510581672 21.0062319738391 5.23931135783382 37.723837631929 0.138194583668572 113.513732519681 42.6082139831105 7.32359343938897 45.6081275602243 8.74478806741063 103.7111789069 1.2992930598063 56.0419776454772 1.01827103813113 16.8182471792517 16.1837264617238 5.82660596559971 47.151700946753 5.02862710843222 11.9493874277711 66.2315063674565 32.2192876247308 49.0877512986119 3.32113583812846 0.498713932781512 60.5383607070934 35.3360991203158 81.3819598051326 100.411831182914 2.17303475037229 17.1377089141271 75.2389382603478 29.0194135098778 32.6336890222839 61.9551926454542 95.1743884496484 69.6987937197782 0.944088655032259 18.1913684361988 53.544027076828 77.5880529995842 11.2854860337734 24.8642937552513 0.680942480641444 19.3866478730589 94.683952965917 122.172838514799 27.9638969364915 47.8560905429376 12.0964999404005 5.83524295094006 24.0829949040406 68.7051530644987 18.148391281857 13.102718637913 56.2993880212412 99.7093237879446 2.83157948840386 14.1475166077877 84.8528065670138 2.07424328100741 83.7077020404521 66.1243113665531 105.467526832366 58.6583111421394 25.7764621060259 16.3936100888711 0.667543258968593 22.5790205102768 12.1692212159464 4.55222269943302 78.1291093081406 95.1932538143582 106.120074664918 2.27343224118158 110.027942053633 65.8551444588102 151.148156701364 6.05993576170046 6.21580337443221 12.4013246974031 10.8485377747448 13.2817051579097 107.027882899737 56.8096276320321 33.3915485391223 11.6705664905778 39.6057798202135 14.929860380199 90.6341034713157 0.19601617203616 22.4183821767595 41.5196468134708 86.1437598956118 13.3376513254805 2.75731365021687 57.8521963288069 6.41093214499474 120.241025089998 12.3710136989973 13.2562522177491 34.8346175406322 84.9387772488725 35.5550577230244 0.961163606334485 61.9352569076423 2.9298636225736 25.678080785369 62.7743562107437 72.6592418750356 15.4426227248227 3.72813004576816 72.1388088642622 26.024197697081 121.024039332705 13.3586329887306 39.1065217247124 15.7586238491467 37.2738659614558 70.1963999525333 5.00766294600638 55.1660232609136 4.88853135723777 13.898838466215 27.8542394251063 1.29183340399775 32.9500281613354 7.01500233974868 0.582504995174622 13.6990739219433 36.013057390237 5.1479796896761 16.5967634764679 23.6835386961948 31.5126480818805 76.0458852320437 6.46773579791772 18.6235252051788 25.2969734800248 1.67435133901521 106.514302899358 46.76899766565 3.68873666584899 45.543789406126 93.3848427823233 2.23956598753089 43.0462497498177 13.5300375676106 56.072661970676 12.9133411517159 6.66384253459415 30.9606576083585 3.22954539061963 42.6250490840149 5.13445734936262 3.70276495837735 48.3280102943867 8.61880612960073 4.86937145814812 83.846197448202 61.423146714743 69.2143495823345 74.917430440638 2.25819534577886 15.0209137614539 86.0878796987851 8.90517651168871 8.10067715231096 2.10354264728761 16.8196783083853 53.4234726764687 103.611247472301 43.409959636055 56.7515270968296 55.7603943720363 53.8245345050633 72.5138564307682 6.65095221208069 0.475968896400169 19.8016602299881 1.82061324422513 15.5746537158531 63.4702584453521 34.9543657490714 77.6282224189052 21.5734878314573 54.6794700389005 61.0711598170088 33.5043795909147 80.0228049224979 12.5590985669027 34.7184181720006 59.8252805890431 29.5100043226883 93.7738001488731 83.7383356173898 37.1939400369149 17.6708967886499 0.905339562012593 78.8313293553099 86.8444015388061 17.1870191334753 35.3047263011325 37.5874830616558 25.6103174649814 10.6505818779898 29.0372583947846 0.943264709178993 13.8806913875392 22.014693100128 16.9682893296056 21.9222573965915 29.026742815981 1.31796665307225 3.12135246630346 48.1463505726111 0.866892474387444 54.7988822306696 1.27195517623611 9.13910060165083 14.9618162895121 3.8502676670208 14.0073641158238 8.63457951888391 5.94525449829301 0.157795449743369 7.05446031810301 65.2308198110338 84.954118213633 17.2397679756703 13.818404298758 4.89076445948353 3.9964253303545 25.5622266785286 1.87762140078188 46.1619843007378 13.8575474964154 0.492698541702887 60.6217878592067 117.824553139585 7.56263088376714 5.02296961582915 76.6763073543245 114.04679702771 146.059216731952 88.7983841537876 11.8584937047958 105.665940933897 23.3287407973152 42.2306017343889 23.539840728715 29.8293312284137 15.8859635026863 29.3210352622239 22.6976437390469 1.84237884286807 30.7806273923123 26.7074812105133 78.2414362123991 1.60445473045114 94.5854186669622 4.09276784732176 75.4200695116447 94.9352509458523 3.31372312526858 22.9920606000586 32.9161073700383 116.612916757447 65.620158649516 89.9276355470841 25.5841453316977 1.1525588694034 15.7093524828056 18.0778083727977 14.2962947002655 56.0282960137293 28.4764373398224 83.3777340887569 41.6996585706638 43.5949783508132 0.581386713969701 34.7548518450687 6.8137354344166 109.604371609108 114.685148588693 79.6593926616612 131.689807908981 17.6559891629566 9.31937727094942 25.6333400667418 13.2716442867047 16.6551857620705 21.4975669634947 67.8778056329602 39.8520694470099 118.144676852284 4.08805918319068 78.9779228380283 87.0100942237378 98.9027175224632 45.0063894282179 6.8650433321539 6.09939279620098 100.280348043004 55.0555767157659 123.34605060103 42.9042087228977 2.62671268865753 27.3796874533366 31.0675909744476 9.29452639039284 38.5631315601863 29.1000439929684 23.3279233949551 77.8036881999422 5.25133239167014 2.96694915970008 24.972721875166 17.559565471212 36.5761049815105 42.4119808201805 11.6276392812173 12.6533637934297 66.9031943052034 28.346655030451 48.4090420303691 65.9077202814123 0.29745032465898 1.08121912373123 51.8013886022536 5.35807363788588 26.6877310021762 16.7496673793004 93.6805224569714 17.7104739461609 36.0784015241875 53.5295805450251 6.47558325010384 9.18184125802846 60.5530760185831 3.2825016135232 11.6895540744176 16.3447715430967 9.15123261987411 80.3022616089509 19.132632389548 41.0448428110727 11.2386925843259 64.6380714463209 28.5783027419557 78.9393783378247 22.1952134669196 2.00152076782475 0.0253904885670308 17.9413551759485 125.083883585873 45.9319858007993 3.64624972276003 0.125913192565474 15.6202702552152 24.6095616810238 2.98243970898094 108.337663876155 17.8262574727753 16.9954392309863 14.8372773260446 18.5352883454711 12.3037498522406 30.0723536410855 1.49805030784956 10.010879512935 4.33678256944021 5.37121294031897 18.0773454389548 15.8591210192767 27.3809089761293 92.0381758366834 7.15686270650257 7.5468449069579 6.82961587572552 0.534873976902611 114.219642065219 106.676264784768 9.5470061904277 24.4944689365295 3.25300272342303 0.510404964092941 52.7010410056311 11.8298880165599 2.44801104517961 104.167577582312 80.4007747552068 115.716631705202 95.1905579652048 32.8120259048871 46.1360521059978 123.752120562648 110.026710977059 96.0469209042359 6.60647184255456 6.73716570130364 87.5297737584095 37.6013143451115 25.5659397654267 49.1732849501171 73.0359738576065 89.4708625243975 12.1583538967246 92.4762786212442 122.815320578863 133.610729451018 87.8847733708502 52.5352560893202 1.26443293368521e-05 88.0711027475665 141.385731545901 102.932215348928 109.625387477533 1.06947761205113 42.6697669189628 2.44221052648028 22.9443879970327 22.298490213213 97.9151417901035 42.1459608292608 6.20974133181201 13.4225713953201 93.3929778154788 13.3957028049283 107.76772097546 25.5570532268698 52.5009289017616 104.948819091618 41.333723921062 0.0921024290277342 46.8933158144004 36.787782369002 21.4211674898843 64.5315890545717 14.5839394028309 4.99091904354947 58.1976335529227 52.3572189211523 75.6617560185716 1.74739533192346 31.2407894905096 70.2365279382241 23.7470553309093 22.1474629890403 8.73264163908845 2.39415291737983 26.0953427018289 7.2595945591579 76.9124815231317 4.42064767922074 46.7258704189202 2.97106120472251 5.5275856438382 84.0104648515051 5.66773762438301 18.389847625767 0.729594436220685 23.3333417448375 1.78136959076297 58.9261798107013 30.739124564882 24.9596694510784 1.87674761368051 55.6797020729152 4.00396946229098 142.051175568592 15.405278304461 94.0943959045921 6.15156501514906 56.0690410797516 124.523926152524 21.160284535711 13.1419197690288 11.231100297804 93.7747283215584 5.50252906088961 8.8372446282068 132.433572991348 12.9153724743493 135.601773973465 105.706228744079 2.29552521815566 69.8077259743088 125.780684361502 158.55109634661 131.365461868921 11.2204800364166 110.916525987699 29.5646075752496 7.81714925017421 61.7431916406876 8.31607763844798 80.5489968467657 43.7488879331058 49.5471931204348 66.384330095711 63.5036232054756 64.9364299769716 7.1467274698175 25.1242446589595 49.5716579452025 5.51806324770862 120.30622799972 69.2447808177854 16.9311082428682 11.8139136888447 17.6676811299862 27.8401639023565 31.5082225779189 6.87457252717947 105.509569618577 119.784429203055 80.7739251057313 7.63996984638363 95.6304104529071 58.5539892226533 68.7906444276776 83.7632164981976 1.30644492520791 49.7509262401589 88.036133643556 149.120273304202 135.301343620433 37.4817866640682 29.6005158771004 5.03650847454708 31.9327474324357 106.475230070192 2.34730104434337 131.314692742841 4.33782969652398 14.7572733076567 103.647568774372 13.3653378551337 45.257656148422 1.01270497852989 17.0602460954486 44.7431923204665 36.4958757740864 8.1587869409094 4.54862354136613 13.2801663561677 121.160657885559 56.8169008405808 52.1580118091032 69.4720969366845 132.898389423258 21.161064214577 12.7856813152235 15.0833986757633 34.920606339688 1.75156628741183 8.69702828234517 9.4848134719805 28.2253642609214 103.515619346616 84.9974229860604 16.5319517651983 28.7350711131042 39.1523868921905 12.5981584937289 111.157418378223 17.4315743112222 24.5038137810597 4.80330983066117 103.573538583498 13.5911784889687 52.5926394996226 31.0459902687252 46.3153817576653 25.7243339502443 13.6545109811637 10.4720115020239 108.555710027253 91.7757640492259
