Instancenumber:
36
Instancename:
B-n38-k6
Customers:
37
Depot:
0
Dimension:
1406
Vehicles:
37
Capacity:
100
Demands:
0 18 10 16 12 21 23 15 25 3 6 7 4 20 25 20 12 3 12 14 26 9 22 20 9 13 21 10 8 5 14 7 21 20 1 21 17 2
Uncertainty:budgeted
Gamma:
37
Mean Vector:
52.8015151297763 62.1288982680363 36.2215405525497 86.5332306111357 60.4152298679729 30.6757233003559 57.9396237474839 77.6208734813001 28.1602556806574 53.2353266168247 30.4138126514911 70.6045324324154 53.6003731330296 31.7804971641414 48.7647413609464 23.1948270094864 76.1183289359403 81.0246875958186 29.4108823397055 53.2541078227774 30.6757233003559 27 79.4040301244213 71.3091859440283 57.2712842531054 21.095023109729 59.0931468107766 36.4005494464026 71.5681493403316 85 23.7697286480094 34.5253530032641 81.0246875958186 73.24616030892 77.884529914483 74.1484996476665 59.2114853723498 52.8015151297763 22.8035085019828 21.6333076527839 94 80.3616824114578 37.2155881318568 80.6535802057168 100.960388271837 36.6196668472011 3.16227766016838 24.7588368062799 94.5568612000208 14.8660687473185 21.0237960416286 5.09901951359278 35.3553390593274 103.121287811974 88.0056816347672 36.8917334913934 8.94427190999916 22.4722050542442 30.4138126514911 86.0058137569781 95.8175349296777 77.7946013551069 36.1247837363769 79.6994353806851 17.6918060129541 95.5091618641898 97.3293378175358 40.4598566482878 21.2602916254693 88.0056816347672 97.718984849414 119.037809119624 101.242283656583 20.2484567313166 62.1288982680363 22.8035085019828 26 77.2787163454466 69.6419413859206 35.8468966578698 71.028163428319 89.4706655837543 37 25.8069758011279 32.0156211871642 83.86298349093 9.8488578017961 34.2052627529741 26.8700576850888 39.6232255123179 92.9623579735368 71.5891053163818 36.4005494464026 31.6227766016838 33.5410196624968 35.2278299076171 69.6347614342147 85.2349693494401 67.6756972627545 41.4366987102013 69.3397432934389 27.6586333718787 84.7230783199005 82.0060973342836 42.0594816896262 28.0713376952364 71.5891053163818 86.9540108333135 114.58621208505 91.2688336728371 3.16227766016838 36.2215405525497 21.6333076527839 26 76.9415362466854 60.0166643524946 15.6524758424985 59.9082632030006 80.6039701255465 15 23.7065391822594 6.08276253029822 73.9797269527267 17.464249196573 11.4017542509914 20.2484567313166 14.7648230602334 82.2800097228968 70.8590149522275 15.2643375224737 27.2029410174709 9.21954445729289 9.8488578017961 68.8839603971781 75.1864349467376 57.2712842531054 16.1554944214035 59.2283715798434 6.08276253029822 74.953318805774 79.1012010022604 19.1049731745428 2.82842712474619 70.8590149522275 77.1297607930946 97.4166310236604 80.3616824114578 23.0217288664427 86.5332306111357 94 77.2787163454466 76.9415362466854 28.6006992921502 64.8459713474939 32.4499614791759 28.1602556806574 67.3572564761956 97.0051545022222 79.0759128938769 29.2745623366089 80.156097709407 87.0976463516667 95.1314879522022 73.3893725276351 35.1283361405006 6.08276253029822 66.098411478643 102.078401241399 84.1724420460759 75 8.06225774829855 30.1496268633627 31.2409987036266 75.0266619276108 30 83.0240928887513 29.1547594742265 8.54400374531753 68.1542368455549 79.2464510246358 6.08276253029822 30.0166620396073 69.065186599328 35.0142828000232 77.7817459305202 60.4152298679729 80.3616824114578 69.6419413859206 60.0166643524946 28.6006992921502 45.1774279923061 4.12310562561766 20.6155281280883 47.0425339453563 82.9698740507662 60.2079728939615 14.3178210632764 68.9420046125727 68.1175454637056 80.049984384758 52.0384473250308 23.3238075793812 24.5967477524977 46.0977222864644 87.0976463516667 65.1229606206597 55.0363516232681 23.7697286480094 15.6524758424985 3.16227766016838 53.1507290636732 1.4142135623731 65.7647321898295 15.2315462117278 25 46.0977222864644 61.660360037872 24.5967477524977 17.464249196573 50.1597448159378 21.6333076527839 68.9637585982667 30.6757233003559 37.2155881318568 35.8468966578698 15.6524758424985 64.8459713474939 45.1774279923061 44.7213595499958 65.6201188660917 2.82842712474619 39.3573373083089 15.0332963783729 58.8557558782486 30 23 35.8468966578698 9.21954445729289 66.9402718847182 58.821764679411 1.4142135623731 42.7200187265877 20 10.1980390271856 56.9209978830308 60.0166643524946 42.2965719651132 11.3137084989848 44.2831796509691 20.8806130178211 59.8414572015087 65.924198895398 7.07106781186548 16.7630546142402 58.821764679411 61.9838688692469 82.0060973342836 65 33.5410196624968 57.9396237474839 80.6535802057168 71.028163428319 59.9082632030006 32.4499614791759 4.12310562561766 44.7213595499958 21.0237960416286 46.3896540189728 83.168503653727 59.6824932455071 14.142135623731 69.7710541700496 67.4759216313494 80.0812087820857 51.0392006206994 22.4722050542442 28.6356421265527 45.5411901469428 87.091905479212 64.4980619863884 54.3323108288245 27.8567765543682 15.2970585407784 3.60555127546399 52 3 65.5133574166368 15.1327459504216 28.3196045170126 45.0111097397076 61.3921819126833 28.6356421265527 17.2626765016321 46.9574275274956 20.6155281280883 70.178344238091 77.6208734813001 100.960388271837 89.4706655837543 80.6039701255465 28.1602556806574 20.6155281280883 65.6201188660917 21.0237960416286 67.3646791723972 103.580886267689 80.6225774829855 7.07106781186548 89.3196506934504 88.4590300647707 100.662803457881 72.0624728967859 7 28.4604989415154 66.4830805543786 107.707938426097 85.4751425854324 75.3259583410659 29.1547594742265 6.32455532033676 23.3452350598575 73.0068489937759 21.3775583264319 86.3133825081603 6.08276253029822 20 66.0302960768767 82.2009732302483 28.4604989415154 4.47213595499958 41 7.28010988928052 89 28.1602556806574 36.6196668472011 37 15 67.3572564761956 47.0425339453563 2.82842712474619 46.3896540189728 67.3646791723972 38.5875627631495 13.3416640641263 60.5309838016862 30.5286750449475 21.095023109729 34.8855270850248 6.40312423743285 68.4470598345904 61.3514466007119 1.4142135623731 41.6293165929973 18.1107702762748 8 59.464274989274 61.660360037872 44.1021541423999 8.48528137423857 46.0977222864644 19.6977156035922 61.5223536610881 68.2495421230062 5.09901951359278 15.6524758424985 61.3514466007119 63.6396103067893 82.4196578493262 66.4906008395172 34.5398320783411 53.2353266168247 3.16227766016838 25.8069758011279 23.7065391822594 97.0051545022222 82.9698740507662 39.3573373083089 83.168503653727 103.580886267689 38.5875627631495 26.2488094968134 97.1236325515062 18.0277563773199 21.6333076527839 4.47213595499958 36.8781778291715 105.621967412087 91 38.9486841883009 5.8309518948453 23.43074902772 32.0156211871642 89 98.3717439105356 80.3616824114578 37.4833296279826 82.2800097228968 19.2093727122985 98.0815986819138 100.244700608062 42.2018956920184 23.0217288664427 91 100.284595028349 120.929731662648 103.73041983912 23.3238075793812 30.4138126514911 24.7588368062799 32.0156211871642 6.08276253029822 79.0759128938769 60.2079728939615 15.0332963783729 59.6824932455071 80.6225774829855 13.3416640641263 26.2488094968134 73.824115301167 23.1948270094864 8.06225774829855 22.2036033111745 10.6301458127346 81.7863069223693 73.0068489937759 14.142135623731 28.6530975637888 5.09901951359278 5.8309518948453 71.0633520177595 74.9666592559653 57.3149195236284 11.4017542509914 59.3043000127309 7.07106781186548 74.8131004570724 80.6225774829855 16.1245154965971 4.12310562561766 73.0068489937759 76.9415362466854 94.8736001214247 79.8310716450681 29 70.6045324324154 94.5568612000208 83.86298349093 73.9797269527267 29.2745623366089 14.3178210632764 58.8557558782486 14.142135623731 7.07106781186548 60.5309838016862 97.1236325515062 73.824115301167 83.2586331859946 81.6149496109628 94.1116358374457 65.1229606206597 9.21954445729289 28.0713376952364 59.6824932455071 101.138518873869 78.63841300535 68.4689710744948 28.2842712474619 1.4142135623731 16.7630546142402 66.0302960768767 14.8660687473185 79.6241169495775 1 22.1359436211787 59.0762219509677 75.5049667240507 28.0713376952364 3.16227766016838 40.6078810084939 7.81024967590665 83.240615086627 53.6003731330296 14.8660687473185 9.8488578017961 17.464249196573 80.156097709407 68.9420046125727 30 69.7710541700496 89.3196506934504 30.5286750449475 18.0277563773199 23.1948270094864 83.2586331859946 24.5153013442625 18.0277563773199 31.9530906173409 92.1357693840997 74.2428447730823 30.2324329156619 23.7697286480094 24.0831891575846 27.2029410174709 72.2495674727538 84.581321815162 66.6408283261845 33.5261092284804 68.4470598345904 18.1107702762748 84.1724420460759 84.0119039184329 35.3553390593274 19.1049731745428 74.2428447730823 86.4060183089118 111.198021565134 90.3382532485547 6.70820393249937 31.7804971641414 21.0237960416286 34.2052627529741 11.4017542509914 87.0976463516667 68.1175454637056 23 67.4759216313494 88.4590300647707 21.095023109729 21.6333076527839 8.06225774829855 81.6149496109628 24.5153013442625 17.2046505340853 17.0880074906351 89.4427190999916 81.0246875958186 22.0227155455452 22.6715680975093 3 13.1529464379659 79.0759128938769 82.7345151674922 65.1920240520265 17 67.1863081289633 6.70820393249937 82.6075057122535 88.684835231284 23.0867927612304 8.60232526704263 81.0246875958186 84.717176534632 101.21264743104 87.4757109145162 31.04834939252 48.7647413609464 5.09901951359278 26.8700576850888 20.2484567313166 95.1314879522022 80.049984384758 35.8468966578698 80.0812087820857 100.662803457881 34.8855270850248 4.47213595499958 22.2036033111745 94.1116358374457 18.0277563773199 17.2046505340853 32.8024389337135 102.489023802552 89.0898422941695 35.3411940941446 7.07106781186548 19.1049731745428 28.0178514522438 87.091905479212 95.3362470417207 77.3692445355388 33.3016516106934 79.3095202355934 15.2643375224737 95.0789145920377 98.0459076147495 38.2753184180093 19.2353840616713 89.0898422941695 97.2676719162127 117.046999107196 100.578327685441 24.0831891575846 23.1948270094864 35.3553390593274 39.6232255123179 14.7648230602334 73.3893725276351 52.0384473250308 9.21954445729289 51.0392006206994 72.0624728967859 6.40312423743285 36.8781778291715 10.6301458127346 65.1229606206597 31.9530906173409 17.0880074906351 32.8024389337135 72.691127381545 67.4166151627327 7.81024967590665 39.1152144312159 14.3178210632764 5 65.5515064662895 66.1891229734916 49.0102030193714 2.23606797749979 51.0098029794274 17.6918060129541 66.1211010192662 73.9797269527267 6.08276253029822 14.2126704035519 67.4166151627327 68.1835757349231 84.380092438916 70.7106781186548 36.8781778291715 76.1183289359403 103.121287811974 92.9623579735368 82.2800097228968 35.1283361405006 23.3238075793812 66.9402718847182 22.4722050542442 7 68.4470598345904 105.621967412087 81.7863069223693 9.21954445729289 92.1357693840997 89.4427190999916 102.489023802552 72.691127381545 35.1710107901379 67.6830850360709 109.48059188733 86.4927742646748 76.2954782408499 35.7351367704113 7.81024967590665 25.4950975679639 73.4370478709486 23.7065391822594 87.8009111570034 8.48528137423857 27 66.6108099335236 83.6779540858881 35.1710107901379 6.40312423743285 34 2 92.2821759604746 81.0246875958186 88.0056816347672 71.5891053163818 70.8590149522275 6.08276253029822 24.5967477524977 58.821764679411 28.6356421265527 28.4604989415154 61.3514466007119 91 73.0068489937759 28.0713376952364 74.2428447730823 81.0246875958186 89.0898422941695 67.4166151627327 35.1710107901379 60.0832755431992 96.0468635614927 78.1024967590665 68.9637585982667 2 29.1547594742265 26.9258240356725 69.0796641566822 25.9422435421457 76.9415362466854 28.1602556806574 11.4017542509914 62.2414652783817 73.1641988953614 1e-05 29.4278779391243 68.5930025585701 34.7131099154196 72.0069441095788 29.4108823397055 36.8917334913934 36.4005494464026 15.2643375224737 66.098411478643 46.0977222864644 1.4142135623731 45.5411901469428 66.4830805543786 1.4142135623731 38.9486841883009 14.142135623731 59.6824932455071 30.2324329156619 22.0227155455452 35.3411940941446 7.81024967590665 67.6830850360709 60.0832755431992 42.154477816716 19.0262975904404 9.05538513813742 58.1893461039046 60.8276253029822 43.1856457633784 9.89949493661167 45.1774279923061 20.2484567313166 60.6712452484701 67.0820393249937 6 16.1554944214035 60.0832755431992 62.8012738724303 82.2009732302483 65.7343137181792 34.0147027033899 53.2541078227774 8.94427190999916 31.6227766016838 27.2029410174709 102.078401241399 87.0976463516667 42.7200187265877 87.091905479212 107.707938426097 41.6293165929973 5.8309518948453 28.6530975637888 101.138518873869 23.7697286480094 22.6715680975093 7.07106781186548 39.1152144312159 109.48059188733 96.0468635614927 42.154477816716 25 34.4818792991333 94.0478601564119 102.357217625334 84.4037913840368 39.4081209904761 86.3481325796916 21.9317121994613 102.107786186951 105.076162853427 44.7772263544762 26 96.0468635614927 104.292856898256 123.490890352285 107.563934476199 29.1547594742265 30.6757233003559 22.4722050542442 33.5410196624968 9.21954445729289 84.1724420460759 65.1229606206597 20 64.4980619863884 85.4751425854324 18.1107702762748 23.43074902772 5.09901951359278 78.63841300535 24.0831891575846 3 19.1049731745428 14.3178210632764 86.4927742646748 78.1024967590665 19.0262975904404 25 10.1980390271856 76.1577310586391 79.7621464104371 62.2012861603359 14.422205101856 64.1950153828161 6 79.6303962064738 85.7088093488645 20.2484567313166 6.40312423743285 78.1024967590665 81.7435012707432 98.6154146165801 84.5281018360166 30.4138126514911 27 30.4138126514911 35.2278299076171 9.8488578017961 75 55.0363516232681 10.1980390271856 54.3323108288245 75.3259583410659 8 32.0156211871642 5.8309518948453 68.4689710744948 27.2029410174709 13.1529464379659 28.0178514522438 5 76.2954782408499 68.9637585982667 9.05538513813742 34.4818792991333 10.1980390271856 67.0522184569608 69.5844810284592 52.0864665724217 6.32455532033676 54.0832691319598 12.8062484748657 69.462219947249 76.1183289359403 10.295630140987 9.21954445729289 68.9637585982667 71.5681493403316 89.044932477935 74.3303437365925 32.3882694814033 79.4040301244213 86.0058137569781 69.6347614342147 68.8839603971781 8.06225774829855 23.7697286480094 56.9209978830308 27.8567765543682 29.1547594742265 59.464274989274 89 71.0633520177595 28.2842712474619 72.2495674727538 79.0759128938769 87.091905479212 65.5515064662895 35.7351367704113 2 58.1893461039046 94.0478601564119 76.1577310586391 67.0522184569608 29.4278779391243 25.9422435421457 67.2309452558864 25.0798724079689 74.9666592559653 28.4429253066558 13.0384048104053 60.4152298679729 71.1969100453102 2 29.8328677803526 68.8839603971781 35.1710107901379 70.0357051795725 71.3091859440283 95.8175349296777 85.2349693494401 75.1864349467376 30.1496268633627 15.6524758424985 60.0166643524946 15.2970585407784 6.32455532033676 61.660360037872 98.3717439105356 74.9666592559653 1.4142135623731 84.581321815162 82.7345151674922 95.3362470417207 66.1891229734916 7.81024967590665 29.1547594742265 60.8276253029822 102.357217625334 79.7621464104371 69.5844810284592 29.4278779391243 18.0277563773199 67.0671305484289 16.1554944214035 80.8084154033477 1 22.8035085019828 60.1331855134916 76.6876782801514 29.1547594742265 2 39.4588393138977 6.40312423743285 84.5990543682375 57.2712842531054 77.7946013551069 67.6756972627545 57.2712842531054 31.2409987036266 3.16227766016838 42.2965719651132 3.60555127546399 23.3452350598575 44.1021541423999 80.3616824114578 57.3149195236284 16.7630546142402 66.6408283261845 65.1920240520265 77.3692445355388 49.0102030193714 25.4950975679639 26.9258240356725 43.1856457633784 84.4037913840368 62.2012861603359 52.0864665724217 25.9422435421457 18.0277563773199 50.0899191454728 2 62.9682459657247 17.7200451466693 28.0178514522438 43.0464865000618 58.8557558782486 26.9258240356725 19.9248588451713 50.5371150739731 23.7065391822594 66.8879660327626 21.095023109729 36.1247837363769 41.4366987102013 16.1554944214035 75.0266619276108 53.1507290636732 11.3137084989848 52 73.0068489937759 8.48528137423857 37.4833296279826 11.4017542509914 66.0302960768767 33.5261092284804 17 33.3016516106934 2.23606797749979 73.4370478709486 69.0796641566822 9.89949493661167 39.4081209904761 14.422205101856 6.32455532033676 67.2309452558864 67.0671305484289 50.0899191454728 52.0864665724217 18.4390889145858 67.0298440994756 75.4320886625844 7.07106781186548 15.2643375224737 69.0796641566822 69.065186599328 84.2199501305955 71.449282711585 38.6393581727233 59.0931468107766 79.6994353806851 69.3397432934389 59.2283715798434 30 1.4142135623731 44.2831796509691 3 21.3775583264319 46.0977222864644 82.2800097228968 59.3043000127309 14.8660687473185 68.4470598345904 67.1863081289633 79.3095202355934 51.0098029794274 23.7065391822594 25.9422435421457 45.1774279923061 86.3481325796916 64.1950153828161 54.0832691319598 25.0798724079689 16.1554944214035 2 52.0864665724217 64.9384323802169 15.8113883008419 26.4007575648882 45.0444225182208 60.8276253029822 25.9422435421457 18.0277563773199 49.6588360717405 21.9544984001001 68.60029154457 36.4005494464026 17.6918060129541 27.6586333718787 6.08276253029822 83.0240928887513 65.7647321898295 20.8806130178211 65.5133574166368 86.3133825081603 19.6977156035922 19.2093727122985 7.07106781186548 79.6241169495775 18.1107702762748 6.70820393249937 15.2643375224737 17.6918060129541 87.8009111570034 76.9415362466854 20.2484567313166 21.9317121994613 6 12.8062484748657 74.9666592559653 80.8084154033477 62.9682459657247 18.4390889145858 64.9384323802169 80.6039701255465 85.146931829632 23.0217288664427 4.12310562561766 76.9415362466854 82.7647267862342 101.788997440784 85.8661749468322 24.5153013442625 71.5681493403316 95.5091618641898 84.7230783199005 74.953318805774 29.1547594742265 15.2315462117278 59.8414572015087 15.1327459504216 6.08276253029822 61.5223536610881 98.0815986819138 74.8131004570724 1 84.1724420460759 82.6075057122535 95.0789145920377 66.1211010192662 8.48528137423857 28.1602556806574 60.6712452484701 102.107786186951 79.6303962064738 69.462219947249 28.4429253066558 1 17.7200451466693 67.0298440994756 15.8113883008419 80.6039701255465 21.8403296678416 60.0749531835024 76.4852927038918 28.1602556806574 2.23606797749979 40.4474968323134 7.21110255092798 84.1189633792524 85 97.3293378175358 82.0060973342836 79.1012010022604 8.54400374531753 25 65.924198895398 28.3196045170126 20 68.2495421230062 100.244700608062 80.6225774829855 22.1359436211787 84.0119039184329 88.684835231284 98.0459076147495 73.9797269527267 27 11.4017542509914 67.0820393249937 105.076162853427 85.7088093488645 76.1183289359403 13.0384048104053 22.8035085019828 28.0178514522438 75.4320886625844 26.4007575648882 85.146931829632 21.8403296678416 68.4105255059483 81.2219182240853 11.4017542509914 22.3606797749979 61 27.0739727413618 82.2253002426869 23.7697286480094 40.4598566482878 42.0594816896262 19.1049731745428 68.1542368455549 46.0977222864644 7.07106781186548 45.0111097397076 66.0302960768767 5.09901951359278 42.2018956920184 16.1245154965971 59.0762219509677 35.3553390593274 23.0867927612304 38.2753184180093 6.08276253029822 66.6108099335236 62.2414652783817 6 44.7772263544762 20.2484567313166 10.295630140987 60.4152298679729 60.1331855134916 43.0464865000618 7.07106781186548 45.0444225182208 23.0217288664427 60.0749531835024 68.4105255059483 19.2093727122985 62.2414652783817 62.1288982680363 78.7718223732319 64.6297145282261 39.560080889705 34.5253530032641 21.2602916254693 28.0713376952364 2.82842712474619 79.2464510246358 61.660360037872 16.7630546142402 61.3921819126833 82.2009732302483 15.6524758424985 23.0217288664427 4.12310562561766 75.5049667240507 19.1049731745428 8.60232526704263 19.2353840616713 14.2126704035519 83.6779540858881 73.1641988953614 16.1554944214035 26 6.40312423743285 9.21954445729289 71.1969100453102 76.6876782801514 58.8557558782486 15.2643375224737 60.8276253029822 4.12310562561766 76.4852927038918 81.2219182240853 19.2093727122985 73.1641988953614 78.644770964127 97.9081201943945 81.7435012707432 25.0199920063936 81.0246875958186 88.0056816347672 71.5891053163818 70.8590149522275 6.08276253029822 24.5967477524977 58.821764679411 28.6356421265527 28.4604989415154 61.3514466007119 91 73.0068489937759 28.0713376952364 74.2428447730823 81.0246875958186 89.0898422941695 67.4166151627327 35.1710107901379 1e-05 60.0832755431992 96.0468635614927 78.1024967590665 68.9637585982667 2 29.1547594742265 26.9258240356725 69.0796641566822 25.9422435421457 76.9415362466854 28.1602556806574 11.4017542509914 62.2414652783817 73.1641988953614 29.4278779391243 68.5930025585701 34.7131099154196 72.0069441095788 73.24616030892 97.718984849414 86.9540108333135 77.1297607930946 30.0166620396073 17.464249196573 61.9838688692469 17.2626765016321 4.47213595499958 63.6396103067893 100.284595028349 76.9415362466854 3.16227766016838 86.4060183089118 84.717176534632 97.2676719162127 68.1835757349231 6.40312423743285 29.4278779391243 62.8012738724303 104.292856898256 81.7435012707432 71.5681493403316 29.8328677803526 2 19.9248588451713 69.065186599328 18.0277563773199 82.7647267862342 2.23606797749979 22.3606797749979 62.1288982680363 78.644770964127 29.4278779391243 39.2045915678253 5.3851648071345 86.3539228987311 77.884529914483 119.037809119624 114.58621208505 97.4166310236604 69.065186599328 50.1597448159378 82.0060973342836 46.9574275274956 41 82.4196578493262 120.929731662648 94.8736001214247 40.6078810084939 111.198021565134 101.21264743104 117.046999107196 84.380092438916 34 68.5930025585701 82.2009732302483 123.490890352285 98.6154146165801 89.044932477935 68.8839603971781 39.4588393138977 50.5371150739731 84.2199501305955 49.6588360717405 101.788997440784 40.4474968323134 61 78.7718223732319 97.9081201943945 68.5930025585701 39.2045915678253 34.0587727318528 113.137084989848 74.1484996476665 101.242283656583 91.2688336728371 80.3616824114578 35.0142828000232 21.6333076527839 65 20.6155281280883 7.28010988928052 66.4906008395172 103.73041983912 79.8310716450681 7.81024967590665 90.3382532485547 87.4757109145162 100.578327685441 70.7106781186548 2 34.7131099154196 65.7343137181792 107.563934476199 84.5281018360166 74.3303437365925 35.1710107901379 6.40312423743285 23.7065391822594 71.449282711585 21.9544984001001 85.8661749468322 7.21110255092798 27.0739727413618 64.6297145282261 81.7435012707432 34.7131099154196 5.3851648071345 34.0587727318528 90.5538513813742 59.2114853723498 20.2484567313166 3.16227766016838 23.0217288664427 77.7817459305202 68.9637585982667 33.5410196624968 70.178344238091 89 34.5398320783411 23.3238075793812 29 83.240615086627 6.70820393249937 31.04834939252 24.0831891575846 36.8781778291715 92.2821759604746 72.0069441095788 34.0147027033899 29.1547594742265 30.4138126514911 32.3882694814033 70.0357051795725 84.5990543682375 66.8879660327626 38.6393581727233 68.60029154457 24.5153013442625 84.1189633792524 82.2253002426869 39.560080889705 25.0199920063936 72.0069441095788 86.3539228987311 113.137084989848 90.5538513813742
Deviation Vector:
2.63872288473829 20.0736469049007 31.8890277973494 57.3396196090111 52.6384813578613 42.9615252384342 62.6990886028759 87.8968237568345 1.5283280201782 78.5743142543018 8.25456668303609 83.0310576004252 55.210582705835 24.0715713899277 26.101865030682 16.0280422256774 87.2624378726321 40.1938335600472 26.3835393028478 80.5599496203449 19.030614399571 21.0744066964126 35.001006164841 88.8225578808297 66.3262073648419 33.9958297566835 38.2570962821853 49.0582403696295 7.62056208469156 136.587286280965 17.4679382179178 5.40163566075886 24.6039916786303 118.312338928235 63.7940805934453 87.1199473647569 82.2702310183663 14.5143467336478 15.5287242588817 31.232066932913 11.7048929476415 76.5355090978766 36.9684399030628 93.1194904740649 8.42763564233826 55.9775562246517 0.693277272608904 30.4503917980505 37.6661020757134 16.5950040172349 23.4684504155515 5.19449204776302 9.56322169725933 160.567754026914 56.1454956070915 52.7033302234672 13.7946430911425 28.8853020931805 34.9753519235665 1.92843827778694 121.299511322905 20.1113494014445 6.46186986692934 125.096485467221 4.37771642856115 95.3144904786894 108.833308989855 0.425955313820951 27.0610940407882 15.2100524194033 142.105943341603 166.339498213294 113.919683932351 16.6289250317069 57.5054201902923 27.5624436110871 18.8114810768895 88.4699117367921 56.5650828347555 40.2152679133664 45.086631507113 27.0346359126589 19.0268805862442 23.3620214179266 7.45621742787235 96.6282564455385 6.96815471422754 5.09095711637292 21.7983154078472 9.15874242133833 15.9205175015738 32.2756922055579 17.8240525232204 11.0722104823386 13.2186495560051 25.9666991729622 93.8743287995946 128.900871674511 50.5967465868079 41.2128157226789 4.07614177520777 15.9181091657102 64.8655411521906 97.09550683761 58.747191878114 1.82057260376398 54.8623838467802 42.9498405026737 138.611643434599 144.074997912525 5.10960614780862 7.89980252526398 5.50339847389607 13.0960376680327 86.4327944195102 29.2453877044117 0.462749495645645 12.2524423879051 51.2740619898077 12.6121991676124 10.3281302728095 4.91110664465616 95.5566321368807 16.1601982856852 13.1977015519656 1.20312466073507 0.532895068910114 72.345948531266 111.370418651588 11.9630826465742 6.73317898514525 0.0383338483552175 13.3870407987261 69.7887447434361 89.3336195530245 64.6974786782559 17.4154633647498 19.4367862761231 9.8760000594866 49.5678099607433 22.1799368745335 30.8174326516432 2.48735433616087 37.8949888112641 37.824921169208 36.6699302352918 82.1362266461865 11.9706149905087 50.2709429531345 2.99480753226976 105.159607197417 78.2195098330086 24.0028684212939 66.5383002438548 10.2410240251404 10.430840709351 73.1173637166121 34.1154074998456 98.8192077440848 30.178812053007 91.0103672174908 130.401880960786 98.4655109372253 63.7252105861725 31.0527851368327 3.63057145578512 24.5646804290405 34.2601266793681 77.8619574131344 27.6672596661706 8.03759825268881 36.3432220509045 11.1095911277192 18.757290279718 3.41631503416388 70.2396822706687 18.2634755779941 9.70563913170438 93.0977294460897 95.6802499206459 7.10356439529537 33.031052654221 41.276111736652 13.3304209702527 38.9045614776688 55.1732567102752 60.361574191478 110.430651913871 75.9163262789917 10.7096300238171 44.7362584123165 3.19123978106689 5.05698130051953 18.7669419062889 1.32422736580705 67.9917030794243 14.2576558495888 26.721805456249 99.7858243108742 23.5732292148834 39.3668314417754 19.4870904617852 36.8929068613034 51.2654828667477 94.5454042715113 105.094595421573 18.2596593462308 2.03461473331903 17.5840017894819 0.225833643637067 68.7224426982689 0.940273632314184 77.0656635494772 4.02519547284289 26.1396917616883 2.10524466472952 72.6051524065965 4.19044699229906 0.0875888371513157 40.9341870617748 11.7862441865149 68.6361846553609 48.7764184026262 29.4047415804577 49.9772294906341 25.1382853093793 19.0033764287068 34.4991983946228 16.4252101132208 8.6365803434308 2.99281338452958 44.2287517507523 14.5389554997536 54.8349472071866 18.2859856043153 9.80448083709583 32.9477863345819 8.67842521190215 34.265296718162 24.4804582822566 1.43220553492764 7.6257704099058 21.6210827594841 5.69270273327966 25.2030703489883 30.0261097697322 25.5422483648966 18.3313086997398 29.6990506419123 12.7142036042547 48.4718765644437 80.1296401310145 11.3430532737836 12.9699969464141 22.3084363496343 85.0412511231393 61.783860296407 43.7000768779419 17.0818508772078 64.9320413386906 64.839324537405 111.329665301779 37.0300726740918 4.69534832550055 3.59839837512329 54.9019889117622 12.0041000177573 7.6783881267923 45.1278598977519 64.6275144164063 8.22647584612783 108.517001076002 85.1115132444884 2.9156147552393 24.8662807349982 1.74807847701843 15.3688761870854 49.6892752622501 6.24596669941593 77.8728023040479 4.00095383339176 24.5619302578185 12.1841436431954 0.185480205861188 1.51327610442486 3.52727155081891 93.2538748645674 11.8414819497939 6.27903577352744 13.7900446317564 16.996186650011 29.369979119974 4.27123358212716 42.0249746725867 24.1271606217481 78.6113753005569 38.5200760194414 11.6074572137633 115.031103985123 83.7367899517354 33.7310831033674 4.96915070575408 63.5105002697306 17.5094906823189 18.6901578204068 150.715440117739 73.4173387419662 5.75692314107759 82.1552627911768 86.8974603731553 39.7792045725407 71.5888722366081 1.66406300199595 33.9156711784682 69.4662341398282 28.7391436946652 63.3444999438437 63.4213136438992 30.5930192255463 6.08932778943974 26.8079887307246 96.8200778362919 7.74093839739553 120.47224790112 3.61797522413452 30.6489004299071 58.7388417965347 89.6854299828977 0.599657982982497 2.45481641584508 20.6464490345303 8.87369476159811 70.3058039198911 41.4356469755492 15.5777008602886 39.4938108628558 19.5019209103018 89.990754437436 12.0055639425575 1.67887459810771 32.1027097715204 43.8125997421279 61.2384513799168 12.4043632535465 13.0570791180792 30.6973457954761 25.2416946765493 33.3783264674667 1.41597195932013 42.406881698819 17.9917708372602 1.93671701999228 13.2959792469555 11.8691343298084 9.11099303918557 54.3611262185283 34.6199942413828 17.7335926705666 3.21495751785811 26.8534245053805 18.7328482016087 54.2909119122303 11.9493131852673 0.584467640268431 11.3877345826652 36.8399697883504 75.2235358554048 33.0765036664385 20.6220878953287 49.641696796167 52.9632911737408 3.16915077523689 11.9038342498334 22.6526429452929 29.6422731010289 56.1683833440869 13.1738243975484 124.931176098882 0.768927357891231 21.44932642137 13.0025337128862 29.2032244094333 5.38996160527058 17.6256700619099 4.27555982553542 53.0254873516814 10.8349714454562 138.093134684667 8.31992384541578 2.80742219052042 11.0990039240353 37.2863122101673 121.389524205208 63.8212885738857 102.802864199313 17.4341456752386 102.788382531789 16.0384910870566 84.9813746196313 156.321726346749 27.2546300147476 5.40964131327884 85.1058636700904 111.023020393296 143.969732545627 128.709065734577 3.67833098182669 46.3885868588626 27.6457956993917 5.2867583794012 2.76621459664528 127.467228694627 28.0455674555805 11.331259266062 47.7675724956691 114.633676389869 7.54142848242835 23.7012077045658 96.9323287114546 18.0656717031509 11.1614947182464 3.56069164593377 3.37134589769903 91.7638009178645 59.0729163638721 22.5765308856855 45.4756747695737 2.20301862019903 4.6938387647092 58.7837362946368 27.3705745874032 83.1526004406117 12.1107341833337 77.1153128810714 6.58695368123565 46.8599283779589 73.7527640412213 17.5635166463239 2.16570935930694 29.5712800164391 96.5134357892708 92.9784574048051 31.187020660849 2.72134769352647 7.5845583371162 112.619512630442 127.110733191537 49.7644660497297 13.6894508215848 17.2152738571548 85.4316889236764 3.1917409879117 9.63597298629394 8.61643004174693 130.892047720374 40.2731875342496 9.35857360094927 106.789182066046 92.0013127971427 59.7431756255481 4.69558307972473 37.6908148536709 44.2752643750305 158.938084843073 79.9490525453064 3.22058100401801 16.1645594631157 0.431492838138478 19.0475262222576 72.4197278236087 10.557280500919 60.8573659492098 0.450444108404925 24.3677386092986 50.6961287919336 42.1217456371213 18.6814991296916 2.36379471725947 49.9697960487468 8.8499780991943 26.9299045045017 56.5881745047267 20.2002186658539 0.590001520382894 20.9237354370312 86.580849537827 41.7398657614635 39.3147974603696 53.1835891889543 141.393976387144 18.3641581603105 22.9234845721507 30.1380811083115 111.848379229698 29.8280046848288 12.4331306395678 44.4282754024042 14.9137933311248 73.8551124388976 27.2199645897775 29.9173583686863 1.89273280701109 1.04238983180743 5.97729609650081 99.7563674567412 59.7412897405364 21.4767737605359 14.9604004250471 0.319088583182711 20.6051735639842 113.558261366673 12.0610329262265 24.8467688327435 80.49117207249 34.6525378667552 96.9961805147201 48.599095803803 6.75165680567801 17.6836532125363 27.3357012861999 32.9445534618382 13.2028777628352 82.3462308867379 43.3324431427034 20.1251873977773 36.1543646310136 117.279704761779 13.4815002139963 15.0931027635565 5.59714250323199 125.641383766988 8.08921716722002 13.2962965148232 26.9607715975399 36.9127676565967 26.4059143132586 18.672642417963 23.8798661685406 1.63340562164843 11.383871656095 102.647880214232 22.3230507818018 78.6631254412084 16.5288724051811 90.9686568400354 10.7846477631882 18.026968772737 23.5545675934096 22.8054188233984 6.66383707821984 126.870506619578 27.5000063517426 30.9992790719051 77.4096158692183 29.8297557216579 57.6051480811273 7.24437241862155 17.739996675374 3.92872020825226 46.8115077493581 108.424053399085 3.83995075919454 65.8297723235048 50.4260587963148 2.04202750652112 5.52190271743163 18.3588262707801 85.3043025307296 11.9286983191616 23.5928833691653 4.77505903825498 34.1731633623219 1.31660069726692 47.7886279427809 9.23282783349642 26.1500174211992 37.3629894287097 132.72313267357 0.763401802767426 53.7723229464696 22.3871387655077 124.819922480093 15.5638023568696 93.0377430419993 81.614800875231 13.5504095255344 10.2615595358413 55.8421254673175 98.652671207704 85.1515442562965 112.534930207174 17.8781037132405 19.3588574514469 11.1217507829991 49.2630882876038 13.1872711138676 113.702565894952 23.0937544920595 1.59705751733149 29.8398202417786 13.6014629389099 2.0412868977906 33.857027340898 2.16348751961051 2.90821968788029 19.0904056807963 26.8671026032311 45.2083095349907 35.9856534035381 106.537514349828 3.49011210886384 45.6592633365953 21.8743790264313 7.33240829316466 34.0532275463765 48.5723222491891 9.51586012148971 2.35449277097513 69.4064030918415 21.3787757030856 10.1902084695161 63.1181157307226 1.97326095378287 14.0525494505376 78.7258779794625 106.890729715441 21.5627446431654 77.1249757251353 14.2027907344159 32.6371220612515 5.05411900344891 53.3485570266433 61.5095481466811 33.972226003648 18.1318454605223 53.0314930546152 35.1586625736596 5.06330382878826 37.2403410627032 45.759991271178 55.3913501487593 9.1359984856223 147.467445561911 51.7601926516594 85.1759863561734 35.8867015682897 46.1632881815275 69.3910694510609 169.328013607318 90.5441589730338 46.3334258715022 2.65931625065348 2.13748086024384 23.7535626408158 78.0746956289528 34.171275136456 76.6533627816837 11.189492772049 24.4564518672198 83.8072772362223 10.1348239171609 33.581489198191 1.31706111681024 29.5351441202846 0.591098554922891 90.7213936645947 2.79990292095412 20.5707674904075 5.73216620698874 41.0012419930311 4.05712204418476 18.6280914347747 92.3248442242891 18.360777527491 38.0242557154761 47.5043067143261 103.273504194887 74.6296863390669 4.86160478743768 78.3393244890733 35.8715491442686 69.5325530075552 76.1534154409086 25.1965148055793 5.15650052212576 54.4009348183343 41.5101275907382 66.1264953762047 0.517497362856623 41.9034721085268 15.9044474245534 26.2409946488573 19.8649501420098 61.2736802262314 35.1593859831857 12.1005316539044 9.52966565851577 93.8771720659542 1.29503046254436e-05 6.86194434641709 16.1459868998796 11.6522058840605 71.324172427198 5.25313927597717 36.0379770708778 25.4879754706705 14.5455423741403 32.0832343629881 4.42959939481539 1.59254258870731 70.1590553080769 35.8220942309745 0.396303431268923 40.6550725680642 17.7514246468206 21.846860428123 48.6805992022625 3.53139528901433 46.8239028317017 1.89487738804713 108.132502488382 17.3785340673947 26.2403144856828 14.0227921778441 9.83059427794715 14.2378094546313 10.4600905283105 53.4947295869422 15.1242827218605 66.27498382805 29.8035795496696 8.30139905941838 11.827859294128 5.01639754409471 5.09605710216193 69.2866575259687 96.4800141452858 104.259454774304 0.803100086488069 0.204792320547357 40.9044933656982 13.8884864257998 17.229223919723 28.517634416618 99.0411180956411 15.1293468187276 60.4223612319197 83.0953530300229 35.9806958827814 46.3311370953763 6.97804754631818 8.74899453775149 141.814987495795 4.5842196066062 23.6320175369731 6.09135479670547 17.1144810939818 132.945177143406 45.5086923173813 14.2894376692471 26.3743533127277 11.0123350851104 44.7483342047135 126.0317714765 97.5228515094432 31.1813552824585 65.4626739640462 23.3651977771583 44.2376317395973 80.9446148442022 47.9735150891056 31.2349621371221 66.9232174066626 168.559983837457 76.9753533356547 4.37534545858248 4.76907416896603 12.6188602902758 22.355075153552 16.6912145336517 14.0534256028323 47.5715262490202 52.2922972295939 26.0029630661557 48.8912750089598 18.7187055140444 9.69379365252423 28.013037369298 7.30853855342732 79.3514897599118 36.9567430848016 2.58585261115989 25.3796893080758 5.49809321327441 40.3833657210748 66.9744666450057 22.3605678718549 30.6255918649156 3.02408461990795 122.498934057073 29.4338588323518 85.0862534280354 17.0685197506191 68.4188614690399 8.1467413777233 14.3710171099068 94.8345519470271 30.8053566333246 3.78959040546906 37.0921246313964 32.0972722238379 48.3015359216576 87.916280826181 36.3638579198044 4.41718846952862 5.22402565859257 49.8344218265185 6.88287216906947 102.549915474161 67.2328979623584 0.831874240505405 69.302592429572 34.4400971037998 11.2800450692789 1.0625898202736 5.38845793802022 43.9009493458609 32.872988346747 6.87624189416625 26.2727905444658 5.95289646875634 68.0411762004009 46.8462825403767 6.77091614785738 11.4225670689095 4.18867168431363 62.2374738250233 100.044161620985 15.9257276752652 9.61350556077362 15.4844231896632 8.94406291533519 26.6373799667344 100.962632063678 2.75618818540601 5.04382549484892 103.318431074123 4.0071898079455 110.943705802184 92.1058554709823 41.3792583826601 105.40896546874 76.4013988293168 7.55319601246435 76.5412041057634 7.42951592417058 24.5441860887531 7.17182399032971 14.0288822537061 45.3465157877013 63.2528753492967 6.0378686279714 58.33153160299 3.29950254377886 58.9241335067067 91.1034653167996 45.9312330064857 7.6965551643152 34.4305340013375 1.66628732125543 0.645635635536269 117.540970736228 116.639954593241 26.4571653610426 27.9519072323901 4.48584717030195 63.3083710634565 20.6069857841712 17.1604640152571 15.9632818940133 5.66454535294755 91.0160337505367 18.6817103718997 2.64555820593535 48.1793913332402 94.616008199153 21.7339803255111 71.5213683494846 106.931872030058 107.465024937712 80.9936774162474 70.4436121314275 35.8599748163444 2.26542748922218 63.2320091264751 5.79174954667188 8.20189960535978 97.4827035683922 48.7954190692656 47.5274401373732 1.11406136523656 42.8934103071854 21.2987565246527 66.0653865071997 59.6828520915969 9.42915379819678 25.2447880396277 13.2002906674647 41.2078045423142 87.3233612609392 54.154160289187 24.6322804426926 17.5763331660282 69.7931080022665 8.61851149359302 77.8662469062065 0.787856359830387 26.2565072027281 21.555230884939 50.6954110599834 18.8525601412326 2.61739631836223 63.0545341743023 1.34268499497041 122.95888924174 58.7151557555592 45.7673948012854 76.0620432469935 56.1159950441244 33.8759121085472 0.416013582850047 5.97407457802941 5.73811873294576 9.08106310250202 36.7906745098235 69.6594356094382 91.4900544044562 1.23641605117791 72.2276921197826 24.2848117333372 90.4102509059842 11.5536847552423 30.8376200067893 13.9252117233963 55.1215494960622 9.84805222071359 92.1051886636502 22.8084900598903 32.8974070974769 3.83761817858738 55.0468167507928 0.576787466524788 95.8106516206372 18.9710249458499 13.9552967767077 58.0549165266838 27.6305624538704 29.2521231575987 16.8610201282863 73.2429426915676 12.9056622682775 65.4020759114423 33.5523233486822 18.4061084416821 56.6346602207024 12.8985786976867 103.262099111336 71.0465388979665 9.86736825381749 43.3590852734985 6.04975969189795 3.5160478250664 40.0910059151078 14.7358166495034 61.5098349380743 24.1256988867309 23.9546058018596 26.1735725572903 2.58826195068774 77.1713741957175 68.9986298329532 6.23787291470816 52.7771072170164 12.8942050832569 0.470367276431514 14.1847042160619 41.3376974042883 27.240599250639 67.5760093292988 26.9688886004104 24.5851062112104 16.2502021029783 5.75608346064393 5.05197027034166 50.0788150097239 38.294085480801 95.1152791114471 33.9338404913811 10.2323421097818 22.1707047008782 104.307801127951 24.1081952550543 46.7639114155468 22.5596394476868 0.0194500041284831 4.19567786815631 4.41479174572055 30.4170094558024 40.5982973943865 82.5069037735648 50.2516649849939 3.76382206448907 0.447117219000601 37.6412403877406 90.9866044412686 4.12689218678587 18.2833460906517 3.56061778626543 28.2240500339377 38.1893734526724 102.702078684059 53.6244469987002 16.4950416348385 12.7229785114313 2.64496390632925 72.0170052510185 87.1470856934095 13.0523628662542 6.10474700358732 72.3779227216021 73.0348929175342 39.9510135602608 5.9157848945076 18.0705122280837 14.6138095405906 23.4545724036153 16.6947379881236 9.03860987909994 3.82806621264503 8.14688989877634 125.669419911072 64.8280340684678 33.2528464512093 99.5922481767367 133.441221993086 21.9316582388988 30.7558621786579 4.88539578131651 99.5829356726132 10.8570174433313 7.60154509645055 18.6860288665313 28.1475727527021 14.4455521447189 29.6493790378483 26.0624210966915 33.9320771816446 0.605996296961927 6.22754477262934 11.3992599970892 6.58312841478646 3.81777691263828 1.21164235222247 26.5997287698944 34.2182700829939 62.272320744647 17.3012094641728 3.64137477905847 95.5801427943635 73.6540305627529 60.6823211002166 96.9899814167793 6.11244365143703 40.2452668379909 97.7426348018583 14.3177484711208 3.70273436680564 29.1001101147513 13.097514663502 77.7976956627082 24.1761361405102 2.23066949594732 55.2397141903471 153.228303794389 39.7441624233571 1.28322983320072 102.946176211272 37.344373094924 131.611011478507 5.48692153953183 5.12619356435081 41.2743485856348 8.71318599655584 68.3956995565735 19.8251081012634 39.4640217854119 39.853929849448 1.00048059361164 25.7170943874671 68.1752307526411 4.17508465443701 33.9432958653697 11.3633114937789 30.8417189608992 75.2192196732746 43.4702883039643 1.52585250180142 41.7760912360501 6.6014409323764 129.734654026634 60.0580512426235 86.303246794908 23.1790362938485 126.913580801933 7.02847965096509 20.3474046338691 83.1521647621112 11.8748261154537 25.3193232198722 69.5608576345983 50.3526725173739 19.6516136778709 19.005103028793 54.2641881931497 81.0212687891363 108.588501316739 89.8148800402871 18.5876225218376 5.49179303685804 69.698319109587 8.3191507008921 63.9145719755717 111.141373536497 7.81603956417819 28.7120108144619 22.8965917327314 38.9827355999269 8.31997045419534 19.048747037072 31.2807601335362 15.8077367350752 75.5592476802804 7.89703300534797 11.4871700406437 55.4112767948805 41.0234834683484 109.16379251843 12.9156603087248 12.4699715765193 40.6815546262072 29.8530385898806 55.2392559930064 55.8237368471477 5.62006275966766 65.5548253049181 32.8981283585556 1.40721933408136 44.063671556196 19.1342893828487 44.7585400754693 16.1493122641227 29.223974056632 57.5415130802191 1.76728028046145 15.9165267114804 70.7136210676432 6.64652094510975 33.8399668368819 29.3857531236466 13.7083193608111 33.9317665456487 3.36655705404189 27.3519776683959 8.86894484719678 25.6621170821106 35.5406495706099 68.6746554550663 18.5378378775182 8.85182266734922 90.33449735608 76.9291160124658 31.2756699967278 41.0730624480023 32.5523771348808 41.1486359146227 9.89841616584771 37.0846794076799 4.15161244345438 119.638229403168 54.3474203027671 10.0429402782226 20.8809663959874 42.8172451229514 7.4525221031389 14.518959095151 3.13287170159233 121.732257617571 2.14111680805958 13.0374568351086 27.6442289416144 20.5165703972706 37.7279269301684 109.24439487717 7.31199029824154 2.04836273446313 2.7949721565412 3.41162241225644 86.9978345743889 54.255047626355 48.900298208938 15.9808867693166 19.4254830868257 5.06272523644441 4.29164353810051 92.7726651283515 15.2404064789423 38.1692530114122 65.8220239834915 62.1574527852083 33.1098537777044 2.30203088978642 99.9817516600103 65.5791845539548 43.8764294247304 5.93409480655627 8.36886650062816 33.7645840354224 4.09641935294063 42.6070965835571 35.9158268979656 92.4441295572822 118.764064667524 6.31352250909274 38.5585281375937 9.75215789181046 13.3902759121042 16.3699386368347 33.8025059834931 48.7890294848595 8.91227048326706e-06 80.0457723922664 77.5858411651915 94.5493223872407 64.3978597627753 1.7278044319337 21.1793763836681 2.71495918215083 95.7164546282021 40.5581091133775 56.6048096978871 4.62659920444144 0.331360934177442 21.3679247183438 66.5402964496663 18.8913683228487 29.2927787025176 22.8743020255681 27.9628007454702 36.3808708481378 50.8638638799364 2.08191418637394 29.0890161419494 5.98128820743223 1.92842337781389 7.71010897040896 5.70739392953356 1.23289132158559 19.6096148158468 83.4385593024753 2.81080440492689 3.79271698169668 46.4794615106134 71.5286778392099 76.2186407944379 100.346589359107 0.524286669355267 44.4373746646404 98.7577094586376 153.047167861298 118.290863657181 48.8011385945254 0.161838272322945 2.95232071086123 20.4267736445131 63.187054238862 8.86550229042362 120.194443674756 3.51921973794664 19.679731880296 20.0421610359338 36.8064528938756 26.6041868425571 27.4327802768003 3.59338317452962 87.6033149366966 64.1864185860833 118.787229419804 147.833533560908 110.300778436446 14.0593977823496 66.5460728578109 57.8368512796954 34.8182907568796 22.3310783892909 122.712309000051 70.9679487353468 59.4421311059545 55.7371479157515 59.2741355927331 47.3340932105664 139.674782796151 102.516222105219 16.0852156570054 71.5518962116553 50.4531928327679 171.403461490585 151.36544549813 39.1508587170288 91.993287538391 31.1198179454303 38.5226897215424 14.9191666674958 3.29569745826238 148.81543007229 34.1546665397682 65.930938670382 51.9717891887062 21.1451329444312 51.077135609811 6.495769257222 14.2888886306462 50.3434980261808 64.5806741393927 117.544574255731 90.3231342255309 58.9445116300464 4.2552762564307 34.9632884385277 31.1814351895378 13.4945123881779 3.33067014352426 3.10451216261465 25.2239344486517 74.2905803793186 8.51182842003586 77.4150666861535 60.5538686669194 100.416286204708 91.6850208964595 0.802745498643968 5.57869600226626 28.4328327314871 62.2276755063266 19.1942532617795 19.9350480613913 50.0461612221593 8.37471322291276 21.9989971768591 0.897500249338192 9.35712766648805 93.908459261066 3.11589994622155 23.5863941842557 21.8628807732001 130.227217132118 8.13939321335843 5.77165458499731 3.00753465816501 20.3120476024973 91.865656630407 15.0422597430233 2.1560781332764 36.7927453220907 76.6968780063078 111.197790526488 35.6090612042659 15.2043837366608 60.3686869188925 14.9799387161934 35.2953465430967 31.3105054899167 49.4789718104607 2.14308074532096 0.988735802011563 19.7839647204771 21.6720846175188 134.250526973833 36.223042331527 51.5539961312168 42.7800675743824 28.2621807879179 31.8361685078962 19.1264844356352 14.7280633630545 88.3745720925891 9.26845075263022 28.0279242922215 18.7948154759714 27.6057391557528 52.0385532075629 27.3674525155886 26.7978935871783 94.6667663072035 57.3065174166454 48.7356152984945 117.788183371037
