Instancenumber:
29
Instancename:
B-n38-k6
Customers:
37
Depot:
0
Dimension:
1406
Vehicles:
37
Capacity:
100
Demands:
0 18 10 16 12 21 23 15 25 3 6 7 4 20 25 20 12 3 12 14 26 9 22 20 9 13 21 10 8 5 14 7 21 20 1 21 17 2
Uncertainty:budgeted
Gamma:
11
Mean Vector:
52.8015151297763 62.1288982680363 36.2215405525497 86.5332306111357 60.4152298679729 30.6757233003559 57.9396237474839 77.6208734813001 28.1602556806574 53.2353266168247 30.4138126514911 70.6045324324154 53.6003731330296 31.7804971641414 48.7647413609464 23.1948270094864 76.1183289359403 81.0246875958186 29.4108823397055 53.2541078227774 30.6757233003559 27 79.4040301244213 71.3091859440283 57.2712842531054 21.095023109729 59.0931468107766 36.4005494464026 71.5681493403316 85 23.7697286480094 34.5253530032641 81.0246875958186 73.24616030892 77.884529914483 74.1484996476665 59.2114853723498 52.8015151297763 22.8035085019828 21.6333076527839 94 80.3616824114578 37.2155881318568 80.6535802057168 100.960388271837 36.6196668472011 3.16227766016838 24.7588368062799 94.5568612000208 14.8660687473185 21.0237960416286 5.09901951359278 35.3553390593274 103.121287811974 88.0056816347672 36.8917334913934 8.94427190999916 22.4722050542442 30.4138126514911 86.0058137569781 95.8175349296777 77.7946013551069 36.1247837363769 79.6994353806851 17.6918060129541 95.5091618641898 97.3293378175358 40.4598566482878 21.2602916254693 88.0056816347672 97.718984849414 119.037809119624 101.242283656583 20.2484567313166 62.1288982680363 22.8035085019828 26 77.2787163454466 69.6419413859206 35.8468966578698 71.028163428319 89.4706655837543 37 25.8069758011279 32.0156211871642 83.86298349093 9.8488578017961 34.2052627529741 26.8700576850888 39.6232255123179 92.9623579735368 71.5891053163818 36.4005494464026 31.6227766016838 33.5410196624968 35.2278299076171 69.6347614342147 85.2349693494401 67.6756972627545 41.4366987102013 69.3397432934389 27.6586333718787 84.7230783199005 82.0060973342836 42.0594816896262 28.0713376952364 71.5891053163818 86.9540108333135 114.58621208505 91.2688336728371 3.16227766016838 36.2215405525497 21.6333076527839 26 76.9415362466854 60.0166643524946 15.6524758424985 59.9082632030006 80.6039701255465 15 23.7065391822594 6.08276253029822 73.9797269527267 17.464249196573 11.4017542509914 20.2484567313166 14.7648230602334 82.2800097228968 70.8590149522275 15.2643375224737 27.2029410174709 9.21954445729289 9.8488578017961 68.8839603971781 75.1864349467376 57.2712842531054 16.1554944214035 59.2283715798434 6.08276253029822 74.953318805774 79.1012010022604 19.1049731745428 2.82842712474619 70.8590149522275 77.1297607930946 97.4166310236604 80.3616824114578 23.0217288664427 86.5332306111357 94 77.2787163454466 76.9415362466854 28.6006992921502 64.8459713474939 32.4499614791759 28.1602556806574 67.3572564761956 97.0051545022222 79.0759128938769 29.2745623366089 80.156097709407 87.0976463516667 95.1314879522022 73.3893725276351 35.1283361405006 6.08276253029822 66.098411478643 102.078401241399 84.1724420460759 75 8.06225774829855 30.1496268633627 31.2409987036266 75.0266619276108 30 83.0240928887513 29.1547594742265 8.54400374531753 68.1542368455549 79.2464510246358 6.08276253029822 30.0166620396073 69.065186599328 35.0142828000232 77.7817459305202 60.4152298679729 80.3616824114578 69.6419413859206 60.0166643524946 28.6006992921502 45.1774279923061 4.12310562561766 20.6155281280883 47.0425339453563 82.9698740507662 60.2079728939615 14.3178210632764 68.9420046125727 68.1175454637056 80.049984384758 52.0384473250308 23.3238075793812 24.5967477524977 46.0977222864644 87.0976463516667 65.1229606206597 55.0363516232681 23.7697286480094 15.6524758424985 3.16227766016838 53.1507290636732 1.4142135623731 65.7647321898295 15.2315462117278 25 46.0977222864644 61.660360037872 24.5967477524977 17.464249196573 50.1597448159378 21.6333076527839 68.9637585982667 30.6757233003559 37.2155881318568 35.8468966578698 15.6524758424985 64.8459713474939 45.1774279923061 44.7213595499958 65.6201188660917 2.82842712474619 39.3573373083089 15.0332963783729 58.8557558782486 30 23 35.8468966578698 9.21954445729289 66.9402718847182 58.821764679411 1.4142135623731 42.7200187265877 20 10.1980390271856 56.9209978830308 60.0166643524946 42.2965719651132 11.3137084989848 44.2831796509691 20.8806130178211 59.8414572015087 65.924198895398 7.07106781186548 16.7630546142402 58.821764679411 61.9838688692469 82.0060973342836 65 33.5410196624968 57.9396237474839 80.6535802057168 71.028163428319 59.9082632030006 32.4499614791759 4.12310562561766 44.7213595499958 21.0237960416286 46.3896540189728 83.168503653727 59.6824932455071 14.142135623731 69.7710541700496 67.4759216313494 80.0812087820857 51.0392006206994 22.4722050542442 28.6356421265527 45.5411901469428 87.091905479212 64.4980619863884 54.3323108288245 27.8567765543682 15.2970585407784 3.60555127546399 52 3 65.5133574166368 15.1327459504216 28.3196045170126 45.0111097397076 61.3921819126833 28.6356421265527 17.2626765016321 46.9574275274956 20.6155281280883 70.178344238091 77.6208734813001 100.960388271837 89.4706655837543 80.6039701255465 28.1602556806574 20.6155281280883 65.6201188660917 21.0237960416286 67.3646791723972 103.580886267689 80.6225774829855 7.07106781186548 89.3196506934504 88.4590300647707 100.662803457881 72.0624728967859 7 28.4604989415154 66.4830805543786 107.707938426097 85.4751425854324 75.3259583410659 29.1547594742265 6.32455532033676 23.3452350598575 73.0068489937759 21.3775583264319 86.3133825081603 6.08276253029822 20 66.0302960768767 82.2009732302483 28.4604989415154 4.47213595499958 41 7.28010988928052 89 28.1602556806574 36.6196668472011 37 15 67.3572564761956 47.0425339453563 2.82842712474619 46.3896540189728 67.3646791723972 38.5875627631495 13.3416640641263 60.5309838016862 30.5286750449475 21.095023109729 34.8855270850248 6.40312423743285 68.4470598345904 61.3514466007119 1.4142135623731 41.6293165929973 18.1107702762748 8 59.464274989274 61.660360037872 44.1021541423999 8.48528137423857 46.0977222864644 19.6977156035922 61.5223536610881 68.2495421230062 5.09901951359278 15.6524758424985 61.3514466007119 63.6396103067893 82.4196578493262 66.4906008395172 34.5398320783411 53.2353266168247 3.16227766016838 25.8069758011279 23.7065391822594 97.0051545022222 82.9698740507662 39.3573373083089 83.168503653727 103.580886267689 38.5875627631495 26.2488094968134 97.1236325515062 18.0277563773199 21.6333076527839 4.47213595499958 36.8781778291715 105.621967412087 91 38.9486841883009 5.8309518948453 23.43074902772 32.0156211871642 89 98.3717439105356 80.3616824114578 37.4833296279826 82.2800097228968 19.2093727122985 98.0815986819138 100.244700608062 42.2018956920184 23.0217288664427 91 100.284595028349 120.929731662648 103.73041983912 23.3238075793812 30.4138126514911 24.7588368062799 32.0156211871642 6.08276253029822 79.0759128938769 60.2079728939615 15.0332963783729 59.6824932455071 80.6225774829855 13.3416640641263 26.2488094968134 73.824115301167 23.1948270094864 8.06225774829855 22.2036033111745 10.6301458127346 81.7863069223693 73.0068489937759 14.142135623731 28.6530975637888 5.09901951359278 5.8309518948453 71.0633520177595 74.9666592559653 57.3149195236284 11.4017542509914 59.3043000127309 7.07106781186548 74.8131004570724 80.6225774829855 16.1245154965971 4.12310562561766 73.0068489937759 76.9415362466854 94.8736001214247 79.8310716450681 29 70.6045324324154 94.5568612000208 83.86298349093 73.9797269527267 29.2745623366089 14.3178210632764 58.8557558782486 14.142135623731 7.07106781186548 60.5309838016862 97.1236325515062 73.824115301167 83.2586331859946 81.6149496109628 94.1116358374457 65.1229606206597 9.21954445729289 28.0713376952364 59.6824932455071 101.138518873869 78.63841300535 68.4689710744948 28.2842712474619 1.4142135623731 16.7630546142402 66.0302960768767 14.8660687473185 79.6241169495775 1 22.1359436211787 59.0762219509677 75.5049667240507 28.0713376952364 3.16227766016838 40.6078810084939 7.81024967590665 83.240615086627 53.6003731330296 14.8660687473185 9.8488578017961 17.464249196573 80.156097709407 68.9420046125727 30 69.7710541700496 89.3196506934504 30.5286750449475 18.0277563773199 23.1948270094864 83.2586331859946 24.5153013442625 18.0277563773199 31.9530906173409 92.1357693840997 74.2428447730823 30.2324329156619 23.7697286480094 24.0831891575846 27.2029410174709 72.2495674727538 84.581321815162 66.6408283261845 33.5261092284804 68.4470598345904 18.1107702762748 84.1724420460759 84.0119039184329 35.3553390593274 19.1049731745428 74.2428447730823 86.4060183089118 111.198021565134 90.3382532485547 6.70820393249937 31.7804971641414 21.0237960416286 34.2052627529741 11.4017542509914 87.0976463516667 68.1175454637056 23 67.4759216313494 88.4590300647707 21.095023109729 21.6333076527839 8.06225774829855 81.6149496109628 24.5153013442625 17.2046505340853 17.0880074906351 89.4427190999916 81.0246875958186 22.0227155455452 22.6715680975093 3 13.1529464379659 79.0759128938769 82.7345151674922 65.1920240520265 17 67.1863081289633 6.70820393249937 82.6075057122535 88.684835231284 23.0867927612304 8.60232526704263 81.0246875958186 84.717176534632 101.21264743104 87.4757109145162 31.04834939252 48.7647413609464 5.09901951359278 26.8700576850888 20.2484567313166 95.1314879522022 80.049984384758 35.8468966578698 80.0812087820857 100.662803457881 34.8855270850248 4.47213595499958 22.2036033111745 94.1116358374457 18.0277563773199 17.2046505340853 32.8024389337135 102.489023802552 89.0898422941695 35.3411940941446 7.07106781186548 19.1049731745428 28.0178514522438 87.091905479212 95.3362470417207 77.3692445355388 33.3016516106934 79.3095202355934 15.2643375224737 95.0789145920377 98.0459076147495 38.2753184180093 19.2353840616713 89.0898422941695 97.2676719162127 117.046999107196 100.578327685441 24.0831891575846 23.1948270094864 35.3553390593274 39.6232255123179 14.7648230602334 73.3893725276351 52.0384473250308 9.21954445729289 51.0392006206994 72.0624728967859 6.40312423743285 36.8781778291715 10.6301458127346 65.1229606206597 31.9530906173409 17.0880074906351 32.8024389337135 72.691127381545 67.4166151627327 7.81024967590665 39.1152144312159 14.3178210632764 5 65.5515064662895 66.1891229734916 49.0102030193714 2.23606797749979 51.0098029794274 17.6918060129541 66.1211010192662 73.9797269527267 6.08276253029822 14.2126704035519 67.4166151627327 68.1835757349231 84.380092438916 70.7106781186548 36.8781778291715 76.1183289359403 103.121287811974 92.9623579735368 82.2800097228968 35.1283361405006 23.3238075793812 66.9402718847182 22.4722050542442 7 68.4470598345904 105.621967412087 81.7863069223693 9.21954445729289 92.1357693840997 89.4427190999916 102.489023802552 72.691127381545 35.1710107901379 67.6830850360709 109.48059188733 86.4927742646748 76.2954782408499 35.7351367704113 7.81024967590665 25.4950975679639 73.4370478709486 23.7065391822594 87.8009111570034 8.48528137423857 27 66.6108099335236 83.6779540858881 35.1710107901379 6.40312423743285 34 2 92.2821759604746 81.0246875958186 88.0056816347672 71.5891053163818 70.8590149522275 6.08276253029822 24.5967477524977 58.821764679411 28.6356421265527 28.4604989415154 61.3514466007119 91 73.0068489937759 28.0713376952364 74.2428447730823 81.0246875958186 89.0898422941695 67.4166151627327 35.1710107901379 60.0832755431992 96.0468635614927 78.1024967590665 68.9637585982667 2 29.1547594742265 26.9258240356725 69.0796641566822 25.9422435421457 76.9415362466854 28.1602556806574 11.4017542509914 62.2414652783817 73.1641988953614 1e-05 29.4278779391243 68.5930025585701 34.7131099154196 72.0069441095788 29.4108823397055 36.8917334913934 36.4005494464026 15.2643375224737 66.098411478643 46.0977222864644 1.4142135623731 45.5411901469428 66.4830805543786 1.4142135623731 38.9486841883009 14.142135623731 59.6824932455071 30.2324329156619 22.0227155455452 35.3411940941446 7.81024967590665 67.6830850360709 60.0832755431992 42.154477816716 19.0262975904404 9.05538513813742 58.1893461039046 60.8276253029822 43.1856457633784 9.89949493661167 45.1774279923061 20.2484567313166 60.6712452484701 67.0820393249937 6 16.1554944214035 60.0832755431992 62.8012738724303 82.2009732302483 65.7343137181792 34.0147027033899 53.2541078227774 8.94427190999916 31.6227766016838 27.2029410174709 102.078401241399 87.0976463516667 42.7200187265877 87.091905479212 107.707938426097 41.6293165929973 5.8309518948453 28.6530975637888 101.138518873869 23.7697286480094 22.6715680975093 7.07106781186548 39.1152144312159 109.48059188733 96.0468635614927 42.154477816716 25 34.4818792991333 94.0478601564119 102.357217625334 84.4037913840368 39.4081209904761 86.3481325796916 21.9317121994613 102.107786186951 105.076162853427 44.7772263544762 26 96.0468635614927 104.292856898256 123.490890352285 107.563934476199 29.1547594742265 30.6757233003559 22.4722050542442 33.5410196624968 9.21954445729289 84.1724420460759 65.1229606206597 20 64.4980619863884 85.4751425854324 18.1107702762748 23.43074902772 5.09901951359278 78.63841300535 24.0831891575846 3 19.1049731745428 14.3178210632764 86.4927742646748 78.1024967590665 19.0262975904404 25 10.1980390271856 76.1577310586391 79.7621464104371 62.2012861603359 14.422205101856 64.1950153828161 6 79.6303962064738 85.7088093488645 20.2484567313166 6.40312423743285 78.1024967590665 81.7435012707432 98.6154146165801 84.5281018360166 30.4138126514911 27 30.4138126514911 35.2278299076171 9.8488578017961 75 55.0363516232681 10.1980390271856 54.3323108288245 75.3259583410659 8 32.0156211871642 5.8309518948453 68.4689710744948 27.2029410174709 13.1529464379659 28.0178514522438 5 76.2954782408499 68.9637585982667 9.05538513813742 34.4818792991333 10.1980390271856 67.0522184569608 69.5844810284592 52.0864665724217 6.32455532033676 54.0832691319598 12.8062484748657 69.462219947249 76.1183289359403 10.295630140987 9.21954445729289 68.9637585982667 71.5681493403316 89.044932477935 74.3303437365925 32.3882694814033 79.4040301244213 86.0058137569781 69.6347614342147 68.8839603971781 8.06225774829855 23.7697286480094 56.9209978830308 27.8567765543682 29.1547594742265 59.464274989274 89 71.0633520177595 28.2842712474619 72.2495674727538 79.0759128938769 87.091905479212 65.5515064662895 35.7351367704113 2 58.1893461039046 94.0478601564119 76.1577310586391 67.0522184569608 29.4278779391243 25.9422435421457 67.2309452558864 25.0798724079689 74.9666592559653 28.4429253066558 13.0384048104053 60.4152298679729 71.1969100453102 2 29.8328677803526 68.8839603971781 35.1710107901379 70.0357051795725 71.3091859440283 95.8175349296777 85.2349693494401 75.1864349467376 30.1496268633627 15.6524758424985 60.0166643524946 15.2970585407784 6.32455532033676 61.660360037872 98.3717439105356 74.9666592559653 1.4142135623731 84.581321815162 82.7345151674922 95.3362470417207 66.1891229734916 7.81024967590665 29.1547594742265 60.8276253029822 102.357217625334 79.7621464104371 69.5844810284592 29.4278779391243 18.0277563773199 67.0671305484289 16.1554944214035 80.8084154033477 1 22.8035085019828 60.1331855134916 76.6876782801514 29.1547594742265 2 39.4588393138977 6.40312423743285 84.5990543682375 57.2712842531054 77.7946013551069 67.6756972627545 57.2712842531054 31.2409987036266 3.16227766016838 42.2965719651132 3.60555127546399 23.3452350598575 44.1021541423999 80.3616824114578 57.3149195236284 16.7630546142402 66.6408283261845 65.1920240520265 77.3692445355388 49.0102030193714 25.4950975679639 26.9258240356725 43.1856457633784 84.4037913840368 62.2012861603359 52.0864665724217 25.9422435421457 18.0277563773199 50.0899191454728 2 62.9682459657247 17.7200451466693 28.0178514522438 43.0464865000618 58.8557558782486 26.9258240356725 19.9248588451713 50.5371150739731 23.7065391822594 66.8879660327626 21.095023109729 36.1247837363769 41.4366987102013 16.1554944214035 75.0266619276108 53.1507290636732 11.3137084989848 52 73.0068489937759 8.48528137423857 37.4833296279826 11.4017542509914 66.0302960768767 33.5261092284804 17 33.3016516106934 2.23606797749979 73.4370478709486 69.0796641566822 9.89949493661167 39.4081209904761 14.422205101856 6.32455532033676 67.2309452558864 67.0671305484289 50.0899191454728 52.0864665724217 18.4390889145858 67.0298440994756 75.4320886625844 7.07106781186548 15.2643375224737 69.0796641566822 69.065186599328 84.2199501305955 71.449282711585 38.6393581727233 59.0931468107766 79.6994353806851 69.3397432934389 59.2283715798434 30 1.4142135623731 44.2831796509691 3 21.3775583264319 46.0977222864644 82.2800097228968 59.3043000127309 14.8660687473185 68.4470598345904 67.1863081289633 79.3095202355934 51.0098029794274 23.7065391822594 25.9422435421457 45.1774279923061 86.3481325796916 64.1950153828161 54.0832691319598 25.0798724079689 16.1554944214035 2 52.0864665724217 64.9384323802169 15.8113883008419 26.4007575648882 45.0444225182208 60.8276253029822 25.9422435421457 18.0277563773199 49.6588360717405 21.9544984001001 68.60029154457 36.4005494464026 17.6918060129541 27.6586333718787 6.08276253029822 83.0240928887513 65.7647321898295 20.8806130178211 65.5133574166368 86.3133825081603 19.6977156035922 19.2093727122985 7.07106781186548 79.6241169495775 18.1107702762748 6.70820393249937 15.2643375224737 17.6918060129541 87.8009111570034 76.9415362466854 20.2484567313166 21.9317121994613 6 12.8062484748657 74.9666592559653 80.8084154033477 62.9682459657247 18.4390889145858 64.9384323802169 80.6039701255465 85.146931829632 23.0217288664427 4.12310562561766 76.9415362466854 82.7647267862342 101.788997440784 85.8661749468322 24.5153013442625 71.5681493403316 95.5091618641898 84.7230783199005 74.953318805774 29.1547594742265 15.2315462117278 59.8414572015087 15.1327459504216 6.08276253029822 61.5223536610881 98.0815986819138 74.8131004570724 1 84.1724420460759 82.6075057122535 95.0789145920377 66.1211010192662 8.48528137423857 28.1602556806574 60.6712452484701 102.107786186951 79.6303962064738 69.462219947249 28.4429253066558 1 17.7200451466693 67.0298440994756 15.8113883008419 80.6039701255465 21.8403296678416 60.0749531835024 76.4852927038918 28.1602556806574 2.23606797749979 40.4474968323134 7.21110255092798 84.1189633792524 85 97.3293378175358 82.0060973342836 79.1012010022604 8.54400374531753 25 65.924198895398 28.3196045170126 20 68.2495421230062 100.244700608062 80.6225774829855 22.1359436211787 84.0119039184329 88.684835231284 98.0459076147495 73.9797269527267 27 11.4017542509914 67.0820393249937 105.076162853427 85.7088093488645 76.1183289359403 13.0384048104053 22.8035085019828 28.0178514522438 75.4320886625844 26.4007575648882 85.146931829632 21.8403296678416 68.4105255059483 81.2219182240853 11.4017542509914 22.3606797749979 61 27.0739727413618 82.2253002426869 23.7697286480094 40.4598566482878 42.0594816896262 19.1049731745428 68.1542368455549 46.0977222864644 7.07106781186548 45.0111097397076 66.0302960768767 5.09901951359278 42.2018956920184 16.1245154965971 59.0762219509677 35.3553390593274 23.0867927612304 38.2753184180093 6.08276253029822 66.6108099335236 62.2414652783817 6 44.7772263544762 20.2484567313166 10.295630140987 60.4152298679729 60.1331855134916 43.0464865000618 7.07106781186548 45.0444225182208 23.0217288664427 60.0749531835024 68.4105255059483 19.2093727122985 62.2414652783817 62.1288982680363 78.7718223732319 64.6297145282261 39.560080889705 34.5253530032641 21.2602916254693 28.0713376952364 2.82842712474619 79.2464510246358 61.660360037872 16.7630546142402 61.3921819126833 82.2009732302483 15.6524758424985 23.0217288664427 4.12310562561766 75.5049667240507 19.1049731745428 8.60232526704263 19.2353840616713 14.2126704035519 83.6779540858881 73.1641988953614 16.1554944214035 26 6.40312423743285 9.21954445729289 71.1969100453102 76.6876782801514 58.8557558782486 15.2643375224737 60.8276253029822 4.12310562561766 76.4852927038918 81.2219182240853 19.2093727122985 73.1641988953614 78.644770964127 97.9081201943945 81.7435012707432 25.0199920063936 81.0246875958186 88.0056816347672 71.5891053163818 70.8590149522275 6.08276253029822 24.5967477524977 58.821764679411 28.6356421265527 28.4604989415154 61.3514466007119 91 73.0068489937759 28.0713376952364 74.2428447730823 81.0246875958186 89.0898422941695 67.4166151627327 35.1710107901379 1e-05 60.0832755431992 96.0468635614927 78.1024967590665 68.9637585982667 2 29.1547594742265 26.9258240356725 69.0796641566822 25.9422435421457 76.9415362466854 28.1602556806574 11.4017542509914 62.2414652783817 73.1641988953614 29.4278779391243 68.5930025585701 34.7131099154196 72.0069441095788 73.24616030892 97.718984849414 86.9540108333135 77.1297607930946 30.0166620396073 17.464249196573 61.9838688692469 17.2626765016321 4.47213595499958 63.6396103067893 100.284595028349 76.9415362466854 3.16227766016838 86.4060183089118 84.717176534632 97.2676719162127 68.1835757349231 6.40312423743285 29.4278779391243 62.8012738724303 104.292856898256 81.7435012707432 71.5681493403316 29.8328677803526 2 19.9248588451713 69.065186599328 18.0277563773199 82.7647267862342 2.23606797749979 22.3606797749979 62.1288982680363 78.644770964127 29.4278779391243 39.2045915678253 5.3851648071345 86.3539228987311 77.884529914483 119.037809119624 114.58621208505 97.4166310236604 69.065186599328 50.1597448159378 82.0060973342836 46.9574275274956 41 82.4196578493262 120.929731662648 94.8736001214247 40.6078810084939 111.198021565134 101.21264743104 117.046999107196 84.380092438916 34 68.5930025585701 82.2009732302483 123.490890352285 98.6154146165801 89.044932477935 68.8839603971781 39.4588393138977 50.5371150739731 84.2199501305955 49.6588360717405 101.788997440784 40.4474968323134 61 78.7718223732319 97.9081201943945 68.5930025585701 39.2045915678253 34.0587727318528 113.137084989848 74.1484996476665 101.242283656583 91.2688336728371 80.3616824114578 35.0142828000232 21.6333076527839 65 20.6155281280883 7.28010988928052 66.4906008395172 103.73041983912 79.8310716450681 7.81024967590665 90.3382532485547 87.4757109145162 100.578327685441 70.7106781186548 2 34.7131099154196 65.7343137181792 107.563934476199 84.5281018360166 74.3303437365925 35.1710107901379 6.40312423743285 23.7065391822594 71.449282711585 21.9544984001001 85.8661749468322 7.21110255092798 27.0739727413618 64.6297145282261 81.7435012707432 34.7131099154196 5.3851648071345 34.0587727318528 90.5538513813742 59.2114853723498 20.2484567313166 3.16227766016838 23.0217288664427 77.7817459305202 68.9637585982667 33.5410196624968 70.178344238091 89 34.5398320783411 23.3238075793812 29 83.240615086627 6.70820393249937 31.04834939252 24.0831891575846 36.8781778291715 92.2821759604746 72.0069441095788 34.0147027033899 29.1547594742265 30.4138126514911 32.3882694814033 70.0357051795725 84.5990543682375 66.8879660327626 38.6393581727233 68.60029154457 24.5153013442625 84.1189633792524 82.2253002426869 39.560080889705 25.0199920063936 72.0069441095788 86.3539228987311 113.137084989848 90.5538513813742
Deviation Vector:
84.6257473302309 85.9409504108 42.6833912624367 27.8230812562289 83.5164368962011 38.9505289449899 92.8639739948764 32.4398071209617 15.6908525021427 77.6831023901906 45.9241187279208 60.0722102616774 57.6161117271607 15.3662052109401 10.0995521051918 0.864267253309562 52.1197241011982 131.658394142426 45.4391346924588 5.44468137778013 38.1107013380062 20.3036367747717 32.1587429236962 97.7525232074168 61.6674391824245 18.0041791691781 53.4522419649124 51.0274647891012 50.9240795467814 84.3541511871055 18.9137181407635 23.7505242760634 60.7138014572176 25.4719758532462 78.6202319983993 37.4711684698184 95.775138232497 52.0555301374414 21.0540086811644 11.8628921062824 76.9640050181378 64.8446035662211 52.0716387427894 21.561959483103 130.281306076954 58.8220462661324 0.96323482174647 8.63573827816156 151.751282898994 3.31859605269091 9.48244334478411 6.22537141979533 34.4792152263593 88.2754552214825 84.9586350336281 15.7023787883301 0.743891308929779 5.47362816929924 6.11684861733737 68.3502189548861 118.428081119715 77.547747117912 53.5597505665739 28.6084438774265 23.7881433571007 82.6853562446717 84.1224458185584 54.0442224349542 4.78906136397649 14.1901191981618 25.188633399189 124.278390228594 98.0177601165109 0.61979196029879 81.4736563273812 14.4169447004434 0.274568927794011 124.879816284634 68.3200699300007 57.908093736297 15.1186162533393 128.126723124909 44.7692064365105 30.6605789198232 21.1860971410439 46.0415881127176 15.8931744574115 25.4799132458077 21.29674870991 7.46828541974598 143.127480736847 28.7940227108832 43.1459122152285 44.1426914561147 25.5303010775959 31.830075067308 44.2390382390833 138.547200930488 41.4820057159441 35.6587474273587 11.1199484737282 24.0828915117929 23.5732202654227 92.5454777697555 37.9093937006371 44.6222931522913 9.62148440460577 79.2923596150489 180.957327308241 101.802877651798 2.84912121338794 6.00308642754907 19.9269810556177 12.5997089927777 104.163897992254 94.9984288540479 16.1786158605269 80.3470201706065 56.5383652206353 2.99776760073345 36.2627099619086 3.73917596112242 44.5404955094629 19.0118238416652 4.3815301374939 27.603304586884 5.40122916836814 83.8916020578767 96.5353563095237 14.9402781299423 6.90412408898863 14.0388510582193 2.19770708464849 36.6489621369288 77.0586575851381 64.3999251587717 8.00176638023394 68.6634389371316 2.49401986063676 33.5922470323705 51.2870000973611 25.0463442584253 1.73639426079411 111.213009769111 13.0537623764575 33.2549478063118 122.633446422854 27.6918712904186 4.86232466586654 56.5040867481787 108.3995661698 122.016993262741 34.7734179660393 24.5394747718855 34.0110845417332 45.0594972087685 7.76707146136391 137.158112514484 78.5501170833237 43.2581344462517 61.4276729035843 108.623951249157 130.715546604012 72.6183392072472 5.36918791748664 4.69958364543958 32.2308948709237 66.1612817925184 25.7198145540535 67.3225612333027 8.83879352367216 28.7607221929304 18.1908252817512 6.29322812116235 26.9125295882252 62.3941250845122 12.3980081333406 6.80750013166595 22.3566837676122 38.1522869634116 8.50288042336456 3.13356918451479 30.4531330210253 34.5711203717266 37.554695705443 89.9608035793285 77.236211347379 41.6551455167664 76.6186086795386 9.38424965980058 20.3053183862895 1.71779810644764 32.4748991160765 9.27504153467777 116.665696863264 6.12696314920964 13.8849886553622 18.4347741257889 51.081698083007 102.090199585746 60.6263282736715 5.12836793196634 14.8298220740824 5.57589148129469 26.4565067615314 97.684592338251 48.0179161958089 17.3282515421379 10.493644455499 3.79633676443288 64.335951972814 0.624988613056479 85.8164923854769 0.381261508391386 35.7319266925996 7.43912487563953 93.3582776736283 18.7928724979404 13.2642772853644 58.403474088898 23.6268496451039 83.3749405195506 48.4976051438207 38.7440288190539 50.4054092673058 21.2991428542579 74.1081305270577 33.8629410033763 0.0805929746486692 17.4807256753379 1.12723989902401 45.9233869193427 7.31023708900213 58.9415377686386 38.633691642646 18.1706115373811 31.3701290478488 4.9225037229862 101.684389025551 90.9107180564769 0.152851015679935 47.1257114211727 7.22233324966094 14.4096599591748 64.2160219877887 9.84562171794817 66.5900600725749 11.4934581236418 41.0986455237452 14.7735640285532 33.1456853022177 25.9670780686314 2.05165099867231 8.52439592474011 84.4070482026407 4.33465697976736 19.9217044964229 61.8442822355288 27.486410825411 14.1796606365301 98.2234200711067 86.5141448096266 84.5643067860429 2.52354955775729 2.44556990744878 47.9863516471575 18.2443241123447 68.1117044813273 133.64579190595 45.3873433978584 19.6212942672993 6.18620363779727 16.0095992161005 9.78641132447922 76.6429001619013 30.6840969537801 8.19707344870035 66.0193704856684 65.7514769970396 78.3226585982324 28.8419066586396 36.4605717795174 24.6012532390755 2.96012116171967 9.93384492399211 4.2505545192742 58.3672856355588 6.56708257194053 21.0119119547704 3.78375789558144 41.6666711471884 9.54867172402067 22.4775357460638 21.7842276891603 8.47754827373428 18.8696173146677 119.29721734869 129.129901107775 9.91221913341395 122.31686317911 11.6344072247471 30.8866457669269 105.396969762844 13.6741670325226 109.159644423177 153.452044882869 31.4018968318019 1.98228264715629 116.543199394765 101.237747428649 150.458515178347 15.0815895732539 5.78880269957981 42.0238338052212 68.4958441380745 109.647466889195 108.303238352448 22.2099445822622 42.3319038974278 2.42030439766718 8.84583393371446 36.8190641675813 15.3092777431432 4.71762899456562 5.88956088279811 22.5471860213479 21.3633030898502 72.2393750191452 22.2000202378869 1.94236160999984 31.5688811768392 8.6864750749657 27.2519824027993 21.1144370066805 7.95552434738763 11.1105423439604 9.07381071440378 40.8683357484629 27.3139315264831 0.801471643057406 5.79190953699988 30.243696317071 19.0100835577897 12.6989332648384 18.1094307034835 46.4928144135276 7.24586590525854 54.6394266052362 1.22573926897263 11.575336457473 19.79119526707 0.80658568460801 28.0347278896818 18.8121111345543 4.9999935196556 0.911550878861964 33.2804871915162 41.8325287912741 7.58705914876752 60.8382976205162 27.239229210785 2.32373680816324 60.5101459503146 0.319804378740766 12.3273617401134 67.7227212874929 23.1014157245408 114.768299417241 5.60137586155254 32.5926751692319 2.63538220214626 0.66122150247024 35.9382928350708 12.8525555342486 112.615407150463 5.42715733957044 17.2672252149354 125.119434959194 0.550503070562856 24.3162544691669 1.23833982789113 31.8470315099133 21.6423220395518 15.5892671683844 6.11174197445106 7.34442263881439 77.7318021369374 25.4818408455801 44.7010428933835 0.021816013916579 37.4842359205421 28.9487633956532 3.69457024488913 84.60403805786 77.7038206247032 31.0766143960802 27.7733961937027 25.5471207062174 58.3800946772887 42.282255968882 27.3134948892116 14.8426619317713 57.4107201391195 41.4621749242528 143.52864076877 17.1635802139902 11.1687518427247 49.4408725840944 1.07766804156281 15.5010353723087 3.82860083696726 7.17246943322873 48.8932681119128 3.06036619479807 48.4214645200964 44.5322384149645 5.37303703725579 40.613765541061 61.4493233400789 35.9616508503726 12.5045831803233 17.8920470983954 8.80472355007562 130.245894490385 2.88492242080128 2.38803219627032 22.7863002519206 1.92265205759487 8.73936865144847 98.8112466287019 59.8873801866955 29.7839216269873 4.66155532581845 84.7897632251553 6.5980063605113 119.38089662891 128.609449070365 22.767094997235 6.57627965610431 0.904182003063569 20.7573412492323 56.739592944088 8.22966431485491 31.3737567139751 56.5985087575907 86.4633810558056 0.659374347403716 89.0977270598118 24.4536816469423 12.0303656780099 66.4142796201317 10.7477248319181 0.139362704073714 19.9968745982566 70.5261310205781 4.3722066810263 41.5641287351176 124.168605445091 41.0597521450198 24.2036519772447 11.8518790158618 34.6720673921614 53.1958840443216 6.87910039041714 81.6688404867736 13.5615202801052 1.05762927935348 1.42467098493347 26.9889103726442 0.398119177400985 15.1601107868238 20.1814100726565 0.604083940805664 24.8557403970947 78.8851993206661 106.138167687694 11.5353128698118 4.24749137827643 39.9467342828466 9.7335264624375 46.3705413619645 26.0389383648552 5.64737679294501 5.68057654911257 14.2535408378674 88.6551824593768 43.8471013271362 39.4611725413781 69.8465065545529 95.7763480280651 1.85271280416997 11.9028730412062 15.7976069193454 79.2624130997997 17.8537394612882 1.68151775176365 36.7483053795484 70.5448634246988 81.7167485536031 34.2759683972272 18.3428953170371 11.8995555028381 37.7361041395231 99.3991737354941 136.765463526491 73.0499013593177 38.7273773580424 27.4851189362901 14.7241012018471 43.1395534794631 1.80270337047306 48.4392463140838 19.072718046273 29.7967262908598 27.6929859328138 20.9187348466 136.17344878699 6.41638464060416 47.7817831461431 18.5452773004569 13.7655688656769 17.8344131880557 134.336055333082 73.8069464128089 20.4662796963102 43.4737318042094 104.098330517803 8.72412320471264 30.501821074197 5.24949602076207 126.283739440725 13.6131749117351 19.7031441916135 22.3540623173797 27.2552300984211 92.0316028785939 17.1336797741806 33.0973960632059 4.61219817324136 20.9263746685973 27.3627917568868 128.971286831038 87.0134887555047 22.8538417455537 22.430343463011 0.193724461820802 126.59311941698 19.056628647912 22.749191961424 12.1259528506575 88.8832103176519 117.571935443231 136.378910885884 88.6133436949333 26.2356893362387 29.7924261647769 0.15778733980974 10.6256612519853 20.7446462364182 137.074182999141 83.7775927726716 33.8921949508963 29.617171111585 56.9190178571695 21.8836135692821 3.01673274021944 1.66401017254698 132.254902831061 9.15954081525685 27.7397916644863 44.9378752515425 87.5370898705595 137.630812416295 38.1096711557784 4.0454278052996 4.82135864467104 31.0217695489132 41.6499086805087 44.5450794642978 36.0730794174927 8.70828789197713 124.058413000229 3.47595065327571 152.976884644537 93.2309286658449 41.0583840066231 11.4170242868583 87.4715440243466 142.804302944361 189.387649083452 80.0987128843296 21.3949834448106 21.7375681658531 41.2321263580733 57.605067068128 23.099135821641 15.737396656562 79.5545043589356 12.3857516402034 36.8766853047219 109.157425849531 6.96040795692065 58.1431956778383 15.2358646648421 35.1027862940722 16.6920723519917 1.01306990136701 0.652507158451706 72.7363728650547 35.4966836572246 3.79685724805163 49.368079258793 6.64937749100086 3.56927427115445 81.5933033763026 93.6776799051815 7.85246436765853 0.473862436911814 39.3179913620672 0.0359733858046796 13.4635792118441 115.939125577674 5.41616273857961 16.213716605731 74.6335188322933 48.9480898587724 91.0392350398872 93.4431945013084 22.8757256590125 60.5899004191082 43.0693934973029 47.2918703174044 21.1199370046293 12.9251480219169 7.36203454616815 53.2648356179984 20.0077647304529 2.62451041182722 55.8253482638317 27.9487008533945 73.7268625256543 12.0014191842781 140.666470363209 122.167123038923 39.8934359796655 83.2389871852259 40.6164538662435 37.1896182101376 148.567671779719 25.8851118887303 42.0769779663557 55.7697883016733 1.8752685558997 36.7616859694383 78.9514684710972 31.9363322422804 46.8376743725997 4.47737119732302 28.1419271986859 76.8527798681209 110.761114997213 51.347960743824 0.231366770521132 53.7316670927367 0.403092876402132 32.462843543495 60.7445683002128 96.091668582283 52.0243830538274 110.915854664171 8.25121242140063 0.0447610942790909 72.9798368740489 35.9914416986934 38.9251328506175 0.220545356182974 70.5828082428402 65.4266760034255 15.525182756946 37.5900856507348 96.8606876385331 98.405256220713 29.7044278593823 50.4897494314076 55.284326860067 145.578263937924 90.3144008106386 100.244447009225 0.834036000652447 16.6854266252313 26.4140806173993 7.89800625643575 10.5302433734482 78.2593712982884 1.92417364649823 6.92608102384048 85.2027022936936 59.8507915143593 7.29921768550828e-07 13.8095702215188 51.924328268702 49.6218054643213 33.9216142131461 10.9214509541714 39.1057248048157 7.73265078840732 5.72313835998619 13.8345870238089 51.1041198047839 1.31238593776356 32.5899787537716 45.0559172524912 0.574472526728396 45.0334554382422 6.88594101736599 79.1593853907511 31.6104296201185 0.372654531737643 40.7688151226148 11.4232561811874 39.8806864161515 30.5359115087368 66.4746580357603 18.9337885844937 13.8126699648248 1.10057868011771 97.482067943056 54.755702889858 8.28535855327983 2.22462259004261 2.24428060588069 96.7062776051154 99.1958917785592 3.49155129497721 5.47564797252101 54.8195395290038 49.8866610544868 58.6807562181624 73.7338855937782 9.40900704141227 0.826544197457227 1.88693160439657 30.1782766510917 11.4724099884742 139.560641072328 125.527780880123 5.20032407310335 68.4912678347141 157.054527543216 53.0902058078847 3.63080352299663 12.0639000585789 15.8978634768685 13.6262823532209 32.1068138560269 0.397377281867609 23.1630816768014 152.443029032158 127.176809558226 60.2439489136433 36.0415620591217 49.4797441223309 131.358243810493 132.454531753032 32.9621104835807 4.30752395634539 50.0896013992281 25.9865844437117 84.0525616134575 7.92683261876876 65.4420123330461 21.8060858547638 27.5082338023665 82.336858464731 155.651596809355 2.93105223036438 17.6200377959907 42.3987628803582 18.285062017125 14.6295376819177 9.50648156149641 120.901276372308 55.8235033696319 23.7662341537908 24.7200856520104 55.3047089411799 22.5390227965458 22.8553932515511 2.10641409672712 74.0990732642693 18.7420718624814 0.685256031859564 14.3455302290323 7.85466449300276 131.681841892915 89.1468271150492 12.5173831864912 11.9051001809586 7.13810540888668 112.795228087515 44.0002242136002 33.2842422028426 10.0007019490249 53.7984543050185 7.94749690592076 26.079600377824 74.1635428462966 6.12717350229229 0.533525462555848 4.11019080649509 60.3894889753591 109.901493018809 125.860471244594 48.5395214074138 18.2631101814324 7.47878418587183 21.7232711565639 2.90122957725656 91.6008992924885 56.673828315236 12.613455066841 20.2780083903049 94.7729601431696 2.89107841719415 29.5124947815933 6.73058805678485 102.894687854492 42.972880927898 0.0545155356557707 16.149382770024 7.17221413737496 42.4040861009919 76.65332507305 4.54146713808844 48.0620465154852 8.2577476535202 55.5882506724642 44.0320793246834 57.9377720957439 5.77022027627947 37.0692953753481 2.8783424601068 27.8162650505773 41.7161756046674 2.00131421427521 9.92818816903551 54.7534089364743 58.0443217661093 122.11964283806 28.9103710831682 6.9454282639874 77.9703004313497 65.5507331841805 102.545126358794 92.5337988769478 0.464677681989969 23.7829150905607 69.4308691054673 0.306566501710699 29.2917721856905 10.0986171531123 128.644865194001 110.893448900983 36.2414338738851 23.1649072256021 105.010951107855 40.4734690428389 75.3614681750081 11.9504292988154 3.15411934246838 25.3507160187188 95.9126685817811 13.3637671000141 56.0630825089063 46.1391475486623 9.59498988850586 19.2702970892212 18.4455222505427 88.5277791081336 0.90224431024847 14.6605849574213 84.2996694378634 72.1698220950644 0.520472488479513 37.0406821193 50.3299389337404 11.1798942150494 43.1290830207482 23.1097809864962 31.5122326132273 138.124558554629 37.1349729290121 4.46153693788563 24.3342266452934 8.93574965966688 7.16825229620903 7.94546028880515 37.8353624845849 159.190668661727 119.2497915286 0.798073588077945 36.1643939604979 81.4262385567682 70.5295749488724 83.6418896660556 7.23005365921639 32.3518058282688 94.3015946661179 3.56602830294349 52.978618649816 110.084728666226 34.1144025342885 7.80962397078299 65.0114812644351 22.9325762315043 3.91604716343231 0.0736519404938931 2.53159198421822 39.9450637435679 30.5010316161074 12.8250377532584 1.3168921490444 35.1829122640957 3.76423669377737 49.6391034298889 59.5921212144849 82.1883095203262 14.66526755909 1.59140553232828 32.7527118765584 0.572555452776267 25.0442398356598 5.32164320566044 27.2029180410805 58.7400338915932 89.4660945556738 26.6292509158009 13.6655888819664 69.1236003530593 32.5602835231138 114.462243799162 48.6642061564288 0.825045365387713 7.70839540653129 14.5079624582398 122.541794298377 20.8214763179831 21.3344099793487 40.5443393221362 18.0100897211575 40.4389226170696 0.75283799238186 1.95960375646978 1.28677181677523 27.0174461058554 26.59746399307 65.5147141412894 10.6202645030269 16.6288263329623 57.6591819569595 34.2041617375484 67.9337461305829 2.25067543046046 46.6886873742389 22.9780660668555 23.2413063248562 58.4739423886707 54.1684106896986 7.0990786805279 9.89486812920526 110.868130605572 4.07767373811345 44.3512590229921 17.683664534535 50.6347433567709 50.9318702744147 23.3999246540963 36.6845858725197 0.67623337540344 96.4221084925026 32.7616532610615 10.9859380667964 2.48520954396108 7.28868708980401 7.47792693581616 69.0702083118063 75.3336384817391 33.5181088726909 74.0557105029831 6.112345754037 12.3161056994148 93.4040850740255 9.52560015280061 4.43326546492679 62.4712648534136 19.0144665694283 8.64838039383416 4.0987917924165 50.0170638038898 43.1476802186476 19.7377546616981 82.28633390634 71.7091114107467 42.9263584022246 1.57165342158249 15.5530408829286 3.97111002471389 18.4156409850164 66.9708805551565 133.797506885337 32.5041970120159 4.47046165279628 75.9437810999238 41.0612566396619 63.9310325311563 33.9492836420234 0.288435493846545 7.8606796629001 60.2984520276036 123.8189933634 40.7314435140848 82.1223994911633 26.2300208939634 5.73961289618253 0.365061966873242 16.8682215855328 40.9492015260489 4.50970850243272 10.0644129348838 13.4546958224346 61.7633287409829 16.3142779679227 26.7786237663862 29.7833632432482 9.51512827750846 66.5691727662538 34.6160995520398 2.3133798773869 5.6836758588573 4.72894744928623 10.8378377096942 49.5593469350406 22.5124321886397 81.2407756462166 117.795377542841 5.08003455388784 5.36446710659416 9.73620643221597 44.6616938003932 29.2301688559716 7.94595441205107 18.2470201796278 26.644995374886 53.0341011238166 119.311328801267 1.26045771051841 20.3499345275403 3.32948737505586 4.44976896090475 98.1384015570042 68.9791088720148 85.8163652454506 5.74594415252039 46.2802003502157 27.1043297818044 63.4361493390294 1.30589628361138 5.30743817443608 67.3838395743129 21.7024213322916 44.6173146867366 86.4086961878718 24.9027342767454 108.531765493447 59.2192066211414 63.8980374561373 11.0957488274182 26.218872966502 7.68828506751281 42.4241266418986 13.4215411393575 0.38277604530891 17.1031227716401 75.1931777301944 49.8969540775722 0.202328072284144 69.7695742024219 131.745086485543 71.9978077989765 77.7820291674761 10.840628210381 45.3621047890528 55.3845343615494 162.269475353672 55.5173647909852 86.7672340265686 20.1339519762356 0.753912612488622 16.1256959839023 106.151933741936 16.0664395381787 108.682933850641 21.0458752003162 24.3657389146028 94.7264887454518 44.5963085127105 2.5933641401832 56.0815996671639 6.17714348307308 3.21357558984532 39.8756071634982 11.4060719359224 8.29333751854828 59.0983504964043 7.5514423105286 19.2021377705127 62.5918212493427 2.44603315414805 14.731436556295 5.48374231127292 126.581947847454 31.2659609632607 1.43570161144094 46.1432831946782 31.0981161972221 74.7155397160938 12.7267176958587 28.5803325562189 17.2845931364085 72.586487750249 106.740258782563 77.6302708368506 61.2042330696677 4.6040677411541 29.9030009851878 11.6614280964914 23.4165061141547 22.3027117164097 15.0196578151077 25.4886978552168 60.4050022078339 52.4305127877013 14.6425636344804 22.0053447766683 84.9513467229505 14.6665574401832 10.3479594035235 17.0132024188974 25.412596955294 36.2729666700031 15.2094541980582 18.0253008583215 57.6326260144528 6.08788961013215 36.6266667092049 105.706974944668 8.27572955040312 41.6007226626701 16.6577727893141 89.3597330775068 15.6081344492771 9.75561658290831 30.3146785503723 7.57627334080089 51.6685756723529 29.6894346234312 0.212401708628454 48.6330007704784 26.7639960835936 2.18058584155495 37.8689834309468 34.7817650771475 36.9045684376669 2.01316172909605 70.3828599499525 14.35677318717 49.6474865263844 4.24311752004494 25.7284418164528 90.5314445615679 57.434750253523 40.1045309407856 5.98809073551568 21.6918451075201 47.3025097112557 19.2698460820315 14.6775758329349 3.8657213931278 21.0626410586604 95.9397097887379 21.0042902891175 43.4196981487789 28.9475056904397 6.55340481232536 7.51515169208417 4.65017790740643 67.6287252797588 6.91289791456891 5.05471234210493 11.3704152032324 8.15288284190967 101.619364969867 85.5678636791822 23.1177658272109 38.9769720602467 7.07998170198809 3.94805381130361 49.7804832744347 89.5506339981238 8.31338404632661 8.04993310667018 28.3354014830686 2.68155636006846 47.4224828744786 82.3718372840119 7.57056280949103 111.677705473233 120.878958071675 13.1687465362313 13.5562777258304 36.694754096221 112.422724258194 76.8369221938679 13.7756773854433 12.7438558363764 7.29644277043444 32.4741222074433 63.2647982029898 44.7107013225639 8.01201725100328 2.47295276425316 46.2875736010808 109.21268585243 33.9618234419125 23.2575242942434 110.897886437806 61.4008658832106 49.9887054542721 15.5294569645859 2.30587761718058e-06 53.0378832445793 93.0607705562409 54.3920543605168 105.72919978058 3.17786195760267 2.45573568387031 8.10129795845729 102.858489537371 42.0590120756935 33.4984766500582 0.801926628585879 16.6639775367558 12.2330680717888 65.9624801613338 0.812472055650129 25.8177304450939 16.4800464098191 97.0559809100693 106.347857004633 40.0422837266878 0.264143004184964 115.09549440477 27.5680348910234 26.1782384243824 66.6776737279877 21.2622183886529 5.55130049120993 8.81932235221347 34.7818106110098 4.34752908375937 1.16741817858997 106.242298634327 86.8702093697507 103.647355021384 77.4795526954881 6.32628509598396 33.8367618769321 90.2587528277664 88.7154443800753 93.574250477407 17.6231025433197 26.2265224743078 1.95982413161228 8.82241571914662 10.6593244529109 18.1633429691307 67.7987537833338 1.4066814812742 16.301944731119 40.0577866682978 81.7006575389963 21.5436451615994 20.0194034498757 1.7821429391303 52.2181168482261 123.553330355261 186.011203793045 25.1702098923533 9.60549141352408 19.5529290876394 13.8524204159716 38.3601737674151 71.0315102325083 53.3647983046257 126.379101458457 123.671304584457 62.9234533910228 42.9158514048961 92.6877019278527 153.223030675389 67.3277843696922 91.1119012186846 26.065821387875 106.671183413329 125.156237476446 113.73251190905 92.3343564155137 63.7021073192516 106.774688048426 1.53917393282256 68.737841345492 81.0682103835511 38.291428948023 24.881240459957 52.3193594980418 83.9231154941184 16.1056301905827 120.406446124672 109.43674339892 11.8814004995862 51.5274667478608 27.749249936896 57.1561599643985 141.661425637043 141.179330650226 54.4731038995308 27.8558586089408 12.6282373056739 7.04204502258976 0.0566670624565758 3.43087737847152 45.4502642929015 112.291119356909 98.8236066251442 4.78257347928725 88.4182656633759 46.5845269128266 155.760961880312 4.79375455286063 0.91252573778383 55.1126301238999 93.8646334785571 152.616028635327 61.9087830621967 3.42168224508321 38.1959802332419 3.08533214892241 5.93831577641015 49.26085523679 9.90044423557951 47.5315805617097 4.15363098386843 18.8495472398461 85.594808969375 28.5195891510528 21.4086092546134 2.0242375646719 38.978502352993 108.707206813942 28.6720150614417 23.2289686484571 0.143541881254688 26.8845417555287 46.9319293058626 88.5012593736574 5.15827538114352 111.031012403202 16.8653050476136 2.62840488051916 0.549852879714172 18.7270596740542 3.11424755498111 9.73705465261176 13.6071014488581 18.5396567097281 55.2268362166436 140.662278039937 90.1285913038548 4.13941903299537 17.1246064848454 2.3197391265014 21.870152394929 81.4777280797831 65.3524705520537 24.9687049390427 58.4329624382293 95.3013267298945 18.3664449621948 86.6734868846967 79.2118203517802 48.7939398047728 13.791504487326 72.6364914109817 66.912012637559 130.62797840062 60.2815411275913
