Instancenumber:
37
Instancename:
B-n38-k6
Customers:
37
Depot:
0
Dimension:
1406
Vehicles:
37
Capacity:
100
Demands:
0 18 10 16 12 21 23 15 25 3 6 7 4 20 25 20 12 3 12 14 26 9 22 20 9 13 21 10 8 5 14 7 21 20 1 21 17 2
Uncertainty:budgeted
Gamma:
11
Mean Vector:
52.8015151297763 62.1288982680363 36.2215405525497 86.5332306111357 60.4152298679729 30.6757233003559 57.9396237474839 77.6208734813001 28.1602556806574 53.2353266168247 30.4138126514911 70.6045324324154 53.6003731330296 31.7804971641414 48.7647413609464 23.1948270094864 76.1183289359403 81.0246875958186 29.4108823397055 53.2541078227774 30.6757233003559 27 79.4040301244213 71.3091859440283 57.2712842531054 21.095023109729 59.0931468107766 36.4005494464026 71.5681493403316 85 23.7697286480094 34.5253530032641 81.0246875958186 73.24616030892 77.884529914483 74.1484996476665 59.2114853723498 52.8015151297763 22.8035085019828 21.6333076527839 94 80.3616824114578 37.2155881318568 80.6535802057168 100.960388271837 36.6196668472011 3.16227766016838 24.7588368062799 94.5568612000208 14.8660687473185 21.0237960416286 5.09901951359278 35.3553390593274 103.121287811974 88.0056816347672 36.8917334913934 8.94427190999916 22.4722050542442 30.4138126514911 86.0058137569781 95.8175349296777 77.7946013551069 36.1247837363769 79.6994353806851 17.6918060129541 95.5091618641898 97.3293378175358 40.4598566482878 21.2602916254693 88.0056816347672 97.718984849414 119.037809119624 101.242283656583 20.2484567313166 62.1288982680363 22.8035085019828 26 77.2787163454466 69.6419413859206 35.8468966578698 71.028163428319 89.4706655837543 37 25.8069758011279 32.0156211871642 83.86298349093 9.8488578017961 34.2052627529741 26.8700576850888 39.6232255123179 92.9623579735368 71.5891053163818 36.4005494464026 31.6227766016838 33.5410196624968 35.2278299076171 69.6347614342147 85.2349693494401 67.6756972627545 41.4366987102013 69.3397432934389 27.6586333718787 84.7230783199005 82.0060973342836 42.0594816896262 28.0713376952364 71.5891053163818 86.9540108333135 114.58621208505 91.2688336728371 3.16227766016838 36.2215405525497 21.6333076527839 26 76.9415362466854 60.0166643524946 15.6524758424985 59.9082632030006 80.6039701255465 15 23.7065391822594 6.08276253029822 73.9797269527267 17.464249196573 11.4017542509914 20.2484567313166 14.7648230602334 82.2800097228968 70.8590149522275 15.2643375224737 27.2029410174709 9.21954445729289 9.8488578017961 68.8839603971781 75.1864349467376 57.2712842531054 16.1554944214035 59.2283715798434 6.08276253029822 74.953318805774 79.1012010022604 19.1049731745428 2.82842712474619 70.8590149522275 77.1297607930946 97.4166310236604 80.3616824114578 23.0217288664427 86.5332306111357 94 77.2787163454466 76.9415362466854 28.6006992921502 64.8459713474939 32.4499614791759 28.1602556806574 67.3572564761956 97.0051545022222 79.0759128938769 29.2745623366089 80.156097709407 87.0976463516667 95.1314879522022 73.3893725276351 35.1283361405006 6.08276253029822 66.098411478643 102.078401241399 84.1724420460759 75 8.06225774829855 30.1496268633627 31.2409987036266 75.0266619276108 30 83.0240928887513 29.1547594742265 8.54400374531753 68.1542368455549 79.2464510246358 6.08276253029822 30.0166620396073 69.065186599328 35.0142828000232 77.7817459305202 60.4152298679729 80.3616824114578 69.6419413859206 60.0166643524946 28.6006992921502 45.1774279923061 4.12310562561766 20.6155281280883 47.0425339453563 82.9698740507662 60.2079728939615 14.3178210632764 68.9420046125727 68.1175454637056 80.049984384758 52.0384473250308 23.3238075793812 24.5967477524977 46.0977222864644 87.0976463516667 65.1229606206597 55.0363516232681 23.7697286480094 15.6524758424985 3.16227766016838 53.1507290636732 1.4142135623731 65.7647321898295 15.2315462117278 25 46.0977222864644 61.660360037872 24.5967477524977 17.464249196573 50.1597448159378 21.6333076527839 68.9637585982667 30.6757233003559 37.2155881318568 35.8468966578698 15.6524758424985 64.8459713474939 45.1774279923061 44.7213595499958 65.6201188660917 2.82842712474619 39.3573373083089 15.0332963783729 58.8557558782486 30 23 35.8468966578698 9.21954445729289 66.9402718847182 58.821764679411 1.4142135623731 42.7200187265877 20 10.1980390271856 56.9209978830308 60.0166643524946 42.2965719651132 11.3137084989848 44.2831796509691 20.8806130178211 59.8414572015087 65.924198895398 7.07106781186548 16.7630546142402 58.821764679411 61.9838688692469 82.0060973342836 65 33.5410196624968 57.9396237474839 80.6535802057168 71.028163428319 59.9082632030006 32.4499614791759 4.12310562561766 44.7213595499958 21.0237960416286 46.3896540189728 83.168503653727 59.6824932455071 14.142135623731 69.7710541700496 67.4759216313494 80.0812087820857 51.0392006206994 22.4722050542442 28.6356421265527 45.5411901469428 87.091905479212 64.4980619863884 54.3323108288245 27.8567765543682 15.2970585407784 3.60555127546399 52 3 65.5133574166368 15.1327459504216 28.3196045170126 45.0111097397076 61.3921819126833 28.6356421265527 17.2626765016321 46.9574275274956 20.6155281280883 70.178344238091 77.6208734813001 100.960388271837 89.4706655837543 80.6039701255465 28.1602556806574 20.6155281280883 65.6201188660917 21.0237960416286 67.3646791723972 103.580886267689 80.6225774829855 7.07106781186548 89.3196506934504 88.4590300647707 100.662803457881 72.0624728967859 7 28.4604989415154 66.4830805543786 107.707938426097 85.4751425854324 75.3259583410659 29.1547594742265 6.32455532033676 23.3452350598575 73.0068489937759 21.3775583264319 86.3133825081603 6.08276253029822 20 66.0302960768767 82.2009732302483 28.4604989415154 4.47213595499958 41 7.28010988928052 89 28.1602556806574 36.6196668472011 37 15 67.3572564761956 47.0425339453563 2.82842712474619 46.3896540189728 67.3646791723972 38.5875627631495 13.3416640641263 60.5309838016862 30.5286750449475 21.095023109729 34.8855270850248 6.40312423743285 68.4470598345904 61.3514466007119 1.4142135623731 41.6293165929973 18.1107702762748 8 59.464274989274 61.660360037872 44.1021541423999 8.48528137423857 46.0977222864644 19.6977156035922 61.5223536610881 68.2495421230062 5.09901951359278 15.6524758424985 61.3514466007119 63.6396103067893 82.4196578493262 66.4906008395172 34.5398320783411 53.2353266168247 3.16227766016838 25.8069758011279 23.7065391822594 97.0051545022222 82.9698740507662 39.3573373083089 83.168503653727 103.580886267689 38.5875627631495 26.2488094968134 97.1236325515062 18.0277563773199 21.6333076527839 4.47213595499958 36.8781778291715 105.621967412087 91 38.9486841883009 5.8309518948453 23.43074902772 32.0156211871642 89 98.3717439105356 80.3616824114578 37.4833296279826 82.2800097228968 19.2093727122985 98.0815986819138 100.244700608062 42.2018956920184 23.0217288664427 91 100.284595028349 120.929731662648 103.73041983912 23.3238075793812 30.4138126514911 24.7588368062799 32.0156211871642 6.08276253029822 79.0759128938769 60.2079728939615 15.0332963783729 59.6824932455071 80.6225774829855 13.3416640641263 26.2488094968134 73.824115301167 23.1948270094864 8.06225774829855 22.2036033111745 10.6301458127346 81.7863069223693 73.0068489937759 14.142135623731 28.6530975637888 5.09901951359278 5.8309518948453 71.0633520177595 74.9666592559653 57.3149195236284 11.4017542509914 59.3043000127309 7.07106781186548 74.8131004570724 80.6225774829855 16.1245154965971 4.12310562561766 73.0068489937759 76.9415362466854 94.8736001214247 79.8310716450681 29 70.6045324324154 94.5568612000208 83.86298349093 73.9797269527267 29.2745623366089 14.3178210632764 58.8557558782486 14.142135623731 7.07106781186548 60.5309838016862 97.1236325515062 73.824115301167 83.2586331859946 81.6149496109628 94.1116358374457 65.1229606206597 9.21954445729289 28.0713376952364 59.6824932455071 101.138518873869 78.63841300535 68.4689710744948 28.2842712474619 1.4142135623731 16.7630546142402 66.0302960768767 14.8660687473185 79.6241169495775 1 22.1359436211787 59.0762219509677 75.5049667240507 28.0713376952364 3.16227766016838 40.6078810084939 7.81024967590665 83.240615086627 53.6003731330296 14.8660687473185 9.8488578017961 17.464249196573 80.156097709407 68.9420046125727 30 69.7710541700496 89.3196506934504 30.5286750449475 18.0277563773199 23.1948270094864 83.2586331859946 24.5153013442625 18.0277563773199 31.9530906173409 92.1357693840997 74.2428447730823 30.2324329156619 23.7697286480094 24.0831891575846 27.2029410174709 72.2495674727538 84.581321815162 66.6408283261845 33.5261092284804 68.4470598345904 18.1107702762748 84.1724420460759 84.0119039184329 35.3553390593274 19.1049731745428 74.2428447730823 86.4060183089118 111.198021565134 90.3382532485547 6.70820393249937 31.7804971641414 21.0237960416286 34.2052627529741 11.4017542509914 87.0976463516667 68.1175454637056 23 67.4759216313494 88.4590300647707 21.095023109729 21.6333076527839 8.06225774829855 81.6149496109628 24.5153013442625 17.2046505340853 17.0880074906351 89.4427190999916 81.0246875958186 22.0227155455452 22.6715680975093 3 13.1529464379659 79.0759128938769 82.7345151674922 65.1920240520265 17 67.1863081289633 6.70820393249937 82.6075057122535 88.684835231284 23.0867927612304 8.60232526704263 81.0246875958186 84.717176534632 101.21264743104 87.4757109145162 31.04834939252 48.7647413609464 5.09901951359278 26.8700576850888 20.2484567313166 95.1314879522022 80.049984384758 35.8468966578698 80.0812087820857 100.662803457881 34.8855270850248 4.47213595499958 22.2036033111745 94.1116358374457 18.0277563773199 17.2046505340853 32.8024389337135 102.489023802552 89.0898422941695 35.3411940941446 7.07106781186548 19.1049731745428 28.0178514522438 87.091905479212 95.3362470417207 77.3692445355388 33.3016516106934 79.3095202355934 15.2643375224737 95.0789145920377 98.0459076147495 38.2753184180093 19.2353840616713 89.0898422941695 97.2676719162127 117.046999107196 100.578327685441 24.0831891575846 23.1948270094864 35.3553390593274 39.6232255123179 14.7648230602334 73.3893725276351 52.0384473250308 9.21954445729289 51.0392006206994 72.0624728967859 6.40312423743285 36.8781778291715 10.6301458127346 65.1229606206597 31.9530906173409 17.0880074906351 32.8024389337135 72.691127381545 67.4166151627327 7.81024967590665 39.1152144312159 14.3178210632764 5 65.5515064662895 66.1891229734916 49.0102030193714 2.23606797749979 51.0098029794274 17.6918060129541 66.1211010192662 73.9797269527267 6.08276253029822 14.2126704035519 67.4166151627327 68.1835757349231 84.380092438916 70.7106781186548 36.8781778291715 76.1183289359403 103.121287811974 92.9623579735368 82.2800097228968 35.1283361405006 23.3238075793812 66.9402718847182 22.4722050542442 7 68.4470598345904 105.621967412087 81.7863069223693 9.21954445729289 92.1357693840997 89.4427190999916 102.489023802552 72.691127381545 35.1710107901379 67.6830850360709 109.48059188733 86.4927742646748 76.2954782408499 35.7351367704113 7.81024967590665 25.4950975679639 73.4370478709486 23.7065391822594 87.8009111570034 8.48528137423857 27 66.6108099335236 83.6779540858881 35.1710107901379 6.40312423743285 34 2 92.2821759604746 81.0246875958186 88.0056816347672 71.5891053163818 70.8590149522275 6.08276253029822 24.5967477524977 58.821764679411 28.6356421265527 28.4604989415154 61.3514466007119 91 73.0068489937759 28.0713376952364 74.2428447730823 81.0246875958186 89.0898422941695 67.4166151627327 35.1710107901379 60.0832755431992 96.0468635614927 78.1024967590665 68.9637585982667 2 29.1547594742265 26.9258240356725 69.0796641566822 25.9422435421457 76.9415362466854 28.1602556806574 11.4017542509914 62.2414652783817 73.1641988953614 1e-05 29.4278779391243 68.5930025585701 34.7131099154196 72.0069441095788 29.4108823397055 36.8917334913934 36.4005494464026 15.2643375224737 66.098411478643 46.0977222864644 1.4142135623731 45.5411901469428 66.4830805543786 1.4142135623731 38.9486841883009 14.142135623731 59.6824932455071 30.2324329156619 22.0227155455452 35.3411940941446 7.81024967590665 67.6830850360709 60.0832755431992 42.154477816716 19.0262975904404 9.05538513813742 58.1893461039046 60.8276253029822 43.1856457633784 9.89949493661167 45.1774279923061 20.2484567313166 60.6712452484701 67.0820393249937 6 16.1554944214035 60.0832755431992 62.8012738724303 82.2009732302483 65.7343137181792 34.0147027033899 53.2541078227774 8.94427190999916 31.6227766016838 27.2029410174709 102.078401241399 87.0976463516667 42.7200187265877 87.091905479212 107.707938426097 41.6293165929973 5.8309518948453 28.6530975637888 101.138518873869 23.7697286480094 22.6715680975093 7.07106781186548 39.1152144312159 109.48059188733 96.0468635614927 42.154477816716 25 34.4818792991333 94.0478601564119 102.357217625334 84.4037913840368 39.4081209904761 86.3481325796916 21.9317121994613 102.107786186951 105.076162853427 44.7772263544762 26 96.0468635614927 104.292856898256 123.490890352285 107.563934476199 29.1547594742265 30.6757233003559 22.4722050542442 33.5410196624968 9.21954445729289 84.1724420460759 65.1229606206597 20 64.4980619863884 85.4751425854324 18.1107702762748 23.43074902772 5.09901951359278 78.63841300535 24.0831891575846 3 19.1049731745428 14.3178210632764 86.4927742646748 78.1024967590665 19.0262975904404 25 10.1980390271856 76.1577310586391 79.7621464104371 62.2012861603359 14.422205101856 64.1950153828161 6 79.6303962064738 85.7088093488645 20.2484567313166 6.40312423743285 78.1024967590665 81.7435012707432 98.6154146165801 84.5281018360166 30.4138126514911 27 30.4138126514911 35.2278299076171 9.8488578017961 75 55.0363516232681 10.1980390271856 54.3323108288245 75.3259583410659 8 32.0156211871642 5.8309518948453 68.4689710744948 27.2029410174709 13.1529464379659 28.0178514522438 5 76.2954782408499 68.9637585982667 9.05538513813742 34.4818792991333 10.1980390271856 67.0522184569608 69.5844810284592 52.0864665724217 6.32455532033676 54.0832691319598 12.8062484748657 69.462219947249 76.1183289359403 10.295630140987 9.21954445729289 68.9637585982667 71.5681493403316 89.044932477935 74.3303437365925 32.3882694814033 79.4040301244213 86.0058137569781 69.6347614342147 68.8839603971781 8.06225774829855 23.7697286480094 56.9209978830308 27.8567765543682 29.1547594742265 59.464274989274 89 71.0633520177595 28.2842712474619 72.2495674727538 79.0759128938769 87.091905479212 65.5515064662895 35.7351367704113 2 58.1893461039046 94.0478601564119 76.1577310586391 67.0522184569608 29.4278779391243 25.9422435421457 67.2309452558864 25.0798724079689 74.9666592559653 28.4429253066558 13.0384048104053 60.4152298679729 71.1969100453102 2 29.8328677803526 68.8839603971781 35.1710107901379 70.0357051795725 71.3091859440283 95.8175349296777 85.2349693494401 75.1864349467376 30.1496268633627 15.6524758424985 60.0166643524946 15.2970585407784 6.32455532033676 61.660360037872 98.3717439105356 74.9666592559653 1.4142135623731 84.581321815162 82.7345151674922 95.3362470417207 66.1891229734916 7.81024967590665 29.1547594742265 60.8276253029822 102.357217625334 79.7621464104371 69.5844810284592 29.4278779391243 18.0277563773199 67.0671305484289 16.1554944214035 80.8084154033477 1 22.8035085019828 60.1331855134916 76.6876782801514 29.1547594742265 2 39.4588393138977 6.40312423743285 84.5990543682375 57.2712842531054 77.7946013551069 67.6756972627545 57.2712842531054 31.2409987036266 3.16227766016838 42.2965719651132 3.60555127546399 23.3452350598575 44.1021541423999 80.3616824114578 57.3149195236284 16.7630546142402 66.6408283261845 65.1920240520265 77.3692445355388 49.0102030193714 25.4950975679639 26.9258240356725 43.1856457633784 84.4037913840368 62.2012861603359 52.0864665724217 25.9422435421457 18.0277563773199 50.0899191454728 2 62.9682459657247 17.7200451466693 28.0178514522438 43.0464865000618 58.8557558782486 26.9258240356725 19.9248588451713 50.5371150739731 23.7065391822594 66.8879660327626 21.095023109729 36.1247837363769 41.4366987102013 16.1554944214035 75.0266619276108 53.1507290636732 11.3137084989848 52 73.0068489937759 8.48528137423857 37.4833296279826 11.4017542509914 66.0302960768767 33.5261092284804 17 33.3016516106934 2.23606797749979 73.4370478709486 69.0796641566822 9.89949493661167 39.4081209904761 14.422205101856 6.32455532033676 67.2309452558864 67.0671305484289 50.0899191454728 52.0864665724217 18.4390889145858 67.0298440994756 75.4320886625844 7.07106781186548 15.2643375224737 69.0796641566822 69.065186599328 84.2199501305955 71.449282711585 38.6393581727233 59.0931468107766 79.6994353806851 69.3397432934389 59.2283715798434 30 1.4142135623731 44.2831796509691 3 21.3775583264319 46.0977222864644 82.2800097228968 59.3043000127309 14.8660687473185 68.4470598345904 67.1863081289633 79.3095202355934 51.0098029794274 23.7065391822594 25.9422435421457 45.1774279923061 86.3481325796916 64.1950153828161 54.0832691319598 25.0798724079689 16.1554944214035 2 52.0864665724217 64.9384323802169 15.8113883008419 26.4007575648882 45.0444225182208 60.8276253029822 25.9422435421457 18.0277563773199 49.6588360717405 21.9544984001001 68.60029154457 36.4005494464026 17.6918060129541 27.6586333718787 6.08276253029822 83.0240928887513 65.7647321898295 20.8806130178211 65.5133574166368 86.3133825081603 19.6977156035922 19.2093727122985 7.07106781186548 79.6241169495775 18.1107702762748 6.70820393249937 15.2643375224737 17.6918060129541 87.8009111570034 76.9415362466854 20.2484567313166 21.9317121994613 6 12.8062484748657 74.9666592559653 80.8084154033477 62.9682459657247 18.4390889145858 64.9384323802169 80.6039701255465 85.146931829632 23.0217288664427 4.12310562561766 76.9415362466854 82.7647267862342 101.788997440784 85.8661749468322 24.5153013442625 71.5681493403316 95.5091618641898 84.7230783199005 74.953318805774 29.1547594742265 15.2315462117278 59.8414572015087 15.1327459504216 6.08276253029822 61.5223536610881 98.0815986819138 74.8131004570724 1 84.1724420460759 82.6075057122535 95.0789145920377 66.1211010192662 8.48528137423857 28.1602556806574 60.6712452484701 102.107786186951 79.6303962064738 69.462219947249 28.4429253066558 1 17.7200451466693 67.0298440994756 15.8113883008419 80.6039701255465 21.8403296678416 60.0749531835024 76.4852927038918 28.1602556806574 2.23606797749979 40.4474968323134 7.21110255092798 84.1189633792524 85 97.3293378175358 82.0060973342836 79.1012010022604 8.54400374531753 25 65.924198895398 28.3196045170126 20 68.2495421230062 100.244700608062 80.6225774829855 22.1359436211787 84.0119039184329 88.684835231284 98.0459076147495 73.9797269527267 27 11.4017542509914 67.0820393249937 105.076162853427 85.7088093488645 76.1183289359403 13.0384048104053 22.8035085019828 28.0178514522438 75.4320886625844 26.4007575648882 85.146931829632 21.8403296678416 68.4105255059483 81.2219182240853 11.4017542509914 22.3606797749979 61 27.0739727413618 82.2253002426869 23.7697286480094 40.4598566482878 42.0594816896262 19.1049731745428 68.1542368455549 46.0977222864644 7.07106781186548 45.0111097397076 66.0302960768767 5.09901951359278 42.2018956920184 16.1245154965971 59.0762219509677 35.3553390593274 23.0867927612304 38.2753184180093 6.08276253029822 66.6108099335236 62.2414652783817 6 44.7772263544762 20.2484567313166 10.295630140987 60.4152298679729 60.1331855134916 43.0464865000618 7.07106781186548 45.0444225182208 23.0217288664427 60.0749531835024 68.4105255059483 19.2093727122985 62.2414652783817 62.1288982680363 78.7718223732319 64.6297145282261 39.560080889705 34.5253530032641 21.2602916254693 28.0713376952364 2.82842712474619 79.2464510246358 61.660360037872 16.7630546142402 61.3921819126833 82.2009732302483 15.6524758424985 23.0217288664427 4.12310562561766 75.5049667240507 19.1049731745428 8.60232526704263 19.2353840616713 14.2126704035519 83.6779540858881 73.1641988953614 16.1554944214035 26 6.40312423743285 9.21954445729289 71.1969100453102 76.6876782801514 58.8557558782486 15.2643375224737 60.8276253029822 4.12310562561766 76.4852927038918 81.2219182240853 19.2093727122985 73.1641988953614 78.644770964127 97.9081201943945 81.7435012707432 25.0199920063936 81.0246875958186 88.0056816347672 71.5891053163818 70.8590149522275 6.08276253029822 24.5967477524977 58.821764679411 28.6356421265527 28.4604989415154 61.3514466007119 91 73.0068489937759 28.0713376952364 74.2428447730823 81.0246875958186 89.0898422941695 67.4166151627327 35.1710107901379 1e-05 60.0832755431992 96.0468635614927 78.1024967590665 68.9637585982667 2 29.1547594742265 26.9258240356725 69.0796641566822 25.9422435421457 76.9415362466854 28.1602556806574 11.4017542509914 62.2414652783817 73.1641988953614 29.4278779391243 68.5930025585701 34.7131099154196 72.0069441095788 73.24616030892 97.718984849414 86.9540108333135 77.1297607930946 30.0166620396073 17.464249196573 61.9838688692469 17.2626765016321 4.47213595499958 63.6396103067893 100.284595028349 76.9415362466854 3.16227766016838 86.4060183089118 84.717176534632 97.2676719162127 68.1835757349231 6.40312423743285 29.4278779391243 62.8012738724303 104.292856898256 81.7435012707432 71.5681493403316 29.8328677803526 2 19.9248588451713 69.065186599328 18.0277563773199 82.7647267862342 2.23606797749979 22.3606797749979 62.1288982680363 78.644770964127 29.4278779391243 39.2045915678253 5.3851648071345 86.3539228987311 77.884529914483 119.037809119624 114.58621208505 97.4166310236604 69.065186599328 50.1597448159378 82.0060973342836 46.9574275274956 41 82.4196578493262 120.929731662648 94.8736001214247 40.6078810084939 111.198021565134 101.21264743104 117.046999107196 84.380092438916 34 68.5930025585701 82.2009732302483 123.490890352285 98.6154146165801 89.044932477935 68.8839603971781 39.4588393138977 50.5371150739731 84.2199501305955 49.6588360717405 101.788997440784 40.4474968323134 61 78.7718223732319 97.9081201943945 68.5930025585701 39.2045915678253 34.0587727318528 113.137084989848 74.1484996476665 101.242283656583 91.2688336728371 80.3616824114578 35.0142828000232 21.6333076527839 65 20.6155281280883 7.28010988928052 66.4906008395172 103.73041983912 79.8310716450681 7.81024967590665 90.3382532485547 87.4757109145162 100.578327685441 70.7106781186548 2 34.7131099154196 65.7343137181792 107.563934476199 84.5281018360166 74.3303437365925 35.1710107901379 6.40312423743285 23.7065391822594 71.449282711585 21.9544984001001 85.8661749468322 7.21110255092798 27.0739727413618 64.6297145282261 81.7435012707432 34.7131099154196 5.3851648071345 34.0587727318528 90.5538513813742 59.2114853723498 20.2484567313166 3.16227766016838 23.0217288664427 77.7817459305202 68.9637585982667 33.5410196624968 70.178344238091 89 34.5398320783411 23.3238075793812 29 83.240615086627 6.70820393249937 31.04834939252 24.0831891575846 36.8781778291715 92.2821759604746 72.0069441095788 34.0147027033899 29.1547594742265 30.4138126514911 32.3882694814033 70.0357051795725 84.5990543682375 66.8879660327626 38.6393581727233 68.60029154457 24.5153013442625 84.1189633792524 82.2253002426869 39.560080889705 25.0199920063936 72.0069441095788 86.3539228987311 113.137084989848 90.5538513813742
Deviation Vector:
5.2239325484319 40.223463259906 12.7755959695992 46.0906852255944 32.2828448206164 43.939284656082 65.3005448229138 66.2743368367925 41.232944147538 17.151544190862 43.8411450643571 91.2677983937425 44.2327860116822 42.2928806917935 55.2826682526529 2.97223112407814 52.3229053071754 113.982033475336 8.88898367892012 20.3577783799007 0.622163936057009 19.1916837428577 91.2298884652745 24.8481811410254 76.9543211686885 4.52238859477391 83.8836782823104 37.5662601926003 62.8372336321542 19.0346142005492 16.7916927633273 33.7292275615964 70.6013627604847 77.5778623317526 117.572657261947 104.230963878541 51.2281849490254 53.3440823684755 14.4387506768862 15.2093465165857 125.251156049573 36.0280288110226 13.7462743901239 42.8549821992862 15.4225922724161 55.0404349230753 2.08548509428815 20.8010844527713 121.358116186624 14.2970373302787 25.6999948637122 6.6477068830412 1.63272047491405 76.8265164552293 2.27353259606784 51.2743831201251 8.58107186491819 32.4802041390965 24.1954039316656 18.1517825407556 4.11451554834052 116.845297793254 42.9160197190712 72.868981793944 16.5376840865989 102.31177658707 67.5132133846077 7.02353512242527 9.67672244549144 116.76932515095 85.6648571031633 19.1970187469536 15.0665083447404 25.2298545496503 43.031379297212 6.87697279220979 29.1901344543671 104.488772504156 79.5118128486837 27.953141101002 48.8304458081527 66.0115995950323 16.9152708430002 18.9335552936189 47.4731733414201 40.5061071652087 4.89661385244936 27.9067130889649 8.11497046258998 51.2215692896992 95.4642714078743 24.6945962210818 42.5282906850872 18.6119459118702 42.2364090397002 16.7952755908973 2.32862437245264 27.8341786446566 44.0131778136001 20.2457754951579 1.87571574105337 42.2347119389991 55.0584386962332 14.4222035188263 48.2282339151434 37.6851556867852 34.1796929528446 55.9131002641448 122.405040921829 147.779370072329 4.49932571292951 4.68597332579478 15.8057651446437 6.59452569200565 66.4028664669842 35.2351215786891 11.5302243950979 81.4875773451495 113.083274243122 15.5797041616905 24.3365680829187 4.88760173929178 102.358056287727 9.92969298119828 15.8721333519652 20.5824925385058 15.4341735991792 117.291694880064 95.1675584541725 1.05847187997037 7.82814718119318 12.6317545589113 15.7221456685474 64.5878016251461 116.236243816139 63.9527683411481 10.5618876296941 23.5178490564438 0.811059714415782 7.16959761808142 30.8408326211932 29.7301870876514 0.636463894712023 79.3984175599396 14.1486154864386 105.994567681585 6.5298648304476 21.1817893840874 71.1229173451011 139.515282725191 25.685859760797 17.0921831088785 18.9158250807973 5.81213871546469 25.6587568979836 12.0274958465836 74.5056641924793 20.3425803426919 17.893458264911 24.0881704005277 22.3674771407575 44.7725839959888 53.9011946174015 18.277286493195 50.9951869456933 2.95758990498621 90.2712076281676 48.9058869468002 74.3491353316836 112.428493504262 4.63382613892887 38.3860912733045 44.6387040295029 60.0047759025034 23.0205978366179 133.858849763448 7.62361671791058 7.25052028359041 61.7492213550779 85.855795269589 4.29728163918682 37.1726714549334 90.1678798007051 47.8941139179953 103.296581572525 28.3902954040063 13.5496521031977 56.2576181741221 40.7888670788641 11.2941416037474 0.194396118645297 3.95271692725613 18.7382956021547 26.8565697631266 100.204383109684 44.2093681949548 15.1357196115573 65.2938467349681 82.6523899060264 25.141648259285 42.6603204526061 3.77352760676235 39.0414497809904 28.686112544569 83.7503118181861 47.4269886480209 33.4749127537895 29.0717073764566 24.6820373579006 4.7884932711328 36.1484871546732 0.929139267340833 74.0714867614787 5.47291692722369 9.96250359255052 38.1687169986039 51.1308739408208 13.9490250237681 0.165254529791603 75.6840227942968 20.8112184451698 0.949313360125335 25.8040772742517 9.10271561647502 20.9584301805796 6.61416283177223 63.4758928125052 0.697721835727972 61.2524774138597 37.1347578235811 0.932018795019025 22.1615691212024 10.9396355167126 17.0936805722077 35.5612572388918 1.44707163313971 36.5172970191885 1.54208328616677 86.0833206383692 57.0120363510902 0.078024069814954 14.5136652663469 32.5246874555259 12.0487946576362 39.7908402162572 23.9099740328918 16.2051553413702 17.2906040149231 42.7552961996244 8.19760537732598 84.4244550717109 19.8531217214253 2.87339551019175 10.487728131757 32.1016786311543 61.4275395529105 85.9595104466261 99.1000862723013 33.7579847226045 45.8598035558105 37.4374709496293 94.892706765892 81.1515113773322 38.6761327447177 0.000308868756324036 40.8585941057125 26.3803664186285 47.2606977492968 89.8958671424901 54.5744209796652 5.1147123524522 79.2640832252939 84.6250457984329 28.9536456528814 35.2780723400993 7.34526421399878 21.7614407183057 48.9261427903941 19.9268273050749 6.39139079438376 79.7012279482591 0.369347923280079 6.12257203758686 0.890337758351084 33.2230197024268 2.83796989308414 81.1029078192799 0.919577605856598 23.909139859492 27.8205984442979 52.3231817743906 37.4679411746728 5.65739999939017 27.2601157012445 18.0171794675866 23.0044117714472 115.977557344501 50.7227060688631 120.479048829946 76.4687446094602 39.8978614634758 1.68831191921245 30.080991341566 21.9618939013507 29.8727802259227 119.077284516817 110.572311612569 8.50926068076364 53.3763884600839 141.559483944928 131.111841254541 31.5751950144436 11.2947928773946 2.17395382299064 45.5475221822977 67.4359906500147 87.3876417487575 22.3502462998328 20.0254674411992 1.51972991254438 21.356143056577 112.368161033969 33.1080158710444 107.246194082641 3.00079814978814 15.9268727881031 103.688716877428 29.6857981547733 36.9629503277174 5.77151826258599 53.7031866419627 7.92960267200579 122.14768280103 3.9959214410157 18.5841096855147 7.013312588189 19.3725909962349 17.0161267786991 65.5274354625424 0.743166071615725 10.5101523860231 72.0182360495351 27.0465272219526 2.85189629229868 69.336124755877 42.3131260861036 17.7168478074471 18.8903155305252 0.361012396018092 104.499974253197 47.9636247445521 1.37345214284652 59.9265199512904 12.7530031905126 4.69882215704531 18.2263623828732 92.5220140689024 23.4326877683411 5.66516649083475 54.0685040552102 3.85154613439979 21.6026207384161 43.3916687760444 7.99515299284935 7.71720008980946 70.1412373301806 8.34836475218104 13.0383198661434 92.8138634982102 52.6429204288477 22.4090477703745 5.13065925558854 24.9516434913944 26.5953292952947 20.3584700622785 40.3213651706969 34.6944054195761 87.3043997168611 106.426285783035 36.1914237189295 24.9392699632262 17.76483091103 5.09708810901348 16.5125261833297 3.96712563440067 32.0872728177266 112.994512374972 69.2729404857608 54.5833036820502 0.647829965668866 7.21212608603224 51.1272978774402 41.1390413831228 92.8221681419449 123.642989529905 35.806709608876 37.8907319111075 0.834026684542991 109.210382814069 23.0621419395625 66.1531497317636 35.3247186957098 20.5814502341042 91.0634982726557 124.54775420233 45.2305879037389 32.5140102332427 8.67085562729505 36.7859092292611 25.4572661697949 7.43921752776469 64.0146242117199 58.8870618814647 22.6361666271728 93.8701528346744 19.251988155518 9.99928578631795 26.6761727135644 73.8265240607973 12.166809796152 9.08925365260995 29.0387310169062 5.26353061089833 130.009115285621 45.6350295308805 5.76132372522788 26.3191376175276 5.53543600176572 2.62862112128526 28.827785746879 98.6296439070522 22.4673895618385 3.577018968849 91.4363520436603 9.19273950820451 100.522151436966 28.3397011541964 17.21664149827 0.00987106337862936 15.3996276721315 18.1994883760672 116.257532039595 81.4650391503036 35.2233260251544 78.0027380629388 91.4315497939055 121.885535470544 16.8611841602801 10.4476069130607 11.841926243747 44.2868785710117 20.9906998155595 3.59612643117836 75.5194242910539 140.590401907401 83.6905475147691 2.38598573111003 60.3737812362735 55.7978986051911 31.2240058234421 10.5600886322716 7.92149915999754 52.0109827387285 147.574019279105 15.5438801955965 37.3269129348157 33.2743480043832 0.776648499200423 27.0370664803863 77.8378296726879 11.2998093676325 17.7631175765774 0.777868255148032 3.41401884044495 84.9329746636912 19.3524046521749 31.4729510811927 3.99942103379832 19.6632561356985 11.5440247683082 38.7450423713913 66.2869038057359 19.8607992851849 9.59305798188033 14.9835882492108 92.7547881097781 33.1838335559942 26.5984585433071 18.87799535314 95.948975526881 41.7045393006931 25.5268166854034 31.4617405628323 50.8871188521979 30.6136093698271 28.0164790116939 36.9492338841336 73.6013170581178 35.4065955642784 34.5529273023727 8.35053799555685 29.7911433653056 37.1591196727451 81.5826242487974 117.672879951005 78.4586070225549 46.4499016373057 60.6489828848956 14.7732775525736 20.4843293262527 61.9828675952566 45.2964182001522 28.276293180916 33.2179610753442 54.3371197332011 79.1352951332719 144.956761847014 7.44736571871259 50.7940149096324 5.23124607044759 19.0886697864465 15.2556417293561 3.34911579443199 19.626621069835 7.42568789273474 86.8555191152692 19.0945682027682 31.2040678898296 9.9447760009214 5.58521149620886 81.2703988106794 19.8820860929918 5.22031293591833 12.5670187564732 28.0706707733155 5.53548324767696 6.30772327845266 1.65453594037451 2.86316966362623 14.4963456819292 25.0148681942849 5.44649734395006 49.3482326843734 2.8907336315741 34.4836468790711 9.2963992650228 72.8353809358411 43.5893496058556 20.077833714016 7.34324455672782 59.985290025917 120.953244274573 57.2152600825694 68.1248519499969 2.77923092035785 43.3105772224633 2.24177333102844 8.2053300120427 15.0045643540837 85.5560618568556 79.9003700327057 3.95948167942344 6.72737937747143 131.018226947544 29.5091266559334 1.77922411145397 30.416138691716 106.562930992117 8.4879194396975 12.0074401528496 19.9469865346428 80.6757704591452 68.0423047251808 48.2429193764767 6.76848364261374 24.3971153581739 31.5072432586439 18.512838325647 13.5535993136223 28.4613329001408 35.506272035066 69.9906334118811 2.58345761700722 0.489986466744847 3.42573307994031 9.90415723793838 17.1831032738796 42.2809713915021 54.8717770441308 0.934505631123122 138.187920739578 37.624267820689 2.74718081328696 51.5459749167999 49.0326560809454 14.2380714063367 16.8385563280182 51.0497688319235 4.33578340894431 35.7410374149038 3.78858971109728 6.90497778721861 54.8537590710306 8.67763235932301 53.2114964251931 26.1470198561821 7.97977088612784 10.3422431876778 74.9344203588963 41.0666320132267 5.3355915981651 18.4121788960692 21.3571322167922 4.26200218311767 31.1939969631492 101.043448738205 54.4582445202353 3.06157290595765 19.1199701535206 0.865969244300925 91.0594047468269 9.05638366809231 9.80060881450376 21.2564758609587 106.54234913259 83.3433190918505 70.3374478752891 12.9720990490038 21.2784347196717 99.2476779578558 91.1303018520705 58.5259638098594 62.1947353353429 26.1637734958352 33.7236424728777 105.295970746759 35.1262879009397 2.0056709063711 17.928144181986 102.201327612644 73.2536610700748 8.71320397414084 132.521721097081 68.0634658469646 17.5394082009407 20.9245258461991 23.2555645507542 86.7897409077324 3.35960067461946 89.6102612281328 101.567848272888 50.3096326588857 9.0478651437618 33.5542998202864 93.7866445591686 26.3728672758498 80.0831666530344 4.1097247022715 34.9899870526598 99.1896286707503 13.5433225185414 19.4601004223147 3.15233956256237 31.2032193690042 2.59620961699999 28.7787847094385 70.0361243877999 108.674564636464 42.8375452824097 79.8090203930446 3.50444509238808 36.7488263447567 26.1781140560382 11.1138504879679 17.8925275630281 37.8032763145711 61.5130687958615 94.1710475950054 7.63894291144897 52.4640412926073 56.6841467209077 142.843929367906 32.9098715222369 8.14933004522825 77.6955912260366 13.3422239270571 104.983669092063 39.9221299669036 1.24649877561517 29.5558704321542 11.8913086477042 54.2344397251421 40.6529854424644 71.859151095982 2.15414924927441 14.1246828804063 77.5404932769701 68.8384493014777 8.47329549375642e-06 6.41046326407151 30.2383863086773 49.4126114429178 6.15969453792116 26.0544848223146 6.83322230959364 25.9980877235956 22.9278722779478 56.9233874876461 17.4143425977548 0.209070729887612 71.401571564478 71.6262905672491 0.176577517612175 16.7345772350067 18.5130040149731 84.6292328920301 17.1892770361018 22.6151180901172 13.0950065234354 9.30841284551961 28.041914918936 48.7974178471831 14.7782838759434 6.7547892178752 1.08449395366097 24.8509564227438 96.9495314543241 58.972743335717 13.5419814380081 36.8116720565747 32.06140539146 11.0687936454323 41.0498884609408 0.255584496139389 17.2592044289773 47.8959405633823 47.5292484764514 77.5999538959966 2.10383596234564 38.5927397127945 58.1461644922114 14.3095033810669 18.5184730521272 33.098408162261 41.1541915240234 23.3706507411622 43.0774569286866 84.6301072620008 139.506189184091 57.4025794756264 3.13243324534936 2.38373808081845 57.1144823700523 21.1023454001712 9.93506367038716 4.83998862134292 51.4307531530203 44.4175629934729 40.6946429174953 44.5342668724503 30.51340463111 13.1289773185877 116.515224097091 21.098503787034 35.7321313947967 26.8316187487581 86.6318271089386 25.8830892047834 165.91416636087 108.784365216993 30.825163475545 28.3506426001487 96.8917043841636 132.870890233051 84.070797127932 151.875834299463 44.966673476161 1.92664443823639 17.0192445643832 40.6257282437136 13.2918612068288 108.965797856103 84.2963475806887 7.60149205735468 35.8603457558512 9.08511082383163 19.2798632004719 5.72877974928919 2.61070442565637 117.033465348018 31.331081904702 0.318575549117678 4.63586971034396 13.0793244674289 27.0132541941653 52.0162612099966 30.3348602952945 32.8900879790113 2.24174991802036 121.312538449804 57.7915464292232 56.4932792562082 15.2439160322138 6.8688069966875 3.33542921240773 8.87203817529062 130.188062951255 9.55531653185867 1.11556533172389 50.763391603965 4.64164528322982 159.355291659758 26.8940815472568 41.0951826693234 9.98070684451777 26.5864898431615 51.3442376585181 14.1253122942427 83.899257273142 18.8855289934471 13.2177867503411 43.0998407741427 33.8468384730418 12.3101051030133 2.57461879753785 4.44118154151044 39.6036524116626 1.31762458821965 5.93085127304593 22.3649469140724 0.0750145747779374 89.68249719779 5.52585118858711 9.70717651785215 44.2216957593188 6.48627665217467 79.3491619996031 81.7669189680863 57.7084298728458 8.58631479382242 10.7456476252934 14.9156713349158 93.5792789205989 39.3420960938614 9.15872423883195 0.834433216017419 95.9294736256917 51.5805343840519 135.768158244966 65.6577769230054 34.4567653064517 94.846540692974 4.32109893361611 105.371592010892 76.2474991664436 1.05341073233557 15.4150171563406 3.35661129001337 4.98904738760671 32.0535856709857 50.9733018648331 17.2748358077465 46.087861948807 26.5118577575832 91.4735587153111 24.0914584252907 137.027571359528 53.9571189148609 52.8785854145992 2.10991415807617 32.2599123023757 4.89782211810878 45.1866463143368 18.4559013937033 16.7424735963738 38.4698481847921 24.5899658295737 8.36663677815873 43.2765434767339 7.51243766797299 15.8667433001574 0.893975838013768 103.848057187785 2.53433119963095 45.584654366038 64.6927543349843 49.1629223928116 38.5315533276015 71.1754960850229 151.096729465997 1.98200753462595 17.2168248673691 4.36190227753429 10.5153267918157 69.9988859787116 21.5803675937214 6.17568793069534 68.6493178771472 59.764051379501 62.2112980827779 0.766443681887558 98.2774241607219 72.9661217015275 108.234026578116 95.1253466324906 11.3316043723824 28.9170121267636 10.7411241214956 16.1844495277229 125.156581582704 30.6663146939778 40.4645382864006 28.5545190451793 18.3069167856738 16.4117365361227 120.046979509542 1.21211962781805 17.9541260512237 24.6185115424016 44.7778769719714 21.5137751281967 0.865306424429121 32.0756045476014 5.65134344849656 93.4356623284413 20.2091034980009 51.8889003853989 30.7632875991389 83.9718612163967 39.817634847589 4.06169925124394 16.1498558011544 2.92090774596155 12.6065982394039 66.9078845043145 49.9000530204145 20.8927215538401 14.7952600747488 53.1478167039695 34.0721116596627 63.8596584151128 60.6860305393563 6.91778173913454 21.0819049713621 65.2620034805027 108.644451591017 39.9451632216727 57.1373270034581 11.6271482141293 18.957838515473 2.73111921858992 2.37222005284874 93.4602970971094 15.3705800466465 12.3938645573179 41.4258761736394 71.8203997984258 29.8702901468014 28.2319566726904 53.5766681985823 17.9586650239869 71.9044144386381 30.4183734265706 56.6311838423398 66.920480145545 21.5309941192376 42.1839187757808 18.7720148348341 6.66378223461275 70.7084937828922 63.9413590729503 12.0014874595224 36.4212663750048 13.0796886311351 37.7036660752503 28.7156749988153 13.7363008202518 40.401479669036 0.73151145129352 92.2524510353702 44.1034661977491 3.77830256520692 32.156071142744 7.15835826525771 7.89986423167346 84.598832767629 97.830483301533 42.2263467494567 38.6138267116732 23.0354120637609 18.5545477866087 113.063757488883 4.93505941421495 1.41094137315095 99.4878727674746 47.4189352473869 120.027655498337 26.8718772776076 40.175922974507 22.917742036746 8.72950773809756 20.0563882804506 10.4163331128909 32.4358822814313 2.03139428013535 33.0739044513641 0.934101764633688 13.2131431907804 15.3839496915463 52.5365366972248 14.7045304669717 14.4523204484838 69.8280009092656 71.4812765408027 116.466912338645 32.7946067216184 16.497674444107 33.7472386773559 67.1299899059324 124.10413592989 59.3024228702245 7.37606325273588 32.8493437669117 26.1994989521543 0.457634602450067 58.5261230020986 44.2844382048587 0.437036658889009 39.594039701051 4.29571614915278 25.2717280631474 41.7478551559027 6.93373300912957 29.3648558038419 23.362045915568 13.3551993806552 48.7113894611128 24.3347127275447 22.4800009229099 0.277276117365088 32.1836928172597 69.7577459145303 21.2512896374515 92.2308921990018 43.009724672365 16.9384145408217 8.15208240708446 8.44433766600878 42.553721260342 5.14261965809866 6.74253221364919 22.2587324163372 7.43652289716071 60.4562719095111 111.840733649286 13.1443753361021 4.07599204245467 3.05508063623753 8.66720561154531 4.44063790067396 48.8524303608431 68.7776776251351 0.777222243287426 64.2345405931731 4.61425841590451 94.1948854982977 27.2540897446904 5.75359116482762 65.8155220953172 30.644679606159 146.681481692368 106.735032449984 35.0808863600075 59.5762857987618 97.8502690527188 25.6652379971472 4.94792723089826 42.2421070571514 22.8037659549142 35.9315647150473 1.61164334087162 5.32796677484401 26.5972495416548 51.673065806715 117.04309170156 0.25955358814504 98.986113763172 10.2414188542935 73.090365253402 14.9725546409084 1.55460277430462 38.671916391568 80.0072380242461 23.0112647623564 58.6155403633579 95.5763433507834 37.8753193714413 0.293591459771651 20.2903798599191 37.58204062174 10.4964536795041 77.3589771505458 3.8738185315351 28.1443721014392 12.6841115863763 33.8452995146238 1.72494425156001 9.37778100796609 7.38725930951245 54.022334304099 70.7452222330037 110.072564540651 124.495575985072 100.032581016611 0.268459911521647 36.4063366032894 100.479606248903 34.193452988789 31.6046064060419 45.4922021470434 143.736284942956 11.0530665452269 9.15302018080817 94.6150215209928 32.1446083353992 112.712237264535 64.7922775099221 1.8289428492456 16.4547587504394 26.4650744755316 66.0314220677189 41.1990447806085 103.083974752923 10.5061487394681 21.6444941650315 42.5898470110861 28.7638435713731 2.48818645222528 10.6946198508767 30.7020347242585 50.38163526843 77.8023677048163 10.3793924852169 14.047885468162 36.3662647368022 25.4970166423215 37.6713900404043 11.7420430454691 21.153262718595 17.329899767182 22.1722450539025 22.5133619415963 25.3136212504341 11.1301411183691 65.5604506241243 60.1924552834778 5.59505420512579 29.7947479063719 15.7911745889507 54.0023201249181 38.9093638928185 37.1176048330277 53.3863703265262 5.03918533696274 52.4347747575011 44.6661632956128 4.33312916176067 52.3222882265135 16.4391935256388 8.7285336563882 57.2679721739871 93.1062668926773 7.72009505561745 1.63973511598992 24.7847532795731 17.8536151193676 70.5068102938523 68.9836367773953 24.3863552969705 4.36454358834313 88.2485492552215 63.309362552645 25.8811221628677 13.5768063335545 25.9423417350306 4.90360286670858 35.2234389042378 0.628857109709111 74.2262709835861 37.4749799346181 19.0503262281658 25.2216547922976 48.4295969025539 14.1639323252646 28.5300323518749 5.6748035744033 122.508889502475 6.40222954198888 7.90122414894956 15.5432648687438 16.8121414520538 20.0876688243882 53.4131175705814 22.0076826022828 12.2707737811197 8.19775079158 4.71494180151191 1.37086814607207 50.7906721247889 9.0970159413816 1.36428629052992 27.7599382932668 3.95104963050281 37.4647705506336 64.9422176061446 1.60061038578487 52.7130355326811 33.6601694351755 29.9264992617355 2.51616765460643 25.9148863617995 116.846204071426 38.8641630020447 116.327144723654 51.0653315751089 0.331690122400416 33.8186705222215 42.1659706030229 11.1575208967386 18.9853593168934 93.5547515731526 143.100746491481 66.2271995434415 17.6455790210678 97.1416717530952 111.74030725186 25.170170765294 13.0446483083788 49.1811804420641 9.44831221219365e-06 20.9124448793022 142.890994408043 109.437358693914 90.0892862379 0.702411490485492 16.7471171146462 37.4175362801609 74.0314019856859 26.0051279567435 5.30633651873199 31.0456346755573 4.69576221193886 94.0513367704273 112.970828686165 12.078026113686 41.52534404119 55.4924482022954 11.4496019482669 96.8483052024026 35.363911367775 71.8313556074234 94.1587582573148 9.24765475478794 1.86650296029744 13.8246263133711 27.9053838195813 6.64543879528888 32.1737420061481 18.4185656812991 96.7896776013022 4.58654475718689 45.9438626387922 94.8273197500229 119.177117854563 14.4346672925292 9.41608675350103 5.10058051934393 100.567159489679 95.5199137845438 96.1098233416 3.14725478191963 11.6944502856182 3.17518877792955 30.9841050481732 21.3912689932323 6.70049927695571 44.2037736404965 0.6305314183113 11.8664491906495 14.2880561620696 50.637495697879 39.9268085061678 56.8763805893127 5.12646279076648 126.391386659512 3.69549803829504 112.149106074371 151.627754850121 53.8723714171886 77.7531096191465 47.8966304569012 30.9209901489224 1.46357478895939 18.3629245767358 132.061529573118 29.3703390784834 27.7103303061307 6.06216351176659 24.2279280438513 122.260622338433 155.091275845038 22.0954808893569 54.3985317611354 88.2300119515844 15.6641040662012 34.9895387347599 3.11764869865737 64.5262452840786 38.9414271322575 22.1876245973306 48.2438695386137 101.83837780142 14.5361613087408 79.2972015086843 21.6317282922318 7.93114531723202 65.1036129593967 144.604437430452 99.6849965278464 54.0824801343334 33.2545660234567 88.452673230531 9.65451533073349 102.007250015799 112.232807648799 8.53165797805226 43.7828017093841 32.9209418513302 16.6043241056035 30.2699416731317 8.03275262205361 105.087419324034 10.7691687235609 85.9776370050882 9.68801113203516 26.5935428495032 118.995978334375 127.93934725966 72.0559895630255 0.598610559682456 7.21995497955177 22.8296933136175 162.260270300481 42.3240512404427 83.7210628205547 14.665086253772 4.03863360264844 7.73960533445904 19.1169525271245 10.0478122110344 6.83696296358584 8.97023250232676 33.5577524870108 13.5611628942603 51.1025738455865 29.2573560986354 1.70168166370268 8.48877288842725 66.8521524797902 33.8361363964065 1.846683590918 0.680826852822601 12.099880594205 15.1689969998174 89.1212448877307 4.684417550369 34.3451021527875 91.3386582672476 48.7598560265082 35.1821682584783 38.4418878536522 134.823872442685 1.53872748194158 37.4982540390302 11.8983669147806 49.9963938086769 149.931091592979 80.9920712850116 1.89963691738819 7.75273920392412 48.1282375724501 4.38767113717131 105.744403495939 101.145358320034 23.0963880623179 19.6549230612497 28.2682883237763 16.2118205829073 63.7550396386194 94.5863072911138 48.7672722413885 21.2448851974757 98.3346486644377 11.3969110096841 118.130548398071 93.4128816177895
