Instancenumber:
40
Instancename:
B-n38-k6
Customers:
37
Depot:
0
Dimension:
1406
Vehicles:
37
Capacity:
100
Demands:
0 18 10 16 12 21 23 15 25 3 6 7 4 20 25 20 12 3 12 14 26 9 22 20 9 13 21 10 8 5 14 7 21 20 1 21 17 2
Uncertainty:budgeted
Gamma:
37
Mean Vector:
52.8015151297763 62.1288982680363 36.2215405525497 86.5332306111357 60.4152298679729 30.6757233003559 57.9396237474839 77.6208734813001 28.1602556806574 53.2353266168247 30.4138126514911 70.6045324324154 53.6003731330296 31.7804971641414 48.7647413609464 23.1948270094864 76.1183289359403 81.0246875958186 29.4108823397055 53.2541078227774 30.6757233003559 27 79.4040301244213 71.3091859440283 57.2712842531054 21.095023109729 59.0931468107766 36.4005494464026 71.5681493403316 85 23.7697286480094 34.5253530032641 81.0246875958186 73.24616030892 77.884529914483 74.1484996476665 59.2114853723498 52.8015151297763 22.8035085019828 21.6333076527839 94 80.3616824114578 37.2155881318568 80.6535802057168 100.960388271837 36.6196668472011 3.16227766016838 24.7588368062799 94.5568612000208 14.8660687473185 21.0237960416286 5.09901951359278 35.3553390593274 103.121287811974 88.0056816347672 36.8917334913934 8.94427190999916 22.4722050542442 30.4138126514911 86.0058137569781 95.8175349296777 77.7946013551069 36.1247837363769 79.6994353806851 17.6918060129541 95.5091618641898 97.3293378175358 40.4598566482878 21.2602916254693 88.0056816347672 97.718984849414 119.037809119624 101.242283656583 20.2484567313166 62.1288982680363 22.8035085019828 26 77.2787163454466 69.6419413859206 35.8468966578698 71.028163428319 89.4706655837543 37 25.8069758011279 32.0156211871642 83.86298349093 9.8488578017961 34.2052627529741 26.8700576850888 39.6232255123179 92.9623579735368 71.5891053163818 36.4005494464026 31.6227766016838 33.5410196624968 35.2278299076171 69.6347614342147 85.2349693494401 67.6756972627545 41.4366987102013 69.3397432934389 27.6586333718787 84.7230783199005 82.0060973342836 42.0594816896262 28.0713376952364 71.5891053163818 86.9540108333135 114.58621208505 91.2688336728371 3.16227766016838 36.2215405525497 21.6333076527839 26 76.9415362466854 60.0166643524946 15.6524758424985 59.9082632030006 80.6039701255465 15 23.7065391822594 6.08276253029822 73.9797269527267 17.464249196573 11.4017542509914 20.2484567313166 14.7648230602334 82.2800097228968 70.8590149522275 15.2643375224737 27.2029410174709 9.21954445729289 9.8488578017961 68.8839603971781 75.1864349467376 57.2712842531054 16.1554944214035 59.2283715798434 6.08276253029822 74.953318805774 79.1012010022604 19.1049731745428 2.82842712474619 70.8590149522275 77.1297607930946 97.4166310236604 80.3616824114578 23.0217288664427 86.5332306111357 94 77.2787163454466 76.9415362466854 28.6006992921502 64.8459713474939 32.4499614791759 28.1602556806574 67.3572564761956 97.0051545022222 79.0759128938769 29.2745623366089 80.156097709407 87.0976463516667 95.1314879522022 73.3893725276351 35.1283361405006 6.08276253029822 66.098411478643 102.078401241399 84.1724420460759 75 8.06225774829855 30.1496268633627 31.2409987036266 75.0266619276108 30 83.0240928887513 29.1547594742265 8.54400374531753 68.1542368455549 79.2464510246358 6.08276253029822 30.0166620396073 69.065186599328 35.0142828000232 77.7817459305202 60.4152298679729 80.3616824114578 69.6419413859206 60.0166643524946 28.6006992921502 45.1774279923061 4.12310562561766 20.6155281280883 47.0425339453563 82.9698740507662 60.2079728939615 14.3178210632764 68.9420046125727 68.1175454637056 80.049984384758 52.0384473250308 23.3238075793812 24.5967477524977 46.0977222864644 87.0976463516667 65.1229606206597 55.0363516232681 23.7697286480094 15.6524758424985 3.16227766016838 53.1507290636732 1.4142135623731 65.7647321898295 15.2315462117278 25 46.0977222864644 61.660360037872 24.5967477524977 17.464249196573 50.1597448159378 21.6333076527839 68.9637585982667 30.6757233003559 37.2155881318568 35.8468966578698 15.6524758424985 64.8459713474939 45.1774279923061 44.7213595499958 65.6201188660917 2.82842712474619 39.3573373083089 15.0332963783729 58.8557558782486 30 23 35.8468966578698 9.21954445729289 66.9402718847182 58.821764679411 1.4142135623731 42.7200187265877 20 10.1980390271856 56.9209978830308 60.0166643524946 42.2965719651132 11.3137084989848 44.2831796509691 20.8806130178211 59.8414572015087 65.924198895398 7.07106781186548 16.7630546142402 58.821764679411 61.9838688692469 82.0060973342836 65 33.5410196624968 57.9396237474839 80.6535802057168 71.028163428319 59.9082632030006 32.4499614791759 4.12310562561766 44.7213595499958 21.0237960416286 46.3896540189728 83.168503653727 59.6824932455071 14.142135623731 69.7710541700496 67.4759216313494 80.0812087820857 51.0392006206994 22.4722050542442 28.6356421265527 45.5411901469428 87.091905479212 64.4980619863884 54.3323108288245 27.8567765543682 15.2970585407784 3.60555127546399 52 3 65.5133574166368 15.1327459504216 28.3196045170126 45.0111097397076 61.3921819126833 28.6356421265527 17.2626765016321 46.9574275274956 20.6155281280883 70.178344238091 77.6208734813001 100.960388271837 89.4706655837543 80.6039701255465 28.1602556806574 20.6155281280883 65.6201188660917 21.0237960416286 67.3646791723972 103.580886267689 80.6225774829855 7.07106781186548 89.3196506934504 88.4590300647707 100.662803457881 72.0624728967859 7 28.4604989415154 66.4830805543786 107.707938426097 85.4751425854324 75.3259583410659 29.1547594742265 6.32455532033676 23.3452350598575 73.0068489937759 21.3775583264319 86.3133825081603 6.08276253029822 20 66.0302960768767 82.2009732302483 28.4604989415154 4.47213595499958 41 7.28010988928052 89 28.1602556806574 36.6196668472011 37 15 67.3572564761956 47.0425339453563 2.82842712474619 46.3896540189728 67.3646791723972 38.5875627631495 13.3416640641263 60.5309838016862 30.5286750449475 21.095023109729 34.8855270850248 6.40312423743285 68.4470598345904 61.3514466007119 1.4142135623731 41.6293165929973 18.1107702762748 8 59.464274989274 61.660360037872 44.1021541423999 8.48528137423857 46.0977222864644 19.6977156035922 61.5223536610881 68.2495421230062 5.09901951359278 15.6524758424985 61.3514466007119 63.6396103067893 82.4196578493262 66.4906008395172 34.5398320783411 53.2353266168247 3.16227766016838 25.8069758011279 23.7065391822594 97.0051545022222 82.9698740507662 39.3573373083089 83.168503653727 103.580886267689 38.5875627631495 26.2488094968134 97.1236325515062 18.0277563773199 21.6333076527839 4.47213595499958 36.8781778291715 105.621967412087 91 38.9486841883009 5.8309518948453 23.43074902772 32.0156211871642 89 98.3717439105356 80.3616824114578 37.4833296279826 82.2800097228968 19.2093727122985 98.0815986819138 100.244700608062 42.2018956920184 23.0217288664427 91 100.284595028349 120.929731662648 103.73041983912 23.3238075793812 30.4138126514911 24.7588368062799 32.0156211871642 6.08276253029822 79.0759128938769 60.2079728939615 15.0332963783729 59.6824932455071 80.6225774829855 13.3416640641263 26.2488094968134 73.824115301167 23.1948270094864 8.06225774829855 22.2036033111745 10.6301458127346 81.7863069223693 73.0068489937759 14.142135623731 28.6530975637888 5.09901951359278 5.8309518948453 71.0633520177595 74.9666592559653 57.3149195236284 11.4017542509914 59.3043000127309 7.07106781186548 74.8131004570724 80.6225774829855 16.1245154965971 4.12310562561766 73.0068489937759 76.9415362466854 94.8736001214247 79.8310716450681 29 70.6045324324154 94.5568612000208 83.86298349093 73.9797269527267 29.2745623366089 14.3178210632764 58.8557558782486 14.142135623731 7.07106781186548 60.5309838016862 97.1236325515062 73.824115301167 83.2586331859946 81.6149496109628 94.1116358374457 65.1229606206597 9.21954445729289 28.0713376952364 59.6824932455071 101.138518873869 78.63841300535 68.4689710744948 28.2842712474619 1.4142135623731 16.7630546142402 66.0302960768767 14.8660687473185 79.6241169495775 1 22.1359436211787 59.0762219509677 75.5049667240507 28.0713376952364 3.16227766016838 40.6078810084939 7.81024967590665 83.240615086627 53.6003731330296 14.8660687473185 9.8488578017961 17.464249196573 80.156097709407 68.9420046125727 30 69.7710541700496 89.3196506934504 30.5286750449475 18.0277563773199 23.1948270094864 83.2586331859946 24.5153013442625 18.0277563773199 31.9530906173409 92.1357693840997 74.2428447730823 30.2324329156619 23.7697286480094 24.0831891575846 27.2029410174709 72.2495674727538 84.581321815162 66.6408283261845 33.5261092284804 68.4470598345904 18.1107702762748 84.1724420460759 84.0119039184329 35.3553390593274 19.1049731745428 74.2428447730823 86.4060183089118 111.198021565134 90.3382532485547 6.70820393249937 31.7804971641414 21.0237960416286 34.2052627529741 11.4017542509914 87.0976463516667 68.1175454637056 23 67.4759216313494 88.4590300647707 21.095023109729 21.6333076527839 8.06225774829855 81.6149496109628 24.5153013442625 17.2046505340853 17.0880074906351 89.4427190999916 81.0246875958186 22.0227155455452 22.6715680975093 3 13.1529464379659 79.0759128938769 82.7345151674922 65.1920240520265 17 67.1863081289633 6.70820393249937 82.6075057122535 88.684835231284 23.0867927612304 8.60232526704263 81.0246875958186 84.717176534632 101.21264743104 87.4757109145162 31.04834939252 48.7647413609464 5.09901951359278 26.8700576850888 20.2484567313166 95.1314879522022 80.049984384758 35.8468966578698 80.0812087820857 100.662803457881 34.8855270850248 4.47213595499958 22.2036033111745 94.1116358374457 18.0277563773199 17.2046505340853 32.8024389337135 102.489023802552 89.0898422941695 35.3411940941446 7.07106781186548 19.1049731745428 28.0178514522438 87.091905479212 95.3362470417207 77.3692445355388 33.3016516106934 79.3095202355934 15.2643375224737 95.0789145920377 98.0459076147495 38.2753184180093 19.2353840616713 89.0898422941695 97.2676719162127 117.046999107196 100.578327685441 24.0831891575846 23.1948270094864 35.3553390593274 39.6232255123179 14.7648230602334 73.3893725276351 52.0384473250308 9.21954445729289 51.0392006206994 72.0624728967859 6.40312423743285 36.8781778291715 10.6301458127346 65.1229606206597 31.9530906173409 17.0880074906351 32.8024389337135 72.691127381545 67.4166151627327 7.81024967590665 39.1152144312159 14.3178210632764 5 65.5515064662895 66.1891229734916 49.0102030193714 2.23606797749979 51.0098029794274 17.6918060129541 66.1211010192662 73.9797269527267 6.08276253029822 14.2126704035519 67.4166151627327 68.1835757349231 84.380092438916 70.7106781186548 36.8781778291715 76.1183289359403 103.121287811974 92.9623579735368 82.2800097228968 35.1283361405006 23.3238075793812 66.9402718847182 22.4722050542442 7 68.4470598345904 105.621967412087 81.7863069223693 9.21954445729289 92.1357693840997 89.4427190999916 102.489023802552 72.691127381545 35.1710107901379 67.6830850360709 109.48059188733 86.4927742646748 76.2954782408499 35.7351367704113 7.81024967590665 25.4950975679639 73.4370478709486 23.7065391822594 87.8009111570034 8.48528137423857 27 66.6108099335236 83.6779540858881 35.1710107901379 6.40312423743285 34 2 92.2821759604746 81.0246875958186 88.0056816347672 71.5891053163818 70.8590149522275 6.08276253029822 24.5967477524977 58.821764679411 28.6356421265527 28.4604989415154 61.3514466007119 91 73.0068489937759 28.0713376952364 74.2428447730823 81.0246875958186 89.0898422941695 67.4166151627327 35.1710107901379 60.0832755431992 96.0468635614927 78.1024967590665 68.9637585982667 2 29.1547594742265 26.9258240356725 69.0796641566822 25.9422435421457 76.9415362466854 28.1602556806574 11.4017542509914 62.2414652783817 73.1641988953614 1e-05 29.4278779391243 68.5930025585701 34.7131099154196 72.0069441095788 29.4108823397055 36.8917334913934 36.4005494464026 15.2643375224737 66.098411478643 46.0977222864644 1.4142135623731 45.5411901469428 66.4830805543786 1.4142135623731 38.9486841883009 14.142135623731 59.6824932455071 30.2324329156619 22.0227155455452 35.3411940941446 7.81024967590665 67.6830850360709 60.0832755431992 42.154477816716 19.0262975904404 9.05538513813742 58.1893461039046 60.8276253029822 43.1856457633784 9.89949493661167 45.1774279923061 20.2484567313166 60.6712452484701 67.0820393249937 6 16.1554944214035 60.0832755431992 62.8012738724303 82.2009732302483 65.7343137181792 34.0147027033899 53.2541078227774 8.94427190999916 31.6227766016838 27.2029410174709 102.078401241399 87.0976463516667 42.7200187265877 87.091905479212 107.707938426097 41.6293165929973 5.8309518948453 28.6530975637888 101.138518873869 23.7697286480094 22.6715680975093 7.07106781186548 39.1152144312159 109.48059188733 96.0468635614927 42.154477816716 25 34.4818792991333 94.0478601564119 102.357217625334 84.4037913840368 39.4081209904761 86.3481325796916 21.9317121994613 102.107786186951 105.076162853427 44.7772263544762 26 96.0468635614927 104.292856898256 123.490890352285 107.563934476199 29.1547594742265 30.6757233003559 22.4722050542442 33.5410196624968 9.21954445729289 84.1724420460759 65.1229606206597 20 64.4980619863884 85.4751425854324 18.1107702762748 23.43074902772 5.09901951359278 78.63841300535 24.0831891575846 3 19.1049731745428 14.3178210632764 86.4927742646748 78.1024967590665 19.0262975904404 25 10.1980390271856 76.1577310586391 79.7621464104371 62.2012861603359 14.422205101856 64.1950153828161 6 79.6303962064738 85.7088093488645 20.2484567313166 6.40312423743285 78.1024967590665 81.7435012707432 98.6154146165801 84.5281018360166 30.4138126514911 27 30.4138126514911 35.2278299076171 9.8488578017961 75 55.0363516232681 10.1980390271856 54.3323108288245 75.3259583410659 8 32.0156211871642 5.8309518948453 68.4689710744948 27.2029410174709 13.1529464379659 28.0178514522438 5 76.2954782408499 68.9637585982667 9.05538513813742 34.4818792991333 10.1980390271856 67.0522184569608 69.5844810284592 52.0864665724217 6.32455532033676 54.0832691319598 12.8062484748657 69.462219947249 76.1183289359403 10.295630140987 9.21954445729289 68.9637585982667 71.5681493403316 89.044932477935 74.3303437365925 32.3882694814033 79.4040301244213 86.0058137569781 69.6347614342147 68.8839603971781 8.06225774829855 23.7697286480094 56.9209978830308 27.8567765543682 29.1547594742265 59.464274989274 89 71.0633520177595 28.2842712474619 72.2495674727538 79.0759128938769 87.091905479212 65.5515064662895 35.7351367704113 2 58.1893461039046 94.0478601564119 76.1577310586391 67.0522184569608 29.4278779391243 25.9422435421457 67.2309452558864 25.0798724079689 74.9666592559653 28.4429253066558 13.0384048104053 60.4152298679729 71.1969100453102 2 29.8328677803526 68.8839603971781 35.1710107901379 70.0357051795725 71.3091859440283 95.8175349296777 85.2349693494401 75.1864349467376 30.1496268633627 15.6524758424985 60.0166643524946 15.2970585407784 6.32455532033676 61.660360037872 98.3717439105356 74.9666592559653 1.4142135623731 84.581321815162 82.7345151674922 95.3362470417207 66.1891229734916 7.81024967590665 29.1547594742265 60.8276253029822 102.357217625334 79.7621464104371 69.5844810284592 29.4278779391243 18.0277563773199 67.0671305484289 16.1554944214035 80.8084154033477 1 22.8035085019828 60.1331855134916 76.6876782801514 29.1547594742265 2 39.4588393138977 6.40312423743285 84.5990543682375 57.2712842531054 77.7946013551069 67.6756972627545 57.2712842531054 31.2409987036266 3.16227766016838 42.2965719651132 3.60555127546399 23.3452350598575 44.1021541423999 80.3616824114578 57.3149195236284 16.7630546142402 66.6408283261845 65.1920240520265 77.3692445355388 49.0102030193714 25.4950975679639 26.9258240356725 43.1856457633784 84.4037913840368 62.2012861603359 52.0864665724217 25.9422435421457 18.0277563773199 50.0899191454728 2 62.9682459657247 17.7200451466693 28.0178514522438 43.0464865000618 58.8557558782486 26.9258240356725 19.9248588451713 50.5371150739731 23.7065391822594 66.8879660327626 21.095023109729 36.1247837363769 41.4366987102013 16.1554944214035 75.0266619276108 53.1507290636732 11.3137084989848 52 73.0068489937759 8.48528137423857 37.4833296279826 11.4017542509914 66.0302960768767 33.5261092284804 17 33.3016516106934 2.23606797749979 73.4370478709486 69.0796641566822 9.89949493661167 39.4081209904761 14.422205101856 6.32455532033676 67.2309452558864 67.0671305484289 50.0899191454728 52.0864665724217 18.4390889145858 67.0298440994756 75.4320886625844 7.07106781186548 15.2643375224737 69.0796641566822 69.065186599328 84.2199501305955 71.449282711585 38.6393581727233 59.0931468107766 79.6994353806851 69.3397432934389 59.2283715798434 30 1.4142135623731 44.2831796509691 3 21.3775583264319 46.0977222864644 82.2800097228968 59.3043000127309 14.8660687473185 68.4470598345904 67.1863081289633 79.3095202355934 51.0098029794274 23.7065391822594 25.9422435421457 45.1774279923061 86.3481325796916 64.1950153828161 54.0832691319598 25.0798724079689 16.1554944214035 2 52.0864665724217 64.9384323802169 15.8113883008419 26.4007575648882 45.0444225182208 60.8276253029822 25.9422435421457 18.0277563773199 49.6588360717405 21.9544984001001 68.60029154457 36.4005494464026 17.6918060129541 27.6586333718787 6.08276253029822 83.0240928887513 65.7647321898295 20.8806130178211 65.5133574166368 86.3133825081603 19.6977156035922 19.2093727122985 7.07106781186548 79.6241169495775 18.1107702762748 6.70820393249937 15.2643375224737 17.6918060129541 87.8009111570034 76.9415362466854 20.2484567313166 21.9317121994613 6 12.8062484748657 74.9666592559653 80.8084154033477 62.9682459657247 18.4390889145858 64.9384323802169 80.6039701255465 85.146931829632 23.0217288664427 4.12310562561766 76.9415362466854 82.7647267862342 101.788997440784 85.8661749468322 24.5153013442625 71.5681493403316 95.5091618641898 84.7230783199005 74.953318805774 29.1547594742265 15.2315462117278 59.8414572015087 15.1327459504216 6.08276253029822 61.5223536610881 98.0815986819138 74.8131004570724 1 84.1724420460759 82.6075057122535 95.0789145920377 66.1211010192662 8.48528137423857 28.1602556806574 60.6712452484701 102.107786186951 79.6303962064738 69.462219947249 28.4429253066558 1 17.7200451466693 67.0298440994756 15.8113883008419 80.6039701255465 21.8403296678416 60.0749531835024 76.4852927038918 28.1602556806574 2.23606797749979 40.4474968323134 7.21110255092798 84.1189633792524 85 97.3293378175358 82.0060973342836 79.1012010022604 8.54400374531753 25 65.924198895398 28.3196045170126 20 68.2495421230062 100.244700608062 80.6225774829855 22.1359436211787 84.0119039184329 88.684835231284 98.0459076147495 73.9797269527267 27 11.4017542509914 67.0820393249937 105.076162853427 85.7088093488645 76.1183289359403 13.0384048104053 22.8035085019828 28.0178514522438 75.4320886625844 26.4007575648882 85.146931829632 21.8403296678416 68.4105255059483 81.2219182240853 11.4017542509914 22.3606797749979 61 27.0739727413618 82.2253002426869 23.7697286480094 40.4598566482878 42.0594816896262 19.1049731745428 68.1542368455549 46.0977222864644 7.07106781186548 45.0111097397076 66.0302960768767 5.09901951359278 42.2018956920184 16.1245154965971 59.0762219509677 35.3553390593274 23.0867927612304 38.2753184180093 6.08276253029822 66.6108099335236 62.2414652783817 6 44.7772263544762 20.2484567313166 10.295630140987 60.4152298679729 60.1331855134916 43.0464865000618 7.07106781186548 45.0444225182208 23.0217288664427 60.0749531835024 68.4105255059483 19.2093727122985 62.2414652783817 62.1288982680363 78.7718223732319 64.6297145282261 39.560080889705 34.5253530032641 21.2602916254693 28.0713376952364 2.82842712474619 79.2464510246358 61.660360037872 16.7630546142402 61.3921819126833 82.2009732302483 15.6524758424985 23.0217288664427 4.12310562561766 75.5049667240507 19.1049731745428 8.60232526704263 19.2353840616713 14.2126704035519 83.6779540858881 73.1641988953614 16.1554944214035 26 6.40312423743285 9.21954445729289 71.1969100453102 76.6876782801514 58.8557558782486 15.2643375224737 60.8276253029822 4.12310562561766 76.4852927038918 81.2219182240853 19.2093727122985 73.1641988953614 78.644770964127 97.9081201943945 81.7435012707432 25.0199920063936 81.0246875958186 88.0056816347672 71.5891053163818 70.8590149522275 6.08276253029822 24.5967477524977 58.821764679411 28.6356421265527 28.4604989415154 61.3514466007119 91 73.0068489937759 28.0713376952364 74.2428447730823 81.0246875958186 89.0898422941695 67.4166151627327 35.1710107901379 1e-05 60.0832755431992 96.0468635614927 78.1024967590665 68.9637585982667 2 29.1547594742265 26.9258240356725 69.0796641566822 25.9422435421457 76.9415362466854 28.1602556806574 11.4017542509914 62.2414652783817 73.1641988953614 29.4278779391243 68.5930025585701 34.7131099154196 72.0069441095788 73.24616030892 97.718984849414 86.9540108333135 77.1297607930946 30.0166620396073 17.464249196573 61.9838688692469 17.2626765016321 4.47213595499958 63.6396103067893 100.284595028349 76.9415362466854 3.16227766016838 86.4060183089118 84.717176534632 97.2676719162127 68.1835757349231 6.40312423743285 29.4278779391243 62.8012738724303 104.292856898256 81.7435012707432 71.5681493403316 29.8328677803526 2 19.9248588451713 69.065186599328 18.0277563773199 82.7647267862342 2.23606797749979 22.3606797749979 62.1288982680363 78.644770964127 29.4278779391243 39.2045915678253 5.3851648071345 86.3539228987311 77.884529914483 119.037809119624 114.58621208505 97.4166310236604 69.065186599328 50.1597448159378 82.0060973342836 46.9574275274956 41 82.4196578493262 120.929731662648 94.8736001214247 40.6078810084939 111.198021565134 101.21264743104 117.046999107196 84.380092438916 34 68.5930025585701 82.2009732302483 123.490890352285 98.6154146165801 89.044932477935 68.8839603971781 39.4588393138977 50.5371150739731 84.2199501305955 49.6588360717405 101.788997440784 40.4474968323134 61 78.7718223732319 97.9081201943945 68.5930025585701 39.2045915678253 34.0587727318528 113.137084989848 74.1484996476665 101.242283656583 91.2688336728371 80.3616824114578 35.0142828000232 21.6333076527839 65 20.6155281280883 7.28010988928052 66.4906008395172 103.73041983912 79.8310716450681 7.81024967590665 90.3382532485547 87.4757109145162 100.578327685441 70.7106781186548 2 34.7131099154196 65.7343137181792 107.563934476199 84.5281018360166 74.3303437365925 35.1710107901379 6.40312423743285 23.7065391822594 71.449282711585 21.9544984001001 85.8661749468322 7.21110255092798 27.0739727413618 64.6297145282261 81.7435012707432 34.7131099154196 5.3851648071345 34.0587727318528 90.5538513813742 59.2114853723498 20.2484567313166 3.16227766016838 23.0217288664427 77.7817459305202 68.9637585982667 33.5410196624968 70.178344238091 89 34.5398320783411 23.3238075793812 29 83.240615086627 6.70820393249937 31.04834939252 24.0831891575846 36.8781778291715 92.2821759604746 72.0069441095788 34.0147027033899 29.1547594742265 30.4138126514911 32.3882694814033 70.0357051795725 84.5990543682375 66.8879660327626 38.6393581727233 68.60029154457 24.5153013442625 84.1189633792524 82.2253002426869 39.560080889705 25.0199920063936 72.0069441095788 86.3539228987311 113.137084989848 90.5538513813742
Deviation Vector:
14.3430787780209 95.2767679801092 15.6297457526345 4.93197060169514 85.5244798498642 4.01057201603964 2.91656903654744 1.44728894459532 37.6918926177723 28.980825727801 41.7996245774177 94.3866354920471 2.2955254930733 45.4528075344738 78.1577926133882 37.697934742841 119.177075424321 120.424620511014 35.1316740036817 15.15802109078 11.3071130124494 43.3777997138243 75.1106280594714 80.3309769991627 64.7492257115176 11.6512774218683 20.6404870962469 31.663098894813 48.974270497167 118.4410163386 6.53856112192569 33.004304808509 105.381678135757 51.7545285688771 78.8922878252732 80.8127910815995 49.5792223328834 56.1426472462354 25.2782192537736 11.8865760018605 151.120798650819 68.8330628025587 9.67407795765251 1.94771486493207 66.6748416508469 8.6551847745959 0.0729756289508539 14.8489159840121 9.10379977261267 18.1007717723866 18.5929781440065 2.37043180335013 42.3496592428301 21.0328093177313 140.051930102484 25.8999954611898 6.76442205814453 7.06387214776013 47.8076667022781 123.898941086968 7.80111003700371 17.1646113145809 27.8228171202177 110.146873171359 16.4042607359606 14.9739197279529 82.2978248060242 5.59165156120588 25.9387704368489 28.8428022336319 67.1974005874266 143.009596192426 119.899089620153 19.187570390732 76.140751022014 4.97889870835026 30.7829603375011 96.4906433942301 56.9727644133451 45.8925803575097 59.6529849154472 6.80991714860111 4.3945978285549 10.6152710067342 8.96678355503492 7.02971190408405 10.9655958530038 35.4489880490627 10.6986348453437 41.958950092053 79.0740623554075 34.3325792975853 46.5777246803934 51.2538617043024 7.89089206426261 20.4485767681038 10.5304299001638 92.1237665311684 48.6364258521471 56.8213528622488 97.6691341098086 38.8971279424674 80.1747107855123 79.2582705358885 30.6020410121536 15.3128598394837 84.8210313750507 24.7996321955377 19.2227672502635 34.3688476575994 4.95036414177458 36.4971090446526 9.79297849528323 1.50461766837506 109.175520285603 43.9775622046446 2.21785700681285 54.2758819029469 11.5079012819571 8.09783470603512 8.02670238870282 6.04245764793866 75.4174428508591 28.2602028980856 11.262855108485 25.4056346806374 8.44984121215016 93.7203449881389 50.251124687888 19.7057172939744 24.0467681670518 4.53033789226489 10.5476095922602 14.0486133318051 109.612540023232 9.86162759667647 12.1076402983017 60.1974963457494 2.7822281639824 68.7473517791589 110.18241160971 7.57497835952776 0.844185096418571 15.5368796894578 35.0448632043542 8.8707745010417 76.5059723978877 13.7222416090231 86.2773861826275 102.910395403294 87.7818006399509 102.765378011468 13.2083681152751 34.3035223458468 43.0759712032556 40.8221626782623 10.5986185925685 26.5220025970723 76.0973917283636 25.3669891963959 125.394006312015 19.1583969312756 129.17942625899 74.0480083261551 14.8912758634654 7.23505021959119 78.073198071074 119.774179165858 48.7738764853982 0.916194152361067 3.74259205621329 10.4328543760137 12.7684589518586 57.2210281290084 16.9590186950545 71.6556711956707 24.8904701052662 12.9639977194695 99.4456801605523 17.7855885278535 5.99618662174567 29.0769314047851 107.74606168896 50.6862125492522 116.493183210489 76.1942379544299 102.129948376878 1.99850170268042 92.1006235717695 17.3568054636871 40.4435860274474 6.07173162001859 17.0455587373866 29.4850861113167 70.959168789732 75.3046223774483 2.71844411626445 28.2703994056922 54.3408314897242 61.583750884174 21.9746143077499 29.4337655606811 27.4340354982965 38.3065124741397 34.6903485448689 3.53664413794355 3.72651921235663 29.7603821578668 24.5998746590772 4.82828266241095 78.4750619222551 1.31670318791489 57.1616842865235 21.4792256963383 18.8072731423811 34.1368369456583 64.4357332969525 9.76057988244631 13.4340030814273 47.8147385247329 21.7131448218998 2.62750800091931 24.5256967438422 7.59852714815977 23.8337010660733 0.444677944224697 94.3455467093054 38.6149209861565 19.6089757352032 41.0993833915623 4.59352252948728 33.8766920903786 3.93781554255073 65.5101064514667 1.96157627692885 15.185340607069 41.8465629145668 1.22708465891752 19.1392472601379 65.4481505982157 0.0474998428241815 5.81130075453646 8.34712191453526 9.20650344564794 88.0119592810815 70.1983127410318 0.717278217422562 10.916343602406 69.3683177873802 16.4160682800646 17.4606130240912 62.2203071957983 5.82858873080862 18.2934557549118 67.5269051298831 92.3040098559073 91.8226790762612 63.4766506603439 24.0675416562229 90.2801043803514 129.278555862108 50.8039822927874 47.4818806503208 7.73869134818864 0.83279206804246 38.3692432059654 18.8943578949712 63.5237163511146 82.4248424114435 70.7015673686947 12.1008213442288 71.4906204024879 89.1127849877072 101.944450228306 15.3664833650205 27.8773866929177 23.3756985962551 14.4834868498483 50.4313866980639 48.7889289106008 59.9946923036796 24.2588124703414 1.13061378952018 1.08944939654962 17.4611370456844 3.66570708917298 10.8080727871334 22.0256603928357 16.2022297477895 39.7236797674824 85.1710037819624 15.7112825078706 27.5822334207282 25.9936331242956 16.2273591849153 12.1711726275362 109.563399445901 6.00814262765831 138.033819175334 62.5674274271067 35.0352483353137 15.9171390887507 11.4528643413806 19.7298457011059 28.2097972568185 49.2635873445007 44.5548490170898 8.73331492963867 70.8872443563197 100.108579148977 36.7592247929802 19.5654989352117 2.63332515772953 12.4965045130264 38.1391066365271 76.6859417339988 2.96078861510438 55.6388757437875 15.7765562785846 3.83748591582681 37.846641804843 22.0562719494927 24.7000922947296 137.4646178556 5.20483620775357 6.32437053240376 9.22500896593549 52.6780005049954 10.6934184930938 0.251093014495336 58.1001396549844 11.7928066667499 73.7134277469865 44.8201275604317 34.1285786907316 46.1391183548227 6.61303198122971 99.999183977383 40.2559354398955 3.49170540361279 45.9237912623083 82.2459894891739 58.1133226864236 18.2266733147938 2.03647622092558 13.8396406872291 9.53034607691884 2.3820783783862 7.63235737244465 67.9619857056943 41.414834539405 1.67838919641375 53.9110271886573 3.69674320201597 9.22461668599215 31.1800759316072 32.084168196042 57.0146394258101 9.88699657008378 41.3065763026331 26.5708774042249 58.8107374832274 60.7138663640006 2.80867806801494 14.4188807376411 11.9767144519384 10.9132187712999 112.260296507732 3.55579709673787 35.4799901665683 51.6497648686103 3.29963374190407 16.0462783211789 20.1477640547324 75.9780391556167 54.3804624367681 51.2910580120376 102.714671034419 74.9622021746448 33.5265338475438 15.7909272526177 135.851623852141 7.73927590221876 5.84675477510111 7.16824320215078 58.3551019186805 83.9289111393575 45.2141994367553 48.6397046507771 1.94441358203416 32.6372710587375 31.1000198491991 114.755610188124 64.5481558839775 122.328843795286 21.8989524155957 70.0515943233033 1.29408931001782 31.3805681686496 90.7072868952665 46.1936519398717 29.7017014437234 29.2973484134541 9.02783883761229 62.1211196707393 114.641409569946 17.3866479047413 5.79580943661682 17.6743255672895 47.0358548939222 6.44412754090353 104.020069825958 74.7516358782927 22.3801559318029 94.6392480467472 98.2047012479262 19.2751703975267 19.7911429285844 6.54031036336922 24.7536260221684 8.7672753836781 32.8950363661174 4.38238837399843 61.3798019714264 37.3311721859189 4.35780474560233 38.2439121733165 6.94852785735612 2.18958615283406 2.01248731789999 48.070983744991 84.2585519600766 15.0329745659719 57.1207387400525 11.031716075275 15.3987426240479 35.6368569437273 10.9521100321127 1.63437653542756 84.3871635771948 40.1656911825058 138.117231484915 67.4556749538683 3.97996612062588 93.0682686453727 76.0564938038951 113.661146625651 84.0818296876774 45.6194035276806 20.6736845140476 33.9839792471697 14.4169203990218 9.18591875940837 59.9058035867199 13.9444844977089 13.5893539664179 108.054308090663 120.651079272849 145.571489230591 3.05950217470175 13.890312619403 15.7671587360701 90.543024382222 121.239741938989 119.91274053549 99.3384190828817 39.7274913041515 0.481592573636022 8.4440289455238 11.5307294886005 22.2458449829906 81.6750151899059 0.00408484173969503 15.8283523814333 68.7054961036523 99.8362647626854 42.651554458806 2.82066148318804 33.8042077396211 11.3356578105474 59.0624329055044 75.5693263007471 12.5539026685416 3.76500297034967 13.5032144577802 79.1975474677115 39.0456883339774 13.3398382414441 58.6071394877577 43.481327514252 15.0091686613204 12.9847171407133 24.3194887943028 31.835979832435 7.17480371383226 17.0723606067585 6.61052005437904 6.53239622283096 95.5907476172009 21.4834860534685 5.83612298113692 27.8790230835181 2.99292771411699 18.0343865549056 20.834062859331 84.8350853771663 52.6983510645132 9.53967346121775 9.75528587841804 65.4835334803975 133.642379604173 44.1299754027883 10.7272299046694 60.0532968847875 0.355710223215349 148.413851806812 15.4092143180938 3.82684453084578 4.86230051697525 21.2459038785632 36.1644765783135 7.35000440114857 9.10009363521208 32.6569242009395 23.6212886357679 26.797917761379 126.180113008016 26.0290345367542 10.1254163111968 8.76867509837696 25.9665743926239 17.4935079636051 10.6477537676809 7.31677288931944 86.1501050093156 70.1032093818372 1.64852843687792 20.6016967356197 3.01374311562815 8.06935071787615 4.77026137193081 80.168977373549 15.3422890764846 10.5708373858689 10.1801824111567 1.60632438922903 27.2727898071414 28.5648622726253 18.6986630336073 4.15617403226101 107.978254305425 20.4051100267919 114.145948466134 125.714861004214 22.3635578805429 25.7697470561678 1.06030268812108 13.9821149326778 2.75377746564676 64.3079345244324 128.71883195089 16.2801875118841 111.278050830437 60.4503533348331 30.7809188648992 3.24859055923142 32.5445155186728 90.0833263033072 0.157981244456523 14.5201522012251 51.5227203679932 7.08079355893321 16.6252181251128 6.35053782755089 4.88541683758861 6.46003160808008 11.7436523908525 88.9253057707357 62.9436224731436 95.0928309351643 50.0922359800517 29.070167485744 22.4376522868691 95.6146458537693 17.3870016476407 21.5825173110508 29.5087140706148 34.3243364441895 105.461112928674 5.11949215097069 106.740538278284 25.6695763354982 11.5486506301627 29.1500264227623 1.58686220769953 20.3789748753569 113.819151193912 78.3584559182536 6.55591867852511 79.6036674408926 52.1300763630865 4.19687319172755 0.0885121792279067 9.67357071978217 54.386379075974 22.1531543613485 21.3283366256244 41.1435293324763 6.39741012890296 19.0134071955262 6.69350082440127 62.2794351003483 9.28609790242771 3.50304419921497 63.6828869184087 54.6658960216167 61.9726380524747 1.96602536263986 61.7821705128179 12.7801154521189 61.0279277922313 47.7986330892611 0.984801568955889 20.1943531261083 99.1423170760639 13.7696165188999 99.1265658545528 98.6513184423797 3.00127979999259 19.7531701623707 136.991695188303 74.814691128511 75.2818947673036 46.7506255665433 2.06304141003989 8.28289947583917 8.93964680462572 9.3561906476656 94.321301028137 51.3129674924919 132.381538443756 5.61182297722527 41.6155589099343 57.3194365519519 134.188520528859 103.451856580238 51.5872666788763 64.125345628481 74.0152316643944 90.9551102695867 3.31614960803416 57.1415578866229 0.557268286835969 5.23579927076076 102.33850576172 36.5541233267775 35.7625502787969 7.9928895224784 35.3899085946138 32.5525521726191 100.537150375392 35.6227435634726 8.28232929154121 16.6626903500884 1.43470111659953 127.527940541139 49.7341523470026 98.1403824805102 78.1887446196737 25.898084343589 9.73836175583839 26.674418609715 57.3027023394356 12.2075941998754 2.81686415155393 40.3156351408491 20.3050507118461 114.309000816176 45.0421848227319 66.7584563101356 80.2935399022325 1.93150004603988 58.7788548057168 37.363118892294 13.6416256590673 61.3819653708162 76.3783184424859 43.7478098870822 3.16210912008333 19.309661268236 30.2392394239896 79.8689488387745 1.26635025477202 60.7987467086616 0.560942436316501 8.73562246997112 33.9703448502274 46.3666732862751 2.5497879650224e-06 0.342109179775774 68.5396338288533 7.97047753030074 78.9264280288937 10.2070914073011 24.1979406792429 43.501175276157 15.3281056960459 58.1038164093295 52.2957187045916 1.38931405753331 6.91747731047021 33.1806456408275 1.41997472081332 39.8744891518765 22.0816887631461 73.4762549728627 1.10371851837189 20.1065135107075 8.45124159988742 12.6335656151266 106.621547293314 81.8448395785137 48.3681678108642 30.9009881776975 4.76348145900126 67.92573276653 46.468598747962 46.2873125595977 1.72955410724019 46.0320879822608 21.9381307158289 71.223995138092 83.7537953057368 3.31917677286307 24.572261764203 16.7091565020852 7.65671403997949 73.883616852064 76.0644662203619 42.7351590134373 13.5725872942702 11.7084547695348 4.08286746393342 34.2468260011675 72.1152573114852 5.58968260494904 36.8977853350168 64.7072887562425 105.248636865919 45.910671460679 4.28104870790326 26.5364075985052 84.8237784835841 6.06724808676219 20.9462911097636 9.65008195776031 55.6442691382823 6.73248211069679 77.8175326611339 67.3327104711518 27.0103152119485 9.21718706316824 107.672817479065 71.9156566521733 69.2534264648894 40.965207352986 84.681167708655 20.6689082264564 31.8558965967496 53.7463854272238 25.632662444874 14.7380386169827 18.6521815480961 73.1677225794556 24.6290729938111 96.8794006596223 22.324890969553 32.6129635835661 0.388758740632862 3.90950059608318 4.9753395080314 63.255029103465 67.9027862107075 27.5668097840766 64.9330613877937 29.0821903479594 20.2247059273314 18.8142429973852 2.04846097799982 23.6371940271789 18.6382598541709 4.44644657766593 10.8494468388101 4.18708372453625 48.2974040997918 108.436520240965 25.3420851963164 38.4773243469458 7.18413983908473 1.33945157475354 33.8388267925118 79.4255383805711 8.42884864896407 39.7011151575118 2.11275697881462 62.4203487634949 130.201410556635 22.6350128592971 1.41305768880763 119.997695393306 100.906008529507 74.9806401986974 55.9204776786809 19.7921716743666 13.8328766653789 1.2761505058298 34.9109235747116 0.0266484351185371 63.3698920542279 76.6513471981485 3.09292756003683 87.9555088049768 94.0477435037886 6.96938001519035 9.12241986593648 1.05304743119512 43.3555299923 43.9840804190428 1.22774233111509 37.4788395795278 0.0406460825602287 39.4897928579433 68.1529559143526 5.36590172675933 39.1726446120417 13.6691376614048 92.2933971346601 71.5887632201322 43.3300665542238 10.101093746356 50.7772148450884 5.63428868160821 50.784623029472 121.822195931 11.2297179206064 11.4639521779847 1.10657836889328 32.591070294904 110.962980713738 63.9967676158944 7.18306603555835 123.031179784161 73.403863737314 102.385624001817 54.7117289155839 9.17817200873809 0.584117695683433 81.2532227067329 31.4490049664341 3.4378574313496 67.7182235207269 101.200360417044 45.1613109765794 14.1620089812959 7.46351183455169 11.481649845656 18.7009188107763 96.999346132238 41.9531004657239 2.09322697846458 84.4048102095868 45.756807593057 113.21437086841 37.2331469016547 13.5548648713423 24.6699982362853 11.5892993554035 11.9545432483607 105.428886534381 40.347039512385 17.4406467484788 0.107414369988869 95.5187146986603 1.12953309985443 43.9170065567721 35.0982340935663 2.70229714054274 104.820718503254 22.1525527977929 115.535496440109 137.619781255506 108.979739951485 21.6029212950117 9.76331179941145 19.4344260550068 12.5409185209868 4.86328532227772 33.2067811988657 66.226054947614 23.7350984841719 2.24175040011376 42.0704732187668 66.4470311286172 137.797946724375 69.6761358442046 9.8701922423327 22.4492167371519 74.517673014979 11.6750562517157 43.869168706946 70.7843797198222 42.7204039236694 9.94731552074199 49.1274361174207 6.30257135365294 32.1240598041149 1.24203832507971 10.6481542668043 16.1074805531644 119.072443641675 1.35258910045336 0.512221554503089 54.2877799967665 4.88505293313023 74.4358220782998 4.19680502229503 123.128828375077 1.52089061610016 35.0398783789414 19.6699363501858 1.07227125285274 24.1358674463233 4.06351417217288 26.665336099501 17.1856110764176 44.4683799213682 44.6838876302067 19.4397648159333 10.1340990082036 58.2609645509641 6.44744202815056 57.3083259662769 18.3318731800086 17.1008920069646 11.8967804969623 93.6168531797266 64.2318333952251 79.0421660674675 40.887752967467 23.4452449245772 72.3231307869337 3.24500094895172 98.0175663839491 21.14582996769 21.2675657133114 34.8736488729093 74.5471487014028 19.2645912434724 16.589686159239 12.7396403168806 31.8873879566714 78.3722568321854 17.3552755309953 30.5528513753046 28.490478843057 19.5868620694321 104.970684849372 77.982050977064 8.43697038164221 80.6614734435521 53.6252577879365 7.03483512039987 41.0124142499535 16.5731211580692 96.6798727432262 45.9183901139868 15.9182539852045 28.9882097874001 2.81924221925988 65.0747223994393 37.6232882211525 10.6748614316223 34.7691630066992 6.84924382665735 4.08127646180712 1.00917587974278 86.1845406883115 14.304102501966 38.0480983415231 9.05941496634432 36.0388184598852 33.8857706261698 0.259257776084942 20.7651817341879 89.4568496958233 50.0191433484955 79.7076990479506 76.289765747774 21.8340261034874 3.88875976281641 79.1083606820708 90.1136413438446 53.0017259388484 13.811666480089 1.59354873364491 32.446259838443 0.611022104368686 9.33838872607003 73.902626131201 120.497221643058 78.4572603652791 7.75211507401263 62.7287002767667 38.8941101630026 79.0218885930108 79.6651821389248 14.0795491869951 16.9941561868864 9.98353805325571 114.358558458787 73.5926739131445 41.0296455708075 3.69341517539293 19.1128695762335 0.985330207557446 75.1215535650897 18.2439489747164 22.7539810425073 23.3289921094893 38.1082309178589 91.5392139463398 6.48262144155467 9.36117664927006 38.4071552639249 15.5937439844284 1.35335831018918 54.8235876409094 16.1694192230343 12.6278137898971 9.02041589702661 62.4408841283996 10.0734937264659 7.89423588625666 2.76411543875113 63.187788367805 27.0733013297119 30.8109469699673 9.37612276425405 32.1020247362552 3.59667810157369 6.86938785624083 23.6530367268424 16.9351582668091 102.840679424843 85.1183661505428 29.3581735366672 21.6508866368015 8.32329319141379 16.1696734604315 18.3292317244633 49.0413628822429 71.8586807326554 9.11601154017175 73.1303510745348 23.2352185309522 102.573163748422 26.3800736919348 0.692838968234462 37.8756044235137 132.625239681598 2.50805781813919 106.847250791406 3.16899153429362 28.8208590910212 122.87615254411 72.9753695839212 11.3028211821349 36.8558752922964 8.54456722079423 33.1502379634763 22.1352640215416 9.64121633882502 29.357490136472 77.8400639899436 84.5354065176201 1.5834574060746 51.9492793530916 40.544131617876 127.817184390239 16.7597538183908 6.23925199342857 9.14831231960818 84.615744092527 125.560723284911 115.544907455621 3.93004077158868 22.9819734182248 0.970546681666929 3.98020986350025 87.1567535725582 14.9676583647106 20.0910240808041 20.0552870576252 64.6348640691121 49.8654368005285 16.2896033236228 0.69518910197346 32.4696025654271 1.55948220167713 73.3413338862184 115.321796519412 5.12488528336431 68.1090935233325 16.4186834599404 7.23062509137254 8.35364851751388 10.8562222479411 41.4445366816908 16.4990078650722 102.98887905594 9.08041048120984 125.79164201 4.59376585337809 124.778025420123 103.193295925687 3.1565577892835 114.063445540004 9.3218388961432 11.4330107275292 9.39758664361413 2.01489636964947 27.6868261175375 29.6364400934598 12.2227755780333 31.9006787204863 29.1752150385759 114.347870439599 2.20419198932066 18.5383380490957 2.31115551778878 65.3570945343576 127.879748160476 1.8069002450214 3.56781219182783 9.49579066363555 27.2027444244383 40.5949063932702 7.61453862199093 34.0618650910962 55.4618931079382 3.87840774084279 63.5504596880861 57.7402295040971 2.90288778063976 35.6194164612131 52.1514923651599 2.2574635103168 29.8292253723566 18.3023711114958 85.3926934672939 29.9428920482485 26.6477101029505 5.44100515423899 7.51987504602005 30.9966041940952 95.9198061997657 3.90733393952994 15.8913578990924 32.8952669221049 8.94632667584247 27.8344298552005 57.3431201759358 35.1710122094318 4.37836556340492 50.1416185693306 22.3936022053994 97.5587615223492 109.926319584759 24.8389092993031 52.2500451731706 80.7160515723971 117.847932500757 9.40868154918283 36.6083712191723 9.67579362279349 19.9193089426062 2.49421257644196 2.04488735350076 1.37903198539431 75.4671946710762 9.08721256221982 53.0621649502876 61.7997084811882 10.710238834372 10.91757007569 5.01844344390622 45.2273371092271 21.5017161924054 13.5232814505353 11.4880255916994 5.23096947228941 34.008620117492 113.465667424831 19.1458271592591 26.6660445252314 6.64419952714134 4.89988615596706 72.8502580122097 78.0808407968782 11.6642482665491 3.60772373307767 42.0313980369377 0.27998013189736 29.2118827818878 131.285369626866 6.68787747243684 96.4928659134464 6.20394279211723 104.872701911379 109.230194785908 32.5961244452212 130.711578694198 50.5350181140983 30.6594607023378 47.5561752367292 6.37749327015412 0.469198822811204 74.7116491723439 15.6797064553273 45.2842165430578 14.7872051094694 83.3204034012271 27.100309169248 4.64622391001622 35.2178493237531 113.176854128107 107.189736314259 67.8094824582371 27.9150896141718 5.9498561790019e-06 72.3409307204309 98.9326697036985 100.43805705077 87.7161257563262 2.8239478336804 37.2017803010776 43.6218073186187 76.2972389317521 35.1490465267425 81.932080219329 22.9334786053912 11.7592417595218 65.4623001525861 101.596991780809 42.9536267123328 6.62195367036098 28.1427525998519 106.476617726136 100.103763883306 132.730049348231 125.516278366065 124.001553431614 19.4371805053912 3.28913933690962 9.10355573562915 19.3671098423174 7.08902846167926 85.9156545321064 50.2815335086459 57.8989160105083 1.00773657396681 6.83073375180834 13.2332926856185 156.080747803343 92.1139768719085 10.0412479172891 36.911880839978 84.448736349573 109.123260625698 80.3430183076221 56.0531574605517 6.9916868009579 0.775750958195646 4.15663540727313 112.091283468462 3.98690205301868 25.2560979549677 1.80530404389489 1.64367176328034 2.82597411059743 42.4126572485863 44.6416823432006 1.05227260358036 6.39133126864421 6.81989536002341 13.5293451823288 81.2315646047646 4.32969135771397 148.43806230394 81.7586622899429 39.6407836806315 17.7193244224253 59.2998913001132 38.8063491911871 16.0206910115002 119.414272689353 84.2790827995718 58.8284853691402 78.4858426347358 31.203895205405 94.2483518277973 125.64484593639 18.450515811484 81.8378648266183 5.86127324825826 66.5979833332756 139.466556847321 33.5218124004405 92.7626691592057 58.7050563624153 21.3238921743812 21.8634715104435 68.4494805926244 45.6814491283648 58.504881162577 88.8996234018243 49.0351465848559 49.1984262752191 102.55726151884 20.3822710737757 2.04148482720059 74.5688227874082 54.5709418218345 133.921648009202 146.541040831944 74.7643098888704 23.9464929507062 18.7686772551116 48.9253964266264 28.6499544136618 8.56055577881932 103.586798669032 129.913591051698 7.36037704721368 8.78390907172157 119.582528687688 55.2403960288634 91.784336007374 5.22082790975498 0.703599456572988 26.8670585666648 32.5896816398404 65.7645252157132 44.4637756647916 70.2098086968019 15.176076597418 2.2862282664854 37.1495833284963 66.7328992689885 4.95863413066549 39.5508182529712 7.16732993553516 23.9594126672942 77.3345105715991 56.4330963927348 29.9995321869437 2.69570791993812 46.8060998604834 9.54891647406858 74.2084994011936 23.0357729140358 4.05193044080724 27.2772867297664 59.4039175214264 94.7239509203318 22.9141625570671 32.3592223992128 33.7025933628492 55.1163869836901 12.4766856377905 21.183936025057 61.8779835536449 6.91422844533725 41.6631576729296 30.5708745491377 12.867950059642 13.5680874528951 0.00646223925820966 9.8522321921979 31.5168206129352 6.87198090420344 24.2995024390848 31.4181757354961 93.9819726383308 21.4368524061736 44.0090793984222 23.9262840068435 20.1287618221374 74.6050298208397 37.3490592163757 17.7230161032776 9.96319100555254 7.86428336553605 0.561865963666354 131.457926338286 134.268536442091
