Instancenumber:
62
Instancename:
eil7
Customers:
6
Depot:
0
Dimension:
42
Vehicles:
6
Capacity:
3
Demands:
0 1 1 1 1 1 1
Uncertainty:budgeted
Gamma:
6
Mean Vector:
10 20 25 25 20 10 10 12 20 25 30 20 20 12 10 11 22 30 25 20 10 2 11 25 25 25 11 2 10 20 20 30 22 11 10 12 10 20 30 25 20 12
Deviation Vector:
3.21913144736299 4.98468966517992 9.96848001631419 10.0795585425182 1.80402148309206 3.95565042899579 1.04491647141848 4.84584755051178 7.06896831084341 6.23183205035563 0.665529121449947 7.07962336067868 1.58613152094809 3.64062696221534 4.09098874215876 4.42464214265999 1.35632497048505 6.54101945454043 1.77977715140003 1.27507782178503 2.53205583210502 0.385201836594518 0.509907586431774 9.37478156499173 5.60156521701088 1.07023583127009 1.12196279018681 0.220583531202699 3.5468300567965 4.91484599108414 6.16471046970234 7.97412696861225 1.85206701884685 3.25801086399272 2.58194655667638 2.0926312637717 2.80955930396935 7.25372605618973 5.02243949184245 5.59031069047352 4.02335333389674 2.27518744531696
