Instancenumber:
63
Instancename:
eil7
Customers:
6
Depot:
0
Dimension:
42
Vehicles:
6
Capacity:
3
Demands:
0 1 1 1 1 1 1
Uncertainty:budgeted
Gamma:
1
Mean Vector:
10 20 25 25 20 10 10 12 20 25 30 20 20 12 10 11 22 30 25 20 10 2 11 25 25 25 11 2 10 20 20 30 22 11 10 12 10 20 30 25 20 12
Deviation Vector:
1.6680167733271 5.60948485484483 2.05481539580376 4.12771583071054 5.43845038418697 1.43843750854198 3.83142615237726 4.11736326318419 4.15195283886899 5.63890700320158 3.74767816301201 5.07905754147222 3.79511248815136 4.18782256937003 2.96762310324415 3.20927465867006 1.06667135490617 7.21960193625571 3.16756557806526 7.13441170143522 0.956657118421009 0.421774975231298 2.66322619826028 8.84650918774347 9.63183566136451 2.80688712092942 3.36330227198967 0.283792315724996 3.35887912456117 1.92261000747466 6.62990223277822 2.75693014979859 8.28530434855143 0.0318539006598659 2.57006304888375 2.85282413035737 1.46739560005095 4.58714003611872 5.10171093424899 8.85843004871361 0.882427272276698 3.5397556389044
