Instancenumber:
65
Instancename:
eil7
Customers:
6
Depot:
0
Dimension:
42
Vehicles:
6
Capacity:
3
Demands:
0 1 1 1 1 1 1
Uncertainty:budgeted
Gamma:
1
Mean Vector:
10 20 25 25 20 10 10 12 20 25 30 20 20 12 10 11 22 30 25 20 10 2 11 25 25 25 11 2 10 20 20 30 22 11 10 12 10 20 30 25 20 12
Deviation Vector:
1.97498160893281 4.67753976042806 5.82932331401653 2.08671382243827 2.29674623179612 2.81657994147305 3.24121950772721 2.898479216549 4.55173321797804 0.224893607366432 1.24906512023704 1.17812430295708 7.25712223608792 0.193404145707807 1.71181699985031 2.8360084024204 3.47628974010593 2.88833082936821 8.84873615120787 1.57432727029703 1.88175365972227 0.639524542070829 0.897733899323232 0.859743813510917 3.66764242279245 5.70879332155333 2.90121429991429 0.633525456106662 1.71897016490513 6.15736236302995 4.01900892999646 11.0818553215138 2.88097013696857 0.256646068143514 0.420718121524495 2.94948599560598 3.04989454887625 7.32387525850341 2.29615548078252 3.04460493665906 7.50379014822235 1.41808824040782
