Instancenumber:
67
Instancename:
eil7
Customers:
6
Depot:
0
Dimension:
42
Vehicles:
6
Capacity:
3
Demands:
0 1 1 1 1 1 1
Uncertainty:budgeted
Gamma:
1
Mean Vector:
10 20 25 25 20 10 10 12 20 25 30 20 20 12 10 11 22 30 25 20 10 2 11 25 25 25 11 2 10 20 20 30 22 11 10 12 10 20 30 25 20 12
Deviation Vector:
1.80690412614216 6.54507401790698 3.35727580918981 8.79680281976342 3.48561456499533 2.92304202372407 0.37357888782646 1.40925907403048 7.42041131774518 5.63833136887181 0.792258266533711 0.836816408482653 5.19846014590619 2.07737166955386 2.70192553286266 1.24165627864088 1.73987254164507 0.938929543698422 0.248851088385759 5.60071124058288 4.00692829031697 0.281814463158912 3.3370372504641 0.79931807159956 9.6674432803322 4.93911398342309 4.37983134368068 0.104888657838415 3.19348756803286 7.25128149760212 3.41236697906386 2.67741753865882 6.13856886822477 3.35400319452864 0.303274457589999 0.510176010914191 1.86421665564318 1.35370669083292 4.79858771236169 3.66625782828531 5.86437178593037 2.23633839155816
