Instancenumber:
69
Instancename:
eil7
Customers:
6
Depot:
0
Dimension:
42
Vehicles:
6
Capacity:
3
Demands:
0 1 1 1 1 1 1
Uncertainty:budgeted
Gamma:
1
Mean Vector:
10 20 25 25 20 10 10 12 20 25 30 20 20 12 10 11 22 30 25 20 10 2 11 25 25 25 11 2 10 20 20 30 22 11 10 12 10 20 30 25 20 12
Deviation Vector:
1.88491133555545 2.84699356543326 8.98689596065004 1.19729421304116 5.10455043951521 0.277690358264481 0.791894201695502 3.18217878613429 6.15609195711184 1.72725827202708 12.1826639127194 4.00759404992362 2.02126107490131 4.58393531980525 3.97944261833105 0.972813833354592 0.520234452821898 9.19503301522547 1.00524444913213 3.88530739072013 3.95748351796143 0.638471271223731 0.972211160007087 0.382096980874466 9.0437575797012 6.87011245730587 0.912661351542869 0.221822617609126 0.106628931034829 7.52375606146286 5.94545682868819 5.97462080550954 2.37040238654211 2.7055243790469 2.47045795371964 4.35567702000482 2.73725797557985 6.52470431083029 6.52088196574285 4.26846192733531 7.90651092845195 2.55191533154293
