Instancenumber:
71
Instancename:
eil7
Customers:
6
Depot:
0
Dimension:
42
Vehicles:
6
Capacity:
3
Demands:
0 1 1 1 1 1 1
Uncertainty:budgeted
Gamma:
1
Mean Vector:
10 20 25 25 20 10 10 12 20 25 30 20 20 12 10 11 22 30 25 20 10 2 11 25 25 25 11 2 10 20 20 30 22 11 10 12 10 20 30 25 20 12
Deviation Vector:
3.71118179589593 1.71193363694997 4.59655756563792 8.95676308234557 3.48068606505685 2.0750932320833 2.53979705481174 2.57092897461753 8.03549385871253 5.97340347392883 3.68063395529484 1.58731214686758 5.08440036384264 0.883754200532539 3.54170105635614 3.70908155165632 4.06026482801004 10.9449899621729 7.56462791804336 1.42076830975619 1.5319510726925 0.820661359492752 3.48694694941281 10.0060225708126 9.06279616544759 4.49822641142916 3.4725262005924 0.338165320978335 3.50667533550579 6.00435656695154 7.63484543284737 9.32981385033891 8.48791922429166 1.70293921542493 2.58472399984956 1.78868274153304 3.62321979347341 2.03320374291931 10.8990292903764 8.83261884907008 6.81192652206237 0.902362278426532
