Instancenumber:
73
Instancename:
eil7
Customers:
6
Depot:
0
Dimension:
42
Vehicles:
6
Capacity:
3
Demands:
0 1 1 1 1 1 1
Uncertainty:budgeted
Gamma:
1
Mean Vector:
10 20 25 25 20 10 10 12 20 25 30 20 20 12 10 11 22 30 25 20 10 2 11 25 25 25 11 2 10 20 20 30 22 11 10 12 10 20 30 25 20 12
Deviation Vector:
0.218784429860177 3.68048851950172 3.72107600261364 9.4012137155408 2.20843479247355 3.3340053228682 3.30089629040564 0.0265792563029702 8.0887789554926 1.81232045452351 0.0526109835437737 6.21284413347623 1.2388360538656 4.37118655283235 0.797793448108135 4.15388603021848 2.69623834545242 0.589648806975523 6.67629781936368 1.87013283503719 3.30648755243815 0.484149009681496 2.73151227469538 4.45823092271514 9.77828499921254 4.99623396816891 3.07988366460028 0.687280916371015 1.42362194369395 4.1958766367505 0.160907928017747 4.92721912066238 8.66400167187743 1.72577280155976 1.2949726765688 1.12137694939348 0.794970506633789 0.975899571371397 2.86989051424113 1.82860200294611 2.4257559349902 1.16900059911396
