Instancenumber:
75
Instancename:
eil7
Customers:
6
Depot:
0
Dimension:
42
Vehicles:
6
Capacity:
3
Demands:
0 1 1 1 1 1 1
Uncertainty:budgeted
Gamma:
1
Mean Vector:
10 20 25 25 20 10 10 12 20 25 30 20 20 12 10 11 22 30 25 20 10 2 11 25 25 25 11 2 10 20 20 30 22 11 10 12 10 20 30 25 20 12
Deviation Vector:
3.83786286982946 3.66459198885581 1.27225861333296 1.31934283683987 3.00127367739521 1.73446632962974 0.724286737061123 0.0758841421851924 5.33906549429666 10.0769357237482 7.45194550068542 2.08961308188497 3.41229495076736 2.74485198005421 3.04330013012295 0.437934786000518 3.55489650713694 1.07700867184576 6.24015212775748 3.39263202924076 2.00140926608228 0.465264849205491 3.59172041764218 8.2409548566277 8.15201259297173 10.1504272157713 4.16276490117045 0.0219032050801516 0.683692506198199 1.77858102526047 2.16736638648392 1.24090857847804 5.9874903155279 1.75184530243266 0.941373327561961 0.137164997360391 3.32705296820488 3.33132013307197 0.532622848863958 4.72166633037892 3.17703034566721 3.19382733981975
