Instancenumber:
79
Instancename:
eil7
Customers:
6
Depot:
0
Dimension:
42
Vehicles:
6
Capacity:
3
Demands:
0 1 1 1 1 1 1
Uncertainty:budgeted
Gamma:
1
Mean Vector:
10 20 25 25 20 10 10 12 20 25 30 20 20 12 10 11 22 30 25 20 10 2 11 25 25 25 11 2 10 20 20 30 22 11 10 12 10 20 30 25 20 12
Deviation Vector:
3.98813005075727 3.18261267828748 2.35954031570637 7.8572552107675 1.1550572821307 0.505549923081235 2.98136662405493 0.543649746740624 2.30193383006956 8.08366839157217 9.15042233742018 6.77794108730114 0.638044467126251 1.98435010071394 0.738188775980852 3.4959719983627 0.95623074434321 12.2519781652543 8.79471620091163 3.75439675186098 2.14743137612571 0.608872013101987 0.0580882304871817 5.19931013107056 5.38924912577875 1.71314721829232 0.145149901775677 0.669593217939627 1.36294942634258 4.82690208085975 1.46329052276222 3.72948088169463 8.81046623506195 1.84300752643003 0.278143195003567 0.569240204924781 2.1810113107449 6.51901963811699 2.78222487916351 8.32994556444919 4.77011598497144 4.77305888892896
