Instancenumber:
41
Instancename:
B-n31-k5
Customers:
30
Depot:
0
Dimension:
930
Vehicles:
30
Capacity:
100
Demands:
0 25 3 13 17 16 9 22 10 16 8 3 16 16 10 24 16 15 14 5 12 2 18 20 15 8 22 15 10 13 19
Uncertainty:budgeted
Gamma:
9
Mean Vector:
70.3491293478462 91.9238815542512 57.0788927713213 44.1021541423999 77.8781098897501 54.0092584655631 50.0899191454728 48.2597140480546 53 93.150415994777 69.2314957226839 49.3659801887899 53.0377224247045 71.0633520177595 70.4059656563277 78.587530817554 53.0377224247045 78.3390068867355 69.5844810284592 92.1791733527699 37.9473319220206 50 50.1597448159378 68.8839603971781 44.0113621693308 49.0306026885251 94.0212741883453 48.8364617882991 47 50.0899191454728 70.3491293478462 75.5843899227876 16.4012194668567 27.8567765543682 11.6619037896906 17.8885438199983 20.3960780543711 22.0907220343745 18.3847763108502 77.7946013551069 6.32455532033676 21.0237960416286 17.7200451466693 10.0498756211209 7.07106781186548 14.3178210632764 17.7200451466693 13.4164078649987 2.23606797749979 78.4346862045103 38.9486841883009 21.1896201004171 20.2237484161567 4.47213595499958 37.0135110466435 22.2036033111745 78.7464284904401 22.0907220343745 24.0416305603426 20.3960780543711 91.9238815542512 75.5843899227876 82.6075057122535 82.0548596976437 68.4470598345904 80.3056660516554 76.0591874792257 74.0067564483136 79.227520471109 2.23606797749979 69.2603782836912 73.0273921210391 77.2334124585985 65.7875368135941 68.6221538571911 65.7419196555744 77.2334124585985 66.6408283261845 73.3757453113766 3.60555127546399 91.6624241442479 79.0569415042095 75.0599760191808 71.1688133946323 95.1892851112981 69.0072459963445 3.16227766016838 70.0071424927486 79 76.0591874792257 57.0788927713213 16.4012194668567 82.6075057122535 13 27.5862284482674 3.60555127546399 9.21954445729289 12.0415945787923 5 84.717176534632 19.4164878389476 12.0415945787923 6.40312423743285 23.3238075793812 20.8086520466848 29.8328677803526 6.40312423743285 29.0688837074973 16.9705627484771 85 22.8473193175917 7.61577310586391 9.89949493661167 17.8044938147649 20.6155281280883 15.8113883008419 85.7088093488645 15 10.4403065089106 9.21954445729289 44.1021541423999 27.8567765543682 82.0548596976437 13 37.7359245282264 10.1980390271856 8.48528137423857 8.94427190999916 9.48683298050514 84.0238061504 28.8444102037119 10.295630140987 10.295630140987 32.0156211871642 30.2324329156619 39.4081209904761 10.295630140987 38.8329756778952 27.7308492477241 84 12.0415945787923 6.70820393249937 9.21954445729289 27.7848879788996 13.3416640641263 13.6014705087354 85.0235261559999 12.6491106406735 4.24264068711928 8.48528137423857 77.8781098897501 11.6619037896906 68.4470598345904 27.5862284482674 37.7359245282264 28.4253408071038 29.5296461204668 30.4630924234556 28.6006992921502 70.6823881882892 8.94427190999916 29.1547594742265 27.459060435492 7 7.61577310586391 3 27.459060435492 2 10.6301458127346 71.5541752799933 49.4064773081425 31.0644491340181 29.0688837074973 10 48.1040538832228 28.8617393793236 71.5891053163818 29.1204395571221 33.6154726279432 29.5296461204668 54.0092584655631 17.8885438199983 80.3056660516554 3.60555127546399 10.1980390271856 28.4253408071038 5.65685424949238 8.48528137423857 1.4142135623731 82.3893196961839 19.7989898732233 8.60232526704263 3.16227766016838 23.43074902772 21.2132034355964 30.4138126514911 3.16227766016838 29.732137494637 18.0277563773199 82.6075057122535 21.095023109729 4.12310562561766 6.40312423743285 18.4390889145858 19.8494332412792 12.5299640861417 83.3846508657319 11.6619037896906 7.07106781186548 5.65685424949238 50.0899191454728 20.3960780543711 76.0591874792257 9.21954445729289 8.48528137423857 29.5296461204668 5.65685424949238 2.82842712474619 4.24264068711928 78.1024967590665 20.591260281974 3.16227766016838 3.16227766016838 23.6008474424119 21.9544984001001 31.0644491340181 3.16227766016838 30.5286750449475 19.9248588451713 78.2304288624318 20.5182845286832 3 1 19.6977156035922 21.0237960416286 7.28010988928052 79.1012010022604 6.32455532033676 4.24264068711928 1e-05 48.2597140480546 22.0907220343745 74.0067564483136 12.0415945787923 8.94427190999916 30.4630924234556 8.48528137423857 2.82842712474619 7.07106781186548 76.0263112349928 21.540659228538 1.4142135623731 5.8309518948453 24.1867732448956 22.8473193175917 31.7647603485372 5.8309518948453 31.3049516849971 21.3775583264319 76.1051903617618 20.8086520466848 5.3851648071345 2.23606797749979 20.8806130178211 22.1359436211787 5 77.0259696466069 4 5.09901951359278 2.82842712474619 53 18.3847763108502 79.227520471109 5 9.48683298050514 28.6006992921502 1.4142135623731 4.24264068711928 7.07106781186548 81.3019064967114 19.8494332412792 7.21110255092798 2 23.3452350598575 21.2602916254693 30.4795013082563 2 29.8328677803526 18.3575597506858 81.4984662432367 20.8086520466848 3 5 18.6010752377383 20 11.1803398874989 82.2982381342395 10.295630140987 6 4.24264068711928 93.150415994777 77.7946013551069 2.23606797749979 84.717176534632 84.0238061504 70.6823881882892 82.3893196961839 78.1024967590665 76.0263112349928 81.3019064967114 71.4702735408225 75.0599760191808 79.3095202355934 68.0073525436772 70.8378429936994 67.9779375974294 79.3095202355934 68.8767014308903 75.5843899227876 2 93.5360892917809 81.0987052917616 77.1038261048049 73.3757453113766 97.1287804927046 71.028163428319 1 72.0277724214764 81.0061726043145 78.1024967590665 69.2314957226839 6.32455532033676 69.2603782836912 19.4164878389476 28.8444102037119 8.94427190999916 19.7989898732233 20.591260281974 21.540659228538 19.8494332412792 71.4702735408225 20.2484567313166 18.6010752377383 4.12310562561766 1.4142135623731 10.6301458127346 18.6010752377383 10 4.12310562561766 72.1110255092798 40.6078810084939 22.2036033111745 20.1246117974981 2 39.6232255123179 20.2237484161567 72.4223722339996 20.3960780543711 24.6981780704569 20.591260281974 49.3659801887899 21.0237960416286 73.0273921210391 12.0415945787923 10.295630140987 29.1547594742265 8.60232526704263 3.16227766016838 1.4142135623731 7.21110255092798 75.0599760191808 20.2484567313166 5.65685424949238 22.8254244210267 21.540659228538 30.4138126514911 5.65685424949238 29.9666481275434 20.2237484161567 75.1664818918645 22.2036033111745 6.08276253029822 2.23606797749979 19.6468827043885 23.4093998214393 4.12310562561766 76.0591874792257 3.16227766016838 6.32455532033676 3.16227766016838 53.0377224247045 17.7200451466693 77.2334124585985 6.40312423743285 10.295630140987 27.459060435492 3.16227766016838 3.16227766016838 5.8309518948453 2 79.3095202355934 18.6010752377383 5.65685424949238 21.9317121994613 20 29.2061637330205 1e-05 28.6006992921502 17.464249196573 79.5110055275369 22.0227155455452 3.60555127546399 3.60555127546399 17.4928556845359 21.6333076527839 9.4339811320566 80.3056660516554 8.60232526704263 6.32455532033676 3.16227766016838 71.0633520177595 10.0498756211209 65.7875368135941 23.3238075793812 32.0156211871642 7 23.43074902772 23.6008474424119 24.1867732448956 23.3452350598575 68.0073525436772 4.12310562561766 22.8254244210267 21.9317121994613 3 7.61577310586391 21.9317121994613 7.28010988928052 8 68.7095335452075 43.9317652729776 25.4950975679639 23.0217288664427 6.08276253029822 43.2781700167648 22.1359436211787 68.9492567037528 22.4722050542442 27.8028775489157 23.6008474424119 70.4059656563277 7.07106781186548 68.6221538571911 20.8086520466848 30.2324329156619 7.61577310586391 21.2132034355964 21.9544984001001 22.8473193175917 21.2602916254693 70.8378429936994 1.4142135623731 21.540659228538 20 3 9.21954445729289 20 8.60232526704263 5 71.5122367151245 42.0119030752 23.6008474424119 21.4709105535839 3.16227766016838 41.0365690573664 21.3775583264319 71.7843994193724 21.5870331449229 26.0768096208106 21.9544984001001 78.587530817554 14.3178210632764 65.7419196555744 29.8328677803526 39.4081209904761 3 30.4138126514911 31.0644491340181 31.7647603485372 30.4795013082563 67.9779375974294 10.6301458127346 30.4138126514911 29.2061637330205 7.61577310586391 9.21954445729289 29.2061637330205 1 13.0384048104053 68.8839603971781 51.2249938994628 32.8024389337135 30.5286750449475 12.0415945787923 50.2095608425328 29.732137494637 68.8767014308903 30.0832179129826 35.2278299076171 31.0644491340181 53.0377224247045 17.7200451466693 77.2334124585985 6.40312423743285 10.295630140987 27.459060435492 3.16227766016838 3.16227766016838 5.8309518948453 2 79.3095202355934 18.6010752377383 5.65685424949238 1e-05 21.9317121994613 20 29.2061637330205 28.6006992921502 17.464249196573 79.5110055275369 22.0227155455452 3.60555127546399 3.60555127546399 17.4928556845359 21.6333076527839 9.4339811320566 80.3056660516554 8.60232526704263 6.32455532033676 3.16227766016838 78.3390068867355 13.4164078649987 66.6408283261845 29.0688837074973 38.8329756778952 2 29.732137494637 30.5286750449475 31.3049516849971 29.8328677803526 68.8767014308903 10 29.9666481275434 28.6006992921502 7.28010988928052 8.60232526704263 1 28.6006992921502 12.2065556157337 69.7710541700496 50.60632371552 32.2024843762092 30.0166620396073 11.3137084989848 49.4974746830583 29.4108823397055 69.778220097678 29.732137494637 34.6698716467194 30.5286750449475 69.5844810284592 2.23606797749979 73.3757453113766 16.9705627484771 27.7308492477241 10.6301458127346 18.0277563773199 19.9248588451713 21.3775583264319 18.3575597506858 75.5843899227876 4.12310562561766 20.2237484161567 17.464249196573 8 5 13.0384048104053 17.464249196573 12.2065556157337 76.2167960491649 39.1152144312159 21.0237960416286 19.6468827043885 2.23606797749979 37.5366487582469 21.0237960416286 76.5375724726098 21 23.7697286480094 19.9248588451713 92.1791733527699 78.4346862045103 3.60555127546399 85 84 71.5541752799933 82.6075057122535 78.2304288624318 76.1051903617618 81.4984662432367 2 72.1110255092798 75.1664818918645 79.5110055275369 68.7095335452075 71.5122367151245 68.8839603971781 79.5110055275369 69.7710541700496 76.2167960491649 93.3434518324665 81.2219182240853 77.2334124585985 74 97.0463806640928 71.1125867902441 2.23606797749979 72.1110255092798 81.0555365166378 78.2304288624318 37.9473319220206 38.9486841883009 91.6624241442479 22.8473193175917 12.0415945787923 49.4064773081425 21.095023109729 20.5182845286832 20.8086520466848 20.8086520466848 93.5360892917809 40.6078810084939 22.2036033111745 22.0227155455452 43.9317652729776 42.0119030752 51.2249938994628 22.0227155455452 50.60632371552 39.1152144312159 93.3434518324665 18.4390889145858 21.2602916254693 39.4081209904761 6.40312423743285 25.0599281722833 94.5304183847718 24.1867732448956 16.2788205960997 20.5182845286832 50 21.1896201004171 79.0569415042095 7.61577310586391 6.70820393249937 31.0644491340181 4.12310562561766 3 5.3851648071345 3 81.0987052917616 22.2036033111745 6.08276253029822 3.60555127546399 25.4950975679639 23.6008474424119 32.8024389337135 3.60555127546399 32.2024843762092 21.0237960416286 81.2219182240853 18.4390889145858 4 21.095023109729 18.3575597506858 10.1980390271856 82.0975030070952 9.21954445729289 3 3 50.1597448159378 20.2237484161567 75.0599760191808 9.89949493661167 9.21954445729289 29.0688837074973 6.40312423743285 1 2.23606797749979 5 77.1038261048049 20.1246117974981 2.23606797749979 3.60555127546399 23.0217288664427 21.4709105535839 30.5286750449475 3.60555127546399 30.0166620396073 19.6468827043885 77.2334124585985 21.2602916254693 4 19.313207915828 21.9317121994613 6.32455532033676 78.1024967590665 5.3851648071345 5 1 68.8839603971781 4.47213595499958 71.1688133946323 17.8044938147649 27.7848879788996 10 18.4390889145858 19.6977156035922 20.8806130178211 18.6010752377383 73.3757453113766 2 19.6468827043885 17.4928556845359 6.08276253029822 3.16227766016838 12.0415945787923 17.4928556845359 11.3137084989848 2.23606797749979 74 39.4081209904761 21.095023109729 19.313207915828 38.1837661840736 20.0249843945008 74.3303437365925 20.0997512422418 23.7065391822594 19.6977156035922 44.0113621693308 37.0135110466435 95.1892851112981 20.6155281280883 13.3416640641263 48.1040538832228 19.8494332412792 21.0237960416286 22.1359436211787 20 97.1287804927046 39.6232255123179 23.4093998214393 21.6333076527839 43.2781700167648 41.0365690573664 50.2095608425328 21.6333076527839 49.4974746830583 37.5366487582469 97.0463806640928 6.40312423743285 18.3575597506858 21.9317121994613 38.1837661840736 26.9258240356725 98.1274681218261 25.9615099714943 17.0880074906351 21.0237960416286 49.0306026885251 22.2036033111745 69.0072459963445 15.8113883008419 13.6014705087354 28.8617393793236 12.5299640861417 7.28010988928052 5 11.1803398874989 71.028163428319 20.2237484161567 4.12310562561766 9.4339811320566 22.1359436211787 21.3775583264319 29.732137494637 9.4339811320566 29.4108823397055 21.0237960416286 71.1125867902441 25.0599281722833 10.1980390271856 6.32455532033676 20.0249843945008 26.9258240356725 72.0277724214764 1 10.0498756211209 7.28010988928052 94.0212741883453 78.7464284904401 3.16227766016838 85.7088093488645 85.0235261559999 71.5891053163818 83.3846508657319 79.1012010022604 77.0259696466069 82.2982381342395 1 72.4223722339996 76.0591874792257 80.3056660516554 68.9492567037528 71.7843994193724 68.8767014308903 80.3056660516554 69.778220097678 76.5375724726098 2.23606797749979 94.5304183847718 82.0975030070952 78.1024967590665 74.3303437365925 98.1274681218261 72.0277724214764 73.0273921210391 82.0060973342836 79.1012010022604 48.8364617882991 22.0907220343745 70.0071424927486 15 12.6491106406735 29.1204395571221 11.6619037896906 6.32455532033676 4 10.295630140987 72.0277724214764 20.3960780543711 3.16227766016838 8.60232526704263 22.4722050542442 21.5870331449229 30.0832179129826 8.60232526704263 29.732137494637 21 72.1110255092798 24.1867732448956 9.21954445729289 5.3851648071345 20.0997512422418 25.9615099714943 1 73.0273921210391 9.05538513813742 6.32455532033676 47 24.0416305603426 79 10.4403065089106 4.24264068711928 33.6154726279432 7.07106781186548 4.24264068711928 5.09901951359278 6 81.0061726043145 24.6981780704569 6.32455532033676 6.32455532033676 27.8028775489157 26.0768096208106 35.2278299076171 6.32455532033676 34.6698716467194 23.7697286480094 81.0555365166378 16.2788205960997 3 5 23.7065391822594 17.0880074906351 10.0498756211209 82.0060973342836 9.05538513813742 4.24264068711928 50.0899191454728 20.3960780543711 76.0591874792257 9.21954445729289 8.48528137423857 29.5296461204668 5.65685424949238 1e-05 2.82842712474619 4.24264068711928 78.1024967590665 20.591260281974 3.16227766016838 3.16227766016838 23.6008474424119 21.9544984001001 31.0644491340181 3.16227766016838 30.5286750449475 19.9248588451713 78.2304288624318 20.5182845286832 3 1 19.6977156035922 21.0237960416286 7.28010988928052 79.1012010022604 6.32455532033676 4.24264068711928
Deviation Vector:
44.7229057175672 16.2938948112851 52.758363239569 13.2172709175754 57.2219086535625 64.6418349256513 20.0139454017599 33.4079019201694 62.8290538234784 49.864886680031 57.8024721652514 17.8000536035857 27.6418496227536 18.1602994603458 36.2963557064146 110.117762062635 66.1399076414643 16.5935448824185 40.8509810712399 77.6164869111356 39.4139253722768 2.17428999879453 63.9170088224973 33.9207505963383 19.1979553822788 8.95189590014381 148.839473869114 70.1257273939042 7.68316340700769 68.4328964909092 22.0685127592789 60.4070053090164 25.3145472300837 34.4868529914862 12.8152217817452 11.428238889736 16.2253259160721 33.1019870706791 24.472166149894 26.5751233143324 2.49448485038084 11.0725303650134 12.4426533372482 9.20152618766956 5.53111230346072 17.4349409917194 12.0042332435491 5.23096335618025 3.19651786090077 99.1813163062631 47.9812967073733 17.5622695896435 26.4525447919368 3.87653681174883 48.9040262566316 2.32780474183301 82.6363215675323 27.9431887362274 37.0425938774496 24.7377762967217 91.1673539851608 16.2588842172043 30.7885707954657 73.510127625304 99.461442220136 118.178245577671 116.729829557871 45.0898979024207 105.428238801529 2.74247994905039 65.8578640494307 6.26248538767946 8.78771405540484 0.90086174087811 68.714201491135 58.9046714045085 95.1054249826228 2.62696887865038 94.3532575193368 3.68332018806106 119.521216960497 69.4469855298697 15.839481085231 69.2161330664078 10.080826541905 105.737891338328 3.40704348573365 80.8792981072076 91.469469396572 74.4475619103883 41.5996849955944 8.36875204938438 98.6267469755245 14.3197524727939 38.7894768237953 3.63322456071946 8.60888895823661 15.6719113606045 8.08471252428782 52.9573609351807 17.25341509618 11.1800962258539 4.55174417615193 23.3792560758691 19.604870641229 2.17316774644477 1.6585139008239 15.5283920610882 1.90519275450741 131.317179629823 35.5449944439709 10.7854025024594 7.76111461246876 2.26877037500392 15.4491900917937 14.0704583603109 1.7432747965513 2.81156870130825 4.23704130723726 10.8622910962676 51.434085030974 31.6075593335274 4.02668445638645 9.3705184053144 22.5209900992137 14.8400896479895 0.756247856879857 13.6898356552214 10.5997549946538 5.60502121324884 14.8928951933584 3.77385021054246 10.2458404072043 39.2889701569034 41.3859655865243 11.7418198606977 13.384586894282 63.2178486076824 23.0761498255766 118.632407278213 18.465674373036 5.02142442284531 10.9631784536711 18.8415472715659 11.6869854765497 4.06901352021601 133.318253431918 11.337601540945 2.0644593580055 2.83825339203323 33.8876752156483 0.157283173598911 100.558082470659 13.357539761955 27.70933953061 12.1257397866176 8.86011399156971 25.083940692934 9.0890894901742 100.181937440214 7.96154893529111 24.3182998780794 3.96900687150803 1.7215281508939 3.21334162714483 4.54040632580296 14.934623591777 0.16519759587077 15.9670271941056 98.4609893873828 73.8572172811285 43.3716472750866 14.1049282782638 10.4465338948361 20.9226282479344 39.2866250462443 96.2023857028074 10.5882394468422 20.7796515092965 5.64167785097919 37.7034855643096 18.8419086090529 16.4255796744154 1.90326234645773 15.6795375239299 26.6866840845504 5.39919605362928 1.68167108350039 0.173800245948579 104.819366910815 31.9860687918048 8.71435819861839 1.47677029252786 2.82864231499195 26.7064930856601 27.0356956718486 5.16776976292846 4.86071205231617 17.514451995082 123.653872112394 32.4761592784302 3.4100422346342 8.02764371801584 7.10609754787149 4.61202538941493 0.617638346946143 8.94079391873349 18.3810693845119 2.91960530432086 4.10337373585572 6.40426588144734 22.6597887314296 10.5962563356314 3.06451780912811 13.9061674083055 1.10622326655841 7.19115092334294 2.69817791300945 0.99977100005512 108.884504903643 12.0836704909489 0.669862407076815 2.42795618627272 24.8712972728774 7.30102562742124 12.0338608227128 0.959432679944145 9.99463824836416 10.9759496939338 99.738027216854 3.79403298673565 1.35307526949037 0.462623341805631 28.3374719328501 17.584457290686 5.05948581055083 117.695474250797 5.96804542490323 2.68040657954254 2.61444989210054e-06 1.43099959170958 16.7808475099035 101.569280468572 2.03464393001391 9.76738552601828 41.7932441097931 1.75161178287029 2.0474847164824 4.85443490586117 33.6095378467345 10.3106252513121 1.80079687885526 3.81289913044139 30.1475048650214 15.7149971568952 31.3346467789852 9.52678184818437 31.0302818107983 28.0867911047474 41.5029838354908 13.042709321544 8.07104012878285 2.22793358751276 22.7476728996966 28.7327219379544 0.967049487761363 11.1710874646479 4.5862500581656 5.79779288865339 2.1971449127091 74.6243976988271 21.4493859174876 121.728435164837 5.70540204193279 12.6711906319533 28.2891969458257 1.23552941396601 6.54253461645513 0.520742485130817 126.844957666313 6.84424892713391 3.98271262906238 2.38833609572534 23.3152384351389 3.38865999930425 7.39539854603352 0.691629729549176 4.59005922964888 22.650679756313 1.65441116866642 14.5493311731833 0.66388237899116 7.59527215861394 1.04535800390838 26.2142015575499 13.1671630612363 20.5423555751053 14.9877629130084 4.10945849839475 5.8830552720782 55.2557671123445 35.2843343674452 2.04372718157739 41.534315635771 133.98755671543 43.1363107165602 121.885019234826 64.7414733628269 39.0025836816357 126.263729540246 53.5842649994222 64.388141110698 36.9555575683179 20.7116667761511 15.3844223624875 42.5103691039007 43.3970243187776 38.7770927157008 58.896453849098 0.283374156604311 54.5589263623353 119.897197924655 27.9872396813001 33.9720593785269 149.054753837066 2.43851414885654 0.00133482372407321 10.4338427936748 120.705019418994 53.5974145743158 106.028591827187 2.80747558643992 78.9431312013155 15.6522324259395 26.9456163523686 9.79469858978703 28.0435803349198 15.9415563046213 6.13156128556061 5.75771228969268 49.1610968564174 20.9448533148951 21.3520239498506 4.75732169206241 1.89355132306713 14.5108924780013 2.60072309552081 2.467689101765 1.19035374078227 66.2722143116558 15.7743745571781 19.3614527832852 15.2560934396873 1.50287438774917 52.8963549098944 13.2128077027362 56.9072438048573 27.2556542076737 19.7138362903735 13.1059477368862 18.9172081246982 14.5135316459119 78.8974765883067 18.3394151148606 15.4070942672297 10.9386759633295 8.41932361364144 4.02723761440216 1.62547430447849 9.11034166481657 117.363306273691 4.00672489299828 3.72452952678376 24.4717308864837 29.1164666054639 10.8879433010519 4.5132436710308 44.6956682862173 12.2305602161084 81.671350939842 17.1230723643303 6.04151087670594 0.713698867502889 30.0453052430919 2.46491222989338 0.0610210202298724 41.3181977646766 2.81779392269473 8.54522156146025 4.24196568877006 81.0175482619025 1.68272851303602 30.3068546596589 6.20186179230264 16.6579938503751 6.85146547291886 4.2493472156213 3.02735671296616 8.88077303134292 1.70757169705627 46.1067240762284 26.9208541894302 5.94910933055485 27.1900971732904 17.6008090268924 22.3135757924979 1.59775508751244e-05 1.10161660968954 10.7607092754365 44.7772379489959 24.7768017394606 5.00212844402935 5.61159349730053 25.2637497995827 27.6310763200444 0.210492941418392 117.168554214397 1.55809406427613 5.77670263392952 3.70236543703114 108.197655079676 8.05560862683561 83.2707467489879 6.42800546984763 4.18672992007745 8.71052262683125 12.3038170785485 34.800229564563 13.6010689802939 9.54340356937873 46.8542957458032 4.7155410262669 4.94647376507989 2.22088242912939 2.23226632607234 8.35259460227985 18.9767606534791 5.11416240294991 9.08213219080917 101.787830244543 55.6018858979606 15.8315251218053 28.302992002116 7.19382986175499 18.4294166944308 19.1982987947088 83.0818238610492 5.51712654566604 29.1489675123231 11.3045180862 99.7159452301226 6.58746297577982 87.8741554763971 21.6970284035794 36.4967867766481 10.74831036697 13.7396515739028 2.04090979570196 28.4790855562418 25.7255562565707 35.5432694889907 0.418742056276716 15.3876870885522 14.36928679096 1.19207660982209 13.4461912766024 3.51708220115709 10.8615081605797 2.60784407365392 93.7611691341845 46.4100146596267 3.48941247795667 6.2850616876676 2.19693248833079 54.5995448110281 15.3610759902409 112.128795862817 19.3445811084805 25.1398629866842 21.319522626525 108.066359558123 10.6096452221351 17.3115543139452 30.3191258833707 5.6882776262463 4.41159711662875 23.9740549515018 24.6041671213839 49.6639889277622 12.0515384643262 24.6559319412698 4.52726242845414 21.0309537185982 31.4568010026627 8.71513557207148 10.0387228269715 26.1729557323711 1.32020747467882 9.28487512161656 97.6577378670392 50.8135791699237 5.82063061347069 47.7946221977989 15.4697520670763 43.7915794038558 37.3648162585749 25.0638307048163 23.9112927267532 18.0886294000852 41.2524675063611 6.7122567992793 4.41626299831403 33.1805590848486 2.49646443489376 13.0293623912153 15.7603151911395 0.699037235524677 1.3105300433255 7.9650394159374 0.290377236709738 64.2267639407346 1.6617879255634 3.23050298969649 1.50131763846224e-05 25.5811189479236 1.52142749366294 27.7695235207478 12.1033562991095 24.3849617731616 1.87392798706593 4.4384151198229 2.7001529840142 0.724763454957189 2.23459546741232 8.52830518917344 10.1244478357565 111.179828864037 6.52155376062222 1.44622314539222 0.817682808307834 34.9955627770652 4.7658332474809 33.8400891884144 25.474038333262 28.9347017859632 0.267924129041158 43.1202331722737 29.495629332592 17.1672614856175 35.1110104687708 76.5461277109558 13.5821219143754 37.945628307768 1.23177754202898 8.88297312550848 6.82423333054432 0.119139467224522 15.2047307061333 14.8490910749638 105.732333456842 28.0960793975181 45.663863138962 18.7588042748228 8.55545257981668 76.5115287481249 29.9746132684364 13.2600953697256 38.3801687039722 4.78177344025905 12.7823552420042 107.81689294557 1.30730044237223 56.7872653045031 7.0916127625893 40.5141077296506 16.1475176600255 9.9484254336645 25.3425643566253 18.0818339250861 20.1974903530264 61.1833685462558 1.31041765153407 16.5648671812764 7.62093283106892 2.88712845371868 1.99945266510986 16.0329920308285 8.38337269203842 11.3705466386772 61.4916854057451 13.9285057544326 31.256089718186 11.5025233039988 2.19366226587236 22.6549914609821 10.3409682170879 27.6180766543726 16.6650807109751 3.40798085907797 9.93785021930213 111.746529427104 4.19264574205385 3.90628647241655 29.4813839920786 39.5918262034221 64.7583457740925 18.711497502827 80.0430763322912 40.912065728659 87.3943406903845 0.968076787414916 97.1366930896351 104.493913275395 103.61225116534 9.89810855362255 7.98775724315959 4.38441327418361 109.226783704033 41.2855067278209 75.8479630400567 50.5148314945068 76.9835556089856 65.0692800743264 83.3709669717829 28.0942924245376 102.831996787709 3.61908583326514 46.8964566773716 48.6544439285797 9.58475994406694 43.6054024002847 6.74498493327974 16.1301633902196 13.5519457934961 6.26182192845736 31.9810513114346 31.604098469945 15.317450746281 0.647478179579275 8.24836086664001 16.7907212217769 20.9193208318211 2.3108369666147 34.5685492419222 7.85996122817381 10.4245035550999 2.15222318131256 5.34187835856809 82.0765634392988 24.7890086637287 115.53333159859 9.65610493231833 33.6244458173355 17.373660946136 0.0701197996690453 5.8062530560972 23.4010340982644 39.4112649060264 14.3584335844091 17.3956251508456 5.63076090662942 8.30156724448544 80.7161165871335 2.19782667969348 6.60709610501775 47.8704123148815 3.85878820699437 2.53123815831405 3.49050408175223 2.90102827574242 100.573503413626 18.3774995914566 9.01564942457086 4.84662472461397 19.3252402456034 0.512538239337284 52.2327663690883 2.88448927832458 8.51044498487523 33.1092859755211 116.452475623672 27.6955499583259 1.83665727421526 29.025866603223 5.57165602303932 4.79425306969018 131.984277158486 5.08050142697486 1.38063246357048 2.55097407254454 70.1668942296692 11.5846897054868 93.2319865742433 7.72651721406978 7.94185223540469 17.0828520157845 4.36782439707459 0.157948799267939 3.2007390694196 6.65154951614666 86.7385833182064 20.7724507390019 1.15969467730426 3.48931633542511 16.9680176195058 27.4103980587032 30.2074880494806 2.48793112361831 13.1257839843508 24.6324425252477 48.3107695081656 4.92559306765188 4.46560305869675 20.9486650867694 35.2582637591463 8.98028801040318 121.433446007249 8.48665125243252 1.65803163135453 0.375647143978065 54.2045565263187 0.407480185859709 67.5017109921486 6.9372873100256 24.21762627539 1.70528372139157 18.0206109989993 30.6053454999568 6.85880470134006 14.3109092004069 91.3308841605786 2.90687079337179 3.18654733539574 2.1686396274907 4.75573484750798 2.84362941030941 16.8654861196052 2.30831406210246 17.9804528460955 0.443917678346312 102.542972560957 22.6761945697253 9.07521460807415 16.6626049165875 0.79194889013844 7.97966085690136 47.8171230335553 31.6678900149607 7.94304639559796 19.203536991602 13.7237957911897 41.527450249943 101.474369131183 25.9816905304008 20.1671352897769 14.348430612053 28.4010749118915 17.8604697923399 4.70766018655423 2.3988604585804 157.24131256503 57.7457671212507 36.8318444951897 3.06601333110385 68.4376989720078 29.3763062435672 52.2661992919167 29.0446045973481 41.9646675068958 37.1937131141657 149.559472179039 3.80454770162241 28.7531394121081 7.28045431470122 55.6309792310585 42.7319227266668 71.6767567283536 11.9649701440114 26.028462447093 22.4009089345748 70.3974191736284 4.34446465801072 37.8226488060016 13.6365777189503 19.8032236447282 12.1313925200844 14.5439294380533 9.08141153823235 6.34931876252796 15.3551049908838 97.1218390126714 25.2675367241209 4.91232741688698 12.2772851376113 30.7938822137302 24.2293103936961 11.2353814427009 7.47857399629555 24.6059390161169 25.7688896106621 10.2566824888394 18.5037682427501 1.84086821293219 0.450025508168154 21.4335594388773 44.0894074754778 1.35552068818247 0.16142663922907 4.61242342235157 11.2260748281641 115.357448579243 20.1101813487468 0.310931538643646 11.6278022144101 95.042006889814 111.270026091626 46.3613821298141 50.5618173263192 89.5315458412262 15.3484831497026 0.373246878003134 64.4824558695607 109.213204811104 125.651166110434 38.0873290857062 85.2557301475135 72.9198314227534 74.7070188916474 23.7965635464569 19.5911980996935 1.15520803452756 45.8721141010698 81.6335793579591 54.4481183397909 41.3587618064096 41.7365916301906 50.074901135551 42.0081087171394 48.117651831074 91.2962219019876 23.3388490033509 3.85100026129177 98.6784852285557 8.64334827538356 3.92113513735993 25.8595634874453 5.72775257336555 5.47698364005036 6.1089008936685 0.145646334109718 75.8081839450932 5.32567031055127 2.86032108844509 7.30357578443867 4.18913624387947 31.4503528553854 11.9528919731845 10.710885073667 22.2346770665652 15.5055382938541 108.244668706082 30.5831554400761 11.2812370871268 4.61009395618951 6.47684219938789 3.65228103778937 1.28140331915802 74.3018308682132 6.48291597190571 1.44706262279847 25.0163018949228 28.7012913238908 31.8470552053204 3.15768043976597 0.554427962490084 23.9718736481154 8.41790815937026 2.6382040381421 8.05189935878388 6.47002548094496 51.5180689901631 24.5063527898979 8.47142593840128 9.74291439208008 5.6133183720609 39.789669381879 47.8407970893356 3.78982915134448 39.2331074469418 11.0888955603868 108.418553856116 16.1704602355904 0.274834701992749 4.60922950314154 4.97971978613687 7.07181227150889 10.6782592676269 122.308823793326 12.9609548899823 0.590088452777658 4.05233349892057 6.61241132996699 101.379406571998 4.4625219033645 5.31731066778711 43.2190420981008 6.77209567007814 1.77763428551676e-06 1.26162689655175 4.82344310915287 98.1046250213905 22.2803520021193 1.548788837311 3.02374278962468 23.2034077533444 15.1852034270911 26.1778858538045 2.2194134773583 39.4092121899895 6.6739503000045 91.4007960132444 20.2949553865739 3.98489832188667 1.2599650755799 5.34993645490989 32.3420878657935 0.250814018380138 105.531157383292 8.79402051054762 6.21865051459135
