Instancenumber:
46
Instancename:
B-n31-k5
Customers:
30
Depot:
0
Dimension:
930
Vehicles:
30
Capacity:
100
Demands:
0 25 3 13 17 16 9 22 10 16 8 3 16 16 10 24 16 15 14 5 12 2 18 20 15 8 22 15 10 13 19
Uncertainty:budgeted
Gamma:
30
Mean Vector:
70.3491293478462 91.9238815542512 57.0788927713213 44.1021541423999 77.8781098897501 54.0092584655631 50.0899191454728 48.2597140480546 53 93.150415994777 69.2314957226839 49.3659801887899 53.0377224247045 71.0633520177595 70.4059656563277 78.587530817554 53.0377224247045 78.3390068867355 69.5844810284592 92.1791733527699 37.9473319220206 50 50.1597448159378 68.8839603971781 44.0113621693308 49.0306026885251 94.0212741883453 48.8364617882991 47 50.0899191454728 70.3491293478462 75.5843899227876 16.4012194668567 27.8567765543682 11.6619037896906 17.8885438199983 20.3960780543711 22.0907220343745 18.3847763108502 77.7946013551069 6.32455532033676 21.0237960416286 17.7200451466693 10.0498756211209 7.07106781186548 14.3178210632764 17.7200451466693 13.4164078649987 2.23606797749979 78.4346862045103 38.9486841883009 21.1896201004171 20.2237484161567 4.47213595499958 37.0135110466435 22.2036033111745 78.7464284904401 22.0907220343745 24.0416305603426 20.3960780543711 91.9238815542512 75.5843899227876 82.6075057122535 82.0548596976437 68.4470598345904 80.3056660516554 76.0591874792257 74.0067564483136 79.227520471109 2.23606797749979 69.2603782836912 73.0273921210391 77.2334124585985 65.7875368135941 68.6221538571911 65.7419196555744 77.2334124585985 66.6408283261845 73.3757453113766 3.60555127546399 91.6624241442479 79.0569415042095 75.0599760191808 71.1688133946323 95.1892851112981 69.0072459963445 3.16227766016838 70.0071424927486 79 76.0591874792257 57.0788927713213 16.4012194668567 82.6075057122535 13 27.5862284482674 3.60555127546399 9.21954445729289 12.0415945787923 5 84.717176534632 19.4164878389476 12.0415945787923 6.40312423743285 23.3238075793812 20.8086520466848 29.8328677803526 6.40312423743285 29.0688837074973 16.9705627484771 85 22.8473193175917 7.61577310586391 9.89949493661167 17.8044938147649 20.6155281280883 15.8113883008419 85.7088093488645 15 10.4403065089106 9.21954445729289 44.1021541423999 27.8567765543682 82.0548596976437 13 37.7359245282264 10.1980390271856 8.48528137423857 8.94427190999916 9.48683298050514 84.0238061504 28.8444102037119 10.295630140987 10.295630140987 32.0156211871642 30.2324329156619 39.4081209904761 10.295630140987 38.8329756778952 27.7308492477241 84 12.0415945787923 6.70820393249937 9.21954445729289 27.7848879788996 13.3416640641263 13.6014705087354 85.0235261559999 12.6491106406735 4.24264068711928 8.48528137423857 77.8781098897501 11.6619037896906 68.4470598345904 27.5862284482674 37.7359245282264 28.4253408071038 29.5296461204668 30.4630924234556 28.6006992921502 70.6823881882892 8.94427190999916 29.1547594742265 27.459060435492 7 7.61577310586391 3 27.459060435492 2 10.6301458127346 71.5541752799933 49.4064773081425 31.0644491340181 29.0688837074973 10 48.1040538832228 28.8617393793236 71.5891053163818 29.1204395571221 33.6154726279432 29.5296461204668 54.0092584655631 17.8885438199983 80.3056660516554 3.60555127546399 10.1980390271856 28.4253408071038 5.65685424949238 8.48528137423857 1.4142135623731 82.3893196961839 19.7989898732233 8.60232526704263 3.16227766016838 23.43074902772 21.2132034355964 30.4138126514911 3.16227766016838 29.732137494637 18.0277563773199 82.6075057122535 21.095023109729 4.12310562561766 6.40312423743285 18.4390889145858 19.8494332412792 12.5299640861417 83.3846508657319 11.6619037896906 7.07106781186548 5.65685424949238 50.0899191454728 20.3960780543711 76.0591874792257 9.21954445729289 8.48528137423857 29.5296461204668 5.65685424949238 2.82842712474619 4.24264068711928 78.1024967590665 20.591260281974 3.16227766016838 3.16227766016838 23.6008474424119 21.9544984001001 31.0644491340181 3.16227766016838 30.5286750449475 19.9248588451713 78.2304288624318 20.5182845286832 3 1 19.6977156035922 21.0237960416286 7.28010988928052 79.1012010022604 6.32455532033676 4.24264068711928 1e-05 48.2597140480546 22.0907220343745 74.0067564483136 12.0415945787923 8.94427190999916 30.4630924234556 8.48528137423857 2.82842712474619 7.07106781186548 76.0263112349928 21.540659228538 1.4142135623731 5.8309518948453 24.1867732448956 22.8473193175917 31.7647603485372 5.8309518948453 31.3049516849971 21.3775583264319 76.1051903617618 20.8086520466848 5.3851648071345 2.23606797749979 20.8806130178211 22.1359436211787 5 77.0259696466069 4 5.09901951359278 2.82842712474619 53 18.3847763108502 79.227520471109 5 9.48683298050514 28.6006992921502 1.4142135623731 4.24264068711928 7.07106781186548 81.3019064967114 19.8494332412792 7.21110255092798 2 23.3452350598575 21.2602916254693 30.4795013082563 2 29.8328677803526 18.3575597506858 81.4984662432367 20.8086520466848 3 5 18.6010752377383 20 11.1803398874989 82.2982381342395 10.295630140987 6 4.24264068711928 93.150415994777 77.7946013551069 2.23606797749979 84.717176534632 84.0238061504 70.6823881882892 82.3893196961839 78.1024967590665 76.0263112349928 81.3019064967114 71.4702735408225 75.0599760191808 79.3095202355934 68.0073525436772 70.8378429936994 67.9779375974294 79.3095202355934 68.8767014308903 75.5843899227876 2 93.5360892917809 81.0987052917616 77.1038261048049 73.3757453113766 97.1287804927046 71.028163428319 1 72.0277724214764 81.0061726043145 78.1024967590665 69.2314957226839 6.32455532033676 69.2603782836912 19.4164878389476 28.8444102037119 8.94427190999916 19.7989898732233 20.591260281974 21.540659228538 19.8494332412792 71.4702735408225 20.2484567313166 18.6010752377383 4.12310562561766 1.4142135623731 10.6301458127346 18.6010752377383 10 4.12310562561766 72.1110255092798 40.6078810084939 22.2036033111745 20.1246117974981 2 39.6232255123179 20.2237484161567 72.4223722339996 20.3960780543711 24.6981780704569 20.591260281974 49.3659801887899 21.0237960416286 73.0273921210391 12.0415945787923 10.295630140987 29.1547594742265 8.60232526704263 3.16227766016838 1.4142135623731 7.21110255092798 75.0599760191808 20.2484567313166 5.65685424949238 22.8254244210267 21.540659228538 30.4138126514911 5.65685424949238 29.9666481275434 20.2237484161567 75.1664818918645 22.2036033111745 6.08276253029822 2.23606797749979 19.6468827043885 23.4093998214393 4.12310562561766 76.0591874792257 3.16227766016838 6.32455532033676 3.16227766016838 53.0377224247045 17.7200451466693 77.2334124585985 6.40312423743285 10.295630140987 27.459060435492 3.16227766016838 3.16227766016838 5.8309518948453 2 79.3095202355934 18.6010752377383 5.65685424949238 21.9317121994613 20 29.2061637330205 1e-05 28.6006992921502 17.464249196573 79.5110055275369 22.0227155455452 3.60555127546399 3.60555127546399 17.4928556845359 21.6333076527839 9.4339811320566 80.3056660516554 8.60232526704263 6.32455532033676 3.16227766016838 71.0633520177595 10.0498756211209 65.7875368135941 23.3238075793812 32.0156211871642 7 23.43074902772 23.6008474424119 24.1867732448956 23.3452350598575 68.0073525436772 4.12310562561766 22.8254244210267 21.9317121994613 3 7.61577310586391 21.9317121994613 7.28010988928052 8 68.7095335452075 43.9317652729776 25.4950975679639 23.0217288664427 6.08276253029822 43.2781700167648 22.1359436211787 68.9492567037528 22.4722050542442 27.8028775489157 23.6008474424119 70.4059656563277 7.07106781186548 68.6221538571911 20.8086520466848 30.2324329156619 7.61577310586391 21.2132034355964 21.9544984001001 22.8473193175917 21.2602916254693 70.8378429936994 1.4142135623731 21.540659228538 20 3 9.21954445729289 20 8.60232526704263 5 71.5122367151245 42.0119030752 23.6008474424119 21.4709105535839 3.16227766016838 41.0365690573664 21.3775583264319 71.7843994193724 21.5870331449229 26.0768096208106 21.9544984001001 78.587530817554 14.3178210632764 65.7419196555744 29.8328677803526 39.4081209904761 3 30.4138126514911 31.0644491340181 31.7647603485372 30.4795013082563 67.9779375974294 10.6301458127346 30.4138126514911 29.2061637330205 7.61577310586391 9.21954445729289 29.2061637330205 1 13.0384048104053 68.8839603971781 51.2249938994628 32.8024389337135 30.5286750449475 12.0415945787923 50.2095608425328 29.732137494637 68.8767014308903 30.0832179129826 35.2278299076171 31.0644491340181 53.0377224247045 17.7200451466693 77.2334124585985 6.40312423743285 10.295630140987 27.459060435492 3.16227766016838 3.16227766016838 5.8309518948453 2 79.3095202355934 18.6010752377383 5.65685424949238 1e-05 21.9317121994613 20 29.2061637330205 28.6006992921502 17.464249196573 79.5110055275369 22.0227155455452 3.60555127546399 3.60555127546399 17.4928556845359 21.6333076527839 9.4339811320566 80.3056660516554 8.60232526704263 6.32455532033676 3.16227766016838 78.3390068867355 13.4164078649987 66.6408283261845 29.0688837074973 38.8329756778952 2 29.732137494637 30.5286750449475 31.3049516849971 29.8328677803526 68.8767014308903 10 29.9666481275434 28.6006992921502 7.28010988928052 8.60232526704263 1 28.6006992921502 12.2065556157337 69.7710541700496 50.60632371552 32.2024843762092 30.0166620396073 11.3137084989848 49.4974746830583 29.4108823397055 69.778220097678 29.732137494637 34.6698716467194 30.5286750449475 69.5844810284592 2.23606797749979 73.3757453113766 16.9705627484771 27.7308492477241 10.6301458127346 18.0277563773199 19.9248588451713 21.3775583264319 18.3575597506858 75.5843899227876 4.12310562561766 20.2237484161567 17.464249196573 8 5 13.0384048104053 17.464249196573 12.2065556157337 76.2167960491649 39.1152144312159 21.0237960416286 19.6468827043885 2.23606797749979 37.5366487582469 21.0237960416286 76.5375724726098 21 23.7697286480094 19.9248588451713 92.1791733527699 78.4346862045103 3.60555127546399 85 84 71.5541752799933 82.6075057122535 78.2304288624318 76.1051903617618 81.4984662432367 2 72.1110255092798 75.1664818918645 79.5110055275369 68.7095335452075 71.5122367151245 68.8839603971781 79.5110055275369 69.7710541700496 76.2167960491649 93.3434518324665 81.2219182240853 77.2334124585985 74 97.0463806640928 71.1125867902441 2.23606797749979 72.1110255092798 81.0555365166378 78.2304288624318 37.9473319220206 38.9486841883009 91.6624241442479 22.8473193175917 12.0415945787923 49.4064773081425 21.095023109729 20.5182845286832 20.8086520466848 20.8086520466848 93.5360892917809 40.6078810084939 22.2036033111745 22.0227155455452 43.9317652729776 42.0119030752 51.2249938994628 22.0227155455452 50.60632371552 39.1152144312159 93.3434518324665 18.4390889145858 21.2602916254693 39.4081209904761 6.40312423743285 25.0599281722833 94.5304183847718 24.1867732448956 16.2788205960997 20.5182845286832 50 21.1896201004171 79.0569415042095 7.61577310586391 6.70820393249937 31.0644491340181 4.12310562561766 3 5.3851648071345 3 81.0987052917616 22.2036033111745 6.08276253029822 3.60555127546399 25.4950975679639 23.6008474424119 32.8024389337135 3.60555127546399 32.2024843762092 21.0237960416286 81.2219182240853 18.4390889145858 4 21.095023109729 18.3575597506858 10.1980390271856 82.0975030070952 9.21954445729289 3 3 50.1597448159378 20.2237484161567 75.0599760191808 9.89949493661167 9.21954445729289 29.0688837074973 6.40312423743285 1 2.23606797749979 5 77.1038261048049 20.1246117974981 2.23606797749979 3.60555127546399 23.0217288664427 21.4709105535839 30.5286750449475 3.60555127546399 30.0166620396073 19.6468827043885 77.2334124585985 21.2602916254693 4 19.313207915828 21.9317121994613 6.32455532033676 78.1024967590665 5.3851648071345 5 1 68.8839603971781 4.47213595499958 71.1688133946323 17.8044938147649 27.7848879788996 10 18.4390889145858 19.6977156035922 20.8806130178211 18.6010752377383 73.3757453113766 2 19.6468827043885 17.4928556845359 6.08276253029822 3.16227766016838 12.0415945787923 17.4928556845359 11.3137084989848 2.23606797749979 74 39.4081209904761 21.095023109729 19.313207915828 38.1837661840736 20.0249843945008 74.3303437365925 20.0997512422418 23.7065391822594 19.6977156035922 44.0113621693308 37.0135110466435 95.1892851112981 20.6155281280883 13.3416640641263 48.1040538832228 19.8494332412792 21.0237960416286 22.1359436211787 20 97.1287804927046 39.6232255123179 23.4093998214393 21.6333076527839 43.2781700167648 41.0365690573664 50.2095608425328 21.6333076527839 49.4974746830583 37.5366487582469 97.0463806640928 6.40312423743285 18.3575597506858 21.9317121994613 38.1837661840736 26.9258240356725 98.1274681218261 25.9615099714943 17.0880074906351 21.0237960416286 49.0306026885251 22.2036033111745 69.0072459963445 15.8113883008419 13.6014705087354 28.8617393793236 12.5299640861417 7.28010988928052 5 11.1803398874989 71.028163428319 20.2237484161567 4.12310562561766 9.4339811320566 22.1359436211787 21.3775583264319 29.732137494637 9.4339811320566 29.4108823397055 21.0237960416286 71.1125867902441 25.0599281722833 10.1980390271856 6.32455532033676 20.0249843945008 26.9258240356725 72.0277724214764 1 10.0498756211209 7.28010988928052 94.0212741883453 78.7464284904401 3.16227766016838 85.7088093488645 85.0235261559999 71.5891053163818 83.3846508657319 79.1012010022604 77.0259696466069 82.2982381342395 1 72.4223722339996 76.0591874792257 80.3056660516554 68.9492567037528 71.7843994193724 68.8767014308903 80.3056660516554 69.778220097678 76.5375724726098 2.23606797749979 94.5304183847718 82.0975030070952 78.1024967590665 74.3303437365925 98.1274681218261 72.0277724214764 73.0273921210391 82.0060973342836 79.1012010022604 48.8364617882991 22.0907220343745 70.0071424927486 15 12.6491106406735 29.1204395571221 11.6619037896906 6.32455532033676 4 10.295630140987 72.0277724214764 20.3960780543711 3.16227766016838 8.60232526704263 22.4722050542442 21.5870331449229 30.0832179129826 8.60232526704263 29.732137494637 21 72.1110255092798 24.1867732448956 9.21954445729289 5.3851648071345 20.0997512422418 25.9615099714943 1 73.0273921210391 9.05538513813742 6.32455532033676 47 24.0416305603426 79 10.4403065089106 4.24264068711928 33.6154726279432 7.07106781186548 4.24264068711928 5.09901951359278 6 81.0061726043145 24.6981780704569 6.32455532033676 6.32455532033676 27.8028775489157 26.0768096208106 35.2278299076171 6.32455532033676 34.6698716467194 23.7697286480094 81.0555365166378 16.2788205960997 3 5 23.7065391822594 17.0880074906351 10.0498756211209 82.0060973342836 9.05538513813742 4.24264068711928 50.0899191454728 20.3960780543711 76.0591874792257 9.21954445729289 8.48528137423857 29.5296461204668 5.65685424949238 1e-05 2.82842712474619 4.24264068711928 78.1024967590665 20.591260281974 3.16227766016838 3.16227766016838 23.6008474424119 21.9544984001001 31.0644491340181 3.16227766016838 30.5286750449475 19.9248588451713 78.2304288624318 20.5182845286832 3 1 19.6977156035922 21.0237960416286 7.28010988928052 79.1012010022604 6.32455532033676 4.24264068711928
Deviation Vector:
61.8541324602199 114.255342720499 20.6938200109907 44.4149450428071 127.436396734111 17.3963901579165 56.3626117696103 26.3699188696188 4.31757499363874 73.2619479317779 91.2856334476735 38.6058073759469 84.0617377896957 48.7799601435515 97.6688268539334 112.894284156837 45.2407074605002 40.1961685615766 20.2970195104272 130.465014653259 9.95172666954277 5.0682629436917 17.2358405914043 67.2056571636737 65.5952661179277 68.6730503813608 108.339650202406 21.3943054371667 17.3117540081085 47.1757966553304 28.3203605990477 94.297600860886 8.94517286766825 21.3136771755857 7.17572278064352 9.70264360825529 22.1749540064828 2.23518705356099 20.0175480403027 90.9170140859063 5.61413695115479 16.1464407424703 5.51719361726096 8.37411727641464 10.2844231570441 0.847863485407725 11.1713920139701 8.96308057669441 1.27975261713566 72.3267423711052 17.295182928568 17.6843016332715 20.6988500745044 3.52256505122764 6.32375660202764 19.41814494969 43.2259570215349 29.2290878070642 31.557761755413 18.7085295704754 57.5076888167669 5.73224113461365 43.4087459794453 96.0860762688969 57.5609229233049 91.6123034987764 5.63086181201407 21.3740625135439 98.3987723425552 2.60019757309748 100.94648619847 35.8046395071509 22.5129173109305 8.51857679388688 90.8246014822011 7.00607563030539 14.5742178649254 20.9668602821187 56.8396378156882 2.74391935796462 113.363672743897 96.3457829481978 119.765705059132 44.1876120643511 34.9343084955031 8.77015975002421 4.72897673949102 64.1212405238595 114.568095290083 88.890673703958 11.0633598517745 7.1586501501269 102.808586058939 9.35099912408943 44.3439959948778 1.60857581504804 2.03514997567519 0.507452047823979 3.67475486603646 123.917524332036 23.3965825255531 6.66001214312047 2.00834693079438 34.903547339527 14.2033633682221 48.8422950113772 10.2645067077973 25.3269514656332 5.30266720607262 62.7576213237685 37.2936775273644 11.7984662278196 3.14461211723437 28.283157497845 10.9414723473675 10.8253005417386 6.53711146777812 5.80220227429879 16.7105080631935 14.0736367142556 68.6016701880146 4.31898474040631 26.5538715246756 15.0891094985929 32.9944109507359 2.9749736463811 13.6344843540305 9.79481089565841 3.16729080927354 59.0209036726373 26.4922554195052 15.8434002855306 12.9263143330909 39.4466005749362 42.2034087026968 11.7721944197138 12.6630342870976 52.7993206200793 32.4450577507623 129.562043534517 5.52248004015356 7.80123194713325 13.3891771264214 21.5685971877839 14.8375281231271 4.67400792471462 124.212818119311 15.0320882941751 3.09905123833255 12.0672552990522 83.7603620354157 7.54071756198539 107.953483862055 38.5970707224865 6.33783513759396 23.0862858372427 1.52087291205377 4.12567918386534 7.66230521483099 27.2385200802761 7.49407258432839 34.5880382625425 7.82178094390464 3.17812454176009 5.93348762334177 0.124372546075507 20.6696122317345 0.7393761603195 14.8939950462872 20.2771620503159 13.4748127679885 6.84556607994341 42.0429355205183 0.856342585796363 47.9422976557794 26.5262783211218 30.7313527336243 23.8263627618764 15.7358183669284 34.2463437796987 32.4585219587721 27.6135412957913 13.4093680124852 1.94268278167398 13.2923991570118 9.52053911702499 7.6422741099061 11.4969642530191 0.665194372428916 133.378601618407 1.99842334273795 11.2537876278227 3.68684410455486 9.03930373460103 2.60677174443968 9.29531082413211 1.35106920892724 26.0342706356297 12.1744326392976 15.6124189213744 24.4493265706658 3.90890924378623 2.62119402272122 17.8116169093206 20.5180416544233 17.6171182186313 20.4869409683519 17.0608773286642 4.13544417488544 4.03788720556101 49.2547232036114 24.1860940973058 47.0113174867628 10.6052896557641 0.723492873848723 8.33196544634733 8.40176678850279 4.06230134839514 6.94556845331942 24.6991638789089 29.1523437139356 0.311997187410159 5.13701452317433 22.2387436063154 10.6358623846896 3.35469314471649 3.9462497589849 27.8328664766521 19.5984631916306 22.2072820881376 22.5842914504377 1.50980482095917 1.23191987763631 29.7445895658893 30.8889774368413 4.5591269705792 100.987887505788 0.477954153905883 1.90852128773226 2.22172707642072e-06 38.0950379987778 31.6597346673833 104.201034422403 16.9481127220347 8.44441579266126 45.489256013023 0.426474271490444 2.23443288793412 9.12265871967127 3.648276725901 23.8289603270097 1.50831830546684 0.855104439814939 26.395961825159 8.44135973290077 20.0467230468843 6.99323611753062 50.6320661101747 32.9811967963851 41.3699549487475 5.4496303987756 5.40738775478561 2.34084434051694 31.1917186729978 19.3649620850203 4.38368304631614 37.0261541691404 2.04860958874611 4.85583603698029 2.63196401888429 38.9192305559158 1.88119848199637 57.3883768523006 2.51479502622401 14.3231052786968 0.832388340628056 0.504672517351155 6.61872454615566 5.791876992273 0.620861690635096 31.9185906165296 2.06213865505699 2.14835719766285 2.6922877150231 29.2819247843623 44.0016368813345 1.49284878639755 27.9616415258126 26.0983785671591 52.9625993596637 30.814814788734 0.132606485085946 0.0731357069517369 16.524512135398 30.760291260127 9.94431927499678 10.3482013197225 3.90566740336124 8.40959611644418 4.57377051903041 122.016961978735 38.6300627240527 2.63939148920186 33.4532156443073 83.983796680709 74.2730526281049 34.9318292249639 105.936757576955 73.8587016724295 101.064775609092 97.4867172675971 70.5687192366865 121.267999896554 54.3267660130074 74.7685896024596 86.1276019732907 47.833467168022 11.1961917194937 42.6983910649185 0.770867076454793 75.9900469039064 32.9598145441417 33.1265562952569 60.6847746323454 125.760335839328 23.317880651281 0.0771286624413718 102.316860169959 57.3234173866427 115.492350013298 59.484254015097 2.39178686909775 23.2668611913636 7.770868939231 22.2983401818474 11.9446909108029 28.7287322585048 24.6485781850854 22.6710829010187 15.545066968761 57.2306194861333 15.7358179853565 1.56163380910468 2.84679305734221 2.22876283241618 12.112448575468 5.91667756980616 5.39737581589325 5.36827295648137 63.6735115238571 37.5692387460125 10.5478662126407 25.9488509860688 2.70961364100564 51.5931380920489 19.1079729678526 3.16759671822195 28.1307196383075 17.930590560926 15.4718695017949 60.1569088966397 33.3268453207252 82.4884642884947 18.7189429239442 3.56287341229981 7.67502942833125 10.7582486963872 0.498745974319806 2.06516491193285 4.78629704613668 70.62141581919 12.5883369150364 8.1508291214404 23.3919614913053 28.2644118817764 41.8947324193786 2.96930611350418 48.8523770688439 5.61953791221174 14.0968668670521 19.4027972484891 7.31780290550667 1.48160506774912 10.2931428984383 21.5012194795339 1.34136021732979 111.710838952404 3.04282071200443 0.412297827109616 1.75621641447734 3.93779471118072 22.7486466116243 38.7094742760569 7.70808277962378 12.3438877279858 23.2649085235591 4.63922457367354 2.56209551113092 5.85996275530048 2.57596820928111 116.897927706469 5.70089800892368 1.52915020572686 27.9730813324725 26.6260523075131 46.2176005059319 1.01359340721415e-05 6.20197885981431 27.4769539613708 102.685416268175 8.90574465375662 2.91265162862078 3.08325626904568 18.6645789883039 28.809754961641 1.26668529295447 111.810430276292 9.98822350102096 6.9348291737623 4.60902162753119 5.47984848512753 11.765770667236 72.492693286357 13.4884680909681 23.5371993097557 4.63054277579933 33.4022032246136 13.2842227650953 35.5959608131387 18.4704461419267 14.3832188381235 5.38600437293181 25.0547644672682 10.566987927381 2.82720308055975 6.01350693228158 9.31909257495107 2.30513615499421 8.05167399888997 24.658492623491 70.6465169459177 35.969714637019 26.8595532054771 5.01145589144311 36.2875171158404 19.0164623222829 66.0634991072123 13.2905696203453 10.5880020686576 9.80095481827282 28.8357184107027 3.23809738536673 108.835952200052 31.4519643245302 31.3283411406238 5.19271347413651 11.3200319875284 18.05672059047 28.4382243723923 7.78091902288778 114.307348682813 2.05938107397132 0.709160510401916 21.4391519925718 0.895967602226075 8.99203354716376 4.44420224089619 6.22438375194903 6.45978890022689 87.8648942532468 45.4757902034492 29.7534615113248 21.4743032614293 1.92834091874487 18.270024953429 4.25990599416344 105.442032647228 30.2943769604303 20.6187399614796 4.61780982221946 14.0891776885331 17.1850527847033 43.9334577296996 3.75709637884766 42.2605385024233 0.195484166271209 24.567512645376 49.8899057530483 28.1951151815742 12.59176700091 22.6119706962767 9.16223868683915 6.99411744704971 10.6765717470613 2.24291281666636 4.87364511710865 39.1620143074621 0.516718993216622 16.326572467556 68.4348355540019 5.43132074248452 22.8069273498267 18.7694865028644 13.3202522298993 65.5273125570939 31.516905365776 89.9155538157623 34.1320550871031 29.0287365727047 14.1899199995947 71.3316727087387 17.7786734503798 1.36596597919462 2.39371414392336 11.6263068073299 29.932234042394 1.38822955690795 0.941289739201135 6.16168890549256 2.65323841346959 56.3719718064133 25.8435495890859 3.10657741031131 9.40749591707946e-06 2.5343640849882 16.8735874042643 42.9146790570129 41.6551706362213 23.7583360255488 86.0469644466539 17.8507154652462 5.2872780556277 0.498012300656578 24.933865305209 20.1893750936559 13.6151230171516 67.9420317678008 5.15581481207573 5.93514247697558 0.0971189380593276 82.7370358812666 8.64006158227367 68.9079687255383 31.2149577294274 39.5252709530962 1.04781480734331 15.595553560495 44.4749138998461 25.7191889664596 47.1734059109504 78.8007195093732 15.3235378170381 39.8932309803658 1.54142536257917 6.06974605815038 12.4459423983694 0.897574044145271 18.9838495706653 15.4277517631831 43.1612655394391 5.3944844662696 14.0109877438556 13.3778329058123 2.76869983409711 10.9441317170033 40.5556781791399 3.38852282769805 31.7285811043316 11.7505241284929 30.1314893216854 76.3939744946279 3.11946481995659 119.674513723541 8.35834207743834 23.0036999662051 10.7305985211392 18.323906153113 26.9796509552672 17.6774109594759 3.64649348034156 97.9548292019276 1.36738094566794 1.85312849929165 17.2522528011964 3.0842661300192 4.62687524273579 10.3696116144891 22.4085058280614 19.397801079727 31.9991602836714 10.2622854877405 1.18505241501295 16.7967923199012 1.58322710911321 11.3018344508455 22.6224259194429 34.2594024596219 7.34263581387869 11.9758335050165 15.6717298823916 123.21028486886 125.627775895379 1.95510665493582 112.902215458824 38.2071371813043 98.1568484275186 57.6890773765125 115.09841986072 82.6878246472917 124.306833832654 0.0611036607018643 53.5857503422607 16.3520840014911 9.71490416793508 6.2939406970841 43.1274678904943 72.1599566419578 70.5195075418233 17.2212987667366 76.013170592324 121.97739536748 41.3570873465744 81.3805017820158 38.6526851254638 118.127472824185 96.3421615468447 3.574069902745 1.83759310979692 5.2745451872393 36.2081813098407 30.8141597278578 54.5948496488095 38.9718345781601 30.9415175046926 13.1327319437996 43.4783835755747 22.9239079911041 3.06965676464795 14.8142726125551 11.1083185224014 3.32167367877582 30.150553245474 28.3524999362686 5.57300462231728 37.9861929028246 57.4947396855052 43.8555235095564 6.00916292181454 31.1780470031385 43.142559804923 118.563953728254 5.22728450183593 34.2747236199898 26.9758941995143 5.15978406889886 29.8216838324308 37.8074572911818 18.4989126886542 19.7868668515459 9.54148243655762 61.3838015708408 8.22501261296492 17.975656436211 0.102686237037891 0.691455785998451 40.9426362082249 3.68398332604825 3.56932080237196 7.90324638715877 4.81627712089624 6.83221633718451 33.3744187659289 4.30991958170432 4.90779731056527 2.97797265531372 37.1290866417807 35.7662362415081 3.50798851590816 6.65664935085738 1.41034488023724 35.4568130537655 27.2327395226464 1.40229027995483 8.63482963140094 9.58391845210762 11.7929660172707 131.302224226823 8.50059958090093 0.845615207984288 3.52644856422395 69.5737168869134 30.5287142703028 117.367171142409 15.9819321879198 14.0416532282192 0.79537436396764 8.27955600928243 0.777168698431853 2.72159729258473 5.60642893729088 57.3062447943495 26.1897874281575 2.20260383566868 5.23447151741049 23.5558199432745 23.657509766668 42.3014922227282 1.70972630207572 13.0698971760763 31.2845907076778 41.8045943060421 18.5382053174001 5.71954708959652 17.2244572977608 28.1009715008771 1.97703351481056 31.9348940923319 6.68449358982359 6.17307962636719 0.690756156051727 53.550564442163 4.3929754500636 39.9217396154025 12.4932012192652 26.6000983389749 4.4461579144973 13.4430140436286 12.0362549379535 25.5116091403333 5.70728377541933 6.82206738516683 0.6513192662557 31.5962440130022 18.8574523846826 0.839915089951106 3.13712578527761 6.50835240341832 26.6540852933283 16.5886010478721 2.18220256226139 109.275559353061 14.5083136168969 4.39862562930136 24.4741584506884 48.1116988804713 29.8333992475886 117.428588557657 0.593521694293242 25.8811051639697 23.1463252433196 31.7007224158435 8.50464693293642 49.3095888775567 26.4132177736468 12.4272198210818 70.9715020258823 1.71668649126181 0.444646392571051 9.89616780887178 26.1653981329251 31.8558262268254 21.3980360279199 38.2493098766323 6.42124150611891 70.0260921013153 5.44354594959027 64.7135099417459 11.2314969450897 0.841660294430605 41.881428654116 145.092761158494 9.56435214028528 27.2408398987518 1.40893716938536 42.8255799691306 29.7408514305056 152.495077104592 27.5717937767178 19.3791043223924 21.1587639246239 29.307690297463 4.77381098571357 85.3061492649595 17.6416985021828 20.350940325692 15.2473989202054 11.9256941348058 11.5223486318332 2.74720366570578 15.6394764490768 88.9007373928614 17.7446380664844 1.23493354232779 11.7565941696083 25.9928634263675 5.94728504211192 40.9960860853429 7.7712091044546 23.4516020102317 29.3461013244504 21.3433451412381 16.3667779941548 12.7495161508697 0.915024241145281 14.3648734564676 19.7204303453267 89.9789320790117 0.632038785248111 1.5583797341406 5.41598094944274 154.04996083614 59.280893413466 3.03244665489 105.875244323574 19.4879653192001 58.4034723596876 10.3581694770152 93.4169955659945 58.4759412881258 55.4412179146 0.940458415555394 26.9004728293949 117.97374400158 99.5769214848856 111.534744926131 77.9547278075207 104.566958859668 108.984679322055 18.8640731368559 51.7543095807155 2.4901193393373 53.9275094822903 109.132240046942 56.58123725511 53.1577825367544 39.9661670414542 104.933437289049 23.7354928898098 85.2311559144321 127.504134268198 52.2044184224119 22.9395796798235 50.780327899379 5.82822264805517 8.02404499601546 27.797381062719 14.0451685450648 4.79766847954807 1.98474840567043 3.33759001337823 103.161075690375 29.3019341162138 2.19972497196913 11.5611706066689 23.3095122410574 14.5472789831639 23.7824548842504 7.8803846154814 11.6446872464369 22.2788755040534 114.820288780129 36.4075863882327 15.0405498254997 6.90492101503873 11.866035165137 18.3592770920017 0.0501402843001958 29.783826588557 9.34692063227884 6.89039648352267 17.8786326672405 11.1024022690723 38.5941616479141 11.5444282540782 3.60771776516875 37.7464830216043 2.97665110199642 1.76218448803508 1.23451600910784 5.50289482842365 59.9061923893362 0.864167992332658 4.51848383187243 9.07662472724501 38.3387202610159 2.92934031007418 16.5454701681323 3.35292405404839 35.6548835016195 20.4734294255265 128.962817654686 15.9747723335604 2.18169736981996 7.91529861906877 14.7970166443271 22.5149838779564 6.54119292304972 55.2979218344813 0.77943980491791 0.185437764950058 6.2323115393489 9.51418232957547 38.4484635460153 5.65117659779024 13.3407872049375 40.0379002703847 0.545811080518558 3.53829254643782e-06 0.372915737186769 1.43653771913187 99.2665857978193 17.9426453849721 1.18137737088327 1.09431815302768 15.7453676345293 2.48464808619417 14.2395973553596 3.59495020531162 19.6395991820308 29.6242808206213 28.068067979005 12.2083691347868 2.48628859942862 1.08601954734807 10.6111514538809 30.5462583411176 5.5638217012844 94.0966228814424 3.08570291778541 3.6076209549797
