Instancenumber:
11
Instancename:
B-n31-k5
Customers:
30
Depot:
0
Dimension:
930
Vehicles:
30
Capacity:
100
Demands:
0 25 3 13 17 16 9 22 10 16 8 3 16 16 10 24 16 15 14 5 12 2 18 20 15 8 22 15 10 13 19
Uncertainty:budgeted
Gamma:
9
Mean Vector:
70.3491293478462 91.9238815542512 57.0788927713213 44.1021541423999 77.8781098897501 54.0092584655631 50.0899191454728 48.2597140480546 53 93.150415994777 69.2314957226839 49.3659801887899 53.0377224247045 71.0633520177595 70.4059656563277 78.587530817554 53.0377224247045 78.3390068867355 69.5844810284592 92.1791733527699 37.9473319220206 50 50.1597448159378 68.8839603971781 44.0113621693308 49.0306026885251 94.0212741883453 48.8364617882991 47 50.0899191454728 70.3491293478462 75.5843899227876 16.4012194668567 27.8567765543682 11.6619037896906 17.8885438199983 20.3960780543711 22.0907220343745 18.3847763108502 77.7946013551069 6.32455532033676 21.0237960416286 17.7200451466693 10.0498756211209 7.07106781186548 14.3178210632764 17.7200451466693 13.4164078649987 2.23606797749979 78.4346862045103 38.9486841883009 21.1896201004171 20.2237484161567 4.47213595499958 37.0135110466435 22.2036033111745 78.7464284904401 22.0907220343745 24.0416305603426 20.3960780543711 91.9238815542512 75.5843899227876 82.6075057122535 82.0548596976437 68.4470598345904 80.3056660516554 76.0591874792257 74.0067564483136 79.227520471109 2.23606797749979 69.2603782836912 73.0273921210391 77.2334124585985 65.7875368135941 68.6221538571911 65.7419196555744 77.2334124585985 66.6408283261845 73.3757453113766 3.60555127546399 91.6624241442479 79.0569415042095 75.0599760191808 71.1688133946323 95.1892851112981 69.0072459963445 3.16227766016838 70.0071424927486 79 76.0591874792257 57.0788927713213 16.4012194668567 82.6075057122535 13 27.5862284482674 3.60555127546399 9.21954445729289 12.0415945787923 5 84.717176534632 19.4164878389476 12.0415945787923 6.40312423743285 23.3238075793812 20.8086520466848 29.8328677803526 6.40312423743285 29.0688837074973 16.9705627484771 85 22.8473193175917 7.61577310586391 9.89949493661167 17.8044938147649 20.6155281280883 15.8113883008419 85.7088093488645 15 10.4403065089106 9.21954445729289 44.1021541423999 27.8567765543682 82.0548596976437 13 37.7359245282264 10.1980390271856 8.48528137423857 8.94427190999916 9.48683298050514 84.0238061504 28.8444102037119 10.295630140987 10.295630140987 32.0156211871642 30.2324329156619 39.4081209904761 10.295630140987 38.8329756778952 27.7308492477241 84 12.0415945787923 6.70820393249937 9.21954445729289 27.7848879788996 13.3416640641263 13.6014705087354 85.0235261559999 12.6491106406735 4.24264068711928 8.48528137423857 77.8781098897501 11.6619037896906 68.4470598345904 27.5862284482674 37.7359245282264 28.4253408071038 29.5296461204668 30.4630924234556 28.6006992921502 70.6823881882892 8.94427190999916 29.1547594742265 27.459060435492 7 7.61577310586391 3 27.459060435492 2 10.6301458127346 71.5541752799933 49.4064773081425 31.0644491340181 29.0688837074973 10 48.1040538832228 28.8617393793236 71.5891053163818 29.1204395571221 33.6154726279432 29.5296461204668 54.0092584655631 17.8885438199983 80.3056660516554 3.60555127546399 10.1980390271856 28.4253408071038 5.65685424949238 8.48528137423857 1.4142135623731 82.3893196961839 19.7989898732233 8.60232526704263 3.16227766016838 23.43074902772 21.2132034355964 30.4138126514911 3.16227766016838 29.732137494637 18.0277563773199 82.6075057122535 21.095023109729 4.12310562561766 6.40312423743285 18.4390889145858 19.8494332412792 12.5299640861417 83.3846508657319 11.6619037896906 7.07106781186548 5.65685424949238 50.0899191454728 20.3960780543711 76.0591874792257 9.21954445729289 8.48528137423857 29.5296461204668 5.65685424949238 2.82842712474619 4.24264068711928 78.1024967590665 20.591260281974 3.16227766016838 3.16227766016838 23.6008474424119 21.9544984001001 31.0644491340181 3.16227766016838 30.5286750449475 19.9248588451713 78.2304288624318 20.5182845286832 3 1 19.6977156035922 21.0237960416286 7.28010988928052 79.1012010022604 6.32455532033676 4.24264068711928 1e-05 48.2597140480546 22.0907220343745 74.0067564483136 12.0415945787923 8.94427190999916 30.4630924234556 8.48528137423857 2.82842712474619 7.07106781186548 76.0263112349928 21.540659228538 1.4142135623731 5.8309518948453 24.1867732448956 22.8473193175917 31.7647603485372 5.8309518948453 31.3049516849971 21.3775583264319 76.1051903617618 20.8086520466848 5.3851648071345 2.23606797749979 20.8806130178211 22.1359436211787 5 77.0259696466069 4 5.09901951359278 2.82842712474619 53 18.3847763108502 79.227520471109 5 9.48683298050514 28.6006992921502 1.4142135623731 4.24264068711928 7.07106781186548 81.3019064967114 19.8494332412792 7.21110255092798 2 23.3452350598575 21.2602916254693 30.4795013082563 2 29.8328677803526 18.3575597506858 81.4984662432367 20.8086520466848 3 5 18.6010752377383 20 11.1803398874989 82.2982381342395 10.295630140987 6 4.24264068711928 93.150415994777 77.7946013551069 2.23606797749979 84.717176534632 84.0238061504 70.6823881882892 82.3893196961839 78.1024967590665 76.0263112349928 81.3019064967114 71.4702735408225 75.0599760191808 79.3095202355934 68.0073525436772 70.8378429936994 67.9779375974294 79.3095202355934 68.8767014308903 75.5843899227876 2 93.5360892917809 81.0987052917616 77.1038261048049 73.3757453113766 97.1287804927046 71.028163428319 1 72.0277724214764 81.0061726043145 78.1024967590665 69.2314957226839 6.32455532033676 69.2603782836912 19.4164878389476 28.8444102037119 8.94427190999916 19.7989898732233 20.591260281974 21.540659228538 19.8494332412792 71.4702735408225 20.2484567313166 18.6010752377383 4.12310562561766 1.4142135623731 10.6301458127346 18.6010752377383 10 4.12310562561766 72.1110255092798 40.6078810084939 22.2036033111745 20.1246117974981 2 39.6232255123179 20.2237484161567 72.4223722339996 20.3960780543711 24.6981780704569 20.591260281974 49.3659801887899 21.0237960416286 73.0273921210391 12.0415945787923 10.295630140987 29.1547594742265 8.60232526704263 3.16227766016838 1.4142135623731 7.21110255092798 75.0599760191808 20.2484567313166 5.65685424949238 22.8254244210267 21.540659228538 30.4138126514911 5.65685424949238 29.9666481275434 20.2237484161567 75.1664818918645 22.2036033111745 6.08276253029822 2.23606797749979 19.6468827043885 23.4093998214393 4.12310562561766 76.0591874792257 3.16227766016838 6.32455532033676 3.16227766016838 53.0377224247045 17.7200451466693 77.2334124585985 6.40312423743285 10.295630140987 27.459060435492 3.16227766016838 3.16227766016838 5.8309518948453 2 79.3095202355934 18.6010752377383 5.65685424949238 21.9317121994613 20 29.2061637330205 1e-05 28.6006992921502 17.464249196573 79.5110055275369 22.0227155455452 3.60555127546399 3.60555127546399 17.4928556845359 21.6333076527839 9.4339811320566 80.3056660516554 8.60232526704263 6.32455532033676 3.16227766016838 71.0633520177595 10.0498756211209 65.7875368135941 23.3238075793812 32.0156211871642 7 23.43074902772 23.6008474424119 24.1867732448956 23.3452350598575 68.0073525436772 4.12310562561766 22.8254244210267 21.9317121994613 3 7.61577310586391 21.9317121994613 7.28010988928052 8 68.7095335452075 43.9317652729776 25.4950975679639 23.0217288664427 6.08276253029822 43.2781700167648 22.1359436211787 68.9492567037528 22.4722050542442 27.8028775489157 23.6008474424119 70.4059656563277 7.07106781186548 68.6221538571911 20.8086520466848 30.2324329156619 7.61577310586391 21.2132034355964 21.9544984001001 22.8473193175917 21.2602916254693 70.8378429936994 1.4142135623731 21.540659228538 20 3 9.21954445729289 20 8.60232526704263 5 71.5122367151245 42.0119030752 23.6008474424119 21.4709105535839 3.16227766016838 41.0365690573664 21.3775583264319 71.7843994193724 21.5870331449229 26.0768096208106 21.9544984001001 78.587530817554 14.3178210632764 65.7419196555744 29.8328677803526 39.4081209904761 3 30.4138126514911 31.0644491340181 31.7647603485372 30.4795013082563 67.9779375974294 10.6301458127346 30.4138126514911 29.2061637330205 7.61577310586391 9.21954445729289 29.2061637330205 1 13.0384048104053 68.8839603971781 51.2249938994628 32.8024389337135 30.5286750449475 12.0415945787923 50.2095608425328 29.732137494637 68.8767014308903 30.0832179129826 35.2278299076171 31.0644491340181 53.0377224247045 17.7200451466693 77.2334124585985 6.40312423743285 10.295630140987 27.459060435492 3.16227766016838 3.16227766016838 5.8309518948453 2 79.3095202355934 18.6010752377383 5.65685424949238 1e-05 21.9317121994613 20 29.2061637330205 28.6006992921502 17.464249196573 79.5110055275369 22.0227155455452 3.60555127546399 3.60555127546399 17.4928556845359 21.6333076527839 9.4339811320566 80.3056660516554 8.60232526704263 6.32455532033676 3.16227766016838 78.3390068867355 13.4164078649987 66.6408283261845 29.0688837074973 38.8329756778952 2 29.732137494637 30.5286750449475 31.3049516849971 29.8328677803526 68.8767014308903 10 29.9666481275434 28.6006992921502 7.28010988928052 8.60232526704263 1 28.6006992921502 12.2065556157337 69.7710541700496 50.60632371552 32.2024843762092 30.0166620396073 11.3137084989848 49.4974746830583 29.4108823397055 69.778220097678 29.732137494637 34.6698716467194 30.5286750449475 69.5844810284592 2.23606797749979 73.3757453113766 16.9705627484771 27.7308492477241 10.6301458127346 18.0277563773199 19.9248588451713 21.3775583264319 18.3575597506858 75.5843899227876 4.12310562561766 20.2237484161567 17.464249196573 8 5 13.0384048104053 17.464249196573 12.2065556157337 76.2167960491649 39.1152144312159 21.0237960416286 19.6468827043885 2.23606797749979 37.5366487582469 21.0237960416286 76.5375724726098 21 23.7697286480094 19.9248588451713 92.1791733527699 78.4346862045103 3.60555127546399 85 84 71.5541752799933 82.6075057122535 78.2304288624318 76.1051903617618 81.4984662432367 2 72.1110255092798 75.1664818918645 79.5110055275369 68.7095335452075 71.5122367151245 68.8839603971781 79.5110055275369 69.7710541700496 76.2167960491649 93.3434518324665 81.2219182240853 77.2334124585985 74 97.0463806640928 71.1125867902441 2.23606797749979 72.1110255092798 81.0555365166378 78.2304288624318 37.9473319220206 38.9486841883009 91.6624241442479 22.8473193175917 12.0415945787923 49.4064773081425 21.095023109729 20.5182845286832 20.8086520466848 20.8086520466848 93.5360892917809 40.6078810084939 22.2036033111745 22.0227155455452 43.9317652729776 42.0119030752 51.2249938994628 22.0227155455452 50.60632371552 39.1152144312159 93.3434518324665 18.4390889145858 21.2602916254693 39.4081209904761 6.40312423743285 25.0599281722833 94.5304183847718 24.1867732448956 16.2788205960997 20.5182845286832 50 21.1896201004171 79.0569415042095 7.61577310586391 6.70820393249937 31.0644491340181 4.12310562561766 3 5.3851648071345 3 81.0987052917616 22.2036033111745 6.08276253029822 3.60555127546399 25.4950975679639 23.6008474424119 32.8024389337135 3.60555127546399 32.2024843762092 21.0237960416286 81.2219182240853 18.4390889145858 4 21.095023109729 18.3575597506858 10.1980390271856 82.0975030070952 9.21954445729289 3 3 50.1597448159378 20.2237484161567 75.0599760191808 9.89949493661167 9.21954445729289 29.0688837074973 6.40312423743285 1 2.23606797749979 5 77.1038261048049 20.1246117974981 2.23606797749979 3.60555127546399 23.0217288664427 21.4709105535839 30.5286750449475 3.60555127546399 30.0166620396073 19.6468827043885 77.2334124585985 21.2602916254693 4 19.313207915828 21.9317121994613 6.32455532033676 78.1024967590665 5.3851648071345 5 1 68.8839603971781 4.47213595499958 71.1688133946323 17.8044938147649 27.7848879788996 10 18.4390889145858 19.6977156035922 20.8806130178211 18.6010752377383 73.3757453113766 2 19.6468827043885 17.4928556845359 6.08276253029822 3.16227766016838 12.0415945787923 17.4928556845359 11.3137084989848 2.23606797749979 74 39.4081209904761 21.095023109729 19.313207915828 38.1837661840736 20.0249843945008 74.3303437365925 20.0997512422418 23.7065391822594 19.6977156035922 44.0113621693308 37.0135110466435 95.1892851112981 20.6155281280883 13.3416640641263 48.1040538832228 19.8494332412792 21.0237960416286 22.1359436211787 20 97.1287804927046 39.6232255123179 23.4093998214393 21.6333076527839 43.2781700167648 41.0365690573664 50.2095608425328 21.6333076527839 49.4974746830583 37.5366487582469 97.0463806640928 6.40312423743285 18.3575597506858 21.9317121994613 38.1837661840736 26.9258240356725 98.1274681218261 25.9615099714943 17.0880074906351 21.0237960416286 49.0306026885251 22.2036033111745 69.0072459963445 15.8113883008419 13.6014705087354 28.8617393793236 12.5299640861417 7.28010988928052 5 11.1803398874989 71.028163428319 20.2237484161567 4.12310562561766 9.4339811320566 22.1359436211787 21.3775583264319 29.732137494637 9.4339811320566 29.4108823397055 21.0237960416286 71.1125867902441 25.0599281722833 10.1980390271856 6.32455532033676 20.0249843945008 26.9258240356725 72.0277724214764 1 10.0498756211209 7.28010988928052 94.0212741883453 78.7464284904401 3.16227766016838 85.7088093488645 85.0235261559999 71.5891053163818 83.3846508657319 79.1012010022604 77.0259696466069 82.2982381342395 1 72.4223722339996 76.0591874792257 80.3056660516554 68.9492567037528 71.7843994193724 68.8767014308903 80.3056660516554 69.778220097678 76.5375724726098 2.23606797749979 94.5304183847718 82.0975030070952 78.1024967590665 74.3303437365925 98.1274681218261 72.0277724214764 73.0273921210391 82.0060973342836 79.1012010022604 48.8364617882991 22.0907220343745 70.0071424927486 15 12.6491106406735 29.1204395571221 11.6619037896906 6.32455532033676 4 10.295630140987 72.0277724214764 20.3960780543711 3.16227766016838 8.60232526704263 22.4722050542442 21.5870331449229 30.0832179129826 8.60232526704263 29.732137494637 21 72.1110255092798 24.1867732448956 9.21954445729289 5.3851648071345 20.0997512422418 25.9615099714943 1 73.0273921210391 9.05538513813742 6.32455532033676 47 24.0416305603426 79 10.4403065089106 4.24264068711928 33.6154726279432 7.07106781186548 4.24264068711928 5.09901951359278 6 81.0061726043145 24.6981780704569 6.32455532033676 6.32455532033676 27.8028775489157 26.0768096208106 35.2278299076171 6.32455532033676 34.6698716467194 23.7697286480094 81.0555365166378 16.2788205960997 3 5 23.7065391822594 17.0880074906351 10.0498756211209 82.0060973342836 9.05538513813742 4.24264068711928 50.0899191454728 20.3960780543711 76.0591874792257 9.21954445729289 8.48528137423857 29.5296461204668 5.65685424949238 1e-05 2.82842712474619 4.24264068711928 78.1024967590665 20.591260281974 3.16227766016838 3.16227766016838 23.6008474424119 21.9544984001001 31.0644491340181 3.16227766016838 30.5286750449475 19.9248588451713 78.2304288624318 20.5182845286832 3 1 19.6977156035922 21.0237960416286 7.28010988928052 79.1012010022604 6.32455532033676 4.24264068711928
Deviation Vector:
51.4756331308656 30.4954136137364 53.1030910472842 12.6978036773654 100.041565107468 18.7053865365533 81.0361761290774 5.67615974192873 66.6312887189932 52.4388372774618 48.1516925153029 10.3525511560632 71.7628875900339 98.8226781392339 102.165714692481 78.8007882153606 17.1601044072496 109.590131465581 24.1668355350771 10.5616192240348 35.7665871572439 11.7071859707751 69.3934958930095 6.91916972608993 66.2011010627765 20.2927862662165 57.4293992286024 32.6463072901617 47.6949267558214 57.676690743214 65.8854765225564 9.08197715614398 24.3264430317509 6.70094466561571 4.75892878031145 20.4189749904443 11.9701841101977 8.82619892558088 23.1477633373103 16.9386145612681 6.08732896393477 6.90093263209962 7.57435041044636 6.92636765975694 0.654258810521224 3.61087283495772 1.16185680801417 5.58218416423782 0.0553881524108807 32.3832865886041 20.6680611433755 20.4967759797596 13.085031790665 1.28686986220241 39.5211546234087 11.6535531025839 55.251081713957 1.15350304549446 28.6896440451451 1.83713464574108 110.646907741272 38.0594816367064 17.3665528460377 87.0227468678565 50.9305101118474 49.6533544476546 43.7837215865641 98.5009742253862 80.641553381508 0.465951921068504 107.264089079459 25.8512127335561 41.4452969889665 23.0129763725171 71.5861308885976 41.3615349321658 46.494656279473 73.8886905730971 76.6939092064655 2.25985920815864 139.476253001014 124.583465912862 119.651219072258 38.5946433295902 22.5862561652961 71.4555299994927 3.37461437992888 65.7304169596489 85.9279272177198 48.2316439906464 58.7332155526811 10.9072924410969 93.9800241096585 16.1097665595605 2.7373054449026 0.920893405662364 2.13129787332826 8.12663780243389 7.9319130021241 105.813402159605 17.1498181131499 18.1676934138009 10.2642903232193 33.1171127592658 4.83190965604154 30.4253470102805 2.70653013011817 24.2495127103207 8.52387986412452 124.772394936531 33.3794941842531 3.02771448043575 14.0318903630282 25.4374585474506 19.3756178938559 0.448516495436204 71.8105315217443 5.70985032475685 10.0986665729697 2.75842084834007 44.7544131447503 10.3046206430418 79.1191096293481 6.83947478086891 60.7219001370402 10.8450979839854 6.63144528001148 1.91365604043817 1.06237625641674 62.3087209153241 42.1985849768755 10.2466729775627 6.42405668724958 46.0909671522856 23.8468520715599 33.7399052934075 8.57784849510679 47.0450918678644 1.77558697692945 112.176013812223 12.6802528430794 10.2300785851167 0.983186294718504 23.4539758032514 17.7093845139446 14.2338987160576 74.1824938710844 6.81625099371224 6.05490050229938 1.81097088978205 65.2668951775798 9.51142388250738 39.9278592332925 4.85355450619629 50.6307168819815 16.0921774487949 36.5987647912666 15.1367766984664 22.3106640937404 95.5184020988029 11.0770278436219 17.9797748523801 19.7780505248254 1.65244316686036 3.27474845999697 4.52717362901679 29.9915989661372 2.5262996721381 11.6313464198106 82.7351532515188 48.0346063900192 16.1807606435369 30.6654455024035 10.7887450171694 65.6622344228169 21.818097899075 35.7248213456633 17.7970239901618 43.5261289113929 8.85399451794779 44.5348073912187 9.06132293974981 89.5755062760115 5.07631537862776 6.96000422809358 23.6157070435252 1.96684182470983 2.50765123726225 1.87763255605364 92.9158631897158 0.407043277103008 8.08438337312518 0.373532875791179 17.3582699492624 24.9436256021464 16.6703279206423 1.97182301589812 19.0802366054924 3.33371515349646 7.54905554039836 3.62098443060066 4.77106907180939 3.92038796147156 22.6169166269756 12.101864461292 4.39701893534018 29.7000457900349 12.9296585567444 6.80288078743167 0.139497211454202 70.5538131644533 3.26957919643451 40.4028843509336 8.27573529598213 13.3067953999652 35.8397704199313 0.577460735187615 0.819019376867926 6.40306674651944 111.66847506293 29.1846717272773 4.83757677256577 2.35024648167408 36.238025501311 14.1444799312547 9.09322855549377 1.44587502175365 38.704516607945 18.618967427697 50.2354409173828 27.8883131148469 3.31833093796735 0.172955694985476 6.79786589778565 14.8499320076565 5.69769660882085 55.0567826582047 6.71996933277253 1.12430952462568 3.17566976184796e-07 52.4670104423381 1.04267903567767 14.2138121313905 19.4879180820482 8.45081093889158 4.08011346571687 10.2309216837543 2.96111143183015 2.99462100444111 82.7620440978177 18.316748533567 0.303335683375288 5.78446690797373 38.5427574721934 2.82391818345046 0.315922768018691 1.5155966708236 18.1827101198373 27.3152669565652 90.8986598249842 25.4484080131862 5.44225785444124 1.50743759840707 29.1478352340225 30.0099481562546 6.9024291194311 42.5353856466998 1.70158134937652 4.16416869895265 2.31145755625863 24.2290578530183 5.1016903922901 68.4861320010647 3.24606521110825 2.55701726459152 5.23127689008557 1.10754040163362 6.25899372653057 8.69612855706184 98.1031644247889 18.6090573218543 3.27244449139671 2.84228682349169 7.07811318364763 8.95074649328038 47.0829948527596 0.626277513388849 20.3141061548138 9.16451099511846 129.655343687439 5.18066063790983 0.287548707948366 4.87574683573879 17.1708990206189 29.8355541459109 7.87671755731636 55.7367678975323 4.30000564331709 6.77946223951889 6.33814094711008 115.0293179119 123.464887431737 0.324372797862735 40.0674161974726 51.2486277933321 29.3047210071391 54.0360531607792 108.802962308333 20.0337376257279 21.0844340735696 69.5681835288516 90.1486335285056 56.5589063746466 52.2421664125485 106.555303800595 77.0971202905146 54.4524452519137 13.1559709227171 14.2653397729636 2.37160834685762 14.5500080466631 35.4969521811702 98.8204073071776 82.9662769817482 132.174190009527 81.4754014015246 0.208873824255345 29.6553992715131 126.75354361914 104.562388446997 19.3356840508085 7.42041639615105 90.0039314630452 8.23946834293124 0.573435508117977 2.53199158581643 16.6103906725582 13.9143928735189 1.07313088457055 21.8832459409909 66.8302593681807 20.7183247684563 12.5954902974851 0.0901869977108576 0.233406930851474 5.89980066218659 21.5032654424903 8.51625072443938 3.07589503346097 96.9717812938833 16.6932358782109 20.0180835957615 3.14168651380147 0.132783587289816 16.0841739422743 30.677919913245 87.8829298455089 12.5395445832688 7.46629990733737 23.7184832264901 16.1545408837792 12.2272701201416 51.0312950861782 0.00476566942404442 10.3568493934089 20.9528528656851 2.43859604878528 0.691121989876106 1.97200707926974 2.40345963761373 99.155276644821 14.2377364885459 7.67355114299504 8.48663256342395 15.6175217521165 46.2760951502475 5.2428442664644 7.63257603188848 15.1036638226691 3.49382905839423 35.5137534567998 7.0433022620912 2.11990503663561 2.53886989356754 28.6602113884591 5.58259548101443 1.50635139223651 2.56598468017603 2.16574557102066 1.01859061992068 17.8716639961023 11.8666676343069 69.7957241193953 6.63208716321413 6.89879869720632 7.77912735919355 0.405054021068826 3.01539491447557 2.92626945946238 3.04501781299649 102.059573541966 3.65547290836793 3.39023758032836 22.3047902611048 11.3665112838628 38.6788979324289 9.1221393447644e-06 42.761999440706 27.5767935041188 2.59972743992918 33.9506468186848 5.59637811681598 4.29279894187827 15.1020058980694 1.1905998474885 7.43931831063765 47.4571875911343 0.643802209679082 10.1192996870309 2.95164259357508 28.2083931282498 3.12166770944412 105.461772771196 30.3360097872876 43.1050495233017 4.52753775447562 37.1130130471156 34.7986206223525 38.7071261258927 10.7259746225356 93.2127942555237 5.19861191089563 14.9727871484836 7.53568333112629 1.9545416610603 9.32395505967028 0.912188798261394 11.38411037742 8.74470343899394 111.353063334137 70.1337363070813 25.7082822671977 35.601843344411 7.06018266460659 10.6178839390921 35.450287623838 22.2642284245993 18.7934446705526 1.38946661677976 6.99915265626422 10.0922063812648 3.16022116768184 41.6660791561076 2.49836169807786 3.66486186675181 2.49196559553897 16.2674449604319 1.73049872786539 4.0058294685249 15.7507256884532 38.1300508686872 2.1863155900437 8.08539003067062 23.8848409160125 0.789631699018693 9.46726160183118 15.8438345468781 2.62201278863817 4.82125460398632 18.516953827304 12.5654253925503 22.0509701933896 27.2099958906478 0.693144974886876 19.2326447725633 32.336469906764 13.9496356171361 17.0878274882831 18.8427890718445 5.36353845574768 85.5143881327144 12.3982455942812 45.4424746227922 2.05779674645874 38.8561958645882 2.43734430814394 12.0496063895813 3.92976921180702 28.3109830342981 17.4196144219449 58.9610424760378 15.1962451231417 14.9371964022199 36.2948026576331 7.59626864756128 6.95469476276791 18.7863821416464 0.163285069770265 13.8095658898999 110.729891398696 21.6281723717718 44.5534988885585 27.9480370158781 0.760660125393611 79.2020210147976 41.1534190171821 108.536295034869 4.37441025682113 19.3531831191847 20.8768017006833 20.6694792786442 0.197903394793677 118.783371027607 6.92138060104953 0.825151908900735 24.6480241495427 0.844456369282794 1.50630180871259 5.97166351726278 2.3166214235828 83.1047557423944 4.93192278857668 5.43910838209051 1.53898545930872e-05 33.0697801780621 6.65201895145117 19.4799978023795 15.0079327319607 8.66027697997119 7.93378141820567 11.1408262311528 3.31027518594708 5.25696430114745 24.8634223329239 21.2282138581973 13.2934514943319 94.6916970124359 8.00648161033824 9.83160572456886 0.32308142376763 125.560397707182 4.26481524485868 7.55278169900969 44.0223845918169 54.320288900499 0.386962979807384 23.3604978723496 1.20629664296071 20.9685558454437 5.47387823509126 82.5021847570765 0.91323816058423 13.4438362732669 15.2437803146556 0.0288560105376274 2.83991329986765 0.865587227346474 19.1895276444392 10.4350582095254 94.9914235062903 39.0037247991314 43.8195994519086 19.6078680348525 6.8154034162012 57.206894036246 0.240043681889 26.8757576202886 21.0666797038851 32.5514146489719 9.56547189805153 56.4132821618868 2.04674753097255 46.3153581641645 15.6816838620611 22.2790695126759 4.29118809323295 20.1466230143748 31.6626402779167 9.47441796828253 2.95563913704236 11.0535806860206 0.0604993756878684 5.10301271365851 10.3889266255021 4.38127626936545 1.28145708482529 12.0605430091935 24.6812936238794 11.3183763185904 11.7014964450301 44.9189112544716 1.5057284495213 29.7509059455085 0.391896867217315 25.3005438088983 21.9423138368958 14.0387769559406 22.2428248546185 2.99244136182399 22.3620606001914 126.516799033077 73.4626632860839 1.48298983203825 32.0766198980314 19.6825332926704 86.917655972778 64.5208416250846 105.755761954533 89.6114213947905 99.7743014587528 3.02570673898521 95.4540507334907 93.1253217055699 11.0389510897368 20.0791331626232 11.4587480248656 27.2179076640391 96.7834635926175 109.783466381873 100.786381258793 127.951717896237 88.9794529644975 107.662190998583 93.1436742575301 123.323820160582 31.4076912403074 1.51167617949518 104.863514753532 121.65168555652 62.7357263030473 36.0563920206028 48.5693058852126 10.2844216017828 31.1060936781108 19.5601207848821 17.1200734059702 20.0369453999948 15.9855294944503 1.4986100821186 10.4243989743493 35.2620801676792 64.35829253396 4.40360875560026 35.5867237947989 4.27727959283585 20.6093882118997 7.67345679985172 10.8459410966749 4.12181647552803 3.79163444650484 17.5959560407815 26.7774532973266 25.3517367420823 62.3630483782298 6.94459806133324 20.9719462160346 37.6049759896512 3.24732938232222 10.8208815340211 5.58725683598279 46.8097820258245 34.2189231255322 120.112306490806 7.98433481650913 9.05622264181882 47.1355758256305 5.75135829564559 2.02055601545205 3.60854138358953 4.40078365065434 95.2490763372182 23.2489122951148 8.67069976178837 4.94974362515352 26.4293052170841 35.9397515840647 7.7750628336828 4.27777644095505 12.5254579016934 6.69556646166785 104.238321003459 10.6479659198328 0.577365289742411 17.9197271855391 9.79584615138273 12.5324244801423 4.92607189734168 8.58728604185092 4.08949761749508 2.17417251008909 60.3786984654965 13.610904555717 53.5379840169797 10.8567408467907 0.876454533047179 12.7015256527237 6.32435758069925 1.48997412059788 2.48307396912387 0.15721214985842 102.590989801974 13.254112742179 2.41164577674536 4.07306533125754 9.32537579248658 10.4953636927212 31.3265608776146 2.3151079400543 1.46823317569618 27.8022052061937 74.18817882498 28.3248884637745 1.46486567602038 21.3394020586746 12.1813472112581 5.69102563178139 55.255336219064 3.31416141564288 1.02453254847125 0.444292359925184 92.3147358477095 6.29960585812449 79.5175042139373 7.60380608088228 24.4225146175128 12.1237311776656 15.9317058947665 4.73412243349802 22.4675738855286 6.47572073566591 19.9421395177023 1.56042490162387 19.7792842397089 23.6206356117248 1.72465735935227 4.46452732158856 2.56213927032273 22.9098253201502 4.83725886309392 0.585152210888752 81.2828529165201 54.7035300278659 33.6250176928385 28.2867684149815 33.0936834322259 10.4741629106573 54.8645582482467 31.6403690309825 26.9893984462402 18.5754269154482 17.2574693876383 31.5459476762914 69.0420754267377 31.1175365126969 17.0687147003253 77.1732881615403 21.7440567726532 10.869864345974 4.83210183770609 10.9021159745213 84.0322878496803 19.4182806650106 31.024904794085 5.31221205822663 9.26280329681644 66.0216912216993 1.55745001621029 9.23317236883823 63.9592567409665 17.213417916891 66.8156148537669 4.89354577534068 4.04525470435188 14.3899376416558 23.0069106995626 29.2698294356096 115.709890447285 34.8052754985529 17.6839649521763 14.5340209379979 32.2291853948038 31.6843138899998 106.519228550418 21.8614811082353 17.8188290501844 34.5360581874583 17.0482055371014 5.67244703516428 0.436423091839349 17.6524936861805 94.0609150548978 19.2620736741747 1.82494687191013 9.65331151880011 26.5189785237315 14.0374473082872 29.9032028531127 11.5945923085147 31.8651508642406 14.1191624601243 4.35600436427581 3.64856526984379 14.6425843415095 1.7810839881691 16.0543961284302 11.0936854310272 98.5821274225542 0.354552101558727 1.26942649095368 5.65809016125579 98.3335579622444 61.7088987580915 1.82729870634924 82.5473729019591 45.9073028740919 18.7250867037657 44.4750475695414 21.6884260986393 80.1635362984984 51.078955683681 0.226727236964917 53.4958430210032 119.649086466839 53.7519445227121 9.34731168428768 82.1762475027946 91.3295388460804 91.6545859649215 52.1552731190068 59.9356539849445 0.417151916672834 76.4466060242681 76.2424402052014 126.71189223926 81.0433095334006 10.2105834043075 29.3904333906497 60.8051825097464 37.6085198656423 42.2681797653133 78.6185833198689 33.234858734513 92.2691569227353 8.41996076691765 10.6409376545568 6.74392125195256 9.59651153698421 8.69381027330912 2.0230920274493 2.44297140289569 26.5727189437709 14.9401321633928 3.08621528464238 2.71560455792082 31.5024834067555 23.9943100289914 43.9349553408989 9.47531049861409 18.6269131242282 12.2124487419951 18.6208600207537 19.6649808448678 12.8174132485324 6.39168692316897 16.2623233987607 22.1765984040993 1.29096074915253 88.8833842423919 0.547853774007847 0.77932142678335 5.88129934504728 1.05755426504535 0.106437054505942 15.066723290681 2.56815176870122 28.3239699901577 0.342041473762152 6.05939565438749 3.01277502485794 3.32486986037102 3.17139274788942 23.7047440134309 8.13745887984145 6.42003699521128 35.461448443314 27.6972678496461 17.6232971513141 7.01748235255783 18.6273804719247 26.7827132260231 5.24923477695916 12.9498584084015 0.940375528964323 7.27502313597336 8.44105337904919 19.1819606412515 6.86275539141854 1.69584493024028 6.45936596612637 3.15385186064702 7.20799120581448 17.1011257161444 59.8858456073834 1.33912352981377 5.55986550066614 41.1252781217377 5.58804218358735 7.03608402109879e-06 3.37868433798602 6.69781198389726 98.2336791944297 25.4033413789491 2.88437941367384 2.90313850117824 14.690269573321 12.3216309330948 10.992128658765 3.55033032620619 1.35702085960219 17.7555946919117 48.7473081994182 2.24083594164085 0.180856901788492 0.936583154479876 30.81148760938 8.75325706812805 3.15066336373447 49.1013092524692 2.7640171125775 4.86246731959398
