Instancenumber:
47
Instancename:
B-n31-k5
Customers:
30
Depot:
0
Dimension:
930
Vehicles:
30
Capacity:
100
Demands:
0 25 3 13 17 16 9 22 10 16 8 3 16 16 10 24 16 15 14 5 12 2 18 20 15 8 22 15 10 13 19
Uncertainty:budgeted
Gamma:
9
Mean Vector:
70.3491293478462 91.9238815542512 57.0788927713213 44.1021541423999 77.8781098897501 54.0092584655631 50.0899191454728 48.2597140480546 53 93.150415994777 69.2314957226839 49.3659801887899 53.0377224247045 71.0633520177595 70.4059656563277 78.587530817554 53.0377224247045 78.3390068867355 69.5844810284592 92.1791733527699 37.9473319220206 50 50.1597448159378 68.8839603971781 44.0113621693308 49.0306026885251 94.0212741883453 48.8364617882991 47 50.0899191454728 70.3491293478462 75.5843899227876 16.4012194668567 27.8567765543682 11.6619037896906 17.8885438199983 20.3960780543711 22.0907220343745 18.3847763108502 77.7946013551069 6.32455532033676 21.0237960416286 17.7200451466693 10.0498756211209 7.07106781186548 14.3178210632764 17.7200451466693 13.4164078649987 2.23606797749979 78.4346862045103 38.9486841883009 21.1896201004171 20.2237484161567 4.47213595499958 37.0135110466435 22.2036033111745 78.7464284904401 22.0907220343745 24.0416305603426 20.3960780543711 91.9238815542512 75.5843899227876 82.6075057122535 82.0548596976437 68.4470598345904 80.3056660516554 76.0591874792257 74.0067564483136 79.227520471109 2.23606797749979 69.2603782836912 73.0273921210391 77.2334124585985 65.7875368135941 68.6221538571911 65.7419196555744 77.2334124585985 66.6408283261845 73.3757453113766 3.60555127546399 91.6624241442479 79.0569415042095 75.0599760191808 71.1688133946323 95.1892851112981 69.0072459963445 3.16227766016838 70.0071424927486 79 76.0591874792257 57.0788927713213 16.4012194668567 82.6075057122535 13 27.5862284482674 3.60555127546399 9.21954445729289 12.0415945787923 5 84.717176534632 19.4164878389476 12.0415945787923 6.40312423743285 23.3238075793812 20.8086520466848 29.8328677803526 6.40312423743285 29.0688837074973 16.9705627484771 85 22.8473193175917 7.61577310586391 9.89949493661167 17.8044938147649 20.6155281280883 15.8113883008419 85.7088093488645 15 10.4403065089106 9.21954445729289 44.1021541423999 27.8567765543682 82.0548596976437 13 37.7359245282264 10.1980390271856 8.48528137423857 8.94427190999916 9.48683298050514 84.0238061504 28.8444102037119 10.295630140987 10.295630140987 32.0156211871642 30.2324329156619 39.4081209904761 10.295630140987 38.8329756778952 27.7308492477241 84 12.0415945787923 6.70820393249937 9.21954445729289 27.7848879788996 13.3416640641263 13.6014705087354 85.0235261559999 12.6491106406735 4.24264068711928 8.48528137423857 77.8781098897501 11.6619037896906 68.4470598345904 27.5862284482674 37.7359245282264 28.4253408071038 29.5296461204668 30.4630924234556 28.6006992921502 70.6823881882892 8.94427190999916 29.1547594742265 27.459060435492 7 7.61577310586391 3 27.459060435492 2 10.6301458127346 71.5541752799933 49.4064773081425 31.0644491340181 29.0688837074973 10 48.1040538832228 28.8617393793236 71.5891053163818 29.1204395571221 33.6154726279432 29.5296461204668 54.0092584655631 17.8885438199983 80.3056660516554 3.60555127546399 10.1980390271856 28.4253408071038 5.65685424949238 8.48528137423857 1.4142135623731 82.3893196961839 19.7989898732233 8.60232526704263 3.16227766016838 23.43074902772 21.2132034355964 30.4138126514911 3.16227766016838 29.732137494637 18.0277563773199 82.6075057122535 21.095023109729 4.12310562561766 6.40312423743285 18.4390889145858 19.8494332412792 12.5299640861417 83.3846508657319 11.6619037896906 7.07106781186548 5.65685424949238 50.0899191454728 20.3960780543711 76.0591874792257 9.21954445729289 8.48528137423857 29.5296461204668 5.65685424949238 2.82842712474619 4.24264068711928 78.1024967590665 20.591260281974 3.16227766016838 3.16227766016838 23.6008474424119 21.9544984001001 31.0644491340181 3.16227766016838 30.5286750449475 19.9248588451713 78.2304288624318 20.5182845286832 3 1 19.6977156035922 21.0237960416286 7.28010988928052 79.1012010022604 6.32455532033676 4.24264068711928 1e-05 48.2597140480546 22.0907220343745 74.0067564483136 12.0415945787923 8.94427190999916 30.4630924234556 8.48528137423857 2.82842712474619 7.07106781186548 76.0263112349928 21.540659228538 1.4142135623731 5.8309518948453 24.1867732448956 22.8473193175917 31.7647603485372 5.8309518948453 31.3049516849971 21.3775583264319 76.1051903617618 20.8086520466848 5.3851648071345 2.23606797749979 20.8806130178211 22.1359436211787 5 77.0259696466069 4 5.09901951359278 2.82842712474619 53 18.3847763108502 79.227520471109 5 9.48683298050514 28.6006992921502 1.4142135623731 4.24264068711928 7.07106781186548 81.3019064967114 19.8494332412792 7.21110255092798 2 23.3452350598575 21.2602916254693 30.4795013082563 2 29.8328677803526 18.3575597506858 81.4984662432367 20.8086520466848 3 5 18.6010752377383 20 11.1803398874989 82.2982381342395 10.295630140987 6 4.24264068711928 93.150415994777 77.7946013551069 2.23606797749979 84.717176534632 84.0238061504 70.6823881882892 82.3893196961839 78.1024967590665 76.0263112349928 81.3019064967114 71.4702735408225 75.0599760191808 79.3095202355934 68.0073525436772 70.8378429936994 67.9779375974294 79.3095202355934 68.8767014308903 75.5843899227876 2 93.5360892917809 81.0987052917616 77.1038261048049 73.3757453113766 97.1287804927046 71.028163428319 1 72.0277724214764 81.0061726043145 78.1024967590665 69.2314957226839 6.32455532033676 69.2603782836912 19.4164878389476 28.8444102037119 8.94427190999916 19.7989898732233 20.591260281974 21.540659228538 19.8494332412792 71.4702735408225 20.2484567313166 18.6010752377383 4.12310562561766 1.4142135623731 10.6301458127346 18.6010752377383 10 4.12310562561766 72.1110255092798 40.6078810084939 22.2036033111745 20.1246117974981 2 39.6232255123179 20.2237484161567 72.4223722339996 20.3960780543711 24.6981780704569 20.591260281974 49.3659801887899 21.0237960416286 73.0273921210391 12.0415945787923 10.295630140987 29.1547594742265 8.60232526704263 3.16227766016838 1.4142135623731 7.21110255092798 75.0599760191808 20.2484567313166 5.65685424949238 22.8254244210267 21.540659228538 30.4138126514911 5.65685424949238 29.9666481275434 20.2237484161567 75.1664818918645 22.2036033111745 6.08276253029822 2.23606797749979 19.6468827043885 23.4093998214393 4.12310562561766 76.0591874792257 3.16227766016838 6.32455532033676 3.16227766016838 53.0377224247045 17.7200451466693 77.2334124585985 6.40312423743285 10.295630140987 27.459060435492 3.16227766016838 3.16227766016838 5.8309518948453 2 79.3095202355934 18.6010752377383 5.65685424949238 21.9317121994613 20 29.2061637330205 1e-05 28.6006992921502 17.464249196573 79.5110055275369 22.0227155455452 3.60555127546399 3.60555127546399 17.4928556845359 21.6333076527839 9.4339811320566 80.3056660516554 8.60232526704263 6.32455532033676 3.16227766016838 71.0633520177595 10.0498756211209 65.7875368135941 23.3238075793812 32.0156211871642 7 23.43074902772 23.6008474424119 24.1867732448956 23.3452350598575 68.0073525436772 4.12310562561766 22.8254244210267 21.9317121994613 3 7.61577310586391 21.9317121994613 7.28010988928052 8 68.7095335452075 43.9317652729776 25.4950975679639 23.0217288664427 6.08276253029822 43.2781700167648 22.1359436211787 68.9492567037528 22.4722050542442 27.8028775489157 23.6008474424119 70.4059656563277 7.07106781186548 68.6221538571911 20.8086520466848 30.2324329156619 7.61577310586391 21.2132034355964 21.9544984001001 22.8473193175917 21.2602916254693 70.8378429936994 1.4142135623731 21.540659228538 20 3 9.21954445729289 20 8.60232526704263 5 71.5122367151245 42.0119030752 23.6008474424119 21.4709105535839 3.16227766016838 41.0365690573664 21.3775583264319 71.7843994193724 21.5870331449229 26.0768096208106 21.9544984001001 78.587530817554 14.3178210632764 65.7419196555744 29.8328677803526 39.4081209904761 3 30.4138126514911 31.0644491340181 31.7647603485372 30.4795013082563 67.9779375974294 10.6301458127346 30.4138126514911 29.2061637330205 7.61577310586391 9.21954445729289 29.2061637330205 1 13.0384048104053 68.8839603971781 51.2249938994628 32.8024389337135 30.5286750449475 12.0415945787923 50.2095608425328 29.732137494637 68.8767014308903 30.0832179129826 35.2278299076171 31.0644491340181 53.0377224247045 17.7200451466693 77.2334124585985 6.40312423743285 10.295630140987 27.459060435492 3.16227766016838 3.16227766016838 5.8309518948453 2 79.3095202355934 18.6010752377383 5.65685424949238 1e-05 21.9317121994613 20 29.2061637330205 28.6006992921502 17.464249196573 79.5110055275369 22.0227155455452 3.60555127546399 3.60555127546399 17.4928556845359 21.6333076527839 9.4339811320566 80.3056660516554 8.60232526704263 6.32455532033676 3.16227766016838 78.3390068867355 13.4164078649987 66.6408283261845 29.0688837074973 38.8329756778952 2 29.732137494637 30.5286750449475 31.3049516849971 29.8328677803526 68.8767014308903 10 29.9666481275434 28.6006992921502 7.28010988928052 8.60232526704263 1 28.6006992921502 12.2065556157337 69.7710541700496 50.60632371552 32.2024843762092 30.0166620396073 11.3137084989848 49.4974746830583 29.4108823397055 69.778220097678 29.732137494637 34.6698716467194 30.5286750449475 69.5844810284592 2.23606797749979 73.3757453113766 16.9705627484771 27.7308492477241 10.6301458127346 18.0277563773199 19.9248588451713 21.3775583264319 18.3575597506858 75.5843899227876 4.12310562561766 20.2237484161567 17.464249196573 8 5 13.0384048104053 17.464249196573 12.2065556157337 76.2167960491649 39.1152144312159 21.0237960416286 19.6468827043885 2.23606797749979 37.5366487582469 21.0237960416286 76.5375724726098 21 23.7697286480094 19.9248588451713 92.1791733527699 78.4346862045103 3.60555127546399 85 84 71.5541752799933 82.6075057122535 78.2304288624318 76.1051903617618 81.4984662432367 2 72.1110255092798 75.1664818918645 79.5110055275369 68.7095335452075 71.5122367151245 68.8839603971781 79.5110055275369 69.7710541700496 76.2167960491649 93.3434518324665 81.2219182240853 77.2334124585985 74 97.0463806640928 71.1125867902441 2.23606797749979 72.1110255092798 81.0555365166378 78.2304288624318 37.9473319220206 38.9486841883009 91.6624241442479 22.8473193175917 12.0415945787923 49.4064773081425 21.095023109729 20.5182845286832 20.8086520466848 20.8086520466848 93.5360892917809 40.6078810084939 22.2036033111745 22.0227155455452 43.9317652729776 42.0119030752 51.2249938994628 22.0227155455452 50.60632371552 39.1152144312159 93.3434518324665 18.4390889145858 21.2602916254693 39.4081209904761 6.40312423743285 25.0599281722833 94.5304183847718 24.1867732448956 16.2788205960997 20.5182845286832 50 21.1896201004171 79.0569415042095 7.61577310586391 6.70820393249937 31.0644491340181 4.12310562561766 3 5.3851648071345 3 81.0987052917616 22.2036033111745 6.08276253029822 3.60555127546399 25.4950975679639 23.6008474424119 32.8024389337135 3.60555127546399 32.2024843762092 21.0237960416286 81.2219182240853 18.4390889145858 4 21.095023109729 18.3575597506858 10.1980390271856 82.0975030070952 9.21954445729289 3 3 50.1597448159378 20.2237484161567 75.0599760191808 9.89949493661167 9.21954445729289 29.0688837074973 6.40312423743285 1 2.23606797749979 5 77.1038261048049 20.1246117974981 2.23606797749979 3.60555127546399 23.0217288664427 21.4709105535839 30.5286750449475 3.60555127546399 30.0166620396073 19.6468827043885 77.2334124585985 21.2602916254693 4 19.313207915828 21.9317121994613 6.32455532033676 78.1024967590665 5.3851648071345 5 1 68.8839603971781 4.47213595499958 71.1688133946323 17.8044938147649 27.7848879788996 10 18.4390889145858 19.6977156035922 20.8806130178211 18.6010752377383 73.3757453113766 2 19.6468827043885 17.4928556845359 6.08276253029822 3.16227766016838 12.0415945787923 17.4928556845359 11.3137084989848 2.23606797749979 74 39.4081209904761 21.095023109729 19.313207915828 38.1837661840736 20.0249843945008 74.3303437365925 20.0997512422418 23.7065391822594 19.6977156035922 44.0113621693308 37.0135110466435 95.1892851112981 20.6155281280883 13.3416640641263 48.1040538832228 19.8494332412792 21.0237960416286 22.1359436211787 20 97.1287804927046 39.6232255123179 23.4093998214393 21.6333076527839 43.2781700167648 41.0365690573664 50.2095608425328 21.6333076527839 49.4974746830583 37.5366487582469 97.0463806640928 6.40312423743285 18.3575597506858 21.9317121994613 38.1837661840736 26.9258240356725 98.1274681218261 25.9615099714943 17.0880074906351 21.0237960416286 49.0306026885251 22.2036033111745 69.0072459963445 15.8113883008419 13.6014705087354 28.8617393793236 12.5299640861417 7.28010988928052 5 11.1803398874989 71.028163428319 20.2237484161567 4.12310562561766 9.4339811320566 22.1359436211787 21.3775583264319 29.732137494637 9.4339811320566 29.4108823397055 21.0237960416286 71.1125867902441 25.0599281722833 10.1980390271856 6.32455532033676 20.0249843945008 26.9258240356725 72.0277724214764 1 10.0498756211209 7.28010988928052 94.0212741883453 78.7464284904401 3.16227766016838 85.7088093488645 85.0235261559999 71.5891053163818 83.3846508657319 79.1012010022604 77.0259696466069 82.2982381342395 1 72.4223722339996 76.0591874792257 80.3056660516554 68.9492567037528 71.7843994193724 68.8767014308903 80.3056660516554 69.778220097678 76.5375724726098 2.23606797749979 94.5304183847718 82.0975030070952 78.1024967590665 74.3303437365925 98.1274681218261 72.0277724214764 73.0273921210391 82.0060973342836 79.1012010022604 48.8364617882991 22.0907220343745 70.0071424927486 15 12.6491106406735 29.1204395571221 11.6619037896906 6.32455532033676 4 10.295630140987 72.0277724214764 20.3960780543711 3.16227766016838 8.60232526704263 22.4722050542442 21.5870331449229 30.0832179129826 8.60232526704263 29.732137494637 21 72.1110255092798 24.1867732448956 9.21954445729289 5.3851648071345 20.0997512422418 25.9615099714943 1 73.0273921210391 9.05538513813742 6.32455532033676 47 24.0416305603426 79 10.4403065089106 4.24264068711928 33.6154726279432 7.07106781186548 4.24264068711928 5.09901951359278 6 81.0061726043145 24.6981780704569 6.32455532033676 6.32455532033676 27.8028775489157 26.0768096208106 35.2278299076171 6.32455532033676 34.6698716467194 23.7697286480094 81.0555365166378 16.2788205960997 3 5 23.7065391822594 17.0880074906351 10.0498756211209 82.0060973342836 9.05538513813742 4.24264068711928 50.0899191454728 20.3960780543711 76.0591874792257 9.21954445729289 8.48528137423857 29.5296461204668 5.65685424949238 1e-05 2.82842712474619 4.24264068711928 78.1024967590665 20.591260281974 3.16227766016838 3.16227766016838 23.6008474424119 21.9544984001001 31.0644491340181 3.16227766016838 30.5286750449475 19.9248588451713 78.2304288624318 20.5182845286832 3 1 19.6977156035922 21.0237960416286 7.28010988928052 79.1012010022604 6.32455532033676 4.24264068711928
Deviation Vector:
86.7602248833692 56.2863661730805 75.1612337472757 4.38499974127893 95.4217977574664 67.4933611255521 72.8949893718999 63.7876526985018 84.985078862317 147.841657219388 1.45340031060121 60.9724560183996 43.4453471690548 28.0400116170963 111.323420505247 116.804108842758 26.929918714864 31.3507868630086 68.4541919636211 106.104381235656 9.39705826089174 67.1271841736991 5.35237684225657 74.1464949086617 34.7339254201873 31.6446558020781 83.6765652456044 75.8651620212107 9.19410262232337 69.0172604497692 53.7761455587974 108.002529060587 5.75391822491272 12.3086286216127 17.8232160695781 28.1940210531263 1.06380200692199 29.6954789297232 23.1370910234333 1.2672434598112 8.17145066043319 26.8996355212388 22.1748719670654 4.74153810324652 0.2453888043026 17.0841012582005 5.64798433436459 7.27777745731691 3.56294896029057 102.160456260691 2.10948486058809 4.27339147008614 20.3385149503044 0.719420166466562 47.3058916756165 3.45307789871774 63.4911551045014 11.6790572844708 1.67359706428877 20.4346809253421 24.5614844536995 63.0396887127666 65.3783022859846 50.7112417913029 87.3305459165071 54.6400949722775 42.1938624904987 98.2840609639175 30.5258114300483 0.38881327446077 93.1088970639353 2.7716226343764 112.248552066702 62.9173666143153 34.9804083010082 97.8286429896431 39.4058685061206 55.2111307546836 28.7020127678169 1.67390411389452 45.0630093769187 35.2060699722491 49.9847861078545 106.560641479524 57.7030510817791 21.0225440058104 0.0425428618351513 98.8827204781961 65.8329626471073 6.31790932188062 44.2360962531234 18.0499088768935 75.7590316215386 20.3636180188932 2.18425130247219 1.99610940625229 5.60063368928199 7.63352105635283 1.2115161996227 84.1044210302626 15.6848719042158 19.1056103416984 6.59982973314742 14.5032131765084 18.8036775657011 45.9567602984556 3.01287156645719 41.0994761694656 12.3817656185762 73.2441890291702 5.45508996753745 9.30054780443304 12.9388558553272 16.1076202263047 22.2473746446118 4.33002614157633 103.650803850586 16.3891412683673 0.490291810273736 3.71829439921693 51.8498050807151 22.8971738474803 123.396397304259 5.89435218395028 28.2654588747086 16.1435678724464 8.54495705895101 12.1329690481088 5.47937517828305 104.973973175094 20.4770676849617 14.2634512917897 12.3198646255917 3.24238836232915 11.1209811804743 18.1631429575252 0.0246031681182334 32.5568231299465 6.52794752852238 61.4873453823481 0.731136229142889 3.18080631865551 2.89359395717151 38.002485334624 18.3962961747565 18.9469914336195 0.189997245114702 12.0019531279682 3.59037838373097 0.417442594354445 105.302369200199 4.46156196739385 59.6281161522679 33.5617296641655 31.5467607885983 46.0544495984879 34.2620432075758 6.20413484819668 38.2487856662529 6.96054802835037 12.9959983811602 11.8920044883254 40.7455461890006 7.07173734853565 3.87770481134725 0.637065009308907 40.3963053403686 1.02311451479447 11.1694753217845 4.80778567655111 61.4393984286867 34.5266879631872 15.7366569786061 15.5740379602859 40.3993793840848 8.10606540830044 93.8572314803022 24.52138444673 41.3368198658844 15.2950381249575 48.1365012904372 16.8595939861987 72.3177522114881 0.443702633707296 5.30024797090793 2.76177734795416 0.587697490601797 0.344770805416055 0.425423288297674 118.7418479571 2.7541987251299 0.984595067726718 0.663323812122338 38.0274804171903 23.8585969116864 21.865371724549 0.619707397955368 28.4385541319101 22.182906374441 102.987152281448 21.594615080552 3.44145766216507 4.60255493186257 28.8579188747797 14.9410703382163 19.5295963915324 17.2222055260335 4.9494903616708 5.38348423054115 8.12457491674741 47.2032694051648 0.270123413472225 56.2348035576415 1.87656584528537 1.1565850874008 37.1804201792206 1.7010224765393 0.679377107767832 5.51424296419169 46.9802782114919 0.866173388803663 4.5499722926704 2.26412020936138 5.94331894057346 31.2289842897635 6.2539908612982 3.06979842896052 49.4079112248814 23.0693038782855 43.9562791667363 25.1503867569907 1.62641541604279 1.39655820447741 6.01161547753559 9.83533604381624 3.7122650640207 17.7554809937168 4.26501767538736 3.96404395212235 9.85805020061305e-06 22.7416363506517 5.24312535544361 73.9363693642792 14.5774364698614 3.94341568533206 34.586386821106 7.04548590579863 2.09752877091797 9.72660627115206 37.3044669867188 28.9314583086769 2.00481028681212 1.69182922538387 10.1518484881851 0.687289005603149 2.32606808774558 3.62131481263035 31.3311640056405 1.1175814359258 10.6171236862241 32.5180851147551 6.88241889645496 1.5242031702306 27.560697278504 35.0462156541435 5.74731804253267 14.6716914492693 0.673329547263018 0.940577801291558 3.18144686276567 61.1692825644841 12.0548401277788 107.920278733248 2.56913342913995 2.15282269518591 4.68147983367589 0.0138887421205507 4.48551453088732 6.40124333087835 112.633277016138 30.7254198710496 4.39172092896059 2.3272519822935 4.63895449255403 21.8715121019943 36.3836188694435 0.543877843919527 0.311458973709298 10.1918510715074 26.4232026155601 3.12017490005154 1.4356359439131 8.01125140483401 15.4684759055447 3.18207394835052 17.2861168042249 28.120846543559 3.59915568865813 0.450540272341135 2.23229457171011 137.340249471261 95.6272596238843 2.64270529932713 101.42247660902 8.71280709254521 99.5760179498067 112.121413903695 8.86583075242264 62.8484774545678 50.958900206876 107.125792779827 55.1865051231129 98.0113520820303 69.5818835934597 66.1585143848485 42.499665098527 45.8012913087791 83.0571756976507 48.044314005287 2.26537210275113 143.119494860187 63.7098520844511 124.232103059694 109.54924255739 157.074187053115 9.3029444144264 1.39974750196878 23.01354043931 38.9280295031044 115.188494762754 58.5467316731701 1.99595966652727 73.7418965864997 7.53670869115143 43.635188891958 10.4504861798834 3.119960261355 25.4156179298021 27.613298602901 19.5367897542991 15.8462410634544 23.1124304324236 1.49035041223806 6.0095340087895 0.742793488311681 10.7796570099402 8.2470540745601 11.0273485948556 2.3938224174446 77.8079711556249 24.2047855233053 10.4651528234882 4.5326033963816 1.13586602792001 12.8758441356943 4.10626512264721 50.6166076565327 1.74070046445599 12.9060577754366 24.2866663268365 77.0199339054186 28.7651181751207 109.179873983602 11.8673303795355 1.204771562744 39.8974741799114 4.42648466019121 0.868360017624721 1.36245894853665 1.1330370133324 94.4891605254079 23.9968893313144 7.3457960092416 30.5625706727909 21.6114923726644 5.60953040610541 4.03715958694703 43.3513330215252 26.0315050633969 97.2851923243786 19.6789539162946 1.48344424620557 0.282259070989072 21.8379499040006 19.0039789174405 1.86029200831513 99.9846793759965 4.77731039202422 3.39332597909082 0.625357800186596 55.7332768021129 8.1043463755999 120.9454111181 5.80454371380458 14.8553883764048 1.19805997373615 2.01003813966768 1.00589405172596 1.85558568792324 3.19806766422862 37.6891206890487 29.3353673155278 6.47594463375174 2.94809373903401 25.5338003567155 14.8578999674876 3.18861728362714e-06 10.0390203780697 5.51901525974724 127.697601853544 0.130141728818564 4.33500262833922 0.759162926605156 2.31149764967317 14.5911501994158 9.64495945908331 46.8444319802403 3.0080667042648 5.65239561468445 3.54130370086167 38.9026479532943 3.06708065001865 103.760976927601 11.0566314997028 38.7934357344286 9.66515565600242 12.1296286457291 4.90835316992156 1.43835160935618 19.5145214060241 11.4012829535513 2.20455907438002 17.6584272004519 28.7841416910459 2.00731685108741 3.12977908857021 3.98738407935049 7.19251084147345 6.095729951373 34.2054581422823 41.939219225221 19.5770652647764 1.39927753836738 7.08762539870296 38.9510108825798 16.2756050380657 37.7981524717152 33.3339613682027 30.1643856045625 34.0306444845391 67.8601379275977 11.5426250761634 7.3941045420193 18.763044808266 14.1204576362681 10.0486648993069 13.6416018899131 21.6195421726452 34.8976339121629 14.9362010309877 12.8424607253402 0.0787944760564722 26.6506187046177 19.0984705487335 4.10447999742953 2.46134085442465 27.3176731039156 13.3333380464608 6.27468622295452 34.9330316812474 17.159190099701 13.4577257175392 26.9753207945362 1.48379482880457 3.9420116192992 11.0526575563736 86.4624436772362 13.9077355900628 9.41382459048057 14.2715638997195 35.1151455960538 18.9688855144221 42.2763922401721 16.5446952859992 23.1396285591931 3.33038763058193 7.13733584771242 38.217053150118 14.4692530302008 3.7411291732154 19.9468096822468 6.76934622522986 5.42760568937972 44.7045474780735 12.1222549381056 14.2591187098443 4.62230824107831 1.3182540774957 18.999928663417 97.3469550912384 8.57428093808022 7.42334833763839 10.5038355322409 17.1442282039518 34.9218487582011 13.0858724166742 20.7603014817242 7.84077782007462 38.2006687439594 20.5775953747253 48.3008277870387 27.1332413130442 26.8695839887746 9.94888105645378 4.59635235424639 25.6764243573874 3.23982859705373 2.15386325001187 3.06691195664228 2.96007299957612 63.7532616380397 15.2417526817381 2.70105396577694 9.8231240628479e-06 15.5867937734271 8.59707632375682 25.9809665037455 24.8529048923666 1.89920675788118 56.2492439502953 14.156286893069 0.995611604920506 3.36666365119997 17.2631473358621 1.30933436401733 15.3704683524083 114.595700933021 3.11349585822416 1.58457324554468 2.75757968583361 80.2467790740061 15.5795517553811 50.905664160766 39.8898863587028 41.7697495770875 2.42063645938072 19.8603066776252 14.0673052172068 7.89103797252346 35.6188170811486 20.7640367842144 10.5592379299131 11.207152712955 22.2785194323177 2.9038652432019 9.33080588619968 1.20880398193661 36.8505114435889 3.83634908094234 91.9270090259953 18.0425720042229 30.8206705433529 47.8371106718137 14.5977670202478 15.0768641799042 0.436739607898077 89.3286302568018 2.74228391002297 13.063126901277 46.7309233995675 67.0972709190198 3.1330418473683 77.2348608282459 1.5066065864992 31.4477005349272 5.19665338719064 23.4197839305259 3.24073552268394 20.3011968079638 28.4756195295873 102.53727806634 5.15848631625551 19.5711280103927 1.59310999220451 3.12565788880717 6.83303282621514 15.3319301728458 27.934262504521 12.398135696166 113.57760851574 49.9776593191091 28.8493336169192 15.8731396078107 2.75490153456057 38.4050868466142 23.389397525707 95.4330927977374 13.9430627415879 28.6366561058758 32.3512988578765 51.1887567318341 41.5429156920127 4.99529091067545 136.672512577945 51.947905155978 62.9761089499072 37.7856899741279 21.7608644058546 79.3598845424053 114.673414583556 0.379939780507205 54.8043371989487 76.5810634059111 92.0498821987214 58.486972276608 100.79839620151 60.9586418033047 30.8316932976253 95.5638873935609 19.9140800566726 22.2715662792878 81.8735076200966 126.161158109752 77.4424498019522 58.2949964472241 72.3414843097848 1.16204013776909 15.0143450773356 3.39434240361672 6.65535157305506 7.30550724118515 23.2599507746328 56.3470454482904 36.0521889754855 6.81249670665309 60.9256436886674 17.2709107903235 20.9934750217323 31.4484200702374 4.62213828890574 73.974136510027 2.51463811284445 21.8067184679076 3.75094542124049 53.5802689820979 8.14972952941493 80.9277147368058 10.2452305877 29.4403585570088 51.2474518095193 67.813457571457 15.1265180564514 14.4321112970933 28.3990396294868 1.45677852108542 32.0647178063964 9.31697977591566 18.0721327572806 24.2185392782853 2.88153458681809 41.6132212043402 0.866452661613111 58.3149440941064 11.0199316610889 10.8595885004014 40.4887580367463 4.29124265683632 2.39463579702243 3.70057202470257 2.73820262574101 82.7480682975299 32.817834947074 5.92861977699142 1.30918755773805 0.229531768753234 13.0966819185489 18.2738943009987 5.728684412547 32.8509193694493 23.9427832670686 102.311860364492 1.97797113456065 1.27933221391198 6.31011300060342 15.1984039688204 5.58183175462605 129.603188765911 8.54163570527009 3.88360309836367 4.28106897369112 53.5158267763629 9.85784690704066 110.181546139712 1.63520276602186 2.7203874114571 42.0744668550869 9.40336996661139 1.33584666326412 1.35563401519603 2.58189501926416 46.973288548743 32.7346067303133 0.793939019414415 5.71076173486103 8.06541756497944 7.81677055348977 15.2473916098025 3.27178125309718 9.41187002916005 29.8550315931873 31.4271469717963 33.4469696177089 6.50740657597091 14.0357644912445 5.1096838050461 5.15705398886738 99.5094517684296 0.927710295232379 0.512563360102937 0.929262707108609 110.165736813249 5.22980767700798 100.824990754343 25.422115458013 37.0817384757543 0.724096777079998 22.7887646547433 22.9242211423251 29.4052557016715 3.77216073945364 2.99522537010691 0.756235899804376 3.73347102460549 6.92508391025752 1.96253426846776 1.70879372871598 9.15093752276966 14.3805891537758 16.3799518090946 2.4004164038135 51.9705722698398 8.48648081186271 21.2501207650778 13.3221937225914 35.9726536652562 24.8376662166936 111.88194974501 11.5939627433911 33.4879838198834 31.6682448190195 66.2848045723017 50.8025309467724 108.303747309497 26.4585078513958 15.4900562353759 40.0713408295959 26.9125727056157 15.9268596054918 7.91260752790027 22.4946507091604 93.2782143599818 15.7809617655453 35.1808279015116 24.8866271526213 34.3696289169995 7.63811610387168 2.58042692219428 33.6203286529104 49.9040006617292 56.2745689917841 95.9050628759554 0.455636489594105 1.38010132615789 7.81278126850076 29.0561472025222 27.3908807900813 156.66698162526 16.2725381792078 27.2398727801969 28.7986424531411 29.1803997534161 32.4354069833014 76.1144592972713 1.47930553853168 15.0280441147328 18.0288158281237 11.6099301647307 5.97959085443879 6.91112450965544 14.3558747407472 21.7866728146304 14.2217715549527 0.177064238634424 1.60588745565189 4.74254755702395 17.8951675395536 10.5951432436497 2.50603896774487 22.1123142403543 28.688363497091 8.9224949736573 2.52406274104724 14.6415771435213 1.26901501432818 9.15048132297397 15.0063174098531 87.7241125413294 0.414159623328281 11.9002123733001 8.53705008230975 13.5965785059055 11.016816155022 3.14365704396607 106.930653305188 19.8497557456049 32.9049149602949 19.4207698497637 91.7601791381085 98.6699406587499 132.922412144158 0.804704060426702 114.987074430615 51.6436123108796 68.0709731122895 8.17688100123039 64.120617096001 3.12627525018091 38.1408522377524 80.8644781368143 61.018101309925 0.44755489018881 121.409998117985 73.7195967577708 127.766108744588 110.380364248121 132.953395659835 39.8917460812437 77.6688959079004 10.6365988733656 7.79891601935873 29.1481778018666 6.05985395444509 16.6964639325432 23.8644663061945 19.2509433013716 13.7436389484525 4.79584806784935 0.730276664008363 6.52797487824368 0.544399038590459 6.57166712620613 16.2625711209394 0.00393929724074845 6.62577233988054 0.126450290011808 2.58695663495493 0.72529571300436 0.438859744473109 17.6842121319519 24.842750779392 61.1679678166532 19.2269621927809 7.63357047921903 0.575346781266502 15.908044830417 17.4880546992636 1.46174419946562 98.2432547188817 0.885738556698849 10.0652083487162 67.8627060942199 16.7009090277945 17.8860932417119 0.449186984214257 2.74189575038046 3.66298763351917 3.64147836588738 4.48664176345316 1.14439431424917 3.04570138618821 89.9483074376733 7.79652700893852 8.25326038283858 7.03059091950533 30.1912153729524 34.175797584499 43.3821031356096 7.02033347739677 47.2064424452703 4.44249738083678 52.9811965445721 9.28683731954851 2.94550296100903 7.40808828031148 16.0570339449792 2.28858829899638 5.18445669474842 40.9792393748879 13.3949313383631 2.60364996805964 22.6305857902676 26.1834742016837 99.5122220252435 6.25274531033723 11.2580570912992 9.3096288798585 4.4529215858709 2.02397929414217e-06 3.88279523364702 4.29188481541275 55.4539307334239 17.3749898952665 4.19722505882439 1.18778387683871 7.45972046968935 16.9888741591835 1.45482956376235 4.8937859002141 7.46348463925469 28.0627896732051 7.43882354137117 18.427784347214 1.01867187056397 1.0769229405771 14.583662299992 21.3787279010851 8.81513882701078 99.3705675511842 9.59177032678836 4.45780840762997
