Instancenumber:
16
Instancename:
B-n31-k5
Customers:
30
Depot:
0
Dimension:
930
Vehicles:
30
Capacity:
100
Demands:
0 25 3 13 17 16 9 22 10 16 8 3 16 16 10 24 16 15 14 5 12 2 18 20 15 8 22 15 10 13 19
Uncertainty:budgeted
Gamma:
30
Mean Vector:
70.3491293478462 91.9238815542512 57.0788927713213 44.1021541423999 77.8781098897501 54.0092584655631 50.0899191454728 48.2597140480546 53 93.150415994777 69.2314957226839 49.3659801887899 53.0377224247045 71.0633520177595 70.4059656563277 78.587530817554 53.0377224247045 78.3390068867355 69.5844810284592 92.1791733527699 37.9473319220206 50 50.1597448159378 68.8839603971781 44.0113621693308 49.0306026885251 94.0212741883453 48.8364617882991 47 50.0899191454728 70.3491293478462 75.5843899227876 16.4012194668567 27.8567765543682 11.6619037896906 17.8885438199983 20.3960780543711 22.0907220343745 18.3847763108502 77.7946013551069 6.32455532033676 21.0237960416286 17.7200451466693 10.0498756211209 7.07106781186548 14.3178210632764 17.7200451466693 13.4164078649987 2.23606797749979 78.4346862045103 38.9486841883009 21.1896201004171 20.2237484161567 4.47213595499958 37.0135110466435 22.2036033111745 78.7464284904401 22.0907220343745 24.0416305603426 20.3960780543711 91.9238815542512 75.5843899227876 82.6075057122535 82.0548596976437 68.4470598345904 80.3056660516554 76.0591874792257 74.0067564483136 79.227520471109 2.23606797749979 69.2603782836912 73.0273921210391 77.2334124585985 65.7875368135941 68.6221538571911 65.7419196555744 77.2334124585985 66.6408283261845 73.3757453113766 3.60555127546399 91.6624241442479 79.0569415042095 75.0599760191808 71.1688133946323 95.1892851112981 69.0072459963445 3.16227766016838 70.0071424927486 79 76.0591874792257 57.0788927713213 16.4012194668567 82.6075057122535 13 27.5862284482674 3.60555127546399 9.21954445729289 12.0415945787923 5 84.717176534632 19.4164878389476 12.0415945787923 6.40312423743285 23.3238075793812 20.8086520466848 29.8328677803526 6.40312423743285 29.0688837074973 16.9705627484771 85 22.8473193175917 7.61577310586391 9.89949493661167 17.8044938147649 20.6155281280883 15.8113883008419 85.7088093488645 15 10.4403065089106 9.21954445729289 44.1021541423999 27.8567765543682 82.0548596976437 13 37.7359245282264 10.1980390271856 8.48528137423857 8.94427190999916 9.48683298050514 84.0238061504 28.8444102037119 10.295630140987 10.295630140987 32.0156211871642 30.2324329156619 39.4081209904761 10.295630140987 38.8329756778952 27.7308492477241 84 12.0415945787923 6.70820393249937 9.21954445729289 27.7848879788996 13.3416640641263 13.6014705087354 85.0235261559999 12.6491106406735 4.24264068711928 8.48528137423857 77.8781098897501 11.6619037896906 68.4470598345904 27.5862284482674 37.7359245282264 28.4253408071038 29.5296461204668 30.4630924234556 28.6006992921502 70.6823881882892 8.94427190999916 29.1547594742265 27.459060435492 7 7.61577310586391 3 27.459060435492 2 10.6301458127346 71.5541752799933 49.4064773081425 31.0644491340181 29.0688837074973 10 48.1040538832228 28.8617393793236 71.5891053163818 29.1204395571221 33.6154726279432 29.5296461204668 54.0092584655631 17.8885438199983 80.3056660516554 3.60555127546399 10.1980390271856 28.4253408071038 5.65685424949238 8.48528137423857 1.4142135623731 82.3893196961839 19.7989898732233 8.60232526704263 3.16227766016838 23.43074902772 21.2132034355964 30.4138126514911 3.16227766016838 29.732137494637 18.0277563773199 82.6075057122535 21.095023109729 4.12310562561766 6.40312423743285 18.4390889145858 19.8494332412792 12.5299640861417 83.3846508657319 11.6619037896906 7.07106781186548 5.65685424949238 50.0899191454728 20.3960780543711 76.0591874792257 9.21954445729289 8.48528137423857 29.5296461204668 5.65685424949238 2.82842712474619 4.24264068711928 78.1024967590665 20.591260281974 3.16227766016838 3.16227766016838 23.6008474424119 21.9544984001001 31.0644491340181 3.16227766016838 30.5286750449475 19.9248588451713 78.2304288624318 20.5182845286832 3 1 19.6977156035922 21.0237960416286 7.28010988928052 79.1012010022604 6.32455532033676 4.24264068711928 1e-05 48.2597140480546 22.0907220343745 74.0067564483136 12.0415945787923 8.94427190999916 30.4630924234556 8.48528137423857 2.82842712474619 7.07106781186548 76.0263112349928 21.540659228538 1.4142135623731 5.8309518948453 24.1867732448956 22.8473193175917 31.7647603485372 5.8309518948453 31.3049516849971 21.3775583264319 76.1051903617618 20.8086520466848 5.3851648071345 2.23606797749979 20.8806130178211 22.1359436211787 5 77.0259696466069 4 5.09901951359278 2.82842712474619 53 18.3847763108502 79.227520471109 5 9.48683298050514 28.6006992921502 1.4142135623731 4.24264068711928 7.07106781186548 81.3019064967114 19.8494332412792 7.21110255092798 2 23.3452350598575 21.2602916254693 30.4795013082563 2 29.8328677803526 18.3575597506858 81.4984662432367 20.8086520466848 3 5 18.6010752377383 20 11.1803398874989 82.2982381342395 10.295630140987 6 4.24264068711928 93.150415994777 77.7946013551069 2.23606797749979 84.717176534632 84.0238061504 70.6823881882892 82.3893196961839 78.1024967590665 76.0263112349928 81.3019064967114 71.4702735408225 75.0599760191808 79.3095202355934 68.0073525436772 70.8378429936994 67.9779375974294 79.3095202355934 68.8767014308903 75.5843899227876 2 93.5360892917809 81.0987052917616 77.1038261048049 73.3757453113766 97.1287804927046 71.028163428319 1 72.0277724214764 81.0061726043145 78.1024967590665 69.2314957226839 6.32455532033676 69.2603782836912 19.4164878389476 28.8444102037119 8.94427190999916 19.7989898732233 20.591260281974 21.540659228538 19.8494332412792 71.4702735408225 20.2484567313166 18.6010752377383 4.12310562561766 1.4142135623731 10.6301458127346 18.6010752377383 10 4.12310562561766 72.1110255092798 40.6078810084939 22.2036033111745 20.1246117974981 2 39.6232255123179 20.2237484161567 72.4223722339996 20.3960780543711 24.6981780704569 20.591260281974 49.3659801887899 21.0237960416286 73.0273921210391 12.0415945787923 10.295630140987 29.1547594742265 8.60232526704263 3.16227766016838 1.4142135623731 7.21110255092798 75.0599760191808 20.2484567313166 5.65685424949238 22.8254244210267 21.540659228538 30.4138126514911 5.65685424949238 29.9666481275434 20.2237484161567 75.1664818918645 22.2036033111745 6.08276253029822 2.23606797749979 19.6468827043885 23.4093998214393 4.12310562561766 76.0591874792257 3.16227766016838 6.32455532033676 3.16227766016838 53.0377224247045 17.7200451466693 77.2334124585985 6.40312423743285 10.295630140987 27.459060435492 3.16227766016838 3.16227766016838 5.8309518948453 2 79.3095202355934 18.6010752377383 5.65685424949238 21.9317121994613 20 29.2061637330205 1e-05 28.6006992921502 17.464249196573 79.5110055275369 22.0227155455452 3.60555127546399 3.60555127546399 17.4928556845359 21.6333076527839 9.4339811320566 80.3056660516554 8.60232526704263 6.32455532033676 3.16227766016838 71.0633520177595 10.0498756211209 65.7875368135941 23.3238075793812 32.0156211871642 7 23.43074902772 23.6008474424119 24.1867732448956 23.3452350598575 68.0073525436772 4.12310562561766 22.8254244210267 21.9317121994613 3 7.61577310586391 21.9317121994613 7.28010988928052 8 68.7095335452075 43.9317652729776 25.4950975679639 23.0217288664427 6.08276253029822 43.2781700167648 22.1359436211787 68.9492567037528 22.4722050542442 27.8028775489157 23.6008474424119 70.4059656563277 7.07106781186548 68.6221538571911 20.8086520466848 30.2324329156619 7.61577310586391 21.2132034355964 21.9544984001001 22.8473193175917 21.2602916254693 70.8378429936994 1.4142135623731 21.540659228538 20 3 9.21954445729289 20 8.60232526704263 5 71.5122367151245 42.0119030752 23.6008474424119 21.4709105535839 3.16227766016838 41.0365690573664 21.3775583264319 71.7843994193724 21.5870331449229 26.0768096208106 21.9544984001001 78.587530817554 14.3178210632764 65.7419196555744 29.8328677803526 39.4081209904761 3 30.4138126514911 31.0644491340181 31.7647603485372 30.4795013082563 67.9779375974294 10.6301458127346 30.4138126514911 29.2061637330205 7.61577310586391 9.21954445729289 29.2061637330205 1 13.0384048104053 68.8839603971781 51.2249938994628 32.8024389337135 30.5286750449475 12.0415945787923 50.2095608425328 29.732137494637 68.8767014308903 30.0832179129826 35.2278299076171 31.0644491340181 53.0377224247045 17.7200451466693 77.2334124585985 6.40312423743285 10.295630140987 27.459060435492 3.16227766016838 3.16227766016838 5.8309518948453 2 79.3095202355934 18.6010752377383 5.65685424949238 1e-05 21.9317121994613 20 29.2061637330205 28.6006992921502 17.464249196573 79.5110055275369 22.0227155455452 3.60555127546399 3.60555127546399 17.4928556845359 21.6333076527839 9.4339811320566 80.3056660516554 8.60232526704263 6.32455532033676 3.16227766016838 78.3390068867355 13.4164078649987 66.6408283261845 29.0688837074973 38.8329756778952 2 29.732137494637 30.5286750449475 31.3049516849971 29.8328677803526 68.8767014308903 10 29.9666481275434 28.6006992921502 7.28010988928052 8.60232526704263 1 28.6006992921502 12.2065556157337 69.7710541700496 50.60632371552 32.2024843762092 30.0166620396073 11.3137084989848 49.4974746830583 29.4108823397055 69.778220097678 29.732137494637 34.6698716467194 30.5286750449475 69.5844810284592 2.23606797749979 73.3757453113766 16.9705627484771 27.7308492477241 10.6301458127346 18.0277563773199 19.9248588451713 21.3775583264319 18.3575597506858 75.5843899227876 4.12310562561766 20.2237484161567 17.464249196573 8 5 13.0384048104053 17.464249196573 12.2065556157337 76.2167960491649 39.1152144312159 21.0237960416286 19.6468827043885 2.23606797749979 37.5366487582469 21.0237960416286 76.5375724726098 21 23.7697286480094 19.9248588451713 92.1791733527699 78.4346862045103 3.60555127546399 85 84 71.5541752799933 82.6075057122535 78.2304288624318 76.1051903617618 81.4984662432367 2 72.1110255092798 75.1664818918645 79.5110055275369 68.7095335452075 71.5122367151245 68.8839603971781 79.5110055275369 69.7710541700496 76.2167960491649 93.3434518324665 81.2219182240853 77.2334124585985 74 97.0463806640928 71.1125867902441 2.23606797749979 72.1110255092798 81.0555365166378 78.2304288624318 37.9473319220206 38.9486841883009 91.6624241442479 22.8473193175917 12.0415945787923 49.4064773081425 21.095023109729 20.5182845286832 20.8086520466848 20.8086520466848 93.5360892917809 40.6078810084939 22.2036033111745 22.0227155455452 43.9317652729776 42.0119030752 51.2249938994628 22.0227155455452 50.60632371552 39.1152144312159 93.3434518324665 18.4390889145858 21.2602916254693 39.4081209904761 6.40312423743285 25.0599281722833 94.5304183847718 24.1867732448956 16.2788205960997 20.5182845286832 50 21.1896201004171 79.0569415042095 7.61577310586391 6.70820393249937 31.0644491340181 4.12310562561766 3 5.3851648071345 3 81.0987052917616 22.2036033111745 6.08276253029822 3.60555127546399 25.4950975679639 23.6008474424119 32.8024389337135 3.60555127546399 32.2024843762092 21.0237960416286 81.2219182240853 18.4390889145858 4 21.095023109729 18.3575597506858 10.1980390271856 82.0975030070952 9.21954445729289 3 3 50.1597448159378 20.2237484161567 75.0599760191808 9.89949493661167 9.21954445729289 29.0688837074973 6.40312423743285 1 2.23606797749979 5 77.1038261048049 20.1246117974981 2.23606797749979 3.60555127546399 23.0217288664427 21.4709105535839 30.5286750449475 3.60555127546399 30.0166620396073 19.6468827043885 77.2334124585985 21.2602916254693 4 19.313207915828 21.9317121994613 6.32455532033676 78.1024967590665 5.3851648071345 5 1 68.8839603971781 4.47213595499958 71.1688133946323 17.8044938147649 27.7848879788996 10 18.4390889145858 19.6977156035922 20.8806130178211 18.6010752377383 73.3757453113766 2 19.6468827043885 17.4928556845359 6.08276253029822 3.16227766016838 12.0415945787923 17.4928556845359 11.3137084989848 2.23606797749979 74 39.4081209904761 21.095023109729 19.313207915828 38.1837661840736 20.0249843945008 74.3303437365925 20.0997512422418 23.7065391822594 19.6977156035922 44.0113621693308 37.0135110466435 95.1892851112981 20.6155281280883 13.3416640641263 48.1040538832228 19.8494332412792 21.0237960416286 22.1359436211787 20 97.1287804927046 39.6232255123179 23.4093998214393 21.6333076527839 43.2781700167648 41.0365690573664 50.2095608425328 21.6333076527839 49.4974746830583 37.5366487582469 97.0463806640928 6.40312423743285 18.3575597506858 21.9317121994613 38.1837661840736 26.9258240356725 98.1274681218261 25.9615099714943 17.0880074906351 21.0237960416286 49.0306026885251 22.2036033111745 69.0072459963445 15.8113883008419 13.6014705087354 28.8617393793236 12.5299640861417 7.28010988928052 5 11.1803398874989 71.028163428319 20.2237484161567 4.12310562561766 9.4339811320566 22.1359436211787 21.3775583264319 29.732137494637 9.4339811320566 29.4108823397055 21.0237960416286 71.1125867902441 25.0599281722833 10.1980390271856 6.32455532033676 20.0249843945008 26.9258240356725 72.0277724214764 1 10.0498756211209 7.28010988928052 94.0212741883453 78.7464284904401 3.16227766016838 85.7088093488645 85.0235261559999 71.5891053163818 83.3846508657319 79.1012010022604 77.0259696466069 82.2982381342395 1 72.4223722339996 76.0591874792257 80.3056660516554 68.9492567037528 71.7843994193724 68.8767014308903 80.3056660516554 69.778220097678 76.5375724726098 2.23606797749979 94.5304183847718 82.0975030070952 78.1024967590665 74.3303437365925 98.1274681218261 72.0277724214764 73.0273921210391 82.0060973342836 79.1012010022604 48.8364617882991 22.0907220343745 70.0071424927486 15 12.6491106406735 29.1204395571221 11.6619037896906 6.32455532033676 4 10.295630140987 72.0277724214764 20.3960780543711 3.16227766016838 8.60232526704263 22.4722050542442 21.5870331449229 30.0832179129826 8.60232526704263 29.732137494637 21 72.1110255092798 24.1867732448956 9.21954445729289 5.3851648071345 20.0997512422418 25.9615099714943 1 73.0273921210391 9.05538513813742 6.32455532033676 47 24.0416305603426 79 10.4403065089106 4.24264068711928 33.6154726279432 7.07106781186548 4.24264068711928 5.09901951359278 6 81.0061726043145 24.6981780704569 6.32455532033676 6.32455532033676 27.8028775489157 26.0768096208106 35.2278299076171 6.32455532033676 34.6698716467194 23.7697286480094 81.0555365166378 16.2788205960997 3 5 23.7065391822594 17.0880074906351 10.0498756211209 82.0060973342836 9.05538513813742 4.24264068711928 50.0899191454728 20.3960780543711 76.0591874792257 9.21954445729289 8.48528137423857 29.5296461204668 5.65685424949238 1e-05 2.82842712474619 4.24264068711928 78.1024967590665 20.591260281974 3.16227766016838 3.16227766016838 23.6008474424119 21.9544984001001 31.0644491340181 3.16227766016838 30.5286750449475 19.9248588451713 78.2304288624318 20.5182845286832 3 1 19.6977156035922 21.0237960416286 7.28010988928052 79.1012010022604 6.32455532033676 4.24264068711928
Deviation Vector:
17.7770789350719 44.4840755069089 12.7426634203189 66.046647507012 63.1796414551381 9.58914795220188 16.6253161331841 39.9514969677042 82.6659339374449 147.499751640665 12.5615952044682 1.33042998113861 14.121416683553 26.3430931415339 11.6321444145058 76.8943424499416 19.9439619081795 119.91102044886 36.3252466690457 121.660962681577 47.067256339975 37.5680080984606 14.8951681710309 90.8892505909929 17.4896882981535 51.7454201677711 85.2527567131652 45.1859247239217 47.6650718685921 30.4028657694061 96.4806266667143 95.753962622282 17.8919050459319 44.4232283112154 13.2722499689697 4.93377246605026 2.97582318515995 32.473261294293 20.2903565089173 6.168391614185 9.02582133828724 27.0175385614324 1.88259676887732 0.673486208079878 0.208217308255014 3.88666424447748 18.5257601425503 5.44008376515153 0.393053635942425 122.946369941283 3.85458202444295 30.006833771486 14.0052401501871 1.77060931383109 41.0560870867183 24.1998150216086 114.283914924039 8.60681785517936 9.34760281590168 17.1142471953493 91.6093268862969 10.1221009278891 39.6183776437903 37.8372355912293 7.00030244321775 129.909178398908 56.0501045193325 18.3666248215979 115.777846697146 0.479036800514476 22.6803992863316 92.1675630622582 115.797988331553 28.532501912531 91.2064017737428 100.504366719666 54.4621605364471 49.8629127828615 22.5928108462222 3.17628203169317 63.190982798333 32.1660055475128 50.3432194956204 98.3483710303185 76.417162473513 10.5981265058787 2.67358526357148 43.9460162835155 42.9121874335598 93.8776429312686 83.7250999288036 25.254111325387 113.022663343664 4.1610839924736 10.3323100939822 5.30182624324531 2.87116555007966 13.3839122755244 0.461457027637516 12.4034201784269 25.7405386448356 5.05454506530042 9.01883583163096 27.9578893817878 17.759433703579 33.1523733786852 7.05054684387863 45.3075505557746 3.95682539211438 119.766371260144 18.5799805850158 7.02590295402973 1.87636906727048 26.4206266781364 13.9794575688504 15.6901709336374 0.956899860813007 22.8534778647113 16.9140244606703 5.11091707998416 49.9011688538139 40.6863629192027 38.3837483556117 11.3533381333417 5.82239265102332 8.59008857242587 6.0877662638611 4.165479135504 3.10651379104593 68.0375661975674 17.6563693048776 0.276076250058208 12.6584634672805 12.6232597366115 37.0498318451287 17.9944172627655 15.5006320141236 27.1933481024324 10.7844858524861 9.43883203482337 5.81530598758668 8.06408062855158 9.5414292022652 18.6846918622784 14.1382521442418 1.17885307280694 3.27040596414997 13.545570136658 6.83165358669667 0.273131390695056 126.569695504442 13.0074671293145 102.173948371958 12.8735018320903 13.6743371719227 0.588167270818578 38.6540576150517 32.8946365041433 13.9115625416419 0.713981970512593 2.35426910236698 32.0274026353873 1.0136832617486 10.4489976360318 11.3689421539553 3.78724704310937 8.8688737582887 2.74404823086015 3.57528397746236 50.9382609674437 73.3385383340759 25.4501495290674 8.36196688889694 8.9295886928047 71.7590336225298 38.8873611737839 70.1308260005986 44.5604109403341 26.6198559902254 28.4524183925912 84.3840458332954 14.1458221178525 36.342808902782 5.15160514693186 12.8234178414189 23.1645260912488 8.19955279109979 7.97689031361457 0.379573409110109 25.5036654471886 18.8127390308365 4.57311842886028 4.45274458595576 23.1285621218358 8.44248521208879 38.7639588554255 1.97064624823266 21.4359168088995 18.3924512888605 79.2625200883763 30.2260405935017 3.62122142057459 0.976035841059849 1.73634538277852 2.87595406089248 0.223430154659543 120.201789068739 13.1140247299058 10.9463132279675 3.43416939072039 23.126175655356 30.2697480997937 106.319838144676 8.42896101296728 10.9167311020739 30.3845467385855 0.581687378036644 3.13868676076582 1.4539127832064 28.9938105426731 29.2240220422965 4.08843712810042 2.8550368436898 28.3441421768666 14.3502223962921 40.4093963044688 2.68535991410399 38.9792498293023 7.87922163892455 19.015423699371 12.5155312145676 0.605858826355585 1.12134460439262 15.0175552849263 6.22555581595707 9.21831594469659 61.7173298687692 0.703971405529335 3.24309924479718 7.01929391025616e-06 34.6692365400339 27.0854129602081 41.4201233942925 5.89917457423152 4.59737922812192 6.69834044533019 12.8878727653473 1.74466265185953 9.40153014469032 17.8810313777208 21.28344438559 1.58742010215643 8.91011807579305 6.39874210367541 15.9270895195506 17.6409334003397 9.12765500764575 48.406694548421 4.40001347522407 25.4557493400985 3.39220446350848 4.39318307960653 1.19950303092069 26.8182982089098 34.9348239451612 4.16276777925678 71.1913315364492 2.92832562135285 4.81276671927808 0.176242835342997 76.0025722072829 0.660093981195285 102.077552417927 1.8367274770424 4.98821627022187 5.03564828877912 0.83046763023849 1.7747345127979 5.60664054290701 23.6150200494779 12.9716887887449 1.11492452151565 2.82587271752641 12.9620049057871 8.91162625893236 14.7429509824566 2.22118610563101 10.6861917604016 7.4100303071991 107.28596658639 14.4138012485488 1.70000704393855 2.52932510996873 22.8629005100086 4.49373930773562 5.11739698796306 35.8264891104532 11.8290406225244 7.13877183993441 5.85139196554729 112.828371040581 77.5970423954169 3.16423898162875 73.9846907877132 114.676194919658 22.2330926892119 86.4578071529355 25.4371785130074 55.7165050942588 17.5558751762203 44.036447425053 104.060331068583 29.3878709963902 27.3893695104903 22.331497089609 53.6831435246389 70.3032762996033 98.2072370016486 86.7645437802732 2.58018380428674 104.378098804427 17.3756944663729 17.7659027698272 118.99914033813 140.192846235712 32.3250795073504 0.453145906677229 18.1762309486162 129.93716359462 1.29615903287212 0.359382682381347 7.5195416270925 70.2339106201072 27.5768827580802 12.5736321110322 6.73071242843959 2.14790094492394 30.5840652759402 23.2252728376373 16.7001931109759 5.35185663740397 1.37712110699494 11.1859502510963 1.83655019015541 0.665744517494805 9.74368237751331 22.9749890214113 13.5719429343257 2.95257289995646 54.5673965557423 41.4582343547147 4.56663945307624 19.5403399932397 2.50271183781475 7.9683535808689 15.936162269177 5.80194503524934 13.344113873252 25.6945723185201 1.19032489322192 33.1169025051764 21.981090471615 91.0469897003897 0.705097381782889 8.64287239332679 1.64193418273503 6.97710237840491 2.99769804773309 2.18016773479999 1.89603180444864 12.2312733150911 32.7315020086841 1.87209895917778 17.4457856135148 9.38261388591009 24.3826298224387 0.308732335226951 1.32975139894025 10.7700485381423 57.9293640750617 17.7870405766258 9.44948171753433 2.18318920233104 2.86274180693563 27.587873432155 4.85477131820958 71.0166331061391 3.9800684458093 1.29880061505797 1.09952222942768 69.8196767548028 15.5263573248 107.604162951385 5.99858161226681 9.62392454849601 16.6500124549025 3.14058106516138 0.377842421039738 9.06312460992785 1.81680945229112 30.3292745545618 1.6912243387278 5.08298218263452 15.6452069926954 17.1046905835542 38.9648106675258 1.51505596560781e-05 26.0212368621659 24.0745388772519 33.4944082323696 1.19245098766929 1.99475865135018 1.25615467512936 18.0263580965122 15.1207351410214 14.4046530497215 46.7063938517685 0.054305305768857 7.3311255353679 2.48860534904459 25.1573022472926 8.53458119030926 2.42253049074236 2.8198491767097 5.1128315566057 6.80107213096641 17.0401932568011 27.2079292804771 26.3893658817548 15.2963857532989 29.5761317986515 6.07532425988803 17.0310982304132 29.2448171680289 1.6814910139851 12.1957504661987 22.8360223606236 3.27027904244956 7.07876882726244 54.5135587490249 38.2409484517023 23.9397057477291 31.0019347134695 7.41401763396069 14.8506971599276 9.28046387781297 77.181905714561 20.7812372709689 11.8318339163698 15.3926778259722 6.01079910106887 5.51241926779618 103.03144693703 2.54275448194485 27.2235151121975 0.264904698418361 23.202550397116 0.0304283709849916 27.133948301075 11.8738540644575 46.5129175816721 2.29458518577487 8.73766866728836 28.0551422202097 3.98886009572163 8.90730697428809 27.5558400657589 6.40449507094481 7.07670231736131 45.5027005927987 64.610060065236 15.5637495857887 33.8228038356401 3.97875026073525 10.3399279983753 6.24405655031825 3.66777592317226 29.6038137785924 31.7312415934478 10.4647394145828 31.217583060585 18.6448241174772 82.5869473195958 8.12405517130275 56.1332421893174 1.5910736287624 9.34016212880007 27.7045525496064 16.890715980287 45.5584205539069 98.5911367905925 12.6323869459538 45.3437842055139 6.70663197249312 7.34744288050464 11.0096930345754 34.9236731849306 0.716212921838515 4.07229419355132 67.8340766091829 69.2820824932119 7.34394197356283 0.545556522252486 15.6714713443239 74.4143514000264 8.0228880473439 109.757055888258 46.1226770239298 0.523609553804035 36.7809748695772 20.3388995872278 7.30237399674562 66.4119980207605 0.0855708027351663 7.04649146814865 18.0666686660825 1.71939927360296 3.13545646468978 9.03675308466449 2.1509312835126 68.1979462866076 25.5538779254926 3.60610342305438 7.24444932505566e-06 35.1656515218877 32.044831241248 8.53603320210458 33.5438694333344 12.0871620635059 48.0722679163831 11.6995005628399 1.50808931952681 2.98713772276238 9.60562885238166 2.01985825898419 6.45484944421721 65.7668214396074 0.520887034849465 3.73804453734752 2.63676940740818 97.4986412079573 13.074512439853 83.0289079436681 13.8982589929666 38.362340770234 0.607973324230393 33.7776083907911 46.7577896998901 40.5557231665626 31.6081824029432 67.548921864161 5.29055547096837 24.1815289547267 46.2815777123545 9.12562123777133 6.74437930179561 1.59409338134537 44.2100654949444 4.03434551952156 46.0388954861216 26.518827531649 27.7506009559268 32.3617254981723 15.3018467665193 69.8345352971622 34.454653727323 28.635029610567 17.9427875687428 42.7148510503147 30.5716827279165 100.013840792092 1.90126828463119 25.6506773708638 17.9357102069704 36.8373182359842 14.217398229984 24.533225889794 16.6991434215675 26.5662562011751 18.9086166152276 20.5037070305989 2.46188089501339 31.5303107777082 18.8302528397348 4.71156512736037 5.93114205069441 3.07562555845817 9.72223269643458 13.496196566017 43.1689017540432 47.585617834296 0.0699654469488352 28.0586875388847 1.4944310622441 50.8934221634662 25.4950248453587 16.3390621721276 2.93704527283547 4.51173982312436 28.8018402295056 105.201146547693 0.0600554743117085 2.41373757290398 126.722067128816 88.8415529484993 26.5818341493152 99.2911300319516 61.9702701409567 92.0567172686281 66.6929678017247 0.391645683615545 106.7868725154 106.392731558562 10.2212011704329 64.0880631246059 27.0336199169173 90.5671971372024 92.9188457498747 65.2164915034227 60.5226212164376 10.144502176267 42.6354814227249 61.5869275291374 113.725339014121 115.80114707676 37.4692416278251 2.51145757984908 101.440985626477 54.0445550793404 102.714072813225 46.5200399698608 7.07627641711729 120.420040380879 6.1462818433494 0.556132514900248 36.8091056039559 13.5115284166991 25.6098324955783 31.9865681679214 4.65615828383059 41.1685338301107 4.33097718231494 1.73815509230516 5.04799266001169 10.3329438010418 42.4749410600308 31.1061434091175 34.1348471909325 28.0007181336279 60.3143598477476 66.9947476481289 12.2063825674039 9.36615683059382 59.7086652757994 3.66557954967058 0.186873482557152 39.2954197847893 1.67565298737461 23.0213522918763 22.2100235977917 69.1124009839297 21.4810944491362 99.9384378593117 8.14610807531184 8.60508929100471 40.7042649251836 0.77644965876094 0.890799752776174 5.01960860211188 0.297442420252407 42.2276042436511 30.4689658586689 1.25183913524325 2.15964050702283 40.8296529506048 10.4081028276099 52.8118642551328 2.09976698358472 11.7424246924519 11.2888792124132 40.447843220259 19.957852093257 4.79576506757147 19.7984952503904 17.8280719918102 1.47935831060782 77.6638888955233 12.7861040823237 0.643028227366041 2.20152174501326 42.2822785764045 32.2890498969567 9.10106036745444 4.75907514689447 9.58723425159436 40.813337233571 1.05466012673854 1.22819826176069 0.166831102467568 5.48414078196138 102.343434746131 11.9802432943799 1.88441446043693 5.52783947694459 27.4943807255902 17.5602185709673 10.6180775679193 4.24709451804609 42.0302755575193 13.9974242415694 6.83853289502007 5.78019755212779 0.673884143044809 24.8654650522321 26.5465021269088 7.20764032836599 111.88557514367 2.85449525081541 4.50065054153685 0.0205451400582737 87.0629226679004 0.522063455487839 115.089643256878 24.6620290763762 16.6008071876044 10.3067186316969 21.4415891704012 15.0133302339376 13.2074998818382 23.0177624576156 17.0722556250276 0.667049330271538 4.05511764852209 18.8118990291735 1.4618453168552 4.42933792129105 3.21414252498297 10.2881184260651 10.7736612902832 0.0912447789144003 96.2431212760793 41.0163597318393 6.59606627955902 28.3721406235208 26.8030645173523 30.5000504927194 73.0173843354937 10.2137209112265 10.1184416889673 5.04499210695224 23.2686640501493 2.38300930264056 35.4920490538886 10.7094999610552 19.3392717263975 46.6769860994489 30.7697759273517 20.7300419216318 2.35027269837809 11.1267569300703 57.997976489266 13.4260692717574 20.8311473210742 17.3828943262807 61.2060701752619 46.3790543789048 29.0140272146003 1.18599247157503 4.55254946162577 57.4357546628479 9.28039273292288 8.91672257595682 17.3403483869432 8.95498031712903 47.167118328841 0.543701848571905 29.9353735475503 15.3499200493931 9.02834943504156 15.3870408897431 41.5474294300833 23.4701176322295 54.9483339754206 19.2936110741586 21.443098957135 17.8787839667249 7.06969692848479 10.9226495986795 8.02745345285416 7.49527457270936 30.5658022654081 11.6543316872585 4.16120789979973 12.4547048088156 30.5430463750345 17.0409853420968 24.5004371010067 3.12554592069142 25.0570774703938 19.2580970239305 16.717597798948 23.7466531427328 6.95737526741445 7.46092174269682 27.1520080576687 7.83938484484391 86.4238111213705 0.0346271781811691 8.86805318611906 0.741599149384764 72.0686302182092 8.14522919864575 3.66478702434512 133.944280805058 112.543199582467 79.3987469112224 46.3535837358828 20.6888338116571 75.7231151909918 44.0333241313847 0.931946659686191 102.363162349588 84.5257450608778 25.283614265322 76.3454122572075 62.0765625420236 76.5899204034332 24.490242682989 83.4597180074392 25.8395811717145 2.73018776362301 135.287919209819 105.511802062631 21.6233215690829 73.1772742704489 99.5760348105213 40.9121857778559 40.749980068984 86.0563186124355 114.7291713017 32.2260089611017 4.18746755630098 108.780329041437 2.88656722353235 1.59372819412126 36.434673770979 15.178289892006 4.31268867136407 6.05088302247634 6.77727913526117 87.6536013517875 16.690555669829 1.40829195279867 6.0380710964111 25.464694659337 33.5162557372137 47.1306399217677 5.32315617480306 6.87489649565776 23.86442235621 68.9677654474846 35.1241501044496 8.67755498510266 3.31331064006833 2.06459708037011 7.77169798217525 0.00368283406779041 48.98116988231 7.76376250734249 6.66021277811481 23.2550187555927 36.4769269115184 98.1677584367146 4.40881812368138 0.353549249122641 46.0069806036846 0.333149300810485 5.87546329124619 2.1628790780188 9.35901108941529 33.7619083170763 0.364831838434671 4.75487280657712 5.45254422820755 19.925852940215 6.74424122596313 27.7731951560738 4.15531507788012 30.4205304274106 24.2359885287963 13.5418244045685 3.37784565299194 2.53642494525365 5.54140728507271 19.5049284617076 16.2027209936345 14.1465675054244 67.7738229282963 14.6599058738636 2.70958208623788 12.6815197571786 9.94018800201837 40.2770791997162 13.7906401785844 7.71860228381986 18.0981744781389 7.00366343232042 9.56760428645296e-06 1.05046624832343 0.152371744509959 69.5307487338574 16.2295747608165 0.1602831255464 0.049697779858936 0.56536227895381 16.8472034940343 8.52239688512416 2.56885436629701 43.4844980783142 22.9490508034812 16.0852073575307 32.6538354624841 4.07783775994261 1.05108816311082 21.1432604813332 11.6829109433137 2.71500845148426 67.6059695034778 8.74147141257619 1.55070753961369
