Instancenumber:
49
Instancename:
B-n31-k5
Customers:
30
Depot:
0
Dimension:
930
Vehicles:
30
Capacity:
100
Demands:
0 25 3 13 17 16 9 22 10 16 8 3 16 16 10 24 16 15 14 5 12 2 18 20 15 8 22 15 10 13 19
Uncertainty:budgeted
Gamma:
9
Mean Vector:
70.3491293478462 91.9238815542512 57.0788927713213 44.1021541423999 77.8781098897501 54.0092584655631 50.0899191454728 48.2597140480546 53 93.150415994777 69.2314957226839 49.3659801887899 53.0377224247045 71.0633520177595 70.4059656563277 78.587530817554 53.0377224247045 78.3390068867355 69.5844810284592 92.1791733527699 37.9473319220206 50 50.1597448159378 68.8839603971781 44.0113621693308 49.0306026885251 94.0212741883453 48.8364617882991 47 50.0899191454728 70.3491293478462 75.5843899227876 16.4012194668567 27.8567765543682 11.6619037896906 17.8885438199983 20.3960780543711 22.0907220343745 18.3847763108502 77.7946013551069 6.32455532033676 21.0237960416286 17.7200451466693 10.0498756211209 7.07106781186548 14.3178210632764 17.7200451466693 13.4164078649987 2.23606797749979 78.4346862045103 38.9486841883009 21.1896201004171 20.2237484161567 4.47213595499958 37.0135110466435 22.2036033111745 78.7464284904401 22.0907220343745 24.0416305603426 20.3960780543711 91.9238815542512 75.5843899227876 82.6075057122535 82.0548596976437 68.4470598345904 80.3056660516554 76.0591874792257 74.0067564483136 79.227520471109 2.23606797749979 69.2603782836912 73.0273921210391 77.2334124585985 65.7875368135941 68.6221538571911 65.7419196555744 77.2334124585985 66.6408283261845 73.3757453113766 3.60555127546399 91.6624241442479 79.0569415042095 75.0599760191808 71.1688133946323 95.1892851112981 69.0072459963445 3.16227766016838 70.0071424927486 79 76.0591874792257 57.0788927713213 16.4012194668567 82.6075057122535 13 27.5862284482674 3.60555127546399 9.21954445729289 12.0415945787923 5 84.717176534632 19.4164878389476 12.0415945787923 6.40312423743285 23.3238075793812 20.8086520466848 29.8328677803526 6.40312423743285 29.0688837074973 16.9705627484771 85 22.8473193175917 7.61577310586391 9.89949493661167 17.8044938147649 20.6155281280883 15.8113883008419 85.7088093488645 15 10.4403065089106 9.21954445729289 44.1021541423999 27.8567765543682 82.0548596976437 13 37.7359245282264 10.1980390271856 8.48528137423857 8.94427190999916 9.48683298050514 84.0238061504 28.8444102037119 10.295630140987 10.295630140987 32.0156211871642 30.2324329156619 39.4081209904761 10.295630140987 38.8329756778952 27.7308492477241 84 12.0415945787923 6.70820393249937 9.21954445729289 27.7848879788996 13.3416640641263 13.6014705087354 85.0235261559999 12.6491106406735 4.24264068711928 8.48528137423857 77.8781098897501 11.6619037896906 68.4470598345904 27.5862284482674 37.7359245282264 28.4253408071038 29.5296461204668 30.4630924234556 28.6006992921502 70.6823881882892 8.94427190999916 29.1547594742265 27.459060435492 7 7.61577310586391 3 27.459060435492 2 10.6301458127346 71.5541752799933 49.4064773081425 31.0644491340181 29.0688837074973 10 48.1040538832228 28.8617393793236 71.5891053163818 29.1204395571221 33.6154726279432 29.5296461204668 54.0092584655631 17.8885438199983 80.3056660516554 3.60555127546399 10.1980390271856 28.4253408071038 5.65685424949238 8.48528137423857 1.4142135623731 82.3893196961839 19.7989898732233 8.60232526704263 3.16227766016838 23.43074902772 21.2132034355964 30.4138126514911 3.16227766016838 29.732137494637 18.0277563773199 82.6075057122535 21.095023109729 4.12310562561766 6.40312423743285 18.4390889145858 19.8494332412792 12.5299640861417 83.3846508657319 11.6619037896906 7.07106781186548 5.65685424949238 50.0899191454728 20.3960780543711 76.0591874792257 9.21954445729289 8.48528137423857 29.5296461204668 5.65685424949238 2.82842712474619 4.24264068711928 78.1024967590665 20.591260281974 3.16227766016838 3.16227766016838 23.6008474424119 21.9544984001001 31.0644491340181 3.16227766016838 30.5286750449475 19.9248588451713 78.2304288624318 20.5182845286832 3 1 19.6977156035922 21.0237960416286 7.28010988928052 79.1012010022604 6.32455532033676 4.24264068711928 1e-05 48.2597140480546 22.0907220343745 74.0067564483136 12.0415945787923 8.94427190999916 30.4630924234556 8.48528137423857 2.82842712474619 7.07106781186548 76.0263112349928 21.540659228538 1.4142135623731 5.8309518948453 24.1867732448956 22.8473193175917 31.7647603485372 5.8309518948453 31.3049516849971 21.3775583264319 76.1051903617618 20.8086520466848 5.3851648071345 2.23606797749979 20.8806130178211 22.1359436211787 5 77.0259696466069 4 5.09901951359278 2.82842712474619 53 18.3847763108502 79.227520471109 5 9.48683298050514 28.6006992921502 1.4142135623731 4.24264068711928 7.07106781186548 81.3019064967114 19.8494332412792 7.21110255092798 2 23.3452350598575 21.2602916254693 30.4795013082563 2 29.8328677803526 18.3575597506858 81.4984662432367 20.8086520466848 3 5 18.6010752377383 20 11.1803398874989 82.2982381342395 10.295630140987 6 4.24264068711928 93.150415994777 77.7946013551069 2.23606797749979 84.717176534632 84.0238061504 70.6823881882892 82.3893196961839 78.1024967590665 76.0263112349928 81.3019064967114 71.4702735408225 75.0599760191808 79.3095202355934 68.0073525436772 70.8378429936994 67.9779375974294 79.3095202355934 68.8767014308903 75.5843899227876 2 93.5360892917809 81.0987052917616 77.1038261048049 73.3757453113766 97.1287804927046 71.028163428319 1 72.0277724214764 81.0061726043145 78.1024967590665 69.2314957226839 6.32455532033676 69.2603782836912 19.4164878389476 28.8444102037119 8.94427190999916 19.7989898732233 20.591260281974 21.540659228538 19.8494332412792 71.4702735408225 20.2484567313166 18.6010752377383 4.12310562561766 1.4142135623731 10.6301458127346 18.6010752377383 10 4.12310562561766 72.1110255092798 40.6078810084939 22.2036033111745 20.1246117974981 2 39.6232255123179 20.2237484161567 72.4223722339996 20.3960780543711 24.6981780704569 20.591260281974 49.3659801887899 21.0237960416286 73.0273921210391 12.0415945787923 10.295630140987 29.1547594742265 8.60232526704263 3.16227766016838 1.4142135623731 7.21110255092798 75.0599760191808 20.2484567313166 5.65685424949238 22.8254244210267 21.540659228538 30.4138126514911 5.65685424949238 29.9666481275434 20.2237484161567 75.1664818918645 22.2036033111745 6.08276253029822 2.23606797749979 19.6468827043885 23.4093998214393 4.12310562561766 76.0591874792257 3.16227766016838 6.32455532033676 3.16227766016838 53.0377224247045 17.7200451466693 77.2334124585985 6.40312423743285 10.295630140987 27.459060435492 3.16227766016838 3.16227766016838 5.8309518948453 2 79.3095202355934 18.6010752377383 5.65685424949238 21.9317121994613 20 29.2061637330205 1e-05 28.6006992921502 17.464249196573 79.5110055275369 22.0227155455452 3.60555127546399 3.60555127546399 17.4928556845359 21.6333076527839 9.4339811320566 80.3056660516554 8.60232526704263 6.32455532033676 3.16227766016838 71.0633520177595 10.0498756211209 65.7875368135941 23.3238075793812 32.0156211871642 7 23.43074902772 23.6008474424119 24.1867732448956 23.3452350598575 68.0073525436772 4.12310562561766 22.8254244210267 21.9317121994613 3 7.61577310586391 21.9317121994613 7.28010988928052 8 68.7095335452075 43.9317652729776 25.4950975679639 23.0217288664427 6.08276253029822 43.2781700167648 22.1359436211787 68.9492567037528 22.4722050542442 27.8028775489157 23.6008474424119 70.4059656563277 7.07106781186548 68.6221538571911 20.8086520466848 30.2324329156619 7.61577310586391 21.2132034355964 21.9544984001001 22.8473193175917 21.2602916254693 70.8378429936994 1.4142135623731 21.540659228538 20 3 9.21954445729289 20 8.60232526704263 5 71.5122367151245 42.0119030752 23.6008474424119 21.4709105535839 3.16227766016838 41.0365690573664 21.3775583264319 71.7843994193724 21.5870331449229 26.0768096208106 21.9544984001001 78.587530817554 14.3178210632764 65.7419196555744 29.8328677803526 39.4081209904761 3 30.4138126514911 31.0644491340181 31.7647603485372 30.4795013082563 67.9779375974294 10.6301458127346 30.4138126514911 29.2061637330205 7.61577310586391 9.21954445729289 29.2061637330205 1 13.0384048104053 68.8839603971781 51.2249938994628 32.8024389337135 30.5286750449475 12.0415945787923 50.2095608425328 29.732137494637 68.8767014308903 30.0832179129826 35.2278299076171 31.0644491340181 53.0377224247045 17.7200451466693 77.2334124585985 6.40312423743285 10.295630140987 27.459060435492 3.16227766016838 3.16227766016838 5.8309518948453 2 79.3095202355934 18.6010752377383 5.65685424949238 1e-05 21.9317121994613 20 29.2061637330205 28.6006992921502 17.464249196573 79.5110055275369 22.0227155455452 3.60555127546399 3.60555127546399 17.4928556845359 21.6333076527839 9.4339811320566 80.3056660516554 8.60232526704263 6.32455532033676 3.16227766016838 78.3390068867355 13.4164078649987 66.6408283261845 29.0688837074973 38.8329756778952 2 29.732137494637 30.5286750449475 31.3049516849971 29.8328677803526 68.8767014308903 10 29.9666481275434 28.6006992921502 7.28010988928052 8.60232526704263 1 28.6006992921502 12.2065556157337 69.7710541700496 50.60632371552 32.2024843762092 30.0166620396073 11.3137084989848 49.4974746830583 29.4108823397055 69.778220097678 29.732137494637 34.6698716467194 30.5286750449475 69.5844810284592 2.23606797749979 73.3757453113766 16.9705627484771 27.7308492477241 10.6301458127346 18.0277563773199 19.9248588451713 21.3775583264319 18.3575597506858 75.5843899227876 4.12310562561766 20.2237484161567 17.464249196573 8 5 13.0384048104053 17.464249196573 12.2065556157337 76.2167960491649 39.1152144312159 21.0237960416286 19.6468827043885 2.23606797749979 37.5366487582469 21.0237960416286 76.5375724726098 21 23.7697286480094 19.9248588451713 92.1791733527699 78.4346862045103 3.60555127546399 85 84 71.5541752799933 82.6075057122535 78.2304288624318 76.1051903617618 81.4984662432367 2 72.1110255092798 75.1664818918645 79.5110055275369 68.7095335452075 71.5122367151245 68.8839603971781 79.5110055275369 69.7710541700496 76.2167960491649 93.3434518324665 81.2219182240853 77.2334124585985 74 97.0463806640928 71.1125867902441 2.23606797749979 72.1110255092798 81.0555365166378 78.2304288624318 37.9473319220206 38.9486841883009 91.6624241442479 22.8473193175917 12.0415945787923 49.4064773081425 21.095023109729 20.5182845286832 20.8086520466848 20.8086520466848 93.5360892917809 40.6078810084939 22.2036033111745 22.0227155455452 43.9317652729776 42.0119030752 51.2249938994628 22.0227155455452 50.60632371552 39.1152144312159 93.3434518324665 18.4390889145858 21.2602916254693 39.4081209904761 6.40312423743285 25.0599281722833 94.5304183847718 24.1867732448956 16.2788205960997 20.5182845286832 50 21.1896201004171 79.0569415042095 7.61577310586391 6.70820393249937 31.0644491340181 4.12310562561766 3 5.3851648071345 3 81.0987052917616 22.2036033111745 6.08276253029822 3.60555127546399 25.4950975679639 23.6008474424119 32.8024389337135 3.60555127546399 32.2024843762092 21.0237960416286 81.2219182240853 18.4390889145858 4 21.095023109729 18.3575597506858 10.1980390271856 82.0975030070952 9.21954445729289 3 3 50.1597448159378 20.2237484161567 75.0599760191808 9.89949493661167 9.21954445729289 29.0688837074973 6.40312423743285 1 2.23606797749979 5 77.1038261048049 20.1246117974981 2.23606797749979 3.60555127546399 23.0217288664427 21.4709105535839 30.5286750449475 3.60555127546399 30.0166620396073 19.6468827043885 77.2334124585985 21.2602916254693 4 19.313207915828 21.9317121994613 6.32455532033676 78.1024967590665 5.3851648071345 5 1 68.8839603971781 4.47213595499958 71.1688133946323 17.8044938147649 27.7848879788996 10 18.4390889145858 19.6977156035922 20.8806130178211 18.6010752377383 73.3757453113766 2 19.6468827043885 17.4928556845359 6.08276253029822 3.16227766016838 12.0415945787923 17.4928556845359 11.3137084989848 2.23606797749979 74 39.4081209904761 21.095023109729 19.313207915828 38.1837661840736 20.0249843945008 74.3303437365925 20.0997512422418 23.7065391822594 19.6977156035922 44.0113621693308 37.0135110466435 95.1892851112981 20.6155281280883 13.3416640641263 48.1040538832228 19.8494332412792 21.0237960416286 22.1359436211787 20 97.1287804927046 39.6232255123179 23.4093998214393 21.6333076527839 43.2781700167648 41.0365690573664 50.2095608425328 21.6333076527839 49.4974746830583 37.5366487582469 97.0463806640928 6.40312423743285 18.3575597506858 21.9317121994613 38.1837661840736 26.9258240356725 98.1274681218261 25.9615099714943 17.0880074906351 21.0237960416286 49.0306026885251 22.2036033111745 69.0072459963445 15.8113883008419 13.6014705087354 28.8617393793236 12.5299640861417 7.28010988928052 5 11.1803398874989 71.028163428319 20.2237484161567 4.12310562561766 9.4339811320566 22.1359436211787 21.3775583264319 29.732137494637 9.4339811320566 29.4108823397055 21.0237960416286 71.1125867902441 25.0599281722833 10.1980390271856 6.32455532033676 20.0249843945008 26.9258240356725 72.0277724214764 1 10.0498756211209 7.28010988928052 94.0212741883453 78.7464284904401 3.16227766016838 85.7088093488645 85.0235261559999 71.5891053163818 83.3846508657319 79.1012010022604 77.0259696466069 82.2982381342395 1 72.4223722339996 76.0591874792257 80.3056660516554 68.9492567037528 71.7843994193724 68.8767014308903 80.3056660516554 69.778220097678 76.5375724726098 2.23606797749979 94.5304183847718 82.0975030070952 78.1024967590665 74.3303437365925 98.1274681218261 72.0277724214764 73.0273921210391 82.0060973342836 79.1012010022604 48.8364617882991 22.0907220343745 70.0071424927486 15 12.6491106406735 29.1204395571221 11.6619037896906 6.32455532033676 4 10.295630140987 72.0277724214764 20.3960780543711 3.16227766016838 8.60232526704263 22.4722050542442 21.5870331449229 30.0832179129826 8.60232526704263 29.732137494637 21 72.1110255092798 24.1867732448956 9.21954445729289 5.3851648071345 20.0997512422418 25.9615099714943 1 73.0273921210391 9.05538513813742 6.32455532033676 47 24.0416305603426 79 10.4403065089106 4.24264068711928 33.6154726279432 7.07106781186548 4.24264068711928 5.09901951359278 6 81.0061726043145 24.6981780704569 6.32455532033676 6.32455532033676 27.8028775489157 26.0768096208106 35.2278299076171 6.32455532033676 34.6698716467194 23.7697286480094 81.0555365166378 16.2788205960997 3 5 23.7065391822594 17.0880074906351 10.0498756211209 82.0060973342836 9.05538513813742 4.24264068711928 50.0899191454728 20.3960780543711 76.0591874792257 9.21954445729289 8.48528137423857 29.5296461204668 5.65685424949238 1e-05 2.82842712474619 4.24264068711928 78.1024967590665 20.591260281974 3.16227766016838 3.16227766016838 23.6008474424119 21.9544984001001 31.0644491340181 3.16227766016838 30.5286750449475 19.9248588451713 78.2304288624318 20.5182845286832 3 1 19.6977156035922 21.0237960416286 7.28010988928052 79.1012010022604 6.32455532033676 4.24264068711928
Deviation Vector:
16.2205783832477 30.2458644044175 39.6758995745151 67.8699064041694 78.4417199581949 20.6596997777285 10.7607750779775 7.48267879640272 31.0007270265787 147.886026718618 80.7694203432231 63.9256963461308 42.0084775243189 60.7290802441116 2.19559706882337 87.0850078212356 86.3665555240387 6.11180855405567 70.7200231758963 21.5250892028456 56.4067537665346 55.5703759832826 56.7622138385472 12.8569250933385 24.1609539828776 11.4066014160089 113.157285319753 5.88301784881893 69.9777590706408 54.1352282961471 82.391433987317 6.0544163902101 23.122317375487 6.3214227856012 18.8809299570027 13.91138422257 12.4303347333673 4.29655511859915 17.1478527947863 92.9152797000599 0.902772445136158 9.67131957839065 15.0609973814174 9.39452226911976 9.29558611822741 12.6158054029563 7.15106279456652 17.4900775708862 2.14471008215683 111.36758495876 59.8698529808719 17.0837572719281 18.0380588842394 4.60368922858375 36.7499189475524 31.9930707061857 99.3826147462528 12.3055788834164 37.5376180616019 22.6720265083292 150.553698591671 82.627237576961 98.442453134711 115.55303953345 90.3572685101384 94.0665014299847 41.5702747272812 21.4761777820576 108.21303824807 3.30775249076637 102.82110430653 110.168575332942 23.1646184903849 45.7315762933304 55.1737737175954 106.141934043869 121.74044033677 80.4741703621258 93.8327704110922 3.23075555478425 90.5714278579698 93.0172556238813 4.72300577534834 17.127675080768 53.9382594855876 72.8579594725646 0.133443226913711 13.2552360754318 127.415068160747 121.9652827814 74.255572593543 26.4272465231791 87.3472351040715 11.0923550978728 38.0739412769458 2.66133426820363 3.55186798920872 3.46040888159729 5.14156721779292 9.46682059209343 2.4713998626561 10.5184847704995 10.3752297919217 9.96424740000877 32.6415553071022 23.4188548636366 2.57647864040421 43.7649457555782 5.99438884853589 3.55443832352646 17.4153838345023 10.2151919946112 12.0615691748977 14.6918006558245 32.6134164874637 2.3034817847712 20.7085926460285 24.3627228601268 3.49777596167293 1.98317027249514 70.0509540977179 45.5724308214089 15.3477907504382 13.0831517545483 32.0700029483613 15.9825945672264 0.892295026723973 11.0471377983432 2.04188922058029 95.2385829490595 38.8492014885235 3.52643443236978 3.78492490419371 42.5113908290882 23.2708460934533 11.7009731332795 4.87472278600169 45.5165011075061 4.52340304527165 69.442605356697 14.6176102504206 6.20756214334676 4.87399029945206 22.0325633116251 1.48336398553148 6.41012702960558 79.8076971373033 4.46258747158179 1.9350845578175 10.8075370939772 44.2272538487048 4.72451238873854 86.9466406194666 20.8261287803274 53.2650078085588 13.666036936672 20.1631165434447 46.2026978641456 2.18845182293791 63.4758456264105 9.04077747652619 41.4980436418797 34.0646366860153 9.64889838710564 8.46755383298165 1.11279732323563 0.987763838940834 3.17063844270384 16.402761212662 14.2457439284752 38.1742740301018 34.7179018096868 32.6867694254457 13.0131574662615 13.0467081895726 35.6627740343242 9.53839114359516 35.2320266070254 53.3961748249308 17.4030557218571 45.5942698129212 9.24809636831643 79.8612084295239 1.7130324338733 12.9712007748826 21.7915961804297 5.40726940565348 2.67609258459943 0.910674207868428 85.0584568021751 24.0245663692596 0.132251521615084 2.58170929475561 19.0872764842146 29.5667080169281 8.78633209785181 3.74906215593734 42.5098274604391 4.23386201977745 89.9793908959627 34.3606398752318 4.15406883941037 3.63370299712959 20.5402224476283 13.2885166487938 10.508975389699 59.222465481243 9.36105476884651 2.89362712628812 3.72963747042923 69.7274543657908 25.5647351412702 89.4682161287261 6.88839601627971 0.756584559808935 23.8856017792539 8.56321659007326 2.95582955609638 4.76978487567388 40.485320024256 9.02063102987379 2.20826050867451 1.68781932001083 29.6069971875461 33.2158036242139 8.95164611446423 4.88060100310501 32.3340284117727 1.56538204994336 10.8641984151651 10.4441470233936 0.204165556537215 1.14638401268239 21.2047020782572 24.8502352006435 1.28486789607558 21.8203477855044 1.59933923471918 4.15436831751526 6.85074231238376e-06 44.0220634650081 16.167758245893 22.1375568613983 5.40822189563184 13.2288597098423 11.8286118765338 10.6744578652329 3.82813179812317 10.1352214934635 56.4789102732295 5.00714241308323 0.32817915753703 8.40356586538368 18.5315690939126 33.9636011943525 41.7636214730063 6.14786278358683 43.5316753533742 15.7029946279509 86.2206388331725 31.825640786419 6.69683848131899 2.68544883169862 21.6420678369472 15.0683286637746 3.71807373021942 93.4292083860549 3.82628504063337 5.08113461440037 1.56353082003721 0.121150556565131 4.95145368057839 101.781349451781 1.50707361327507 6.815833724579 32.157010258685 0.975394309322156 1.43014856405476 5.92861548163342 39.3245182332138 21.4369039291783 7.72225141434933 1.43148555297325 20.586193444266 4.20337324728153 17.1578130107175 1.11446886521312 37.3525349319346 5.76681286370077 105.278866126299 15.5152269858427 0.612664119163562 4.48000796764295 5.7146934189489 24.8137689171255 17.6282576263208 86.482162674148 8.383588152761 5.36358554505682 1.73087614220776 127.343855295394 69.7208274183402 1.5144776476877 85.7667974908558 100.629557532439 98.6547278419853 40.9782702070984 19.367841976149 7.10667872484898 108.603608208083 52.292288721731 88.0792930032539 60.8566040109213 98.434362396019 29.4620395654102 65.6014576483386 29.4220557736575 67.0268543554334 43.6681712898283 1.3702318364767 58.5136086532899 107.322363556482 68.5713078563636 111.646635853627 158.37611616152 34.8511123167137 1.45893379426812 75.0570869236895 105.709180799047 55.7265287141732 100.387677128854 6.53117997628032 111.489945671233 9.47455427940865 11.7021859127271 10.4468536502972 4.83791665399546 18.5954291900946 30.5010037477344 6.70569949144914 42.8479053123783 10.2918611696568 28.1114412945569 5.63567118288564 0.447353669448515 3.05966437440977 12.8818365613161 6.87304417032144 5.19911927262471 91.6006476472187 55.7310816683015 5.48838765001403 19.2042656299696 1.24479599097572 5.12720759984112 19.121284209788 80.6107426283033 32.3957605962635 8.59952553197106 16.0335215423268 32.7038904119831 3.33971386877379 12.5583187384023 7.62040915285389 6.65940260688785 16.841758093587 1.38905744959144 2.81812714705044 2.09408458539742 11.3751407390725 92.2485838218543 8.92759388510201 2.52503511008233 25.128946340099 3.6273142452318 23.1964377647723 7.85594581892809 25.7990563256882 29.324406739638 75.9452179857687 10.9205860379557 7.19626876139916 2.81195543160977 28.4114767343945 3.88824654171334 5.71851556237814 57.2142392860062 4.045064661179 8.44908068598648 3.47982638542799 22.194100090288 6.36212738775939 97.257851620196 3.78057106629224 10.2119900306935 7.32416731879207 3.69383611406342 3.64721547843998 6.75166207818595 2.01895064403966 86.5615328884567 13.9050324305246 8.20457558019856 33.7267346947049 4.18197340737971 47.2781082354191 6.61141277057014e-06 45.6995361468517 14.6758656564138 37.5117210934579 21.3366491493694 4.80322917434662 0.0558135828759068 10.2688730132784 24.6386617271645 1.71299930416592 26.8716018646371 2.16603128266956 9.23852666986064 0.0985803227342656 96.0928414385147 2.4103467245775 25.6709188717124 22.6736757405352 26.5814327162018 9.6745992638405 29.0273303221492 8.47266598144453 21.6732058929625 17.6816140748379 93.0662734510027 1.43548610404246 34.3508099202898 25.8682753045979 0.73981086302358 0.568710483622317 25.4167443949969 6.60848260934603 0.2653001901121 24.727309329736 60.6049744893976 25.5463389785028 1.21320441573121 8.48548438256582 68.7708407057986 26.3776502776107 108.704198618533 6.38882837290382 40.1311404409725 32.9930948863783 22.211178893301 8.17607001743759 112.389415710954 14.684299974297 14.7847815030989 6.31123379428544 9.51217861180207 1.94371392621468 27.135851988749 28.584147017765 59.923918513619 1.29657651484531 1.14773088329065 14.2301509932407 1.3708507252143 2.76480944769661 15.7236578919282 13.9001019673687 6.03815294231674 58.5932235092432 14.1318035357332 22.3687910027658 3.90761212397967 1.23036132944578 28.8668257203662 2.81495968344551 113.469254800189 13.8300451913633 10.8473632565642 30.401543327476 31.3774183932009 10.472775358867 59.2770980597385 11.8647780617453 56.6347025175645 4.17210221465157 37.2999213923775 7.64749421577018 46.9875288055253 23.6142437341706 108.130243729619 7.2902148619616 1.58810648294638 0.134031964941446 10.6416208619388 4.69428651341925 8.89254251761353 0.544136538747698 6.33224812699599 104.159811601568 69.844354934891 26.9648330236479 25.0500572261295 18.6100146641783 60.8093944990614 45.311284226223 2.60327942817578 34.6693267071369 18.5047650579398 14.0962274980107 47.6193959248369 16.3831631697316 91.5388923403475 1.02542280175453 13.6135374853106 26.9921775228257 4.90420210163004 2.87551561549667 7.16728173707046 2.78143945032331 3.54644041555643 21.9583047303438 2.47298332030669 9.6933072272489e-07 25.9907225790706 3.90238924550845 17.7018538968551 42.6021658948417 12.9105510219298 86.8070304045517 30.0014487861421 1.67073431813819 0.98950390826201 9.50698026725071 7.99342698495058 14.0146588250683 34.3789893000542 3.50366273487311 6.3159453688333 3.01488362437059 67.4550661643408 3.4496154164434 15.8995464681684 11.829014936387 16.2035751422581 3.12169863300648 41.3255188859522 10.0362571153427 26.0083906474008 29.22865250649 5.51761789188438 8.75524016665996 15.6088119718574 14.7944108401263 7.07959447008201 0.572812604732567 0.712393906826741 45.1478347147464 18.9950839709721 101.283144409803 52.1730239172626 41.1893570845408 8.27465131609854 14.7688878350708 9.06754886127675 18.9748688729864 80.3558184834459 18.1750717730679 36.4885635806467 15.5961182831966 108.877705247032 0.613049171848061 56.3516179573693 2.7816409336616 18.8873264019175 12.5993833211205 1.53956046756558 8.60081220126441 32.3655979574631 16.8193249896484 106.680491869476 6.57267335328677 3.08152083587347 5.11566662070507 3.77617802089192 5.62414243887152 4.68744123346783 20.6849389608772 12.9880910704704 21.0578327680392 38.9863859774286 9.57896355749653 30.5580247252963 2.84511708240948 4.56681354144546 2.08545598707222 21.2912453222004 26.7382839828024 16.8881269617664 26.5127688138382 13.3438412165333 49.8697883514444 5.78619462813632 77.5834796763942 67.1767070410705 46.2623807354289 37.8868974045088 69.2434855634814 82.0565261679082 27.1615359868617 0.323939068771265 61.3122720283321 21.6497853746059 24.9935636789019 78.5467085003687 54.3526404435712 99.1356894007014 119.479660047631 21.2873747698085 65.8387869516261 13.0316572506421 105.73547916281 101.906437168504 4.11533522641851 90.7213911879707 102.482005412132 0.346160459737841 87.4710627851754 87.1359404824491 67.6925166775428 34.3151455146655 47.5086355309067 137.595330536363 19.8708962139654 5.93846044980286 32.6810268380509 31.9855803779712 19.5292984580027 32.1825503024063 19.8743666869929 120.201022801681 2.81025096353999 3.68556974107005 34.6439532346137 16.8498310403823 55.0003099499211 35.5392841397027 4.03798147533324 59.3349690630569 39.0718436212552 97.7484191150877 24.1937640949152 14.0603078372422 28.6612045120614 8.75757682994801 39.9998137388886 50.0118374093508 36.8246375684159 19.0431612540266 32.9127806414988 37.4224127759617 9.21188959888065 93.641860702413 4.64713003836371 8.75059341963955 1.18942428324821 5.2432321392198 3.54409122966151 5.33179077265878 3.53671686058993 40.3145899861235 14.1171726588595 7.59195790621133 2.39082279254289 14.5206494361803 38.5084571398605 10.9197832917981 4.55501800932028 5.65641007759581 31.648734507363 50.5903927825641 22.5480982604357 4.71243293672142 27.090387189902 5.70506181688325 9.24403614485116 101.884168549657 7.74285016988281 2.36881221433443 2.31440005074243 40.355579427359 31.1051833268437 90.5375406601184 3.4615344941478 4.69174102501325 25.3278477071813 2.48413501880538 0.141201716518724 0.924186038816341 6.89022700772108 101.785326529779 18.3217239864805 0.837387891105315 3.34904477281048 36.2248911322998 20.2693550070114 28.1216099234343 0.962842845323206 17.0498554481927 21.5488054193852 10.2768101003677 25.318441294538 2.72115202059234 25.3228977873232 18.3289281294956 6.26802977000366 45.1637556698819 2.35537293254814 0.957664549978642 1.36786670764714 83.2702692260137 4.45457867886577 90.1395298434481 13.810793754671 37.391286868581 1.36090535958148 0.140805948217411 1.8582616208164 5.79003221680951 7.83002656597826 108.037298540184 3.19479917991125 26.1570466534455 3.63004675107657 5.39478903718504 4.00188675728626 13.8665456859117 2.95090801234428 17.3388496138378 0.179349083113979 93.6468150819312 1.03463451641975 26.8136023056831 5.91806662339288 51.0678965394092 9.36076319853211 96.4427587784333 5.55410996297484 21.4505296170242 29.330318310252 0.212767435828143 17.5564264146689 80.5049817012178 26.2104542064832 16.677297048896 26.5591131747965 27.937765956931 26.440630433268 14.3099340160828 0.908338721012771 3.81111404471404 18.9986089396804 0.0809238177045547 29.6505327799875 29.7319987295081 36.5371041580773 50.0461006366185 4.30917973768186 52.4201487232013 33.40525544956 27.1146861811707 4.38732341049679 16.819038811594 34.0048106266484 37.8634302292875 16.5393512983386 37.1491439399894 16.8682170839826 15.2182955686448 26.9822858855732 24.4859381042446 19.8815007634108 8.16919047103099 21.2684814803315 7.1741215696653 39.4943434274579 3.23141794901088 2.15183006640705 4.93345400816364 10.1109644374971 24.2201440530687 20.7481207624986 5.70569287080689 3.24953878608468 16.7605678293841 9.22381250449729 36.7133971468933 1.08066332499462 18.5483745450905 13.7599162650314 71.4316803193997 22.8061110785228 13.6620811315253 1.77921727415218 16.4443005202587 18.6307401818002 64.5062751105765 1.1997696598552 13.4835941693196 1.06871134635112 79.3376416423993 15.8838836614805 3.29577812656425 82.4697124407762 131.518312885579 112.371160846528 57.6393385546146 13.0818936475128 17.3990436961824 3.17486486921877 1.06973388429724 41.0547183825156 80.9654689969588 65.3855188881395 62.8354828923961 13.0871389240043 85.7983149240093 40.6968969981867 20.7144898580506 18.138165697812 2.59667281734093 123.017064110531 94.1696715276127 67.2919420031349 117.640251903592 32.2717955283935 111.896106052281 61.2614630565004 125.358286769573 99.3369876384887 48.1372281309772 16.1949907479857 102.03756235176 5.82808592556588 0.707860361583153 39.7499022088702 3.71837343988321 4.7257561887133 6.12159591345236 5.60837273129689 56.5983587744623 19.5960058083845 3.51522663307263 1.81450295991285 3.04771726179156 8.28039750569091 11.8300277020671 11.8824041768653 26.472214400542 14.4922103168256 116.696208245821 9.97135224364295 3.24615189254937 6.06354655602358 25.604062214943 7.66910572206521 1.4548485965197 86.7567919382192 10.2713989503332 8.50105549222666 37.8098680191798 11.5546184554413 34.5931556709247 6.50051473491547 3.68748194738831 16.6009783547995 2.4628105087079 5.04023898692918 6.32817377285303 1.43600009750736 7.56349818204096 9.57011346040021 7.59014045807793 7.62097323678064 16.6376381844343 34.8315304797468 55.9616510489961 6.27179385625787 37.3626811190009 19.9561363797512 3.43702234380244 17.2001306072947 3.75547693138633 1.9724895474219 12.8775893528933 15.1453696442438 6.93341747646742 29.4153645472205 3.9387258990058 0.784156474755636 3.1793347813613 25.2794047508971 50.6125383696141 4.6223162939356 1.88968527861635 45.315724004566 5.62975744573841 5.70995548099972e-06 3.06380923541164 2.53246306300541 63.2887101051841 24.2274616456667 3.11291398786927 1.1734448612437 17.5168224535091 34.7496698484334 2.09512420405726 2.18644821582918 28.5474292927397 22.8162437796318 119.768956172628 20.0567347254969 1.68705132704693 1.14344261497329 27.0253317804276 23.2430419588719 2.84214545170412 33.4237807357706 9.26076839377766 3.50169833968938
