Instancenumber:
13
Instancename:
B-n31-k5
Customers:
30
Depot:
0
Dimension:
930
Vehicles:
30
Capacity:
100
Demands:
0 25 3 13 17 16 9 22 10 16 8 3 16 16 10 24 16 15 14 5 12 2 18 20 15 8 22 15 10 13 19
Uncertainty:budgeted
Gamma:
9
Mean Vector:
70.3491293478462 91.9238815542512 57.0788927713213 44.1021541423999 77.8781098897501 54.0092584655631 50.0899191454728 48.2597140480546 53 93.150415994777 69.2314957226839 49.3659801887899 53.0377224247045 71.0633520177595 70.4059656563277 78.587530817554 53.0377224247045 78.3390068867355 69.5844810284592 92.1791733527699 37.9473319220206 50 50.1597448159378 68.8839603971781 44.0113621693308 49.0306026885251 94.0212741883453 48.8364617882991 47 50.0899191454728 70.3491293478462 75.5843899227876 16.4012194668567 27.8567765543682 11.6619037896906 17.8885438199983 20.3960780543711 22.0907220343745 18.3847763108502 77.7946013551069 6.32455532033676 21.0237960416286 17.7200451466693 10.0498756211209 7.07106781186548 14.3178210632764 17.7200451466693 13.4164078649987 2.23606797749979 78.4346862045103 38.9486841883009 21.1896201004171 20.2237484161567 4.47213595499958 37.0135110466435 22.2036033111745 78.7464284904401 22.0907220343745 24.0416305603426 20.3960780543711 91.9238815542512 75.5843899227876 82.6075057122535 82.0548596976437 68.4470598345904 80.3056660516554 76.0591874792257 74.0067564483136 79.227520471109 2.23606797749979 69.2603782836912 73.0273921210391 77.2334124585985 65.7875368135941 68.6221538571911 65.7419196555744 77.2334124585985 66.6408283261845 73.3757453113766 3.60555127546399 91.6624241442479 79.0569415042095 75.0599760191808 71.1688133946323 95.1892851112981 69.0072459963445 3.16227766016838 70.0071424927486 79 76.0591874792257 57.0788927713213 16.4012194668567 82.6075057122535 13 27.5862284482674 3.60555127546399 9.21954445729289 12.0415945787923 5 84.717176534632 19.4164878389476 12.0415945787923 6.40312423743285 23.3238075793812 20.8086520466848 29.8328677803526 6.40312423743285 29.0688837074973 16.9705627484771 85 22.8473193175917 7.61577310586391 9.89949493661167 17.8044938147649 20.6155281280883 15.8113883008419 85.7088093488645 15 10.4403065089106 9.21954445729289 44.1021541423999 27.8567765543682 82.0548596976437 13 37.7359245282264 10.1980390271856 8.48528137423857 8.94427190999916 9.48683298050514 84.0238061504 28.8444102037119 10.295630140987 10.295630140987 32.0156211871642 30.2324329156619 39.4081209904761 10.295630140987 38.8329756778952 27.7308492477241 84 12.0415945787923 6.70820393249937 9.21954445729289 27.7848879788996 13.3416640641263 13.6014705087354 85.0235261559999 12.6491106406735 4.24264068711928 8.48528137423857 77.8781098897501 11.6619037896906 68.4470598345904 27.5862284482674 37.7359245282264 28.4253408071038 29.5296461204668 30.4630924234556 28.6006992921502 70.6823881882892 8.94427190999916 29.1547594742265 27.459060435492 7 7.61577310586391 3 27.459060435492 2 10.6301458127346 71.5541752799933 49.4064773081425 31.0644491340181 29.0688837074973 10 48.1040538832228 28.8617393793236 71.5891053163818 29.1204395571221 33.6154726279432 29.5296461204668 54.0092584655631 17.8885438199983 80.3056660516554 3.60555127546399 10.1980390271856 28.4253408071038 5.65685424949238 8.48528137423857 1.4142135623731 82.3893196961839 19.7989898732233 8.60232526704263 3.16227766016838 23.43074902772 21.2132034355964 30.4138126514911 3.16227766016838 29.732137494637 18.0277563773199 82.6075057122535 21.095023109729 4.12310562561766 6.40312423743285 18.4390889145858 19.8494332412792 12.5299640861417 83.3846508657319 11.6619037896906 7.07106781186548 5.65685424949238 50.0899191454728 20.3960780543711 76.0591874792257 9.21954445729289 8.48528137423857 29.5296461204668 5.65685424949238 2.82842712474619 4.24264068711928 78.1024967590665 20.591260281974 3.16227766016838 3.16227766016838 23.6008474424119 21.9544984001001 31.0644491340181 3.16227766016838 30.5286750449475 19.9248588451713 78.2304288624318 20.5182845286832 3 1 19.6977156035922 21.0237960416286 7.28010988928052 79.1012010022604 6.32455532033676 4.24264068711928 1e-05 48.2597140480546 22.0907220343745 74.0067564483136 12.0415945787923 8.94427190999916 30.4630924234556 8.48528137423857 2.82842712474619 7.07106781186548 76.0263112349928 21.540659228538 1.4142135623731 5.8309518948453 24.1867732448956 22.8473193175917 31.7647603485372 5.8309518948453 31.3049516849971 21.3775583264319 76.1051903617618 20.8086520466848 5.3851648071345 2.23606797749979 20.8806130178211 22.1359436211787 5 77.0259696466069 4 5.09901951359278 2.82842712474619 53 18.3847763108502 79.227520471109 5 9.48683298050514 28.6006992921502 1.4142135623731 4.24264068711928 7.07106781186548 81.3019064967114 19.8494332412792 7.21110255092798 2 23.3452350598575 21.2602916254693 30.4795013082563 2 29.8328677803526 18.3575597506858 81.4984662432367 20.8086520466848 3 5 18.6010752377383 20 11.1803398874989 82.2982381342395 10.295630140987 6 4.24264068711928 93.150415994777 77.7946013551069 2.23606797749979 84.717176534632 84.0238061504 70.6823881882892 82.3893196961839 78.1024967590665 76.0263112349928 81.3019064967114 71.4702735408225 75.0599760191808 79.3095202355934 68.0073525436772 70.8378429936994 67.9779375974294 79.3095202355934 68.8767014308903 75.5843899227876 2 93.5360892917809 81.0987052917616 77.1038261048049 73.3757453113766 97.1287804927046 71.028163428319 1 72.0277724214764 81.0061726043145 78.1024967590665 69.2314957226839 6.32455532033676 69.2603782836912 19.4164878389476 28.8444102037119 8.94427190999916 19.7989898732233 20.591260281974 21.540659228538 19.8494332412792 71.4702735408225 20.2484567313166 18.6010752377383 4.12310562561766 1.4142135623731 10.6301458127346 18.6010752377383 10 4.12310562561766 72.1110255092798 40.6078810084939 22.2036033111745 20.1246117974981 2 39.6232255123179 20.2237484161567 72.4223722339996 20.3960780543711 24.6981780704569 20.591260281974 49.3659801887899 21.0237960416286 73.0273921210391 12.0415945787923 10.295630140987 29.1547594742265 8.60232526704263 3.16227766016838 1.4142135623731 7.21110255092798 75.0599760191808 20.2484567313166 5.65685424949238 22.8254244210267 21.540659228538 30.4138126514911 5.65685424949238 29.9666481275434 20.2237484161567 75.1664818918645 22.2036033111745 6.08276253029822 2.23606797749979 19.6468827043885 23.4093998214393 4.12310562561766 76.0591874792257 3.16227766016838 6.32455532033676 3.16227766016838 53.0377224247045 17.7200451466693 77.2334124585985 6.40312423743285 10.295630140987 27.459060435492 3.16227766016838 3.16227766016838 5.8309518948453 2 79.3095202355934 18.6010752377383 5.65685424949238 21.9317121994613 20 29.2061637330205 1e-05 28.6006992921502 17.464249196573 79.5110055275369 22.0227155455452 3.60555127546399 3.60555127546399 17.4928556845359 21.6333076527839 9.4339811320566 80.3056660516554 8.60232526704263 6.32455532033676 3.16227766016838 71.0633520177595 10.0498756211209 65.7875368135941 23.3238075793812 32.0156211871642 7 23.43074902772 23.6008474424119 24.1867732448956 23.3452350598575 68.0073525436772 4.12310562561766 22.8254244210267 21.9317121994613 3 7.61577310586391 21.9317121994613 7.28010988928052 8 68.7095335452075 43.9317652729776 25.4950975679639 23.0217288664427 6.08276253029822 43.2781700167648 22.1359436211787 68.9492567037528 22.4722050542442 27.8028775489157 23.6008474424119 70.4059656563277 7.07106781186548 68.6221538571911 20.8086520466848 30.2324329156619 7.61577310586391 21.2132034355964 21.9544984001001 22.8473193175917 21.2602916254693 70.8378429936994 1.4142135623731 21.540659228538 20 3 9.21954445729289 20 8.60232526704263 5 71.5122367151245 42.0119030752 23.6008474424119 21.4709105535839 3.16227766016838 41.0365690573664 21.3775583264319 71.7843994193724 21.5870331449229 26.0768096208106 21.9544984001001 78.587530817554 14.3178210632764 65.7419196555744 29.8328677803526 39.4081209904761 3 30.4138126514911 31.0644491340181 31.7647603485372 30.4795013082563 67.9779375974294 10.6301458127346 30.4138126514911 29.2061637330205 7.61577310586391 9.21954445729289 29.2061637330205 1 13.0384048104053 68.8839603971781 51.2249938994628 32.8024389337135 30.5286750449475 12.0415945787923 50.2095608425328 29.732137494637 68.8767014308903 30.0832179129826 35.2278299076171 31.0644491340181 53.0377224247045 17.7200451466693 77.2334124585985 6.40312423743285 10.295630140987 27.459060435492 3.16227766016838 3.16227766016838 5.8309518948453 2 79.3095202355934 18.6010752377383 5.65685424949238 1e-05 21.9317121994613 20 29.2061637330205 28.6006992921502 17.464249196573 79.5110055275369 22.0227155455452 3.60555127546399 3.60555127546399 17.4928556845359 21.6333076527839 9.4339811320566 80.3056660516554 8.60232526704263 6.32455532033676 3.16227766016838 78.3390068867355 13.4164078649987 66.6408283261845 29.0688837074973 38.8329756778952 2 29.732137494637 30.5286750449475 31.3049516849971 29.8328677803526 68.8767014308903 10 29.9666481275434 28.6006992921502 7.28010988928052 8.60232526704263 1 28.6006992921502 12.2065556157337 69.7710541700496 50.60632371552 32.2024843762092 30.0166620396073 11.3137084989848 49.4974746830583 29.4108823397055 69.778220097678 29.732137494637 34.6698716467194 30.5286750449475 69.5844810284592 2.23606797749979 73.3757453113766 16.9705627484771 27.7308492477241 10.6301458127346 18.0277563773199 19.9248588451713 21.3775583264319 18.3575597506858 75.5843899227876 4.12310562561766 20.2237484161567 17.464249196573 8 5 13.0384048104053 17.464249196573 12.2065556157337 76.2167960491649 39.1152144312159 21.0237960416286 19.6468827043885 2.23606797749979 37.5366487582469 21.0237960416286 76.5375724726098 21 23.7697286480094 19.9248588451713 92.1791733527699 78.4346862045103 3.60555127546399 85 84 71.5541752799933 82.6075057122535 78.2304288624318 76.1051903617618 81.4984662432367 2 72.1110255092798 75.1664818918645 79.5110055275369 68.7095335452075 71.5122367151245 68.8839603971781 79.5110055275369 69.7710541700496 76.2167960491649 93.3434518324665 81.2219182240853 77.2334124585985 74 97.0463806640928 71.1125867902441 2.23606797749979 72.1110255092798 81.0555365166378 78.2304288624318 37.9473319220206 38.9486841883009 91.6624241442479 22.8473193175917 12.0415945787923 49.4064773081425 21.095023109729 20.5182845286832 20.8086520466848 20.8086520466848 93.5360892917809 40.6078810084939 22.2036033111745 22.0227155455452 43.9317652729776 42.0119030752 51.2249938994628 22.0227155455452 50.60632371552 39.1152144312159 93.3434518324665 18.4390889145858 21.2602916254693 39.4081209904761 6.40312423743285 25.0599281722833 94.5304183847718 24.1867732448956 16.2788205960997 20.5182845286832 50 21.1896201004171 79.0569415042095 7.61577310586391 6.70820393249937 31.0644491340181 4.12310562561766 3 5.3851648071345 3 81.0987052917616 22.2036033111745 6.08276253029822 3.60555127546399 25.4950975679639 23.6008474424119 32.8024389337135 3.60555127546399 32.2024843762092 21.0237960416286 81.2219182240853 18.4390889145858 4 21.095023109729 18.3575597506858 10.1980390271856 82.0975030070952 9.21954445729289 3 3 50.1597448159378 20.2237484161567 75.0599760191808 9.89949493661167 9.21954445729289 29.0688837074973 6.40312423743285 1 2.23606797749979 5 77.1038261048049 20.1246117974981 2.23606797749979 3.60555127546399 23.0217288664427 21.4709105535839 30.5286750449475 3.60555127546399 30.0166620396073 19.6468827043885 77.2334124585985 21.2602916254693 4 19.313207915828 21.9317121994613 6.32455532033676 78.1024967590665 5.3851648071345 5 1 68.8839603971781 4.47213595499958 71.1688133946323 17.8044938147649 27.7848879788996 10 18.4390889145858 19.6977156035922 20.8806130178211 18.6010752377383 73.3757453113766 2 19.6468827043885 17.4928556845359 6.08276253029822 3.16227766016838 12.0415945787923 17.4928556845359 11.3137084989848 2.23606797749979 74 39.4081209904761 21.095023109729 19.313207915828 38.1837661840736 20.0249843945008 74.3303437365925 20.0997512422418 23.7065391822594 19.6977156035922 44.0113621693308 37.0135110466435 95.1892851112981 20.6155281280883 13.3416640641263 48.1040538832228 19.8494332412792 21.0237960416286 22.1359436211787 20 97.1287804927046 39.6232255123179 23.4093998214393 21.6333076527839 43.2781700167648 41.0365690573664 50.2095608425328 21.6333076527839 49.4974746830583 37.5366487582469 97.0463806640928 6.40312423743285 18.3575597506858 21.9317121994613 38.1837661840736 26.9258240356725 98.1274681218261 25.9615099714943 17.0880074906351 21.0237960416286 49.0306026885251 22.2036033111745 69.0072459963445 15.8113883008419 13.6014705087354 28.8617393793236 12.5299640861417 7.28010988928052 5 11.1803398874989 71.028163428319 20.2237484161567 4.12310562561766 9.4339811320566 22.1359436211787 21.3775583264319 29.732137494637 9.4339811320566 29.4108823397055 21.0237960416286 71.1125867902441 25.0599281722833 10.1980390271856 6.32455532033676 20.0249843945008 26.9258240356725 72.0277724214764 1 10.0498756211209 7.28010988928052 94.0212741883453 78.7464284904401 3.16227766016838 85.7088093488645 85.0235261559999 71.5891053163818 83.3846508657319 79.1012010022604 77.0259696466069 82.2982381342395 1 72.4223722339996 76.0591874792257 80.3056660516554 68.9492567037528 71.7843994193724 68.8767014308903 80.3056660516554 69.778220097678 76.5375724726098 2.23606797749979 94.5304183847718 82.0975030070952 78.1024967590665 74.3303437365925 98.1274681218261 72.0277724214764 73.0273921210391 82.0060973342836 79.1012010022604 48.8364617882991 22.0907220343745 70.0071424927486 15 12.6491106406735 29.1204395571221 11.6619037896906 6.32455532033676 4 10.295630140987 72.0277724214764 20.3960780543711 3.16227766016838 8.60232526704263 22.4722050542442 21.5870331449229 30.0832179129826 8.60232526704263 29.732137494637 21 72.1110255092798 24.1867732448956 9.21954445729289 5.3851648071345 20.0997512422418 25.9615099714943 1 73.0273921210391 9.05538513813742 6.32455532033676 47 24.0416305603426 79 10.4403065089106 4.24264068711928 33.6154726279432 7.07106781186548 4.24264068711928 5.09901951359278 6 81.0061726043145 24.6981780704569 6.32455532033676 6.32455532033676 27.8028775489157 26.0768096208106 35.2278299076171 6.32455532033676 34.6698716467194 23.7697286480094 81.0555365166378 16.2788205960997 3 5 23.7065391822594 17.0880074906351 10.0498756211209 82.0060973342836 9.05538513813742 4.24264068711928 50.0899191454728 20.3960780543711 76.0591874792257 9.21954445729289 8.48528137423857 29.5296461204668 5.65685424949238 1e-05 2.82842712474619 4.24264068711928 78.1024967590665 20.591260281974 3.16227766016838 3.16227766016838 23.6008474424119 21.9544984001001 31.0644491340181 3.16227766016838 30.5286750449475 19.9248588451713 78.2304288624318 20.5182845286832 3 1 19.6977156035922 21.0237960416286 7.28010988928052 79.1012010022604 6.32455532033676 4.24264068711928
Deviation Vector:
95.9639781660713 53.4013877678203 20.4456942848327 23.159067073521 56.5534366133994 54.734983265951 14.5989730991468 4.23087542663078 4.80709199468798 138.421575657621 2.77014009133135 66.5677153662121 57.9888117047203 67.6618032730818 45.0711275929814 7.02976767147203 80.2656175315136 77.8697386904525 84.3478352927685 143.598484177829 9.82046332600425 10.4471756705423 2.04076145165929 21.979326385453 50.4161890884962 78.6892894290012 69.1458350020545 77.0787617474932 28.1669266511509 58.7282775810318 77.2470377714043 25.4765578181217 2.08364276471881 40.5665176945649 10.0547111272096 15.2628775942267 17.2009215565758 25.4847334963719 17.2980463692909 72.6636128223661 6.40863838805723 20.6222919636044 11.6270438587444 4.82694963475054 2.16862843286648 18.5603729747216 10.0960112907717 2.59893610149309 1.48469738814912 12.2020643017697 4.87586275476996 19.553120074197 7.37182449154656 0.741802517110991 45.9650937793653 33.5283275893277 11.3731908384969 7.75225961978638 35.148813334037 15.1690595440256 140.03549254827 70.5735081909184 89.2809891088167 1.97601836935273 52.2670186093976 25.4267176747855 66.7269130171862 118.925667290891 116.485362042532 0.42898194037733 63.3494003238224 62.6000289907823 90.5754037131775 103.339572860111 91.78298361857 97.2611814793611 95.8292745133911 18.7205888239093 3.4344978430829 1.00380744852882 40.009498416424 13.5973064083477 90.1601579194718 57.0062706514053 32.1612152539011 56.3565368308902 2.16519586323265 33.7640206147774 92.240711631907 39.5771967187098 69.9797655600397 17.4614546008039 120.115621926658 8.84595545902015 30.033826246619 2.13203056945121 9.1926447517844 4.09031561576766 2.85965090806295 71.2471967620347 10.3204220887013 17.9008645872522 0.460179705854906 1.81767416285349 29.778180824115 42.0458598576048 9.9720429819213 30.3908575027839 1.08531052725637 136.355168853644 30.2471862175602 3.81123744068767 1.48320858664029 16.0011240279733 26.8298875937852 7.71109726192399 7.63174421889828 5.39685247162836 10.1269569188564 11.5857096602255 38.8159604175442 15.8688698398635 57.0235923101229 9.20197299734852 47.1743336490745 1.60440122056448 11.0237633033766 5.55308754039338 4.71501961341611 20.5646205677323 42.1663356664728 10.5894209521922 1.08091597427047 49.10308379546 33.4512082066687 60.5322880062843 13.5568481064315 40.2889595566831 26.4876078753745 115.979642227388 12.2261482962377 4.37848057826322 2.34918070489283 32.3736468494642 20.6984979017021 21.1672222992005 2.2531285632491 0.178543681361086 1.22904931801793 8.45546929559459 98.9645245922694 13.642412476872 107.198078110313 9.36168731842043 9.48400757511897 33.8238128944848 14.6669436068172 47.2326794480514 5.27471399300116 70.2365300322827 1.51060357607514 0.581203602972891 10.8705471930606 1.91714918735021 11.8323051553111 4.50704880877757 5.04062520709734 2.48813935071079 9.71061160169472 81.4813376977717 49.3291119594162 9.39632028538756 4.79915825934313 12.5323852804844 70.599015037622 2.60241902064845 84.699795532682 43.50976190619 3.50554223910706 43.4920827649041 46.6787100065593 24.5975591758727 81.6154023721217 2.89912505381593 0.898046074223639 36.032959381867 2.07971195135252 4.96173473352647 1.68542882762171 45.4847257527136 31.2514806833358 11.7049153176788 1.80884108579477 8.15330360892198 0.173982744419008 15.1861629073825 0.708282282328768 5.70174297691551 2.11000536917757 93.9640569599973 28.067069191423 4.5992259661139 9.22020611318364 27.5775519867525 14.7356053933485 16.0538908763888 132.228979539627 3.48879312458603 8.12483889685238 0.36039374245349 7.2952818050267 7.89231365444847 109.430503994508 10.7126782775978 10.1061833596351 45.0863136731925 4.54382626793525 4.40858376222131 2.05859581774967 28.7944495033841 9.97429932127795 1.3828900357835 0.325709280132711 24.9319487266193 17.2404887703408 3.45436498089457 4.91961395966392 30.8114093144187 6.03664070485699 3.63106331190275 10.6775448261177 0.0213941905609724 1.16189111825006 6.57904429450204 31.5931760926323 2.02324879653454 127.767451200395 9.24751031428646 2.44832670611717 1.13792048431883e-05 73.6380006257603 15.9654033538406 112.850904512545 16.1150005981799 2.31055011278266 33.1911394384583 10.5111219220381 3.00257323654488 7.22575922833093 7.42151274183295 30.8084222190059 2.13018953554807 3.11912727661772 37.0842107762041 21.3925491564478 41.9361116915573 0.10552716922616 27.1006771155322 15.0310814037394 24.4349467703116 18.97987011747 6.58883543591652 0.733876323466543 9.34741252230551 34.4770951078103 1.02294006947683 55.8880768201932 6.18564457006048 0.206011506053539 3.68445230568035 56.0732595554207 28.7955449162962 31.6137502182549 4.78256714491095 12.1261033083857 18.800733060514 0.593574228414136 3.77851922096616 0.654615182035889 117.204587160248 19.6156706241792 10.9812231752206 2.64304580206725 35.5582743558093 30.3962530764687 19.2479191957156 2.43402437493854 43.1925402821311 27.4849957228989 23.9435095449039 2.96605932459565 2.34891561301295 7.58653473267807 8.75625499118153 24.6126348327559 16.1944734974576 55.5782386051025 3.39612285143477 8.21125973874852 3.0365825839511 0.574329966220968 62.2499736368095 1.46608902021457 34.3265933469731 10.9526336967781 21.7357436591386 87.5421698011842 42.9619900331238 91.0885212949301 93.9133982318782 26.109759840392 42.0332862222725 83.4015208693835 4.11448940733546 32.3586931116021 58.1190435396321 54.8825369360114 3.26930950759964 51.1283690607356 1.12572384305468 31.919848794949 66.4182636136671 103.768934705331 17.039197293752 125.268906621023 67.4852741930202 0.054350534508692 24.3959039270857 103.686325256788 111.131560300895 72.9998166625626 8.13430258697409 41.3298805371944 1.62593816433536 1.87462848248114 6.50323255326386 7.74641301815697 23.2173408063738 27.5107696643758 31.5481200482828 46.9064700376774 0.326671866467757 9.72876651230755 0.336268699293187 0.108376600364399 10.4156428011384 17.4203970649943 7.68638228675111 4.23561433823368 116.312718919936 54.0693996622128 30.3866171738156 16.2124309216664 2.10197669049544 63.4273853015882 9.48445917305088 27.1412026870923 0.586748966240896 19.9481670540827 0.584743122472865 71.6626957717513 4.95662921771072 95.9977058895896 5.08212983620014 3.28948354264425 40.2200068529405 9.88520219828312 2.24760727360374 1.24553041348491 5.76845829047494 50.5740274653385 31.1224937597722 4.61641399386172 27.3175429306674 34.8654428367703 27.1506611332558 3.11284776959235 27.8320728692138 0.70784879295506 118.580109669745 20.3249542981589 8.31210120442317 2.9510845338265 1.85950820524532 18.5202007848199 5.3360504232145 42.8686921225866 3.6869199336693 8.36707083740489 4.33643285543714 63.3431688429261 20.3473257496685 124.118981436631 5.65077185242133 16.1673714583232 8.24377483466228 2.0102332030649 3.45668492046055 5.89495475035819 3.03282911305471 21.1514833621999 1.08653268147869 8.07289313248959 23.7469956121702 25.1043128784813 41.4535150516113 3.49132440611093e-06 5.12378633736194 12.605066808276 30.5428257979683 2.87109490662001 0.0389699956169042 0.448129402302976 25.3669992865 2.28133629943195 8.63617295006786 89.7794504406417 5.75562320052553 2.8776306659966 2.5759155470599 29.422536116827 0.230663260300251 22.1372721563028 9.20707699858035 28.9886770690106 1.96325345149712 16.2836850502182 36.3723446699114 33.2220938003153 1.85831676107859 97.3331202221869 0.0573702138149161 3.15022591333427 27.019177193461 3.29005235930374 10.610520114212 22.4792190056214 10.5257034393007 12.5790282867885 8.27143159798703 8.94469516023954 1.94789282109306 3.02024183586506 1.9944952992619 66.0657482211459 5.23837653169611 85.7263697543007 22.8803773767497 25.1817150123242 1.69863018794657 14.5313584109833 9.33208289641519 6.51396640949472 11.296815242837 2.66530313340058 7.61866157036986 17.4659986905595 17.1932512378889 20.909395561337 12.1305697573531 61.1141220897247 1.01830228181477 12.590263879912 20.01493164943 0.97701386407579 0.505478576521545 15.352610654519 11.6186054543446 7.50321705323751 51.0356710793913 61.8002672952012 1.83855526717327 16.9634388529883 5.06662960569004 16.6524384387169 14.756030383324 15.2548376620356 0.491644841549137 2.14027552608738 24.5502320952449 7.44603325284473 4.13025714406781 53.3589460324494 5.65850153571325 32.7623341510785 2.6994091323601 36.1940391450181 0.881281131973985 1.7975227399733 14.5962204953717 40.7149404671383 9.772519055643 36.4641817079028 34.563502252048 2.23692198333404 14.0561746146252 36.164784195837 1.06135277894304 16.2836122561337 76.6372937444613 7.61565326963533 35.8717136525733 36.3431215401855 11.3038875521394 53.6957037986181 47.4600321798594 0.182465111144435 38.564908915986 57.0348651920901 2.63193471600027 41.0420630724482 1.54928677700355 28.8230961881099 10.151964161121 2.85296763898333 33.0759379648071 2.71616844975534 4.63955903751632 7.1891208776964 1.83103292562294 25.3551150956099 3.82292853764617 1.17940957209999 1.5186331625181e-05 30.4621325577845 10.0442874554829 41.3820312331257 28.6254880296495 27.3065263863909 82.6472547013341 10.7267705752803 0.309688758422672 1.82681424175795 0.895467872125043 22.1661138303472 14.8688878918892 1.69433038243714 8.83698061434279 7.78991884226895 0.0435810829800479 87.1132190041731 5.08718658149245 6.74490879077888 43.1730408074364 13.1372476000474 0.756635147109184 31.6173563731237 36.5498217570841 6.85983420929654 19.9875808998553 33.5016333296839 5.38827619183771 26.2360145596059 19.8744031413353 3.13856592153955 5.48927482282251 1.19710658286742 6.33972683003279 0.154246394062643 79.1432699529305 63.8200176820612 16.0920296369238 36.6269417441102 1.60008734874431 27.268377039008 18.1907402217567 6.36254867891637 17.0068696153551 0.673852482979256 40.3856747591429 40.761508588313 2.52997532711261 5.55510625697399 11.6587313609471 27.4616248399872 4.40097604860331 19.2052376145522 8.51494211660219 34.4443390093418 23.5792624905873 82.9416178686579 1.94318960444722 3.982587858626 6.05135320360703 9.32947932297585 3.14020740283584 12.8378052109232 12.8702068683697 10.3719692766499 76.0072814701911 9.58042852442004 10.1853311641965 29.4106955467845 3.27617228717592 23.494033667032 8.86203042035124 35.0011610318307 15.0586447355727 23.6158606847232 9.49904036190265 38.1261803436535 123.872778427831 5.79838458042587 41.5919575791364 53.7568866878063 69.5598498165904 74.6215200767335 6.17490350319069 106.507779303942 72.3884675663063 2.72675303949457 62.770735374978 102.189694858552 124.061245775261 83.6176442794501 64.3145869726575 38.7126960853958 45.7380756880016 0.694298698986828 107.595519984442 146.781938071108 20.7018053246118 20.8394847695568 106.790327688053 9.09157013233734 63.6970094512 0.532834292840606 39.7324284796852 130.726282434099 96.3656086485263 38.9997183173918 15.5819202406233 108.600088191394 23.0659624826038 10.7095529419706 9.80226527024272 7.49617148229924 3.41343238856698 5.77091871700579 2.6736654219227 98.6412224128592 0.583274462975809 22.1805480198678 17.3482877503117 69.1778743719563 24.7697560225433 3.11193710868359 11.2386210747101 58.947818501749 2.76550299686678 27.5995516555179 20.48543362055 6.92194717626631 22.2853774734304 5.94047009625274 10.5067192235971 138.129999415493 28.2026556372444 15.7945808264296 29.7038300599371 38.5754085389442 7.87492326543994 17.5026783082591 2.51279115488473 9.26544075411786 34.5055600022945 2.17842657664412 0.330652107984682 6.87757595948598 2.41703612105961 19.3587094071011 15.6616997983854 4.98812248408402 4.46247244927766 38.0670527289927 18.1340198482745 6.59035691789258 5.60253278589678 41.1767556650156 28.7130739626061 131.950243643691 29.0297640847932 3.4014987168069 6.83056624955097 9.42691100848425 1.54780374319491 61.0036689829739 3.21203151271684 3.95343283877816 0.26091427610079 8.51332419754839 9.3630599827599 34.423408113389 3.87186618418054 7.31035347082616 6.20553206927366 9.61679355047112 1.32126521474073 0.723802150832475 5.76339511115942 38.5980461431956 11.3180754772281 0.518098983598157 4.76163743297642 3.99936390577018 2.11419683145722 14.1243385609764 1.35075432105799 0.779994477999558 2.25929467890016 8.80676377018335 0.514589834880084 0.252037908838827 18.6257075111036 7.6323271678374 3.64627084189578 87.1762278972987 5.87557991545109 4.62459887301663 0.807642571201922 81.1480073042022 4.89539682603726 90.4282395129729 0.183487044144425 41.2817183911798 4.37189656646007 4.1263445318136 26.8146338882324 2.75852262437851 10.1836536954562 65.1312619139523 1.26541519634912 21.8056096238841 19.5804726462748 1.98907922281481 4.05909193333265 14.6643632450207 13.8134207190234 0.360724246669898 2.78120897612416 66.9445273109692 5.75010671846514 26.7484626521705 18.6887201986616 42.3959815634396 32.3604328653265 114.780269603355 12.0627837847687 25.6202519868808 16.600554565706 61.9586893274259 23.4080376390893 29.6099484913908 21.6887516882192 8.5750128920701 8.20077139392394 29.5607415942296 18.2172631089217 33.9075423501551 32.4271584139139 137.338488803525 31.4244366527604 14.6945466332859 19.4162000885724 12.3808785453038 39.1785371167683 27.8545644223016 32.5340250481081 5.84256498135746 22.0208736186135 108.821474964349 6.54843297464148 13.4480448746038 16.7336298841099 13.89938981235 5.83025904933015 73.8551630996951 7.31747907544912 13.9553708912617 4.35244415103995 55.1410039644586 13.280401609713 57.927676296865 22.700222262387 0.324158404335557 42.7779400809878 20.1252267862356 11.0153977471639 3.61164510351386 16.9003021855789 107.117116546553 10.3134418836233 2.79688651606435 4.80631050441923 31.1559210973063 20.6169742326363 43.5335111037981 3.16888928528189 24.7628341141243 33.2644401295994 65.6050276338393 8.44396111119574 9.97955501919569 0.18194254639579 22.0262528661285 36.1503137311584 17.6682705117397 0.226238132237834 16.3254974313747 7.7312898728866 40.7359195141907 88.4106898612687 0.106720380369425 109.082131014681 79.2477813181796 4.12213986819216 94.1019428908818 72.1316906548345 120.981747670996 18.4769238044986 0.797154603216707 105.186960739164 55.8638500452574 118.490947886079 23.1346864277994 37.0130491089363 56.0363625431385 13.9231469554735 59.4172500476426 2.23421018698798 0.289032719175275 13.9641903937549 30.0593238921664 86.5246983932975 13.1185105749093 143.862751245416 59.3565452758646 30.8020288598961 5.41017756403706 65.0354811049908 72.4616700333738 11.0284761712868 22.3015769802282 22.7626442416577 1.84166291918479 36.4189044917406 18.3685499463284 8.05827147265767 2.14470375091622 15.6432459162944 107.94343949452 27.1947137854066 4.25475139838198 5.21962802552107 26.57302666889 1.17988239277008 33.7649086855239 3.18039640711363 6.77993498443693 7.2986265765174 28.7654196087957 8.64177086839957 4.56621271365836 4.11990069744927 29.4487182816479 17.4400236330978 0.604781089851574 48.407045889468 9.90253400439004 4.24222052274738 69.7969830644017 22.8628216678104 92.4291798511816 1.85062834833748 3.57286362562928 44.2240403334841 10.096695444126 3.35540523899505 4.91221617616801 2.0263122207962 55.4031479866007 20.6391714566247 0.282730688000553 2.54918977629995 40.1035672914179 32.001143006274 16.1244573094307 5.93536118440878 55.364366121207 16.3001670296302 104.23876956954 6.01437935885094 3.12913930103081 0.774731800872009 26.8952284929201 15.0687062119386 8.30834243715843 9.26195173014585 13.9877702948511 1.24698556361114 39.2552789376634 28.6235992653886 94.6849667080559 3.01792765375869 13.4122215132286 13.6034742265488 0.0937933197681761 1.38218822953365e-05 3.53991334444839 4.15755590505784 7.30737390370137 6.36558487476868 0.598477975050254 0.4372322651495 16.8085807696461 0.117123196673519 42.4170389537123 3.69961730345568 28.8128969349906 26.6197825007461 17.9405294244261 12.3821460413126 0.237370128138397 1.27237573284228 14.9390475733605 25.5151120373346 3.84287492046448 125.385386525222 8.38998021332036 1.8930861675614
