Instancenumber:
18
Instancename:
B-n31-k5
Customers:
30
Depot:
0
Dimension:
930
Vehicles:
30
Capacity:
100
Demands:
0 25 3 13 17 16 9 22 10 16 8 3 16 16 10 24 16 15 14 5 12 2 18 20 15 8 22 15 10 13 19
Uncertainty:budgeted
Gamma:
30
Mean Vector:
70.3491293478462 91.9238815542512 57.0788927713213 44.1021541423999 77.8781098897501 54.0092584655631 50.0899191454728 48.2597140480546 53 93.150415994777 69.2314957226839 49.3659801887899 53.0377224247045 71.0633520177595 70.4059656563277 78.587530817554 53.0377224247045 78.3390068867355 69.5844810284592 92.1791733527699 37.9473319220206 50 50.1597448159378 68.8839603971781 44.0113621693308 49.0306026885251 94.0212741883453 48.8364617882991 47 50.0899191454728 70.3491293478462 75.5843899227876 16.4012194668567 27.8567765543682 11.6619037896906 17.8885438199983 20.3960780543711 22.0907220343745 18.3847763108502 77.7946013551069 6.32455532033676 21.0237960416286 17.7200451466693 10.0498756211209 7.07106781186548 14.3178210632764 17.7200451466693 13.4164078649987 2.23606797749979 78.4346862045103 38.9486841883009 21.1896201004171 20.2237484161567 4.47213595499958 37.0135110466435 22.2036033111745 78.7464284904401 22.0907220343745 24.0416305603426 20.3960780543711 91.9238815542512 75.5843899227876 82.6075057122535 82.0548596976437 68.4470598345904 80.3056660516554 76.0591874792257 74.0067564483136 79.227520471109 2.23606797749979 69.2603782836912 73.0273921210391 77.2334124585985 65.7875368135941 68.6221538571911 65.7419196555744 77.2334124585985 66.6408283261845 73.3757453113766 3.60555127546399 91.6624241442479 79.0569415042095 75.0599760191808 71.1688133946323 95.1892851112981 69.0072459963445 3.16227766016838 70.0071424927486 79 76.0591874792257 57.0788927713213 16.4012194668567 82.6075057122535 13 27.5862284482674 3.60555127546399 9.21954445729289 12.0415945787923 5 84.717176534632 19.4164878389476 12.0415945787923 6.40312423743285 23.3238075793812 20.8086520466848 29.8328677803526 6.40312423743285 29.0688837074973 16.9705627484771 85 22.8473193175917 7.61577310586391 9.89949493661167 17.8044938147649 20.6155281280883 15.8113883008419 85.7088093488645 15 10.4403065089106 9.21954445729289 44.1021541423999 27.8567765543682 82.0548596976437 13 37.7359245282264 10.1980390271856 8.48528137423857 8.94427190999916 9.48683298050514 84.0238061504 28.8444102037119 10.295630140987 10.295630140987 32.0156211871642 30.2324329156619 39.4081209904761 10.295630140987 38.8329756778952 27.7308492477241 84 12.0415945787923 6.70820393249937 9.21954445729289 27.7848879788996 13.3416640641263 13.6014705087354 85.0235261559999 12.6491106406735 4.24264068711928 8.48528137423857 77.8781098897501 11.6619037896906 68.4470598345904 27.5862284482674 37.7359245282264 28.4253408071038 29.5296461204668 30.4630924234556 28.6006992921502 70.6823881882892 8.94427190999916 29.1547594742265 27.459060435492 7 7.61577310586391 3 27.459060435492 2 10.6301458127346 71.5541752799933 49.4064773081425 31.0644491340181 29.0688837074973 10 48.1040538832228 28.8617393793236 71.5891053163818 29.1204395571221 33.6154726279432 29.5296461204668 54.0092584655631 17.8885438199983 80.3056660516554 3.60555127546399 10.1980390271856 28.4253408071038 5.65685424949238 8.48528137423857 1.4142135623731 82.3893196961839 19.7989898732233 8.60232526704263 3.16227766016838 23.43074902772 21.2132034355964 30.4138126514911 3.16227766016838 29.732137494637 18.0277563773199 82.6075057122535 21.095023109729 4.12310562561766 6.40312423743285 18.4390889145858 19.8494332412792 12.5299640861417 83.3846508657319 11.6619037896906 7.07106781186548 5.65685424949238 50.0899191454728 20.3960780543711 76.0591874792257 9.21954445729289 8.48528137423857 29.5296461204668 5.65685424949238 2.82842712474619 4.24264068711928 78.1024967590665 20.591260281974 3.16227766016838 3.16227766016838 23.6008474424119 21.9544984001001 31.0644491340181 3.16227766016838 30.5286750449475 19.9248588451713 78.2304288624318 20.5182845286832 3 1 19.6977156035922 21.0237960416286 7.28010988928052 79.1012010022604 6.32455532033676 4.24264068711928 1e-05 48.2597140480546 22.0907220343745 74.0067564483136 12.0415945787923 8.94427190999916 30.4630924234556 8.48528137423857 2.82842712474619 7.07106781186548 76.0263112349928 21.540659228538 1.4142135623731 5.8309518948453 24.1867732448956 22.8473193175917 31.7647603485372 5.8309518948453 31.3049516849971 21.3775583264319 76.1051903617618 20.8086520466848 5.3851648071345 2.23606797749979 20.8806130178211 22.1359436211787 5 77.0259696466069 4 5.09901951359278 2.82842712474619 53 18.3847763108502 79.227520471109 5 9.48683298050514 28.6006992921502 1.4142135623731 4.24264068711928 7.07106781186548 81.3019064967114 19.8494332412792 7.21110255092798 2 23.3452350598575 21.2602916254693 30.4795013082563 2 29.8328677803526 18.3575597506858 81.4984662432367 20.8086520466848 3 5 18.6010752377383 20 11.1803398874989 82.2982381342395 10.295630140987 6 4.24264068711928 93.150415994777 77.7946013551069 2.23606797749979 84.717176534632 84.0238061504 70.6823881882892 82.3893196961839 78.1024967590665 76.0263112349928 81.3019064967114 71.4702735408225 75.0599760191808 79.3095202355934 68.0073525436772 70.8378429936994 67.9779375974294 79.3095202355934 68.8767014308903 75.5843899227876 2 93.5360892917809 81.0987052917616 77.1038261048049 73.3757453113766 97.1287804927046 71.028163428319 1 72.0277724214764 81.0061726043145 78.1024967590665 69.2314957226839 6.32455532033676 69.2603782836912 19.4164878389476 28.8444102037119 8.94427190999916 19.7989898732233 20.591260281974 21.540659228538 19.8494332412792 71.4702735408225 20.2484567313166 18.6010752377383 4.12310562561766 1.4142135623731 10.6301458127346 18.6010752377383 10 4.12310562561766 72.1110255092798 40.6078810084939 22.2036033111745 20.1246117974981 2 39.6232255123179 20.2237484161567 72.4223722339996 20.3960780543711 24.6981780704569 20.591260281974 49.3659801887899 21.0237960416286 73.0273921210391 12.0415945787923 10.295630140987 29.1547594742265 8.60232526704263 3.16227766016838 1.4142135623731 7.21110255092798 75.0599760191808 20.2484567313166 5.65685424949238 22.8254244210267 21.540659228538 30.4138126514911 5.65685424949238 29.9666481275434 20.2237484161567 75.1664818918645 22.2036033111745 6.08276253029822 2.23606797749979 19.6468827043885 23.4093998214393 4.12310562561766 76.0591874792257 3.16227766016838 6.32455532033676 3.16227766016838 53.0377224247045 17.7200451466693 77.2334124585985 6.40312423743285 10.295630140987 27.459060435492 3.16227766016838 3.16227766016838 5.8309518948453 2 79.3095202355934 18.6010752377383 5.65685424949238 21.9317121994613 20 29.2061637330205 1e-05 28.6006992921502 17.464249196573 79.5110055275369 22.0227155455452 3.60555127546399 3.60555127546399 17.4928556845359 21.6333076527839 9.4339811320566 80.3056660516554 8.60232526704263 6.32455532033676 3.16227766016838 71.0633520177595 10.0498756211209 65.7875368135941 23.3238075793812 32.0156211871642 7 23.43074902772 23.6008474424119 24.1867732448956 23.3452350598575 68.0073525436772 4.12310562561766 22.8254244210267 21.9317121994613 3 7.61577310586391 21.9317121994613 7.28010988928052 8 68.7095335452075 43.9317652729776 25.4950975679639 23.0217288664427 6.08276253029822 43.2781700167648 22.1359436211787 68.9492567037528 22.4722050542442 27.8028775489157 23.6008474424119 70.4059656563277 7.07106781186548 68.6221538571911 20.8086520466848 30.2324329156619 7.61577310586391 21.2132034355964 21.9544984001001 22.8473193175917 21.2602916254693 70.8378429936994 1.4142135623731 21.540659228538 20 3 9.21954445729289 20 8.60232526704263 5 71.5122367151245 42.0119030752 23.6008474424119 21.4709105535839 3.16227766016838 41.0365690573664 21.3775583264319 71.7843994193724 21.5870331449229 26.0768096208106 21.9544984001001 78.587530817554 14.3178210632764 65.7419196555744 29.8328677803526 39.4081209904761 3 30.4138126514911 31.0644491340181 31.7647603485372 30.4795013082563 67.9779375974294 10.6301458127346 30.4138126514911 29.2061637330205 7.61577310586391 9.21954445729289 29.2061637330205 1 13.0384048104053 68.8839603971781 51.2249938994628 32.8024389337135 30.5286750449475 12.0415945787923 50.2095608425328 29.732137494637 68.8767014308903 30.0832179129826 35.2278299076171 31.0644491340181 53.0377224247045 17.7200451466693 77.2334124585985 6.40312423743285 10.295630140987 27.459060435492 3.16227766016838 3.16227766016838 5.8309518948453 2 79.3095202355934 18.6010752377383 5.65685424949238 1e-05 21.9317121994613 20 29.2061637330205 28.6006992921502 17.464249196573 79.5110055275369 22.0227155455452 3.60555127546399 3.60555127546399 17.4928556845359 21.6333076527839 9.4339811320566 80.3056660516554 8.60232526704263 6.32455532033676 3.16227766016838 78.3390068867355 13.4164078649987 66.6408283261845 29.0688837074973 38.8329756778952 2 29.732137494637 30.5286750449475 31.3049516849971 29.8328677803526 68.8767014308903 10 29.9666481275434 28.6006992921502 7.28010988928052 8.60232526704263 1 28.6006992921502 12.2065556157337 69.7710541700496 50.60632371552 32.2024843762092 30.0166620396073 11.3137084989848 49.4974746830583 29.4108823397055 69.778220097678 29.732137494637 34.6698716467194 30.5286750449475 69.5844810284592 2.23606797749979 73.3757453113766 16.9705627484771 27.7308492477241 10.6301458127346 18.0277563773199 19.9248588451713 21.3775583264319 18.3575597506858 75.5843899227876 4.12310562561766 20.2237484161567 17.464249196573 8 5 13.0384048104053 17.464249196573 12.2065556157337 76.2167960491649 39.1152144312159 21.0237960416286 19.6468827043885 2.23606797749979 37.5366487582469 21.0237960416286 76.5375724726098 21 23.7697286480094 19.9248588451713 92.1791733527699 78.4346862045103 3.60555127546399 85 84 71.5541752799933 82.6075057122535 78.2304288624318 76.1051903617618 81.4984662432367 2 72.1110255092798 75.1664818918645 79.5110055275369 68.7095335452075 71.5122367151245 68.8839603971781 79.5110055275369 69.7710541700496 76.2167960491649 93.3434518324665 81.2219182240853 77.2334124585985 74 97.0463806640928 71.1125867902441 2.23606797749979 72.1110255092798 81.0555365166378 78.2304288624318 37.9473319220206 38.9486841883009 91.6624241442479 22.8473193175917 12.0415945787923 49.4064773081425 21.095023109729 20.5182845286832 20.8086520466848 20.8086520466848 93.5360892917809 40.6078810084939 22.2036033111745 22.0227155455452 43.9317652729776 42.0119030752 51.2249938994628 22.0227155455452 50.60632371552 39.1152144312159 93.3434518324665 18.4390889145858 21.2602916254693 39.4081209904761 6.40312423743285 25.0599281722833 94.5304183847718 24.1867732448956 16.2788205960997 20.5182845286832 50 21.1896201004171 79.0569415042095 7.61577310586391 6.70820393249937 31.0644491340181 4.12310562561766 3 5.3851648071345 3 81.0987052917616 22.2036033111745 6.08276253029822 3.60555127546399 25.4950975679639 23.6008474424119 32.8024389337135 3.60555127546399 32.2024843762092 21.0237960416286 81.2219182240853 18.4390889145858 4 21.095023109729 18.3575597506858 10.1980390271856 82.0975030070952 9.21954445729289 3 3 50.1597448159378 20.2237484161567 75.0599760191808 9.89949493661167 9.21954445729289 29.0688837074973 6.40312423743285 1 2.23606797749979 5 77.1038261048049 20.1246117974981 2.23606797749979 3.60555127546399 23.0217288664427 21.4709105535839 30.5286750449475 3.60555127546399 30.0166620396073 19.6468827043885 77.2334124585985 21.2602916254693 4 19.313207915828 21.9317121994613 6.32455532033676 78.1024967590665 5.3851648071345 5 1 68.8839603971781 4.47213595499958 71.1688133946323 17.8044938147649 27.7848879788996 10 18.4390889145858 19.6977156035922 20.8806130178211 18.6010752377383 73.3757453113766 2 19.6468827043885 17.4928556845359 6.08276253029822 3.16227766016838 12.0415945787923 17.4928556845359 11.3137084989848 2.23606797749979 74 39.4081209904761 21.095023109729 19.313207915828 38.1837661840736 20.0249843945008 74.3303437365925 20.0997512422418 23.7065391822594 19.6977156035922 44.0113621693308 37.0135110466435 95.1892851112981 20.6155281280883 13.3416640641263 48.1040538832228 19.8494332412792 21.0237960416286 22.1359436211787 20 97.1287804927046 39.6232255123179 23.4093998214393 21.6333076527839 43.2781700167648 41.0365690573664 50.2095608425328 21.6333076527839 49.4974746830583 37.5366487582469 97.0463806640928 6.40312423743285 18.3575597506858 21.9317121994613 38.1837661840736 26.9258240356725 98.1274681218261 25.9615099714943 17.0880074906351 21.0237960416286 49.0306026885251 22.2036033111745 69.0072459963445 15.8113883008419 13.6014705087354 28.8617393793236 12.5299640861417 7.28010988928052 5 11.1803398874989 71.028163428319 20.2237484161567 4.12310562561766 9.4339811320566 22.1359436211787 21.3775583264319 29.732137494637 9.4339811320566 29.4108823397055 21.0237960416286 71.1125867902441 25.0599281722833 10.1980390271856 6.32455532033676 20.0249843945008 26.9258240356725 72.0277724214764 1 10.0498756211209 7.28010988928052 94.0212741883453 78.7464284904401 3.16227766016838 85.7088093488645 85.0235261559999 71.5891053163818 83.3846508657319 79.1012010022604 77.0259696466069 82.2982381342395 1 72.4223722339996 76.0591874792257 80.3056660516554 68.9492567037528 71.7843994193724 68.8767014308903 80.3056660516554 69.778220097678 76.5375724726098 2.23606797749979 94.5304183847718 82.0975030070952 78.1024967590665 74.3303437365925 98.1274681218261 72.0277724214764 73.0273921210391 82.0060973342836 79.1012010022604 48.8364617882991 22.0907220343745 70.0071424927486 15 12.6491106406735 29.1204395571221 11.6619037896906 6.32455532033676 4 10.295630140987 72.0277724214764 20.3960780543711 3.16227766016838 8.60232526704263 22.4722050542442 21.5870331449229 30.0832179129826 8.60232526704263 29.732137494637 21 72.1110255092798 24.1867732448956 9.21954445729289 5.3851648071345 20.0997512422418 25.9615099714943 1 73.0273921210391 9.05538513813742 6.32455532033676 47 24.0416305603426 79 10.4403065089106 4.24264068711928 33.6154726279432 7.07106781186548 4.24264068711928 5.09901951359278 6 81.0061726043145 24.6981780704569 6.32455532033676 6.32455532033676 27.8028775489157 26.0768096208106 35.2278299076171 6.32455532033676 34.6698716467194 23.7697286480094 81.0555365166378 16.2788205960997 3 5 23.7065391822594 17.0880074906351 10.0498756211209 82.0060973342836 9.05538513813742 4.24264068711928 50.0899191454728 20.3960780543711 76.0591874792257 9.21954445729289 8.48528137423857 29.5296461204668 5.65685424949238 1e-05 2.82842712474619 4.24264068711928 78.1024967590665 20.591260281974 3.16227766016838 3.16227766016838 23.6008474424119 21.9544984001001 31.0644491340181 3.16227766016838 30.5286750449475 19.9248588451713 78.2304288624318 20.5182845286832 3 1 19.6977156035922 21.0237960416286 7.28010988928052 79.1012010022604 6.32455532033676 4.24264068711928
Deviation Vector:
105.054572649822 0.825244822225182 48.6804806590896 17.488051818488 117.189610970921 7.35408921361876 50.5615966902804 53.8829988468423 57.92496777518 128.62326065001 79.7848450431434 17.6151805424818 28.7806415402906 85.4978568408701 26.2293309251042 44.5276884355086 18.2526742998487 50.6767058226391 95.9530326885748 13.1061855018964 6.5392384449859 79.2278088278031 5.38146849321579 105.502902236317 44.4206124791558 57.8891098814122 43.3397761631378 67.5034098634771 19.2232034662971 10.8574665783329 8.5399277209456 20.8605552097541 3.70236201104718 27.1396483070861 7.84292593571726 1.86351798533296 22.6482147848394 1.22816394263744 22.442206836139 44.8873613387028 9.0846474837453 15.700259682428 16.5474521147857 3.5446719357899 2.28792349215966 18.704384804469 16.290178520165 8.9582211438116 0.731004432423993 52.7006857374039 31.5440725660072 10.5786886544147 12.7433061388104 4.10172957890486 14.9718506194827 0.290180657172792 37.1291018016366 19.118504384129 33.5453571895349 17.958876663478 99.4812696145295 114.638573981898 95.5353018493791 107.323698022134 59.1798360648411 16.2760618288059 107.405031647803 25.8048175492865 20.462309738672 2.25054403847578 64.1129695127058 4.99040306921989 9.80196203151844 15.3391191152998 28.8929519756213 29.6150738637126 118.903338992431 89.3221703911554 82.0473728237137 0.865699711304743 35.3736112055161 23.8533398719625 55.4949240470159 72.3094883498578 116.026043670986 78.933109471732 3.2542898699707 4.48427925974986 30.25276718878 60.6993489429493 53.9144941569872 24.0304101217752 56.8674167326622 6.17125597614333 31.6349186955788 5.59946578386501 6.24521229039582 11.2293128256598 1.3767435094199 79.2665693445258 6.07099142204119 14.4623046340308 6.42871865456004 10.252806637804 29.8435711466581 42.5130675305062 5.69916599754306 39.1667535312551 19.3302805815499 32.4611355691856 36.2696437865206 11.6137456086015 6.76748528935364 12.4715969099512 18.8558205917234 4.36665960873056 18.681697207086 4.76089298070479 3.55206788837171 5.54014854672286 49.1936154733107 35.7900345994135 36.0818068293541 2.30758270603468 5.02468052372672 16.1791150244506 0.883938481325255 7.24970936834318 8.46880879628178 31.8888704963067 3.45722418375526 12.4099695194231 16.2727672775851 35.980911482598 0.56240352521822 54.7140690929193 9.49823898474414 35.2860823013563 30.7653659290839 36.5612212875767 15.5403829837248 7.18154187918494 3.07809745346455 9.66447907460129 1.93040707030756 16.9815473562575 53.055021745125 4.587290887888 6.64355553893538 8.18176638455212 75.0410624045453 12.3033371721839 42.6200802930861 38.7117134414643 46.5098598414427 21.4846102881535 40.2620682197807 40.719466387775 44.7992230491162 44.5151251577587 0.803716389135814 1.74579245623603 5.73367427073992 0.308444544557564 9.01505754091768 0.682232271506429 39.3339862842116 0.959879950622486 12.0766280839418 65.5107930162766 45.2164429030882 24.8604614568121 10.4577234531465 12.4905915458241 55.2291678195247 14.5592106506494 62.369985564984 4.24509620776936 29.1481086977272 23.9419640764097 59.9506883237731 3.65514843293892 19.2279125233244 0.383393428701619 16.3946482413738 41.8404783391064 4.87711435057088 11.4103920598563 1.67199537049606 66.0912837445636 6.89347185627253 10.9433404615699 2.72608209029848 13.0504822302828 27.920839484977 12.7571436571918 2.48046455832749 33.3688146981095 16.2140248202889 24.2965009359549 8.68081841414408 0.776130463778554 7.00761979581199 14.2214586161484 28.5295594818411 7.72070739755005 106.374935880193 7.9554544865158 5.38784773270034 2.92160668229759 74.781835173921 5.00965927380829 54.8235371278827 0.977643054389707 2.98641988634431 20.732259928127 8.92642080044673 3.43403047287559 1.78388155339466 88.5617360895011 8.02956567389741 2.43064621324246 2.46565549254559 29.5485685261435 29.1032964996336 14.5867509209036 0.142681124619151 14.7656515931286 31.7179607314173 73.8895794697518 15.9588092861469 1.13113043709632 1.13275129613218 4.84259516450421 24.1418428251939 6.87026985037948 68.1872170271303 5.0449611513696 6.89801927525458 1.6239817870743e-05 63.4205211458356 32.9700700033037 18.0025094050663 4.92026487301638 14.2976442303177 18.131873359669 9.42450587592297 4.38452249233822 1.29383162096787 116.407958941211 22.7842883559691 0.810239159879386 3.92683011436043 5.10575922705545 4.53731853600654 11.8393310467018 3.96890324293234 7.62941650640177 18.3073997920933 49.1787562284082 24.7253559902409 0.0421293147654241 2.28802970163884 14.5043102049244 5.61519691798775 2.72601376948093 0.923466029668438 4.46277517241706 6.84737719423065 0.0325895891676608 59.0064890826857 18.9489301815857 119.158753535064 6.78292463411019 13.6543198029561 42.2199726575606 0.460251890849439 3.91865039114778 9.89952267003224 41.3357312107556 16.4441188938133 5.99525554968635 2.16269651997433 35.0619412408817 22.1636312327984 39.0119724663215 0.496523989678001 2.88797715676979 27.970570602044 90.0269576846247 15.4608227575141 3.25659975162451 5.56234626731196 2.60214380160579 3.07636262438031 15.2738870955353 56.3821008654965 1.70708912226851 5.13291713201298 1.70397358234225 16.5182993233804 26.6423618293472 3.20275672436423 4.65866691767846 6.10936287618826 88.0181229029454 126.152676286924 31.0970665053575 41.248196307095 106.085643884747 64.7935058246013 102.906801914442 40.4385467482348 24.5902655555937 88.3020126877263 105.527057196567 1.20377230595621 102.956843897951 1.72572528005016 3.07766445143035 91.0199424293783 62.1079426165671 76.9511511818431 33.6958575783529 87.971829820148 81.8129384702618 0.199015773684007 114.583111678928 106.737391567671 82.3592360970918 25.3458797974263 9.45504878418096 96.7548463634943 3.34107397707959 44.7078348068872 13.1452393800032 28.0618310180781 29.9561087091473 5.20193955616176 6.62062951503998 80.9963687970202 23.2467221517078 1.45444102631347 0.069369391542817 2.13497631700476 14.0820573501926 29.1887458853807 15.248343878748 4.91961627083686 114.802805513971 58.366560792942 11.9885321087258 14.7214426185258 1.61799059628964 39.5899304506638 0.220284725533883 24.2243935430765 24.4380806564017 39.5593400858745 0.530992546870992 30.9194855879288 7.17896569745175 111.057265059678 4.78001678060609 5.28724508675185 42.1105938956532 2.06710118222056 0.963019620613208 1.80005783522504 3.4742343109171 47.8939722336182 15.789240767259 0.0198996294382492 16.3491045193623 17.1592798836217 46.0213912189699 2.34561573487968 22.1588581268191 28.5491135846678 120.855105373186 15.6565054969065 7.43701802522943 1.16593758347374 28.2256529582751 9.4875472565192 6.26952369184612 110.098738132587 2.33937599250383 6.90902476050728 4.49962244281537 40.6037137784815 1.63731414946344 10.6604145099569 4.22592804777341 5.03824660869051 17.8915321880508 1.5116159588041 2.30736665421475 5.5750006006897 0.249004884114477 96.0789643872481 29.6534761630468 5.11536581232928 26.6461707455849 13.6820486192469 2.17677733085763 1.10178923210074e-05 31.4250935387792 14.2155863985714 70.5347256838069 23.7898058368 5.47724938211052 1.74292017792364 28.0176522901487 28.7597078395299 8.38385653827357 120.129231824288 9.89794431868909 0.0133894768820278 3.0420066292815 67.3092606763453 7.71508836216604 69.3641383256896 25.3110226340356 45.7073918191456 10.8060660015502 2.587380692109 6.59238710345267 15.6496046435968 24.8984269832566 27.4634668723419 0.957092129815199 23.6098564129648 28.6890550222188 4.34126923378625 0.701591087353119 30.3236570322289 6.7161443771764 9.52700841613342 39.1834158156462 8.05243907243302 16.4384712872788 10.6601267399421 4.05533710197688 26.8362249587795 3.67719381668125 107.242317536997 11.0033151584077 36.6089202085327 36.7582583078086 102.201867122916 4.5082183510569 47.9553418241745 18.3038814193837 2.91482674130718 3.8089927158814 16.9070615006644 4.54108197872368 17.8088834408875 30.7006698898178 90.2029292943754 1.67344527476162 1.07318541995006 13.6278608250473 2.5952016484134 13.800838683684 15.4703293003241 5.34515259221963 3.96549454723601 24.1744913314276 50.0629645097461 23.0437055194132 21.1019718522513 0.0896137211575002 0.686987225514434 34.2661669319231 13.958981150216 33.9374320804896 12.1569873026874 33.1773826614571 118.138511380698 4.17309565787028 34.3436529289942 17.1765468241421 46.1504583381817 1.85644507920558 32.7223549736407 10.6163057450306 26.2267536195248 6.98079516012006 10.8386347424392 5.02467958635161 42.9545517507133 6.11182203321232 8.7891743858796 6.00246352487979 2.33153769451153 0.301246003921712 16.5903263684717 60.1308231729939 32.7477761046287 27.4789960235851 6.80718572022887 19.5327877919078 43.484006510505 7.12731772375934 110.110966078258 31.9034738898547 6.53452368762275 13.6224258295264 50.1392177764283 1.10609587796906 56.3790817445112 9.39819364764204 6.57046276465357 7.54375897815511 1.45534559353281 0.277453706379523 3.59465631536778 2.57175265697144 25.1229580654697 14.4329814638382 0.747908687381031 1.02762389715704e-06 21.6068309744926 25.7257592506152 22.0162186962038 30.4602315920382 27.7250887981499 31.7960790824062 6.86229279418002 2.16506608982873 4.46225657794184 9.35128612071948 12.8987608403165 4.50295266344269 62.1802823950803 4.89100388394916 9.72602376990534 3.03511711799673 78.8943564917816 11.495499135827 68.1208483113612 3.21869592887401 27.1143321497778 0.06808613831243 11.4603714553531 35.3659516048038 3.81236819659255 29.8905191192932 56.3398326320223 4.38552661262555 4.54021000744598 27.1762076908732 3.94083305584322 9.77822409594154 0.610136184198019 37.0417958989953 7.02324790491381 39.8619163474921 3.47593309761627 28.562558711816 35.1737000660956 14.7790187334544 70.3628875663797 4.16768907060777 10.9732863766654 16.9322883091818 24.6250852625282 2.09833547202787 106.414349295419 0.203519731148108 67.9134479444399 15.70024994188 5.59451295063652 17.2610899919624 17.2920286616533 11.6998233551185 24.7101362752484 19.843986124514 120.113404868721 1.43288977301387 30.7304602753896 1.99604059510485 10.3817650929365 2.17246459792297 16.3108933582373 4.91638215584444 1.26073388021845 15.2440987959086 33.3588543017513 3.61544306969783 21.3557146458117 0.890616989571146 55.4890065823133 18.5467021009486 41.3304196895014 0.192696325165942 34.5058291048608 24.9115536494932 7.18161295095065 106.248279568203 4.83609646376386 85.2946490689309 54.8863422268569 110.410605888772 82.6824818371887 126.154233530214 38.3484031723449 43.2311419762197 2.1344464235912 33.6521252814424 65.9946872541295 76.3624556124906 39.917763002099 39.2856261345108 96.0858230533334 16.3480019763914 57.9704331432061 114.186277056513 37.8616428924478 4.65862137362529 3.3828880997171 110.451936864037 44.2194481206539 108.237835278368 1.67352872999819 71.7976622920847 124.115397758955 44.8847354639261 23.5115549409651 62.6742076950974 27.6832510290626 7.643116147819 11.876253008538 47.204031210459 5.29948399661057 7.40363622854565 19.5949733427609 15.7127476940586 83.3672753460282 15.534623608201 27.1278624493305 3.14747010907744 58.9982968098813 7.41072515948026 35.461759833408 24.4782796374436 19.3317486196219 59.5779898341865 91.7877121972992 14.5229788556902 33.6018436977546 40.4774211350134 4.18679328578325 10.2696816077383 87.2375271032332 33.9169200349392 22.8792205158929 16.9839027412838 17.4848402692545 8.44825112495978 64.079401704363 4.96327461735915 4.91864112044565 5.29558691365709 6.62637417403221 2.95334208639327 2.86114950920825 2.76738158465234 9.18104087466128 31.5865511942879 7.93808093562251 4.81335942354842 39.9127275928421 24.1110951356128 49.5770011229015 2.27667102706486 16.3194369733383 5.61416471734713 42.9038873429981 27.476250158229 4.21863078654978 10.1758719648578 16.3547002111542 0.838068288301559 73.2463662747281 1.7277709589101 4.45341424741443 2.01390375085428 50.9195568147059 4.20295245696546 80.3140896228322 1.97346124084362 7.924498179326 5.14173323834187 2.36800765600975 0.840318713549279 2.59680916340638 4.50561395132461 10.5195560418289 25.6495541652649 1.55935311278562 5.19720786764131 22.6344275154596 13.6667561044218 25.5439653141287 3.13038526591916 38.0599034806775 26.3955106183877 87.6793275918011 3.6109337753408 4.8290376027745 10.8842160249698 14.3044467749203 2.98399535703593 50.4341172125663 8.31692464995932 3.29607082670559 0.503868519325119 40.5981251541829 0.21473592270734 50.6502141528173 0.587958905128355 6.87303941828223 15.7122365204078 3.8704396910186 12.1571693913076 16.3953898734301 25.5063975305395 111.407095305586 1.84326082779733 20.0284924042239 10.3090273986039 4.48135928627002 1.18982129215704 14.7612147504926 27.5241570828072 14.0795390220729 1.93971246972485 95.5045370682524 29.6890078949294 21.8820747602745 16.8317630562021 50.2855832049556 1.26539599774118 99.8499389487966 6.76021534824085 38.1107508472336 7.41018834825047 36.9784258731913 21.1209897395603 40.3804112109134 31.9930926928296 8.05372553760854 32.3056161379972 29.7100560652968 17.1040420144266 28.5280204461843 13.1124434509832 54.2409014410085 46.7842738101061 36.9225364155564 34.134472855852 6.21954171035291 28.2183009139293 16.4574637906364 29.6281775478549 31.4182078926443 59.0167215493936 59.2645925424214 1.9145335562901 12.8368894720293 0.474764785752085 44.6946926100621 10.4973155054388 8.32496485829542 23.0407548099264 12.4092050054195 1.3896239672166 61.9595819236843 34.7796264953468 43.9387670089726 0.97332001920857 20.2926180016597 35.7994985970058 9.18616766768593 9.91819131212086 2.13794913141263 4.42243926649086 27.8178198841441 19.9412827133952 6.49918356520871 3.23162831951513 20.7536411211474 2.00198226052272 30.6297458167788 11.9370940248207 43.0343492588871 0.811263936870021 86.133451501213 11.2155547412916 3.44273354805657 1.7971278159258 9.39565795622972 40.6069257760754 48.5475374083205 0.554035040230251 7.7309118463768 10.1936474567672 58.3056677351579 32.0183698209109 4.23825896490875 107.723937423944 39.804535557727 86.3259026983216 72.6191157616466 95.0238829146481 72.5488559256215 106.862855836782 1.59685006456092 96.5766960617133 50.0598969927915 124.215841808444 3.42860631022543 114.548104910932 0.970555288447484 86.7234018314723 86.1557307969646 113.069183172794 2.50105151808844 77.4760901641787 24.5066571737053 113.724423898474 82.0413622692586 75.3328006086369 96.3623413743724 11.0567574289772 108.390619284801 38.0285896796459 75.7751806299515 6.97018952154127 62.1215102314313 18.982805232268 19.8892746942955 39.4732998252563 9.85462668059429 5.16673613454437 3.72187262101296 1.65303485545991 35.2266245595043 18.3763079298486 4.72468674701116 9.86893430596885 18.459007233453 33.3261406006725 33.5914907305421 7.18729643591873 29.6540729466376 15.2246093609453 49.5015950862587 11.8402248657794 14.2402353643811 5.30422763028081 6.41743838392083 26.5317451568897 0.126328244918524 2.24805344751726 10.6253195828743 9.15837848282762 24.0424923862466 26.4129873957545 10.8425004144692 14.6049656045716 3.13026354183921 2.79971402806307 7.97669537923145 6.7154106040557 4.59023517930801 2.59318582408183 9.48167528643055 34.3129122786653 8.43170905874062 10.1896551040599 25.3057321413712 13.7748061712495 53.8486967757533 2.53271409019232 47.2808967922395 21.383552090173 91.2230341994727 6.90000534032449 4.1674375418751 5.21831724262304 33.3985855874113 1.40257927101848 4.41473438392739 125.892689266394 1.02202196298574 6.84190615869216 67.966196508575 12.7354301737856 82.519851906069 13.7752032621497 3.36833624912814 5.79983468639834 8.92321831068174 1.52503731342595e-05 0.432463811818726 3.61172026182139 25.843284642671 5.55856637725601 1.94237922170394 0.119262188611479 6.01180101914726 33.4678361521298 17.5810405256382 0.496371899833385 9.11372005825008 6.04428691574871 82.6566576116797 29.2173905257755 2.18165406957871 0.81937962452703 16.5714189795098 10.7159702894357 6.56272325964334 101.294532105136 2.6469761519954 4.3034072396827
