Instancenumber:
53
Instancename:
B-n31-k5
Customers:
30
Depot:
0
Dimension:
930
Vehicles:
30
Capacity:
100
Demands:
0 25 3 13 17 16 9 22 10 16 8 3 16 16 10 24 16 15 14 5 12 2 18 20 15 8 22 15 10 13 19
Uncertainty:budgeted
Gamma:
9
Mean Vector:
70.3491293478462 91.9238815542512 57.0788927713213 44.1021541423999 77.8781098897501 54.0092584655631 50.0899191454728 48.2597140480546 53 93.150415994777 69.2314957226839 49.3659801887899 53.0377224247045 71.0633520177595 70.4059656563277 78.587530817554 53.0377224247045 78.3390068867355 69.5844810284592 92.1791733527699 37.9473319220206 50 50.1597448159378 68.8839603971781 44.0113621693308 49.0306026885251 94.0212741883453 48.8364617882991 47 50.0899191454728 70.3491293478462 75.5843899227876 16.4012194668567 27.8567765543682 11.6619037896906 17.8885438199983 20.3960780543711 22.0907220343745 18.3847763108502 77.7946013551069 6.32455532033676 21.0237960416286 17.7200451466693 10.0498756211209 7.07106781186548 14.3178210632764 17.7200451466693 13.4164078649987 2.23606797749979 78.4346862045103 38.9486841883009 21.1896201004171 20.2237484161567 4.47213595499958 37.0135110466435 22.2036033111745 78.7464284904401 22.0907220343745 24.0416305603426 20.3960780543711 91.9238815542512 75.5843899227876 82.6075057122535 82.0548596976437 68.4470598345904 80.3056660516554 76.0591874792257 74.0067564483136 79.227520471109 2.23606797749979 69.2603782836912 73.0273921210391 77.2334124585985 65.7875368135941 68.6221538571911 65.7419196555744 77.2334124585985 66.6408283261845 73.3757453113766 3.60555127546399 91.6624241442479 79.0569415042095 75.0599760191808 71.1688133946323 95.1892851112981 69.0072459963445 3.16227766016838 70.0071424927486 79 76.0591874792257 57.0788927713213 16.4012194668567 82.6075057122535 13 27.5862284482674 3.60555127546399 9.21954445729289 12.0415945787923 5 84.717176534632 19.4164878389476 12.0415945787923 6.40312423743285 23.3238075793812 20.8086520466848 29.8328677803526 6.40312423743285 29.0688837074973 16.9705627484771 85 22.8473193175917 7.61577310586391 9.89949493661167 17.8044938147649 20.6155281280883 15.8113883008419 85.7088093488645 15 10.4403065089106 9.21954445729289 44.1021541423999 27.8567765543682 82.0548596976437 13 37.7359245282264 10.1980390271856 8.48528137423857 8.94427190999916 9.48683298050514 84.0238061504 28.8444102037119 10.295630140987 10.295630140987 32.0156211871642 30.2324329156619 39.4081209904761 10.295630140987 38.8329756778952 27.7308492477241 84 12.0415945787923 6.70820393249937 9.21954445729289 27.7848879788996 13.3416640641263 13.6014705087354 85.0235261559999 12.6491106406735 4.24264068711928 8.48528137423857 77.8781098897501 11.6619037896906 68.4470598345904 27.5862284482674 37.7359245282264 28.4253408071038 29.5296461204668 30.4630924234556 28.6006992921502 70.6823881882892 8.94427190999916 29.1547594742265 27.459060435492 7 7.61577310586391 3 27.459060435492 2 10.6301458127346 71.5541752799933 49.4064773081425 31.0644491340181 29.0688837074973 10 48.1040538832228 28.8617393793236 71.5891053163818 29.1204395571221 33.6154726279432 29.5296461204668 54.0092584655631 17.8885438199983 80.3056660516554 3.60555127546399 10.1980390271856 28.4253408071038 5.65685424949238 8.48528137423857 1.4142135623731 82.3893196961839 19.7989898732233 8.60232526704263 3.16227766016838 23.43074902772 21.2132034355964 30.4138126514911 3.16227766016838 29.732137494637 18.0277563773199 82.6075057122535 21.095023109729 4.12310562561766 6.40312423743285 18.4390889145858 19.8494332412792 12.5299640861417 83.3846508657319 11.6619037896906 7.07106781186548 5.65685424949238 50.0899191454728 20.3960780543711 76.0591874792257 9.21954445729289 8.48528137423857 29.5296461204668 5.65685424949238 2.82842712474619 4.24264068711928 78.1024967590665 20.591260281974 3.16227766016838 3.16227766016838 23.6008474424119 21.9544984001001 31.0644491340181 3.16227766016838 30.5286750449475 19.9248588451713 78.2304288624318 20.5182845286832 3 1 19.6977156035922 21.0237960416286 7.28010988928052 79.1012010022604 6.32455532033676 4.24264068711928 1e-05 48.2597140480546 22.0907220343745 74.0067564483136 12.0415945787923 8.94427190999916 30.4630924234556 8.48528137423857 2.82842712474619 7.07106781186548 76.0263112349928 21.540659228538 1.4142135623731 5.8309518948453 24.1867732448956 22.8473193175917 31.7647603485372 5.8309518948453 31.3049516849971 21.3775583264319 76.1051903617618 20.8086520466848 5.3851648071345 2.23606797749979 20.8806130178211 22.1359436211787 5 77.0259696466069 4 5.09901951359278 2.82842712474619 53 18.3847763108502 79.227520471109 5 9.48683298050514 28.6006992921502 1.4142135623731 4.24264068711928 7.07106781186548 81.3019064967114 19.8494332412792 7.21110255092798 2 23.3452350598575 21.2602916254693 30.4795013082563 2 29.8328677803526 18.3575597506858 81.4984662432367 20.8086520466848 3 5 18.6010752377383 20 11.1803398874989 82.2982381342395 10.295630140987 6 4.24264068711928 93.150415994777 77.7946013551069 2.23606797749979 84.717176534632 84.0238061504 70.6823881882892 82.3893196961839 78.1024967590665 76.0263112349928 81.3019064967114 71.4702735408225 75.0599760191808 79.3095202355934 68.0073525436772 70.8378429936994 67.9779375974294 79.3095202355934 68.8767014308903 75.5843899227876 2 93.5360892917809 81.0987052917616 77.1038261048049 73.3757453113766 97.1287804927046 71.028163428319 1 72.0277724214764 81.0061726043145 78.1024967590665 69.2314957226839 6.32455532033676 69.2603782836912 19.4164878389476 28.8444102037119 8.94427190999916 19.7989898732233 20.591260281974 21.540659228538 19.8494332412792 71.4702735408225 20.2484567313166 18.6010752377383 4.12310562561766 1.4142135623731 10.6301458127346 18.6010752377383 10 4.12310562561766 72.1110255092798 40.6078810084939 22.2036033111745 20.1246117974981 2 39.6232255123179 20.2237484161567 72.4223722339996 20.3960780543711 24.6981780704569 20.591260281974 49.3659801887899 21.0237960416286 73.0273921210391 12.0415945787923 10.295630140987 29.1547594742265 8.60232526704263 3.16227766016838 1.4142135623731 7.21110255092798 75.0599760191808 20.2484567313166 5.65685424949238 22.8254244210267 21.540659228538 30.4138126514911 5.65685424949238 29.9666481275434 20.2237484161567 75.1664818918645 22.2036033111745 6.08276253029822 2.23606797749979 19.6468827043885 23.4093998214393 4.12310562561766 76.0591874792257 3.16227766016838 6.32455532033676 3.16227766016838 53.0377224247045 17.7200451466693 77.2334124585985 6.40312423743285 10.295630140987 27.459060435492 3.16227766016838 3.16227766016838 5.8309518948453 2 79.3095202355934 18.6010752377383 5.65685424949238 21.9317121994613 20 29.2061637330205 1e-05 28.6006992921502 17.464249196573 79.5110055275369 22.0227155455452 3.60555127546399 3.60555127546399 17.4928556845359 21.6333076527839 9.4339811320566 80.3056660516554 8.60232526704263 6.32455532033676 3.16227766016838 71.0633520177595 10.0498756211209 65.7875368135941 23.3238075793812 32.0156211871642 7 23.43074902772 23.6008474424119 24.1867732448956 23.3452350598575 68.0073525436772 4.12310562561766 22.8254244210267 21.9317121994613 3 7.61577310586391 21.9317121994613 7.28010988928052 8 68.7095335452075 43.9317652729776 25.4950975679639 23.0217288664427 6.08276253029822 43.2781700167648 22.1359436211787 68.9492567037528 22.4722050542442 27.8028775489157 23.6008474424119 70.4059656563277 7.07106781186548 68.6221538571911 20.8086520466848 30.2324329156619 7.61577310586391 21.2132034355964 21.9544984001001 22.8473193175917 21.2602916254693 70.8378429936994 1.4142135623731 21.540659228538 20 3 9.21954445729289 20 8.60232526704263 5 71.5122367151245 42.0119030752 23.6008474424119 21.4709105535839 3.16227766016838 41.0365690573664 21.3775583264319 71.7843994193724 21.5870331449229 26.0768096208106 21.9544984001001 78.587530817554 14.3178210632764 65.7419196555744 29.8328677803526 39.4081209904761 3 30.4138126514911 31.0644491340181 31.7647603485372 30.4795013082563 67.9779375974294 10.6301458127346 30.4138126514911 29.2061637330205 7.61577310586391 9.21954445729289 29.2061637330205 1 13.0384048104053 68.8839603971781 51.2249938994628 32.8024389337135 30.5286750449475 12.0415945787923 50.2095608425328 29.732137494637 68.8767014308903 30.0832179129826 35.2278299076171 31.0644491340181 53.0377224247045 17.7200451466693 77.2334124585985 6.40312423743285 10.295630140987 27.459060435492 3.16227766016838 3.16227766016838 5.8309518948453 2 79.3095202355934 18.6010752377383 5.65685424949238 1e-05 21.9317121994613 20 29.2061637330205 28.6006992921502 17.464249196573 79.5110055275369 22.0227155455452 3.60555127546399 3.60555127546399 17.4928556845359 21.6333076527839 9.4339811320566 80.3056660516554 8.60232526704263 6.32455532033676 3.16227766016838 78.3390068867355 13.4164078649987 66.6408283261845 29.0688837074973 38.8329756778952 2 29.732137494637 30.5286750449475 31.3049516849971 29.8328677803526 68.8767014308903 10 29.9666481275434 28.6006992921502 7.28010988928052 8.60232526704263 1 28.6006992921502 12.2065556157337 69.7710541700496 50.60632371552 32.2024843762092 30.0166620396073 11.3137084989848 49.4974746830583 29.4108823397055 69.778220097678 29.732137494637 34.6698716467194 30.5286750449475 69.5844810284592 2.23606797749979 73.3757453113766 16.9705627484771 27.7308492477241 10.6301458127346 18.0277563773199 19.9248588451713 21.3775583264319 18.3575597506858 75.5843899227876 4.12310562561766 20.2237484161567 17.464249196573 8 5 13.0384048104053 17.464249196573 12.2065556157337 76.2167960491649 39.1152144312159 21.0237960416286 19.6468827043885 2.23606797749979 37.5366487582469 21.0237960416286 76.5375724726098 21 23.7697286480094 19.9248588451713 92.1791733527699 78.4346862045103 3.60555127546399 85 84 71.5541752799933 82.6075057122535 78.2304288624318 76.1051903617618 81.4984662432367 2 72.1110255092798 75.1664818918645 79.5110055275369 68.7095335452075 71.5122367151245 68.8839603971781 79.5110055275369 69.7710541700496 76.2167960491649 93.3434518324665 81.2219182240853 77.2334124585985 74 97.0463806640928 71.1125867902441 2.23606797749979 72.1110255092798 81.0555365166378 78.2304288624318 37.9473319220206 38.9486841883009 91.6624241442479 22.8473193175917 12.0415945787923 49.4064773081425 21.095023109729 20.5182845286832 20.8086520466848 20.8086520466848 93.5360892917809 40.6078810084939 22.2036033111745 22.0227155455452 43.9317652729776 42.0119030752 51.2249938994628 22.0227155455452 50.60632371552 39.1152144312159 93.3434518324665 18.4390889145858 21.2602916254693 39.4081209904761 6.40312423743285 25.0599281722833 94.5304183847718 24.1867732448956 16.2788205960997 20.5182845286832 50 21.1896201004171 79.0569415042095 7.61577310586391 6.70820393249937 31.0644491340181 4.12310562561766 3 5.3851648071345 3 81.0987052917616 22.2036033111745 6.08276253029822 3.60555127546399 25.4950975679639 23.6008474424119 32.8024389337135 3.60555127546399 32.2024843762092 21.0237960416286 81.2219182240853 18.4390889145858 4 21.095023109729 18.3575597506858 10.1980390271856 82.0975030070952 9.21954445729289 3 3 50.1597448159378 20.2237484161567 75.0599760191808 9.89949493661167 9.21954445729289 29.0688837074973 6.40312423743285 1 2.23606797749979 5 77.1038261048049 20.1246117974981 2.23606797749979 3.60555127546399 23.0217288664427 21.4709105535839 30.5286750449475 3.60555127546399 30.0166620396073 19.6468827043885 77.2334124585985 21.2602916254693 4 19.313207915828 21.9317121994613 6.32455532033676 78.1024967590665 5.3851648071345 5 1 68.8839603971781 4.47213595499958 71.1688133946323 17.8044938147649 27.7848879788996 10 18.4390889145858 19.6977156035922 20.8806130178211 18.6010752377383 73.3757453113766 2 19.6468827043885 17.4928556845359 6.08276253029822 3.16227766016838 12.0415945787923 17.4928556845359 11.3137084989848 2.23606797749979 74 39.4081209904761 21.095023109729 19.313207915828 38.1837661840736 20.0249843945008 74.3303437365925 20.0997512422418 23.7065391822594 19.6977156035922 44.0113621693308 37.0135110466435 95.1892851112981 20.6155281280883 13.3416640641263 48.1040538832228 19.8494332412792 21.0237960416286 22.1359436211787 20 97.1287804927046 39.6232255123179 23.4093998214393 21.6333076527839 43.2781700167648 41.0365690573664 50.2095608425328 21.6333076527839 49.4974746830583 37.5366487582469 97.0463806640928 6.40312423743285 18.3575597506858 21.9317121994613 38.1837661840736 26.9258240356725 98.1274681218261 25.9615099714943 17.0880074906351 21.0237960416286 49.0306026885251 22.2036033111745 69.0072459963445 15.8113883008419 13.6014705087354 28.8617393793236 12.5299640861417 7.28010988928052 5 11.1803398874989 71.028163428319 20.2237484161567 4.12310562561766 9.4339811320566 22.1359436211787 21.3775583264319 29.732137494637 9.4339811320566 29.4108823397055 21.0237960416286 71.1125867902441 25.0599281722833 10.1980390271856 6.32455532033676 20.0249843945008 26.9258240356725 72.0277724214764 1 10.0498756211209 7.28010988928052 94.0212741883453 78.7464284904401 3.16227766016838 85.7088093488645 85.0235261559999 71.5891053163818 83.3846508657319 79.1012010022604 77.0259696466069 82.2982381342395 1 72.4223722339996 76.0591874792257 80.3056660516554 68.9492567037528 71.7843994193724 68.8767014308903 80.3056660516554 69.778220097678 76.5375724726098 2.23606797749979 94.5304183847718 82.0975030070952 78.1024967590665 74.3303437365925 98.1274681218261 72.0277724214764 73.0273921210391 82.0060973342836 79.1012010022604 48.8364617882991 22.0907220343745 70.0071424927486 15 12.6491106406735 29.1204395571221 11.6619037896906 6.32455532033676 4 10.295630140987 72.0277724214764 20.3960780543711 3.16227766016838 8.60232526704263 22.4722050542442 21.5870331449229 30.0832179129826 8.60232526704263 29.732137494637 21 72.1110255092798 24.1867732448956 9.21954445729289 5.3851648071345 20.0997512422418 25.9615099714943 1 73.0273921210391 9.05538513813742 6.32455532033676 47 24.0416305603426 79 10.4403065089106 4.24264068711928 33.6154726279432 7.07106781186548 4.24264068711928 5.09901951359278 6 81.0061726043145 24.6981780704569 6.32455532033676 6.32455532033676 27.8028775489157 26.0768096208106 35.2278299076171 6.32455532033676 34.6698716467194 23.7697286480094 81.0555365166378 16.2788205960997 3 5 23.7065391822594 17.0880074906351 10.0498756211209 82.0060973342836 9.05538513813742 4.24264068711928 50.0899191454728 20.3960780543711 76.0591874792257 9.21954445729289 8.48528137423857 29.5296461204668 5.65685424949238 1e-05 2.82842712474619 4.24264068711928 78.1024967590665 20.591260281974 3.16227766016838 3.16227766016838 23.6008474424119 21.9544984001001 31.0644491340181 3.16227766016838 30.5286750449475 19.9248588451713 78.2304288624318 20.5182845286832 3 1 19.6977156035922 21.0237960416286 7.28010988928052 79.1012010022604 6.32455532033676 4.24264068711928
Deviation Vector:
0.748432827838814 69.1392480857148 42.7093956502198 14.6703381879357 9.62559293941205 39.3711160434174 79.0612088171412 31.5821946924727 40.6078388605021 63.6912800958524 102.270432154137 20.5301497294245 7.85860746710991 58.3470606611516 73.9993730614386 96.8712416751848 11.4605566218638 114.853012125195 94.6752605641758 136.049379687957 45.6695029520248 52.0951276805271 67.1929385129474 53.3105274147276 24.3147859621851 63.5604562390482 128.757986517891 20.9503031664999 55.1551981369641 25.4801275064253 106.965332282528 89.5035342081263 20.6790445673358 17.5326371047056 17.6887543468139 24.7652897389638 27.7051095068361 32.1602071689219 7.3444176788578 37.7444435801637 3.16361303458742 4.98995803147631 15.9667747971186 6.51615137370836 7.48405403520716 4.47769797521684 4.2825053516627 17.0990534213832 0.31188416394695 125.672435941536 43.2740038301793 28.4571493963784 20.3207978598758 3.62811454457918 17.6752153070699 34.5768919753288 36.8733291554146 4.586705229662 8.3399028580635 0.0491384313140327 65.846742452134 17.2352982790476 98.0190015592866 27.7166622136246 58.6873449891457 85.4453443274909 6.30106595879119 42.6580369117873 69.7571366704991 1.07851797683858 73.5259925146233 100.827249723987 55.5830334663755 21.2681689466368 26.7419701544064 9.11981386493362 49.1221245725401 42.0753227308152 103.695310243559 2.79610687501056 54.4723002304183 69.9576263989436 35.9624952995902 113.803883509572 5.4080078761059 66.0158468636748 4.79709561107767 36.7584534665785 91.9782251948959 17.0760043705884 30.1077687646161 3.95662730518583 37.3829234337206 0.970835664036055 15.9730309007263 4.72308777043475 10.4981210846882 7.96992399723297 1.23498277896509 32.1745210788671 22.2162301481068 15.7574457453359 0.775450042793934 5.23643817896772 33.9570218742393 15.2387403729547 2.32581883075601 18.2707345313787 19.3834082492927 11.6519597449885 32.0783878258645 0.739411085937481 10.1171218282183 4.34055857408545 1.17094892200662 17.0572756783416 102.888368746979 23.6066129244083 16.7448320162335 6.68751365184767 7.00889017680197 13.7049989612346 79.3144345156168 7.94898820917407 21.3834562811615 15.7623383819106 2.39327239756384 0.590160348653012 5.38976365199249 44.452493226699 12.8579551725471 0.75122483482716 2.04132924973941 18.148834175594 8.99341840318452 7.51836494043184 11.0953749151911 25.6572467099826 22.720286834979 48.7617254931084 9.60665888017176 3.91750897982639 6.24703576423214 5.01277170064284 11.0439335466564 9.98872313748382 107.062511583191 4.9187228509463 2.83747848948027 10.3835646586873 86.7734943069411 9.65283859600739 5.2249740457812 12.1783481696437 54.3089657176225 18.2773931637206 10.2683316354561 2.49416381063457 20.2772774889758 64.7352115947749 5.46424667854385 33.6663935579084 27.1522319517396 5.6643494251498 0.626492397934785 3.85890541964957 27.4583711479524 2.31988112250881 3.27036320967178 12.8747258678051 4.99389122580682 34.3398687802443 22.2062296297101 7.78663826411919 61.8547463447382 45.9390960497178 108.317849773199 26.3744955657918 11.4694275531513 16.0195323801975 26.4677283178957 26.0352867838156 110.03593993017 2.04216651910455 2.62621860045182 33.2587568217072 6.84135163219978 5.13572934972133 1.77047364495863 22.9874673544252 30.1164824260271 1.92241013917267 4.53394106677204 20.3983040551963 21.9062051561268 46.1079645815576 1.63654375962264 11.6931644537134 18.6875986930153 68.1652742902238 12.0919508508864 4.69077121461509 1.86491202786924 24.6554767881038 5.49796199422999 19.7610491794869 107.521728490843 1.75713460138277 5.96407575308099 9.22441481434681 34.7204720540432 27.1983083008833 110.036249718674 3.90924485168296 2.2107741243242 1.91591301551597 9.0173431348079 4.15760052420796 2.84313145182944 94.2392854920368 2.25648116306643 1.74521343489544 4.52232916021181 36.4241901248668 31.2294693005642 25.578306816392 4.49044494177905 9.17766138646609 24.2421475923329 63.9334430672631 23.099377285627 0.451596970001737 0.315564704084515 27.9125511967567 31.2763296073921 4.31381475749758 107.165427223318 7.19589141934295 3.15321998353909 5.58876926207942e-06 54.4887048466418 31.7307584960752 18.7254907932891 11.2761266636574 1.97705485302148 15.6448176654919 8.49641704358773 0.497061956960648 2.43344032504006 2.43932161947222 29.7766947073478 0.641663827557212 3.40510199796403 28.3728933175475 8.17266158840554 11.6600142084449 2.08229101135795 4.33108453647106 14.273756917928 119.773471352552 19.8846777301514 0.830033320343076 0.189978941721686 26.5426278755327 34.7795166794513 7.86312228269541 17.2807554102166 5.14643061384256 5.46122917405454 2.73670351440686 10.9246222349739 10.3092227960149 60.5769756167268 2.2957450938263 14.2034884967862 28.189895250787 1.37562719626609 3.64498780622338 8.21215794166478 107.062883052426 17.69015421517 6.52145599680358 0.262441925172867 34.4385935730852 9.31367374141013 14.9023012028122 0.405803060047046 23.72274817689 11.5153312406707 70.9525415763312 15.1823497566106 4.74863007606104 5.1236651712429 15.1520328527516 24.293567861658 10.6945743710652 61.5461742510997 14.8157013066477 3.62279899792147 0.761633273837895 71.4686597293929 63.0077754512504 1.65528617294916 129.772686870311 106.632410926619 42.2741464550404 72.3469976622431 47.0512470253184 110.786898608149 32.5310263994566 20.0063595951638 53.2231767395867 103.458434342476 27.960989602024 38.5997504017752 7.0158809016552 71.3845331370902 51.5063066604601 67.9047536517503 3.05471054782001 151.379200435262 132.029803115243 113.409884670157 73.6529302323042 78.0169833614667 74.3090320967405 0.320969789140338 111.720517232493 68.5198476440355 72.2268164150768 6.31630847445064 10.2021331275297 6.60292231031949 16.1448308106764 43.4273845471996 12.2036412525564 28.3043802389201 15.3265980443158 7.05410118387522 24.7610824980699 81.7942720322521 12.2989942543998 5.8995357340275 3.33798997928156 1.44044807216805 9.16386567717485 16.9788697135831 2.7926617864482 6.63765769912034 12.3905916119642 6.79214811289694 35.2795947242563 3.2296109080257 3.27626831114158 37.7740497055818 19.4898903735555 75.67888903583 25.9907386354169 21.6215008462861 5.17799307577034 27.6306719152108 20.3229381703714 16.4461210933244 7.88779312193212 1.63499805149326 2.6652950193054 3.26969655257661 5.02293696490603 1.18192087407374 5.10238095951384 89.8075963420773 6.90140860291028 7.43863301303758 34.5494485987916 24.7807569983588 21.112293356714 4.1653859384413 12.7012985544552 19.686486502978 53.1315771432437 13.2261183554336 6.93858245922696 1.46776707496285 14.8560899399824 26.6743194275036 6.63711322495518 6.12341048644755 1.72368305116828 7.87203218067458 3.02293971593402 42.246774283197 2.92431665851928 21.8757023406383 6.5423719574343 8.44318169268859 12.1381810428109 3.52013904170393 3.79526700222627 2.28036275088816 0.619100678069317 21.285255874519 29.530263547867 3.67914229150295 34.7257753419402 29.2367199334037 4.71518172978507 6.38167363578328e-06 15.9826292120989 10.2216952944783 128.140053587658 27.8735237325295 4.25803700946812 4.01275419716946 4.94553246252307 6.44158602087652 5.78348884818263 20.3248859360424 3.25400941673161 7.32462583530231 4.73636973785794 94.8133200798783 3.16880030732719 1.54210765764819 37.7250882844011 42.8066225810083 5.90460519350527 9.84411678825623 19.1369909414727 9.77929777562491 18.9380200757428 76.1961633513232 2.7736391534063 17.3339200086857 2.88265279113188 1.85011721930247 4.43153603741007 6.42341252976495 9.13561408946001 9.12566971860525 60.3389926335301 53.9093256828125 19.5552649633078 9.66411479028653 4.2621496271588 45.4307340702374 15.8835299263871 90.5815119409855 29.2775059979041 30.4668283851642 19.6478724856843 81.758498670565 5.59084162499247 78.7655026010586 24.6516903341371 23.2413215575799 6.43920558340686 8.24854265633134 26.1015111774032 0.388628660312469 16.8629028777821 25.554558894552 1.60855547350631 31.575817724229 22.4032020057198 3.80657441052108 4.08625556793433 1.25379315217463 13.4346000903058 0.293650585324716 86.0577092721235 33.6328759192115 30.3470331388114 7.1081454470157 3.85904822384494 14.247015000945 29.5180728931392 21.4293163534156 0.465428428876407 27.2312168265196 30.6120124730975 67.1190662881532 8.10608838963647 35.871666493273 10.8150855227693 4.39316898688139 3.94319496941572 36.740846964659 15.5421280344525 27.4425277576531 37.3386515974038 87.9283090929725 13.0184974646887 21.9922970437616 32.7107264389545 5.37275803694971 3.25081855091295 45.655384358322 0.768167350059003 3.58532251657781 111.725699237666 17.0172550062458 35.2802552101501 38.723369270539 7.98677340640739 32.9633865380138 48.0353795145497 27.8746082605827 28.730659520568 57.6737773040735 45.0115326357092 37.6577782372854 15.0952316063569 29.0217401817347 8.04016298625463 12.5029688979652 13.3793013531185 2.94313558478305 2.47627739201829 5.75843946529071 0.310543014538439 29.245342520814 11.936079790208 7.80616884889818 1.09185173025349e-05 2.68272946748921 8.92133585294313 42.186916468435 1.32057694342588 21.2056876645395 6.36680886834451 0.633240352487913 5.57576956132722 4.16661876558836 22.6913842413607 12.3384712018777 1.62989591690221 102.263251869328 8.38768900387095 7.13288446226761 4.01998439375008 61.4696350072032 2.6627168188539 32.2371178414109 33.7323627661709 56.4681830196946 0.117560633171463 0.247203179567651 22.7582496293012 26.3540104746761 29.7099135131773 62.0401901976314 12.1059744205256 49.0723697797405 18.3425397011752 4.82736472103344 1.03682529333838 1.08739865358559 13.390344526757 2.0348497020991 46.2074968856731 27.7452701193684 6.29414773056471 17.0900996429813 0.729841345607965 73.8816850799861 33.5195767595476 16.5568429445717 33.4992268337399 16.481682917556 41.6742715311039 52.7848374096111 2.81755996947461 114.726892048735 21.0828055954832 21.6611223333777 14.6517787934371 23.4558516298251 15.7293688289498 10.3560380635017 9.24458993961343 11.0317929945489 5.71123433267483 1.51319572040875 2.51764410354096 3.09720014163041 3.68956126656503 3.45111417075907 25.7518854612055 14.7222616728372 32.879145133869 19.4583408368255 2.4175687246932 12.3155522171402 2.38547303837149 6.7378843139907 10.0939642080419 43.4087544709336 8.75237118912055 38.193719153351 20.7725690465222 13.1360945154006 56.946263664574 2.39133446349752 5.66948416610226 27.6352262904184 103.349766606171 119.369763959264 127.522431639869 45.2393345199181 23.6425923232131 0.988625221795409 53.389920393684 2.69973756233469 45.25252187209 60.7766650725099 30.254452573515 90.0346135877767 91.3766904287068 18.0187816568852 66.5969114687638 147.540806584038 61.3808687133841 76.3664391406034 42.0400266601818 17.7764107059239 83.0791371385655 2.34391215892864 54.1071036247508 128.477540389939 79.4579889584946 5.82553203844145 3.43535850534437 9.38312945391964 18.6606188017077 1.865266900159 21.3118268239864 13.1158382752351 32.8277205908661 8.78301256154334 25.3071085081138 23.4461481656885 37.2129508205833 7.0431466664002 6.31129108208898 65.2620686986449 50.4878985214262 36.3517020426743 25.3970476494417 36.0127678647119 37.8597564844009 36.1839836182746 12.0386821929358 1.79143462626937 54.2420528871669 7.81819983261233 6.70193641979105 85.5816621650533 15.2344607363492 16.5680448193986 17.4616902390684 0.309969693093459 24.8190450229961 74.2528789533877 0.826810548718546 2.3389938524077 33.9886968921331 2.22615742670768 2.9112809394834 5.67973569405569 2.88602139088246 44.3812153267086 28.9837984568006 1.45405248930942 3.11684310819632 40.5868083191363 2.01121011823893 14.0016996553058 2.38771764307491 39.8807879352577 23.935070256794 132.402879522351 29.9834659530162 0.608019084426058 1.58296373996208 25.0239288705149 14.0019325711781 28.1164290195003 5.80015622038232 1.09053075130365 4.08072887805184 74.2437447273934 7.47691483327756 66.9659945646955 7.72179642805195 4.40947935950292 36.0699236706305 1.50341813608869 1.01819767101526 1.2788306325664 6.44747453234235 26.2804667343785 22.5226568078634 2.13656274285593 2.09082286579816 7.92538959622646 19.4974305205247 20.3048548478568 2.78026320566351 47.1357525474416 5.1904360544843 20.8701543656197 33.1893833398639 1.00363342578692 8.15455022800476 35.8832847886372 10.2081397985377 12.1737912029427 1.82693535439246 3.0190213107716 0.519379674692481 4.14245447267785 1.98826966421639 63.2754318342818 16.9552761775101 34.0256473253384 13.6736450708834 10.2113212830851 28.7469310434123 15.5811666174063 20.9391763672529 81.4132939537196 2.17409543452404 11.896134017402 7.44635633691012 0.167750500415978 3.0033865029743 16.0606661859462 12.1170500715808 0.922076806727318 2.82801262269079 70.8085196404786 13.860729935601 25.0284715150459 23.3261109589629 29.5522985792955 23.694375731789 87.8933446393241 18.6891247788515 36.093064554282 2.89386752232228 63.7811950138628 58.5787205055738 56.304888328473 14.4087713479781 11.9484514176891 8.50261712576424 8.47437706948613 30.471068965242 36.2179233701527 23.4627099203688 90.883245645645 43.8367178220764 14.5331074365437 33.3411605308662 66.3029705975254 26.6081767821083 42.757973134011 26.5316274064749 66.3804317899712 35.0251132305138 82.6632309136022 4.21709440082928 23.586045909496 8.74844325936148 8.66848276960079 11.2927833273941 155.250934774203 36.5924716451052 23.0555182768124 30.8055322159539 76.311387315851 25.7353286180152 97.1995252278154 8.04085075441554 2.97368065705351 19.1860005810965 8.58681877122806 4.69976447739259 2.37378418376633 7.62613344802054 12.73806036614 28.5246920986872 0.614678494366216 7.54871080173282 29.0488064128825 0.892312396621444 43.0688843497262 4.94833008135198 37.2978670156715 24.1834823011168 103.654634447524 12.0437228970894 1.72888185765076 6.97640957012107 17.6118043929775 10.6774603802927 109.660169523736 0.822267245897914 1.675119648844 8.97152092300405 60.9424609800997 6.59298265862952 2.37814174018705 35.7713069587658 50.357076500064 69.48895299219 90.2317064552931 101.057717666675 124.491382432978 128.127735126715 0.32031749003721 11.3127098761373 101.004057082482 37.6953932058846 65.9407506861521 71.8488783328605 35.2056052784498 61.4796153700143 106.441104399743 10.7110834307925 0.618275925202071 127.018026407656 50.9449728010618 34.8362295122266 60.0129193800903 147.194522315737 60.6893864768088 50.4248433054129 56.0053629368892 79.8339765252123 13.8434629625826 29.4053755481253 76.5169655540861 15.532502607005 1.38024255032678 1.33664618329085 4.27763694350855 7.53401176579823 5.29390251379967 3.53830754557346 79.8603000163595 0.0904257553006444 1.58074493618375 6.85906475850389 10.6480591022317 31.4359403377906 4.77988282237822 8.47304907582261 17.3175508556522 0.943933618780187 81.1189456860136 20.7753175349073 12.8024697084714 0.571366195161667 26.2298915429422 14.4513275523534 1.60613387373273 37.1132060175306 11.2933015193753 4.10916282928506 71.3212384206918 36.79817369648 26.9765143719888 10.1385974184559 3.9318366522262 15.1468838850059 7.19129102190363 5.48805568012351 0.0125682831342142 4.20670875615498 132.624758921087 27.444813139021 4.46230021053807 3.14794461468473 7.48449166403075 30.754572676117 11.0832364740586 2.70746077143069 18.2015557457898 21.3230676006898 38.3422155955023 0.171808073602701 0.349986689312047 1.11149765650498 2.76546558267041 24.2931335451087 7.82828901802975 6.84163476758545 2.63057002615601 1.64071723192381 36.7231266076161 3.43901104036191 21.1416682894494 9.90749694332049 9.67078463822521 35.5745465859744 8.62789940784206 5.17355397089868e-06 2.42931811732904 6.48138199956269 95.1658243901523 17.6416026862263 3.16077481938489 0.900191368592537 31.9670106151635 27.8541817810661 45.4798921529654 0.0940524923208387 1.75389430827817 6.9674489629835 72.5047598629843 10.8846847199769 1.0807209768216 1.04347243619565 14.8281764583946 10.0261316768585 6.01163019554429 121.161720264391 3.54379266007221 4.7358849018799
