Instancenumber:
55
Instancename:
B-n31-k5
Customers:
30
Depot:
0
Dimension:
930
Vehicles:
30
Capacity:
100
Demands:
0 25 3 13 17 16 9 22 10 16 8 3 16 16 10 24 16 15 14 5 12 2 18 20 15 8 22 15 10 13 19
Uncertainty:budgeted
Gamma:
9
Mean Vector:
70.3491293478462 91.9238815542512 57.0788927713213 44.1021541423999 77.8781098897501 54.0092584655631 50.0899191454728 48.2597140480546 53 93.150415994777 69.2314957226839 49.3659801887899 53.0377224247045 71.0633520177595 70.4059656563277 78.587530817554 53.0377224247045 78.3390068867355 69.5844810284592 92.1791733527699 37.9473319220206 50 50.1597448159378 68.8839603971781 44.0113621693308 49.0306026885251 94.0212741883453 48.8364617882991 47 50.0899191454728 70.3491293478462 75.5843899227876 16.4012194668567 27.8567765543682 11.6619037896906 17.8885438199983 20.3960780543711 22.0907220343745 18.3847763108502 77.7946013551069 6.32455532033676 21.0237960416286 17.7200451466693 10.0498756211209 7.07106781186548 14.3178210632764 17.7200451466693 13.4164078649987 2.23606797749979 78.4346862045103 38.9486841883009 21.1896201004171 20.2237484161567 4.47213595499958 37.0135110466435 22.2036033111745 78.7464284904401 22.0907220343745 24.0416305603426 20.3960780543711 91.9238815542512 75.5843899227876 82.6075057122535 82.0548596976437 68.4470598345904 80.3056660516554 76.0591874792257 74.0067564483136 79.227520471109 2.23606797749979 69.2603782836912 73.0273921210391 77.2334124585985 65.7875368135941 68.6221538571911 65.7419196555744 77.2334124585985 66.6408283261845 73.3757453113766 3.60555127546399 91.6624241442479 79.0569415042095 75.0599760191808 71.1688133946323 95.1892851112981 69.0072459963445 3.16227766016838 70.0071424927486 79 76.0591874792257 57.0788927713213 16.4012194668567 82.6075057122535 13 27.5862284482674 3.60555127546399 9.21954445729289 12.0415945787923 5 84.717176534632 19.4164878389476 12.0415945787923 6.40312423743285 23.3238075793812 20.8086520466848 29.8328677803526 6.40312423743285 29.0688837074973 16.9705627484771 85 22.8473193175917 7.61577310586391 9.89949493661167 17.8044938147649 20.6155281280883 15.8113883008419 85.7088093488645 15 10.4403065089106 9.21954445729289 44.1021541423999 27.8567765543682 82.0548596976437 13 37.7359245282264 10.1980390271856 8.48528137423857 8.94427190999916 9.48683298050514 84.0238061504 28.8444102037119 10.295630140987 10.295630140987 32.0156211871642 30.2324329156619 39.4081209904761 10.295630140987 38.8329756778952 27.7308492477241 84 12.0415945787923 6.70820393249937 9.21954445729289 27.7848879788996 13.3416640641263 13.6014705087354 85.0235261559999 12.6491106406735 4.24264068711928 8.48528137423857 77.8781098897501 11.6619037896906 68.4470598345904 27.5862284482674 37.7359245282264 28.4253408071038 29.5296461204668 30.4630924234556 28.6006992921502 70.6823881882892 8.94427190999916 29.1547594742265 27.459060435492 7 7.61577310586391 3 27.459060435492 2 10.6301458127346 71.5541752799933 49.4064773081425 31.0644491340181 29.0688837074973 10 48.1040538832228 28.8617393793236 71.5891053163818 29.1204395571221 33.6154726279432 29.5296461204668 54.0092584655631 17.8885438199983 80.3056660516554 3.60555127546399 10.1980390271856 28.4253408071038 5.65685424949238 8.48528137423857 1.4142135623731 82.3893196961839 19.7989898732233 8.60232526704263 3.16227766016838 23.43074902772 21.2132034355964 30.4138126514911 3.16227766016838 29.732137494637 18.0277563773199 82.6075057122535 21.095023109729 4.12310562561766 6.40312423743285 18.4390889145858 19.8494332412792 12.5299640861417 83.3846508657319 11.6619037896906 7.07106781186548 5.65685424949238 50.0899191454728 20.3960780543711 76.0591874792257 9.21954445729289 8.48528137423857 29.5296461204668 5.65685424949238 2.82842712474619 4.24264068711928 78.1024967590665 20.591260281974 3.16227766016838 3.16227766016838 23.6008474424119 21.9544984001001 31.0644491340181 3.16227766016838 30.5286750449475 19.9248588451713 78.2304288624318 20.5182845286832 3 1 19.6977156035922 21.0237960416286 7.28010988928052 79.1012010022604 6.32455532033676 4.24264068711928 1e-05 48.2597140480546 22.0907220343745 74.0067564483136 12.0415945787923 8.94427190999916 30.4630924234556 8.48528137423857 2.82842712474619 7.07106781186548 76.0263112349928 21.540659228538 1.4142135623731 5.8309518948453 24.1867732448956 22.8473193175917 31.7647603485372 5.8309518948453 31.3049516849971 21.3775583264319 76.1051903617618 20.8086520466848 5.3851648071345 2.23606797749979 20.8806130178211 22.1359436211787 5 77.0259696466069 4 5.09901951359278 2.82842712474619 53 18.3847763108502 79.227520471109 5 9.48683298050514 28.6006992921502 1.4142135623731 4.24264068711928 7.07106781186548 81.3019064967114 19.8494332412792 7.21110255092798 2 23.3452350598575 21.2602916254693 30.4795013082563 2 29.8328677803526 18.3575597506858 81.4984662432367 20.8086520466848 3 5 18.6010752377383 20 11.1803398874989 82.2982381342395 10.295630140987 6 4.24264068711928 93.150415994777 77.7946013551069 2.23606797749979 84.717176534632 84.0238061504 70.6823881882892 82.3893196961839 78.1024967590665 76.0263112349928 81.3019064967114 71.4702735408225 75.0599760191808 79.3095202355934 68.0073525436772 70.8378429936994 67.9779375974294 79.3095202355934 68.8767014308903 75.5843899227876 2 93.5360892917809 81.0987052917616 77.1038261048049 73.3757453113766 97.1287804927046 71.028163428319 1 72.0277724214764 81.0061726043145 78.1024967590665 69.2314957226839 6.32455532033676 69.2603782836912 19.4164878389476 28.8444102037119 8.94427190999916 19.7989898732233 20.591260281974 21.540659228538 19.8494332412792 71.4702735408225 20.2484567313166 18.6010752377383 4.12310562561766 1.4142135623731 10.6301458127346 18.6010752377383 10 4.12310562561766 72.1110255092798 40.6078810084939 22.2036033111745 20.1246117974981 2 39.6232255123179 20.2237484161567 72.4223722339996 20.3960780543711 24.6981780704569 20.591260281974 49.3659801887899 21.0237960416286 73.0273921210391 12.0415945787923 10.295630140987 29.1547594742265 8.60232526704263 3.16227766016838 1.4142135623731 7.21110255092798 75.0599760191808 20.2484567313166 5.65685424949238 22.8254244210267 21.540659228538 30.4138126514911 5.65685424949238 29.9666481275434 20.2237484161567 75.1664818918645 22.2036033111745 6.08276253029822 2.23606797749979 19.6468827043885 23.4093998214393 4.12310562561766 76.0591874792257 3.16227766016838 6.32455532033676 3.16227766016838 53.0377224247045 17.7200451466693 77.2334124585985 6.40312423743285 10.295630140987 27.459060435492 3.16227766016838 3.16227766016838 5.8309518948453 2 79.3095202355934 18.6010752377383 5.65685424949238 21.9317121994613 20 29.2061637330205 1e-05 28.6006992921502 17.464249196573 79.5110055275369 22.0227155455452 3.60555127546399 3.60555127546399 17.4928556845359 21.6333076527839 9.4339811320566 80.3056660516554 8.60232526704263 6.32455532033676 3.16227766016838 71.0633520177595 10.0498756211209 65.7875368135941 23.3238075793812 32.0156211871642 7 23.43074902772 23.6008474424119 24.1867732448956 23.3452350598575 68.0073525436772 4.12310562561766 22.8254244210267 21.9317121994613 3 7.61577310586391 21.9317121994613 7.28010988928052 8 68.7095335452075 43.9317652729776 25.4950975679639 23.0217288664427 6.08276253029822 43.2781700167648 22.1359436211787 68.9492567037528 22.4722050542442 27.8028775489157 23.6008474424119 70.4059656563277 7.07106781186548 68.6221538571911 20.8086520466848 30.2324329156619 7.61577310586391 21.2132034355964 21.9544984001001 22.8473193175917 21.2602916254693 70.8378429936994 1.4142135623731 21.540659228538 20 3 9.21954445729289 20 8.60232526704263 5 71.5122367151245 42.0119030752 23.6008474424119 21.4709105535839 3.16227766016838 41.0365690573664 21.3775583264319 71.7843994193724 21.5870331449229 26.0768096208106 21.9544984001001 78.587530817554 14.3178210632764 65.7419196555744 29.8328677803526 39.4081209904761 3 30.4138126514911 31.0644491340181 31.7647603485372 30.4795013082563 67.9779375974294 10.6301458127346 30.4138126514911 29.2061637330205 7.61577310586391 9.21954445729289 29.2061637330205 1 13.0384048104053 68.8839603971781 51.2249938994628 32.8024389337135 30.5286750449475 12.0415945787923 50.2095608425328 29.732137494637 68.8767014308903 30.0832179129826 35.2278299076171 31.0644491340181 53.0377224247045 17.7200451466693 77.2334124585985 6.40312423743285 10.295630140987 27.459060435492 3.16227766016838 3.16227766016838 5.8309518948453 2 79.3095202355934 18.6010752377383 5.65685424949238 1e-05 21.9317121994613 20 29.2061637330205 28.6006992921502 17.464249196573 79.5110055275369 22.0227155455452 3.60555127546399 3.60555127546399 17.4928556845359 21.6333076527839 9.4339811320566 80.3056660516554 8.60232526704263 6.32455532033676 3.16227766016838 78.3390068867355 13.4164078649987 66.6408283261845 29.0688837074973 38.8329756778952 2 29.732137494637 30.5286750449475 31.3049516849971 29.8328677803526 68.8767014308903 10 29.9666481275434 28.6006992921502 7.28010988928052 8.60232526704263 1 28.6006992921502 12.2065556157337 69.7710541700496 50.60632371552 32.2024843762092 30.0166620396073 11.3137084989848 49.4974746830583 29.4108823397055 69.778220097678 29.732137494637 34.6698716467194 30.5286750449475 69.5844810284592 2.23606797749979 73.3757453113766 16.9705627484771 27.7308492477241 10.6301458127346 18.0277563773199 19.9248588451713 21.3775583264319 18.3575597506858 75.5843899227876 4.12310562561766 20.2237484161567 17.464249196573 8 5 13.0384048104053 17.464249196573 12.2065556157337 76.2167960491649 39.1152144312159 21.0237960416286 19.6468827043885 2.23606797749979 37.5366487582469 21.0237960416286 76.5375724726098 21 23.7697286480094 19.9248588451713 92.1791733527699 78.4346862045103 3.60555127546399 85 84 71.5541752799933 82.6075057122535 78.2304288624318 76.1051903617618 81.4984662432367 2 72.1110255092798 75.1664818918645 79.5110055275369 68.7095335452075 71.5122367151245 68.8839603971781 79.5110055275369 69.7710541700496 76.2167960491649 93.3434518324665 81.2219182240853 77.2334124585985 74 97.0463806640928 71.1125867902441 2.23606797749979 72.1110255092798 81.0555365166378 78.2304288624318 37.9473319220206 38.9486841883009 91.6624241442479 22.8473193175917 12.0415945787923 49.4064773081425 21.095023109729 20.5182845286832 20.8086520466848 20.8086520466848 93.5360892917809 40.6078810084939 22.2036033111745 22.0227155455452 43.9317652729776 42.0119030752 51.2249938994628 22.0227155455452 50.60632371552 39.1152144312159 93.3434518324665 18.4390889145858 21.2602916254693 39.4081209904761 6.40312423743285 25.0599281722833 94.5304183847718 24.1867732448956 16.2788205960997 20.5182845286832 50 21.1896201004171 79.0569415042095 7.61577310586391 6.70820393249937 31.0644491340181 4.12310562561766 3 5.3851648071345 3 81.0987052917616 22.2036033111745 6.08276253029822 3.60555127546399 25.4950975679639 23.6008474424119 32.8024389337135 3.60555127546399 32.2024843762092 21.0237960416286 81.2219182240853 18.4390889145858 4 21.095023109729 18.3575597506858 10.1980390271856 82.0975030070952 9.21954445729289 3 3 50.1597448159378 20.2237484161567 75.0599760191808 9.89949493661167 9.21954445729289 29.0688837074973 6.40312423743285 1 2.23606797749979 5 77.1038261048049 20.1246117974981 2.23606797749979 3.60555127546399 23.0217288664427 21.4709105535839 30.5286750449475 3.60555127546399 30.0166620396073 19.6468827043885 77.2334124585985 21.2602916254693 4 19.313207915828 21.9317121994613 6.32455532033676 78.1024967590665 5.3851648071345 5 1 68.8839603971781 4.47213595499958 71.1688133946323 17.8044938147649 27.7848879788996 10 18.4390889145858 19.6977156035922 20.8806130178211 18.6010752377383 73.3757453113766 2 19.6468827043885 17.4928556845359 6.08276253029822 3.16227766016838 12.0415945787923 17.4928556845359 11.3137084989848 2.23606797749979 74 39.4081209904761 21.095023109729 19.313207915828 38.1837661840736 20.0249843945008 74.3303437365925 20.0997512422418 23.7065391822594 19.6977156035922 44.0113621693308 37.0135110466435 95.1892851112981 20.6155281280883 13.3416640641263 48.1040538832228 19.8494332412792 21.0237960416286 22.1359436211787 20 97.1287804927046 39.6232255123179 23.4093998214393 21.6333076527839 43.2781700167648 41.0365690573664 50.2095608425328 21.6333076527839 49.4974746830583 37.5366487582469 97.0463806640928 6.40312423743285 18.3575597506858 21.9317121994613 38.1837661840736 26.9258240356725 98.1274681218261 25.9615099714943 17.0880074906351 21.0237960416286 49.0306026885251 22.2036033111745 69.0072459963445 15.8113883008419 13.6014705087354 28.8617393793236 12.5299640861417 7.28010988928052 5 11.1803398874989 71.028163428319 20.2237484161567 4.12310562561766 9.4339811320566 22.1359436211787 21.3775583264319 29.732137494637 9.4339811320566 29.4108823397055 21.0237960416286 71.1125867902441 25.0599281722833 10.1980390271856 6.32455532033676 20.0249843945008 26.9258240356725 72.0277724214764 1 10.0498756211209 7.28010988928052 94.0212741883453 78.7464284904401 3.16227766016838 85.7088093488645 85.0235261559999 71.5891053163818 83.3846508657319 79.1012010022604 77.0259696466069 82.2982381342395 1 72.4223722339996 76.0591874792257 80.3056660516554 68.9492567037528 71.7843994193724 68.8767014308903 80.3056660516554 69.778220097678 76.5375724726098 2.23606797749979 94.5304183847718 82.0975030070952 78.1024967590665 74.3303437365925 98.1274681218261 72.0277724214764 73.0273921210391 82.0060973342836 79.1012010022604 48.8364617882991 22.0907220343745 70.0071424927486 15 12.6491106406735 29.1204395571221 11.6619037896906 6.32455532033676 4 10.295630140987 72.0277724214764 20.3960780543711 3.16227766016838 8.60232526704263 22.4722050542442 21.5870331449229 30.0832179129826 8.60232526704263 29.732137494637 21 72.1110255092798 24.1867732448956 9.21954445729289 5.3851648071345 20.0997512422418 25.9615099714943 1 73.0273921210391 9.05538513813742 6.32455532033676 47 24.0416305603426 79 10.4403065089106 4.24264068711928 33.6154726279432 7.07106781186548 4.24264068711928 5.09901951359278 6 81.0061726043145 24.6981780704569 6.32455532033676 6.32455532033676 27.8028775489157 26.0768096208106 35.2278299076171 6.32455532033676 34.6698716467194 23.7697286480094 81.0555365166378 16.2788205960997 3 5 23.7065391822594 17.0880074906351 10.0498756211209 82.0060973342836 9.05538513813742 4.24264068711928 50.0899191454728 20.3960780543711 76.0591874792257 9.21954445729289 8.48528137423857 29.5296461204668 5.65685424949238 1e-05 2.82842712474619 4.24264068711928 78.1024967590665 20.591260281974 3.16227766016838 3.16227766016838 23.6008474424119 21.9544984001001 31.0644491340181 3.16227766016838 30.5286750449475 19.9248588451713 78.2304288624318 20.5182845286832 3 1 19.6977156035922 21.0237960416286 7.28010988928052 79.1012010022604 6.32455532033676 4.24264068711928
Deviation Vector:
19.6338513784253 118.900495946816 73.3389664069416 24.5673245073745 56.7518166898281 42.4093353605815 6.13108155240956 29.659362502335 69.0366780089604 91.4080526920642 34.8161618290432 43.5256254288117 10.5379322391138 106.766972775385 82.1185772810378 122.060047192505 60.0272021796305 77.6377259671389 110.146333785919 109.622597721763 50.8772919881813 43.5182895066753 4.03090435195607 4.24428930485584 12.0801768298403 40.8497459602189 50.6313503464408 53.7318047100124 34.099383175694 55.040422533841 40.6012017450952 75.9328639026351 12.34912719886 6.2022886428642 18.2119913454418 26.5048425754898 20.5566486249599 0.987615402137036 8.39971369845337 52.2073204889181 6.48900901412762 20.1781986214095 27.515412166859 12.3079812464935 5.81835035723504 15.4601417301142 20.1743330978524 4.22969093049322 0.964799895653072 84.8709633209536 58.5981569776219 2.81496398420762 6.33135234029869 7.0876995002989 7.19770006662724 13.0455898871674 61.3155997192686 16.1918571756371 1.16418460141331 30.6790645970576 17.6901656486835 47.282748475175 71.8202590099396 77.5732864067531 58.0575857565482 63.5797144554611 59.9110095438582 16.0390790703336 66.2681679807417 2.78295097744026 61.4904957832227 16.290324799713 43.6363307047787 52.7116883826203 99.3485012713576 91.2387340428562 18.6645938221881 63.102546112671 4.6765905167681 2.42702776095659 35.7121042059745 123.979568245872 60.497046006334 50.0081792654712 144.09082255655 69.037897332999 4.08001385520019 45.7157774804476 7.43038285325355 101.815670114029 29.556658884571 4.69893480176308 26.8342286928222 18.0340787510363 33.9829870530713 4.22949774711699 4.97485324881463 4.57835882535787 6.94888069989172 116.573143205921 31.5476282572736 7.68534124386944 10.2392274980363 12.8378621727665 29.9535157549892 41.9897728546159 1.91383671684601 1.21447553437895 12.1347320040552 30.8232022318262 16.3339053664856 8.41276805444896 2.88567854694676 27.078825594288 3.46260017455881 2.62259313450239 75.593705275452 21.8726166939781 8.54939221038644 8.99862934163357 51.0461343151705 37.2362765005051 103.597337711924 19.2697993276086 40.9276901822323 8.71993718737377 8.62091214839871 14.527109499332 11.718821004286 64.395907897239 39.2528531221582 12.5678559659702 14.4615880250921 42.2794092449235 3.98334221787833 47.4768577648812 11.2091370082498 16.723356138006 34.5672606393259 13.8107709060203 9.5522867752904 2.16060035925101 11.7001966051645 30.1402627136745 2.71665660908493 19.5456570013301 106.33375007952 13.7319369211935 5.32807829207831 3.6500521538137 32.8866559457061 9.02552801072631 8.72751794960396 1.25411314266747 23.2779811556797 34.4540482206798 26.5920887732227 49.7416454429156 34.2324564894019 35.089163334556 6.79666835616668 26.7756720324204 2.13556720290527 3.67615213705138 4.56660962835855 0.628590063131251 2.48650114185802 0.0979864400419783 6.80518922141643 95.6736803440058 10.5436959772228 44.5294150787392 0.575679703816626 14.8247166320507 42.2769572974982 6.44846314201065 91.6438849875814 14.2732164019947 44.0036937396307 26.4768057451345 49.7051005313944 1.64494109384557 2.50479716896527 3.77794926915861 1.40137952880395 18.4212142805642 3.510327842083 8.80719873119845 0.907282957947224 14.6730679067078 30.3790284523304 12.0556130895132 3.46741301051336 37.7737746333302 6.09331268082552 1.72622291018315 0.576533197199216 11.2326393598192 1.90645470111811 67.9441907209116 1.59299583204147 1.31592313092576 3.94808389976159 1.7575997306796 3.22097289984589 18.7379581614061 26.5784601228684 16.8212184833691 2.44826174766109 9.20809257307429 35.0462000036012 25.8325207373349 6.11299447267699 6.73816420769902 5.72755220475906 6.43120594631318 7.80030749304381 3.6643479914537 5.32759608075663 29.7647741258767 30.3440420583912 3.63895766249424 0.452761650538725 21.9669511448595 24.6664330002191 13.370676934886 3.12283599919002 39.8655968061238 16.1035073388915 85.5276483729188 10.0329397846246 2.65118133086679 1.41243677040014 21.7770592639802 20.5832705432541 11.4640403061885 76.0680586290691 8.20795460210678 5.84531939818123 1.30789141054989e-05 62.0720359283932 9.6770859106989 69.2018907784578 16.4557982584082 10.4551170286428 49.0478273215867 13.4438063890254 2.5695427980272 8.95378795553127 91.2874212500332 27.7781760821448 1.556390332044 4.15230484000429 34.6534846165141 8.95487242142969 6.23478746245997 1.30498419776114 43.1842908429391 32.1116803736341 78.5416835057785 17.3417322944201 1.89416163036226 0.61800958282887 12.6634154273266 32.2587032256082 6.27714313601106 41.7338270995861 3.11837978809381 4.65979287433613 0.792554641249719 23.7507164639261 10.3085105497012 56.9068681371837 6.91601018208119 2.73153514722675 7.08809601072497 1.91472667478133 0.988268977316691 8.17627594947466 79.7420010378426 28.4575730129477 5.81582525316241 0.883975894072554 11.8226477811742 12.7539527669658 25.4178334710479 1.40541319871582 24.573286067452 10.5380470865432 46.0847761903874 4.5020267341563 4.22230341717982 4.58602501340626 9.16541728932703 7.49084896805624 8.21917136833827 8.95445004327602 9.43447755473689 9.08843989773855 4.33880204961782 111.460792752082 25.1671040792568 3.54053302791 23.337861800418 5.65895977194929 16.3943530274006 43.115085553569 111.004399516052 35.3432021869507 3.27236599073906 54.5117703251202 19.4550486386184 67.1560828302783 81.9289631350218 54.2348669842531 98.3406158031012 31.666694669167 101.133490484 47.6932722029602 1.94664773964898 36.8939029135928 68.7187670625432 57.1646772393797 96.2425592733688 130.160643347361 79.2632510565556 0.407425359026809 104.360178304494 31.8304840090413 22.0878320599944 57.6140258503063 10.0529239535178 41.9934529856057 15.0712475041012 6.50807495001378 6.02541850430619 19.9604050427057 15.4215373803139 9.81324223526671 29.2388878451269 56.4033123332975 24.6684482297468 1.72743784747281 6.74517418172629 1.10822812537613 9.12584837257732 26.8458212911083 11.8291549003689 2.83444765921767 31.3592346832214 20.9893904912403 24.0218449939375 25.8042122881138 2.51655687832953 29.8826404564669 19.8788353839548 53.2203020605928 23.6919857351825 19.5726531121986 23.2228019587213 71.3042651861517 34.1566765411684 78.7195977428556 4.95335850981324 7.84029252329567 38.0053594698921 9.33366315639184 0.412075117481982 0.584281633556499 11.1093138031485 120.346923384315 24.3454308152979 6.33292088594043 1.29765927806849 25.8255386278928 8.02282366804525 5.17793979696873 30.0505905525114 29.2577839435695 120.47635764526 31.9215772872747 1.97218005296775 2.33741434966731 21.2291939396303 37.0454417623099 0.660247968237539 32.2584536389703 2.14403430232768 8.35934705757828 3.8472162437882 8.82773149607327 19.9664165108015 92.8271774526637 7.96797531344381 15.8359568894527 8.89841846235442 2.87325219516805 3.11098796818468 2.6494147480892 2.64350325618305 70.1893838843322 7.78184785855466 5.00477239663383 8.00856154225528 9.5041243569888 12.97594881526 6.28947792066264e-06 39.7705681022804 25.2723267552615 34.690052797837 29.8183008230027 4.49037203474831 2.74208257709648 13.2935756301804 14.8530615690795 6.63831594270714 73.8873795206541 9.55465473204992 8.73840572865173 1.90510147230464 48.8875368514053 15.5582704192647 5.91143259202877 5.84232869749589 36.9183274387316 11.3958636815565 13.4621149065293 9.96846238069931 23.519258680302 24.0203779519271 7.12508297972558 0.899034186638962 33.0346587503537 21.7013508987328 1.74962038183183 2.15618730435401 31.4453480060788 8.82461858894964 0.274455488313244 85.303850824019 0.39922651089707 35.3944928601151 19.5122858391363 4.68132016428617 22.0229508858649 33.9596930116 101.580483713235 32.1115793498348 27.9554867259662 28.6884350676127 27.6014532778018 0.382349306212238 77.152858123014 10.0274667242269 9.20759381481363 4.85954353704203 9.98102842055919 19.300401462134 24.2288198293143 30.676726978201 19.0319685215661 1.64789246764203 0.465279287324259 1.53169110054678 1.5461182064769 5.57604357338468 7.19411637078969 2.66497935978768 0.888008987651325 28.176733374206 65.1735526397023 4.40602380037377 3.06903803536994 2.40178626969663 39.2430048370937 13.9340867745835 46.968132377102 17.0580360143831 11.5101989745487 0.448393499207495 28.7949926652878 11.932885264376 4.89751804582939 44.4724758547326 51.8342170452297 1.1371687665172 14.8860549852293 4.5499700153107 39.9653240821158 47.2407005099445 108.042813838837 16.2304782862714 32.7189793552965 47.0505639909435 12.2112792410905 14.6698270572735 16.8352458601454 0.323765704502169 3.41089985113152 51.9405476541639 36.7681971875802 5.69306160846208 28.7189002943572 10.3644149244104 46.8489120604491 7.66056667471645 104.177863544552 47.7529562983906 36.9135167516178 9.77173399667151 85.2732939686176 25.0607091063365 88.6633478069447 0.274836390967379 13.0303428456471 22.6249101738836 1.33441314994432 0.365905948282744 5.65846853750084 0.081568620315419 2.0832308132235 17.1211791926262 8.86779374567121 1.10206051149545e-05 19.5644315170626 30.6335831778925 30.7794130159414 41.9998160588881 3.77376633162651 104.594430389406 12.8427477809162 3.36709342089194 5.36876375112734 26.6569778213289 3.35796247602813 7.38430791988087 11.4171449676136 0.244212584544243 4.6215892450853 3.76318030381685 26.8665492045964 9.38026311791428 64.3030748516711 43.3400920006061 28.8173984902476 1.182358498952 20.085114054363 35.5373393737991 22.1291219243201 0.196753904108883 82.9859949476893 7.33155966470664 27.7801466774393 32.4076870956519 1.42585936237415 1.54615753307788 1.02542773488127 35.7429767864105 0.108231400813207 86.6216684342472 46.8531234621635 19.0647015457611 16.0894419169894 8.7738134331156 23.5877325330725 20.3299458496644 108.731070411472 18.3957272588244 24.9494115260966 19.8319077115235 11.7860615369028 2.37600204416763 98.9676841026969 19.2496725534775 25.3505794627564 4.79956826462519 1.55250442320358 31.6745633620038 34.5369346025997 14.5576609184626 120.655057201127 4.86962932699521 30.8647221573051 15.4379045317557 5.39845734193041 0.413297512076374 13.8690685993744 1.06314089887517 16.2638118146779 81.7482808561787 50.9431952015258 13.0107674624765 0.495923356192791 0.445079564111303 52.3396755206355 10.5494464152464 68.1402166225609 27.5780459888024 26.6340108436385 32.0772805347323 29.8196297615134 101.171253746038 3.72501525771995 2.79786223740463 65.9246440551255 22.0343205801324 40.0168460179623 68.1335905510224 19.6564581120925 37.5407571846015 0.0491626635379634 15.519480060187 0.175169238989397 123.301184533336 75.5247159656084 48.4236232408867 112.515275989911 41.6270074617177 51.4919349666392 101.096006226871 148.986729430958 32.573356857518 23.6277349326407 119.980283494507 58.2362806021146 4.33279568896858 1.08176842372901 107.472226123896 111.384002393882 125.503731766114 55.4381889007116 2.2709310181511 115.018207977111 19.5275642423729 1.09845527770827 19.7754228303106 24.5258598530954 11.8112104577468 26.4518411854672 29.5673754616338 96.9290764635964 52.6187052309619 36.3280669994054 22.8729035450576 53.0326558373331 46.0434715071944 3.91271877006916 26.4537558169819 81.9569518896551 31.8552685929396 82.9142264493006 29.0646863008083 25.8405518692277 47.061049967006 9.97766499850113 4.41467679176455 118.647531446465 9.73932165330362 0.442405819973177 20.3117629269687 18.3797282090807 31.532301781394 82.8706857022936 12.3558053531945 4.71881872241105 35.3967661097038 1.58037325563909 0.6801527720255 0.407903408637271 0.0453946421166508 0.671119710265387 24.6908596783116 7.97393745380489 0.0182064613223518 13.0347716958351 20.7382367944205 36.115881938022 2.11879791883931 14.1868314266207 22.7299332453909 113.876757436173 24.502253157573 4.07218786231526 20.6335137179361 16.221811249814 9.55491816886922 94.7640919274438 4.60446322665495 4.01882461060682 3.54439173973856 74.7058629477642 1.37204252720508 77.3272082311921 8.89211987806484 0.4690925502255 2.74078700700145 2.55063548079375 0.434177046950388 0.717785714213987 2.37044049826292 34.6434117240445 6.62660951987385 3.54664640907995 0.43575324309577 7.69681865674374 9.83399201634953 30.515349242217 5.17519388215141 31.3873273128188 28.2937574252635 67.7440188045096 17.1857252244785 4.51830380864395 4.94072232074254 3.2264014523339 2.3645911354068 93.1573556538069 7.008244773243 4.36649422396777 0.893006288531361 58.1038041433731 3.23468754923341 68.3825134404827 4.17245893853399 45.0542482586208 10.1172965601295 6.05972225766287 7.49538622796709 30.1914183244511 12.0839673791635 62.7075490493392 0.511711330894112 19.2326671880595 14.0180318605698 2.2914488532477 4.15284666516108 15.1648496215975 24.0749864252936 12.5494632826351 1.48849692736893 87.1002254695964 13.6746282981519 31.0945826087591 12.886668342958 23.0179824680716 32.4632195935253 77.386887832951 3.13996809201099 30.4196283679602 5.41805944702374 46.1778452344026 18.037335701957 95.0330241614594 7.64249238006174 9.62822868020814 47.1677885003794 27.4407495240511 22.0813104611528 30.1282864790321 23.7798412229505 5.88399455089415 22.8351143976085 33.8230181129501 22.4877431713257 59.6227699460596 7.47686147435473 35.8186013652306 21.5830409991036 77.140593498193 6.87854508504782 2.32841964755555 7.01875760068949 9.73407846384324 32.8540872639203 4.73602953256479 30.5088490607267 145.20840210079 30.2491473713588 22.0313879522306 23.6225174646581 70.6145562982569 15.5237684483842 111.165579356708 12.6366623788269 14.5518147938837 20.00790443506 1.75907833205045 5.91840944370985 0.520870007079707 16.7866875739487 25.7539943953828 3.33192953069593 1.80754331279449 1.5856313193187 26.6572014392466 3.77736873402178 10.4144705275091 2.62521341004521 34.5393837611744 5.66364779818289 32.8199411301357 30.0309943133987 13.92581014386 6.27250351144816 21.1669078891856 40.107915150372 34.9680763245635 0.897458935412762 10.2042875729882 0.985801802784627 35.888660902098 64.2743191719913 2.63912834184012 30.2787305112043 137.349686739519 18.9766058964616 87.262639908363 9.21225674928045 83.0365208843301 94.6990379072381 1.61790863589235 104.333210384574 100.050882461676 33.4828573714493 110.918521768649 63.1935668793496 40.8880000606059 25.6668777229581 80.8448074263728 9.84695340685401 1.3170597648993 153.150378353101 108.945216567266 24.6167693308062 72.2883170340336 73.0743085062172 11.9131324982089 106.474532676605 0.228542898957654 93.3996083740349 77.816918732045 8.49376727350149 25.0359651855146 11.8293670110739 9.33212430644582 9.71725991693824 12.2881619888828 0.916534333895106 1.80061492061196 5.06930424709172 93.3190402515858 8.74385442899709 0.928558563229131 8.35864671625014 19.0035165212362 5.67683341648716 6.39683020238847 12.3812054247245 17.3216165203242 28.7959227232144 113.065837232327 28.3371278027592 12.4647523053721 6.76163292234567 29.8839378176923 17.7877950288377 0.36093167802751 0.936081152523954 4.56218254044928 2.30035828079521 56.0982204938644 11.0078833916096 59.1088553211914 16.1949963045977 5.2884179096128 49.952006202408 1.7361717155793 2.80367960753436 8.31598769758405 4.17411293298643 93.4169643233209 31.7899577953607 7.11125552296403 9.15064476907157 17.2225225254081 8.62292237436096 2.48210267804583 5.26259235316046 4.52789361752099 15.5227638555478 45.7123798904136 0.96340766415896 0.555851981210201 1.38298137731129 31.1690109969737 0.55887761477175 9.66553360820151 2.98153024285921 0.41223788037349 6.21786705843667 20.0397745694082 25.272845945212 21.6063825936599 10.5867048047307 9.76607436545512 45.1970526091272 5.62807382745225 1.39647466024232e-05 1.56140299096291 4.18516150721334 35.3648509894338 1.35671006634581 2.005611879966 4.98750872405941 35.7017486995858 27.5239428726797 8.34090052242552 5.00648705282576 13.6283218278299 7.95207752642723 46.6940350637771 20.7311457126911 1.37485497882142 0.782162162532262 25.3503788116999 2.81110725002649 5.93232859341067 48.2016935125242 1.07560547240946 3.65033435789526
