Instancenumber:
58
Instancename:
B-n31-k5
Customers:
30
Depot:
0
Dimension:
930
Vehicles:
30
Capacity:
100
Demands:
0 25 3 13 17 16 9 22 10 16 8 3 16 16 10 24 16 15 14 5 12 2 18 20 15 8 22 15 10 13 19
Uncertainty:budgeted
Gamma:
30
Mean Vector:
70.3491293478462 91.9238815542512 57.0788927713213 44.1021541423999 77.8781098897501 54.0092584655631 50.0899191454728 48.2597140480546 53 93.150415994777 69.2314957226839 49.3659801887899 53.0377224247045 71.0633520177595 70.4059656563277 78.587530817554 53.0377224247045 78.3390068867355 69.5844810284592 92.1791733527699 37.9473319220206 50 50.1597448159378 68.8839603971781 44.0113621693308 49.0306026885251 94.0212741883453 48.8364617882991 47 50.0899191454728 70.3491293478462 75.5843899227876 16.4012194668567 27.8567765543682 11.6619037896906 17.8885438199983 20.3960780543711 22.0907220343745 18.3847763108502 77.7946013551069 6.32455532033676 21.0237960416286 17.7200451466693 10.0498756211209 7.07106781186548 14.3178210632764 17.7200451466693 13.4164078649987 2.23606797749979 78.4346862045103 38.9486841883009 21.1896201004171 20.2237484161567 4.47213595499958 37.0135110466435 22.2036033111745 78.7464284904401 22.0907220343745 24.0416305603426 20.3960780543711 91.9238815542512 75.5843899227876 82.6075057122535 82.0548596976437 68.4470598345904 80.3056660516554 76.0591874792257 74.0067564483136 79.227520471109 2.23606797749979 69.2603782836912 73.0273921210391 77.2334124585985 65.7875368135941 68.6221538571911 65.7419196555744 77.2334124585985 66.6408283261845 73.3757453113766 3.60555127546399 91.6624241442479 79.0569415042095 75.0599760191808 71.1688133946323 95.1892851112981 69.0072459963445 3.16227766016838 70.0071424927486 79 76.0591874792257 57.0788927713213 16.4012194668567 82.6075057122535 13 27.5862284482674 3.60555127546399 9.21954445729289 12.0415945787923 5 84.717176534632 19.4164878389476 12.0415945787923 6.40312423743285 23.3238075793812 20.8086520466848 29.8328677803526 6.40312423743285 29.0688837074973 16.9705627484771 85 22.8473193175917 7.61577310586391 9.89949493661167 17.8044938147649 20.6155281280883 15.8113883008419 85.7088093488645 15 10.4403065089106 9.21954445729289 44.1021541423999 27.8567765543682 82.0548596976437 13 37.7359245282264 10.1980390271856 8.48528137423857 8.94427190999916 9.48683298050514 84.0238061504 28.8444102037119 10.295630140987 10.295630140987 32.0156211871642 30.2324329156619 39.4081209904761 10.295630140987 38.8329756778952 27.7308492477241 84 12.0415945787923 6.70820393249937 9.21954445729289 27.7848879788996 13.3416640641263 13.6014705087354 85.0235261559999 12.6491106406735 4.24264068711928 8.48528137423857 77.8781098897501 11.6619037896906 68.4470598345904 27.5862284482674 37.7359245282264 28.4253408071038 29.5296461204668 30.4630924234556 28.6006992921502 70.6823881882892 8.94427190999916 29.1547594742265 27.459060435492 7 7.61577310586391 3 27.459060435492 2 10.6301458127346 71.5541752799933 49.4064773081425 31.0644491340181 29.0688837074973 10 48.1040538832228 28.8617393793236 71.5891053163818 29.1204395571221 33.6154726279432 29.5296461204668 54.0092584655631 17.8885438199983 80.3056660516554 3.60555127546399 10.1980390271856 28.4253408071038 5.65685424949238 8.48528137423857 1.4142135623731 82.3893196961839 19.7989898732233 8.60232526704263 3.16227766016838 23.43074902772 21.2132034355964 30.4138126514911 3.16227766016838 29.732137494637 18.0277563773199 82.6075057122535 21.095023109729 4.12310562561766 6.40312423743285 18.4390889145858 19.8494332412792 12.5299640861417 83.3846508657319 11.6619037896906 7.07106781186548 5.65685424949238 50.0899191454728 20.3960780543711 76.0591874792257 9.21954445729289 8.48528137423857 29.5296461204668 5.65685424949238 2.82842712474619 4.24264068711928 78.1024967590665 20.591260281974 3.16227766016838 3.16227766016838 23.6008474424119 21.9544984001001 31.0644491340181 3.16227766016838 30.5286750449475 19.9248588451713 78.2304288624318 20.5182845286832 3 1 19.6977156035922 21.0237960416286 7.28010988928052 79.1012010022604 6.32455532033676 4.24264068711928 1e-05 48.2597140480546 22.0907220343745 74.0067564483136 12.0415945787923 8.94427190999916 30.4630924234556 8.48528137423857 2.82842712474619 7.07106781186548 76.0263112349928 21.540659228538 1.4142135623731 5.8309518948453 24.1867732448956 22.8473193175917 31.7647603485372 5.8309518948453 31.3049516849971 21.3775583264319 76.1051903617618 20.8086520466848 5.3851648071345 2.23606797749979 20.8806130178211 22.1359436211787 5 77.0259696466069 4 5.09901951359278 2.82842712474619 53 18.3847763108502 79.227520471109 5 9.48683298050514 28.6006992921502 1.4142135623731 4.24264068711928 7.07106781186548 81.3019064967114 19.8494332412792 7.21110255092798 2 23.3452350598575 21.2602916254693 30.4795013082563 2 29.8328677803526 18.3575597506858 81.4984662432367 20.8086520466848 3 5 18.6010752377383 20 11.1803398874989 82.2982381342395 10.295630140987 6 4.24264068711928 93.150415994777 77.7946013551069 2.23606797749979 84.717176534632 84.0238061504 70.6823881882892 82.3893196961839 78.1024967590665 76.0263112349928 81.3019064967114 71.4702735408225 75.0599760191808 79.3095202355934 68.0073525436772 70.8378429936994 67.9779375974294 79.3095202355934 68.8767014308903 75.5843899227876 2 93.5360892917809 81.0987052917616 77.1038261048049 73.3757453113766 97.1287804927046 71.028163428319 1 72.0277724214764 81.0061726043145 78.1024967590665 69.2314957226839 6.32455532033676 69.2603782836912 19.4164878389476 28.8444102037119 8.94427190999916 19.7989898732233 20.591260281974 21.540659228538 19.8494332412792 71.4702735408225 20.2484567313166 18.6010752377383 4.12310562561766 1.4142135623731 10.6301458127346 18.6010752377383 10 4.12310562561766 72.1110255092798 40.6078810084939 22.2036033111745 20.1246117974981 2 39.6232255123179 20.2237484161567 72.4223722339996 20.3960780543711 24.6981780704569 20.591260281974 49.3659801887899 21.0237960416286 73.0273921210391 12.0415945787923 10.295630140987 29.1547594742265 8.60232526704263 3.16227766016838 1.4142135623731 7.21110255092798 75.0599760191808 20.2484567313166 5.65685424949238 22.8254244210267 21.540659228538 30.4138126514911 5.65685424949238 29.9666481275434 20.2237484161567 75.1664818918645 22.2036033111745 6.08276253029822 2.23606797749979 19.6468827043885 23.4093998214393 4.12310562561766 76.0591874792257 3.16227766016838 6.32455532033676 3.16227766016838 53.0377224247045 17.7200451466693 77.2334124585985 6.40312423743285 10.295630140987 27.459060435492 3.16227766016838 3.16227766016838 5.8309518948453 2 79.3095202355934 18.6010752377383 5.65685424949238 21.9317121994613 20 29.2061637330205 1e-05 28.6006992921502 17.464249196573 79.5110055275369 22.0227155455452 3.60555127546399 3.60555127546399 17.4928556845359 21.6333076527839 9.4339811320566 80.3056660516554 8.60232526704263 6.32455532033676 3.16227766016838 71.0633520177595 10.0498756211209 65.7875368135941 23.3238075793812 32.0156211871642 7 23.43074902772 23.6008474424119 24.1867732448956 23.3452350598575 68.0073525436772 4.12310562561766 22.8254244210267 21.9317121994613 3 7.61577310586391 21.9317121994613 7.28010988928052 8 68.7095335452075 43.9317652729776 25.4950975679639 23.0217288664427 6.08276253029822 43.2781700167648 22.1359436211787 68.9492567037528 22.4722050542442 27.8028775489157 23.6008474424119 70.4059656563277 7.07106781186548 68.6221538571911 20.8086520466848 30.2324329156619 7.61577310586391 21.2132034355964 21.9544984001001 22.8473193175917 21.2602916254693 70.8378429936994 1.4142135623731 21.540659228538 20 3 9.21954445729289 20 8.60232526704263 5 71.5122367151245 42.0119030752 23.6008474424119 21.4709105535839 3.16227766016838 41.0365690573664 21.3775583264319 71.7843994193724 21.5870331449229 26.0768096208106 21.9544984001001 78.587530817554 14.3178210632764 65.7419196555744 29.8328677803526 39.4081209904761 3 30.4138126514911 31.0644491340181 31.7647603485372 30.4795013082563 67.9779375974294 10.6301458127346 30.4138126514911 29.2061637330205 7.61577310586391 9.21954445729289 29.2061637330205 1 13.0384048104053 68.8839603971781 51.2249938994628 32.8024389337135 30.5286750449475 12.0415945787923 50.2095608425328 29.732137494637 68.8767014308903 30.0832179129826 35.2278299076171 31.0644491340181 53.0377224247045 17.7200451466693 77.2334124585985 6.40312423743285 10.295630140987 27.459060435492 3.16227766016838 3.16227766016838 5.8309518948453 2 79.3095202355934 18.6010752377383 5.65685424949238 1e-05 21.9317121994613 20 29.2061637330205 28.6006992921502 17.464249196573 79.5110055275369 22.0227155455452 3.60555127546399 3.60555127546399 17.4928556845359 21.6333076527839 9.4339811320566 80.3056660516554 8.60232526704263 6.32455532033676 3.16227766016838 78.3390068867355 13.4164078649987 66.6408283261845 29.0688837074973 38.8329756778952 2 29.732137494637 30.5286750449475 31.3049516849971 29.8328677803526 68.8767014308903 10 29.9666481275434 28.6006992921502 7.28010988928052 8.60232526704263 1 28.6006992921502 12.2065556157337 69.7710541700496 50.60632371552 32.2024843762092 30.0166620396073 11.3137084989848 49.4974746830583 29.4108823397055 69.778220097678 29.732137494637 34.6698716467194 30.5286750449475 69.5844810284592 2.23606797749979 73.3757453113766 16.9705627484771 27.7308492477241 10.6301458127346 18.0277563773199 19.9248588451713 21.3775583264319 18.3575597506858 75.5843899227876 4.12310562561766 20.2237484161567 17.464249196573 8 5 13.0384048104053 17.464249196573 12.2065556157337 76.2167960491649 39.1152144312159 21.0237960416286 19.6468827043885 2.23606797749979 37.5366487582469 21.0237960416286 76.5375724726098 21 23.7697286480094 19.9248588451713 92.1791733527699 78.4346862045103 3.60555127546399 85 84 71.5541752799933 82.6075057122535 78.2304288624318 76.1051903617618 81.4984662432367 2 72.1110255092798 75.1664818918645 79.5110055275369 68.7095335452075 71.5122367151245 68.8839603971781 79.5110055275369 69.7710541700496 76.2167960491649 93.3434518324665 81.2219182240853 77.2334124585985 74 97.0463806640928 71.1125867902441 2.23606797749979 72.1110255092798 81.0555365166378 78.2304288624318 37.9473319220206 38.9486841883009 91.6624241442479 22.8473193175917 12.0415945787923 49.4064773081425 21.095023109729 20.5182845286832 20.8086520466848 20.8086520466848 93.5360892917809 40.6078810084939 22.2036033111745 22.0227155455452 43.9317652729776 42.0119030752 51.2249938994628 22.0227155455452 50.60632371552 39.1152144312159 93.3434518324665 18.4390889145858 21.2602916254693 39.4081209904761 6.40312423743285 25.0599281722833 94.5304183847718 24.1867732448956 16.2788205960997 20.5182845286832 50 21.1896201004171 79.0569415042095 7.61577310586391 6.70820393249937 31.0644491340181 4.12310562561766 3 5.3851648071345 3 81.0987052917616 22.2036033111745 6.08276253029822 3.60555127546399 25.4950975679639 23.6008474424119 32.8024389337135 3.60555127546399 32.2024843762092 21.0237960416286 81.2219182240853 18.4390889145858 4 21.095023109729 18.3575597506858 10.1980390271856 82.0975030070952 9.21954445729289 3 3 50.1597448159378 20.2237484161567 75.0599760191808 9.89949493661167 9.21954445729289 29.0688837074973 6.40312423743285 1 2.23606797749979 5 77.1038261048049 20.1246117974981 2.23606797749979 3.60555127546399 23.0217288664427 21.4709105535839 30.5286750449475 3.60555127546399 30.0166620396073 19.6468827043885 77.2334124585985 21.2602916254693 4 19.313207915828 21.9317121994613 6.32455532033676 78.1024967590665 5.3851648071345 5 1 68.8839603971781 4.47213595499958 71.1688133946323 17.8044938147649 27.7848879788996 10 18.4390889145858 19.6977156035922 20.8806130178211 18.6010752377383 73.3757453113766 2 19.6468827043885 17.4928556845359 6.08276253029822 3.16227766016838 12.0415945787923 17.4928556845359 11.3137084989848 2.23606797749979 74 39.4081209904761 21.095023109729 19.313207915828 38.1837661840736 20.0249843945008 74.3303437365925 20.0997512422418 23.7065391822594 19.6977156035922 44.0113621693308 37.0135110466435 95.1892851112981 20.6155281280883 13.3416640641263 48.1040538832228 19.8494332412792 21.0237960416286 22.1359436211787 20 97.1287804927046 39.6232255123179 23.4093998214393 21.6333076527839 43.2781700167648 41.0365690573664 50.2095608425328 21.6333076527839 49.4974746830583 37.5366487582469 97.0463806640928 6.40312423743285 18.3575597506858 21.9317121994613 38.1837661840736 26.9258240356725 98.1274681218261 25.9615099714943 17.0880074906351 21.0237960416286 49.0306026885251 22.2036033111745 69.0072459963445 15.8113883008419 13.6014705087354 28.8617393793236 12.5299640861417 7.28010988928052 5 11.1803398874989 71.028163428319 20.2237484161567 4.12310562561766 9.4339811320566 22.1359436211787 21.3775583264319 29.732137494637 9.4339811320566 29.4108823397055 21.0237960416286 71.1125867902441 25.0599281722833 10.1980390271856 6.32455532033676 20.0249843945008 26.9258240356725 72.0277724214764 1 10.0498756211209 7.28010988928052 94.0212741883453 78.7464284904401 3.16227766016838 85.7088093488645 85.0235261559999 71.5891053163818 83.3846508657319 79.1012010022604 77.0259696466069 82.2982381342395 1 72.4223722339996 76.0591874792257 80.3056660516554 68.9492567037528 71.7843994193724 68.8767014308903 80.3056660516554 69.778220097678 76.5375724726098 2.23606797749979 94.5304183847718 82.0975030070952 78.1024967590665 74.3303437365925 98.1274681218261 72.0277724214764 73.0273921210391 82.0060973342836 79.1012010022604 48.8364617882991 22.0907220343745 70.0071424927486 15 12.6491106406735 29.1204395571221 11.6619037896906 6.32455532033676 4 10.295630140987 72.0277724214764 20.3960780543711 3.16227766016838 8.60232526704263 22.4722050542442 21.5870331449229 30.0832179129826 8.60232526704263 29.732137494637 21 72.1110255092798 24.1867732448956 9.21954445729289 5.3851648071345 20.0997512422418 25.9615099714943 1 73.0273921210391 9.05538513813742 6.32455532033676 47 24.0416305603426 79 10.4403065089106 4.24264068711928 33.6154726279432 7.07106781186548 4.24264068711928 5.09901951359278 6 81.0061726043145 24.6981780704569 6.32455532033676 6.32455532033676 27.8028775489157 26.0768096208106 35.2278299076171 6.32455532033676 34.6698716467194 23.7697286480094 81.0555365166378 16.2788205960997 3 5 23.7065391822594 17.0880074906351 10.0498756211209 82.0060973342836 9.05538513813742 4.24264068711928 50.0899191454728 20.3960780543711 76.0591874792257 9.21954445729289 8.48528137423857 29.5296461204668 5.65685424949238 1e-05 2.82842712474619 4.24264068711928 78.1024967590665 20.591260281974 3.16227766016838 3.16227766016838 23.6008474424119 21.9544984001001 31.0644491340181 3.16227766016838 30.5286750449475 19.9248588451713 78.2304288624318 20.5182845286832 3 1 19.6977156035922 21.0237960416286 7.28010988928052 79.1012010022604 6.32455532033676 4.24264068711928
Deviation Vector:
30.6421878409234 52.4098641749844 26.264033195971 31.7379551029471 6.15812490589596 87.0131576815203 30.5975307492621 51.8302659227496 72.514259524127 108.32381679127 29.1518996312825 8.96656325693536 65.1716425306938 74.9937764972215 8.41094815064146 86.6153309175662 35.5156687764177 30.3929229203282 72.7840904129114 102.875725529313 29.8672062126466 0.175009404777351 24.4305778425666 85.7849834274173 34.5780702562882 6.60277126571207 129.661516258454 78.1642393641362 34.9695854469517 77.5959907256413 57.7962262795279 89.1598622650684 7.87124710552298 35.7039866627974 3.03085372745152 9.99955814140209 25.5647979354306 19.2353997377877 30.0219439680174 76.4138472061904 2.49362917476958 8.71851394134729 20.6241080109107 16.3115154315607 10.3945132311141 18.3747659348085 19.2412735251887 6.71191866058517 0.0714565702842865 38.626722382824 62.9534498703986 17.354857022292 10.0303743638128 2.07513186478365 15.7315451862457 28.4568583651802 47.1439055129003 3.63895567670825 29.8790145127882 27.3860924860962 6.84851587767874 32.123842771928 72.9391932562593 45.4928911882158 4.60957447934484 91.7776847004884 84.6852677017476 97.7453447686123 29.6501399279234 2.47539785275716 45.9649341577943 56.1228510190423 117.528322914465 12.3799130734703 51.61858746657 88.9077627180235 113.651247867551 13.2417240622019 15.6505157263016 5.42089546819016 63.3545722595197 15.0406536997912 51.2774177226456 84.4875493344324 62.2789685009062 76.4720561040562 2.62284267859304 87.7150574263333 100.559264172956 32.9229200452514 54.5844553086912 22.0990705053282 70.8661312322754 2.59869535049912 7.24041709248065 3.3358943712723 12.3795806929116 16.567760806127 3.03306723348552 6.57700394871872 16.3787703253453 15.296046828659 5.41802046531827 16.9311938828064 30.3483321237367 47.6838791085709 2.81055428792245 37.5168151338493 2.67643594644753 55.4393463062224 26.3828033924356 6.46490243695652 8.34011160891341 3.53484903626234 8.17748971719344 23.6655844482291 111.996660790837 18.3912329523396 11.5921620611425 8.66871025834186 0.863598597732867 11.9022687368435 53.1960112680371 11.4068149468343 23.6666959985318 9.28799696953371 1.38563204829197 2.95662399153758 6.14064720891928 64.6909156035364 11.7741568757416 15.3490408519434 4.12669104777805 40.1587330827674 17.4559031069223 8.66615330889604 12.4922616379571 39.4669159287284 41.8881543434606 115.169561839664 0.351527425923958 6.88201202915819 5.35277401728148 24.2192883170532 16.3361563173681 13.2921237646058 61.9867935832257 11.280454708196 2.39275999763114 1.69724914522866 15.0065088969724 6.80542895954535 42.9361066953251 23.1997527056355 55.132488473234 35.658324174144 3.31894858311628 49.4813937164009 45.3325682302679 53.6956312824134 6.75165916993912 10.3164668037225 16.7814904916588 8.08974677382896 12.2476861241286 3.56560738063017 37.7722967563209 2.36439211137509 6.01135759516056 89.2102940749365 45.1527098962484 18.473832760567 18.4093796237958 14.9449249607334 70.5380999318035 6.30308534832474 59.590000914776 16.1927103355758 37.3194678208414 41.2342581886673 40.8354652030566 23.306616495036 27.349641774013 4.98781854620094 5.14501488183932 4.61109218733525 5.64818680736525 5.23460400446888 0.208121820650475 77.7857542328574 27.2548703060747 7.75949347832126 4.10456094096801 8.16245371434308 8.87435853837443 38.5287191092986 4.86010715724209 4.5956238248574 14.5962253280247 38.2507571177705 29.5608634017799 0.34714863227946 6.77281417989035 7.28826375192189 31.3360701352654 11.0857756662291 51.1690378340829 8.99970123228615 10.1880027922175 0.477880532614014 26.4838707148102 11.3713076361343 105.521292674765 8.01451153864568 2.55862253572257 7.45647768814659 5.83512144506066 3.67696758225682 3.68860355096521 92.0576819575994 12.4529552451735 1.91833690008844 1.39564278492583 6.21612038366287 20.9664675457174 26.7055562548689 4.83892345614081 26.0268441133874 20.2087846990824 54.8000421012202 26.9934401732711 2.32862854950813 0.784691138493704 14.4572568224565 24.6287697821063 5.27094453040406 128.040894951117 0.921880113310562 6.34587858745966 1.42013877037443e-05 11.1113255235714 8.50724436484219 25.0367347245495 19.4784568654111 11.2197008223939 19.4915026918735 1.95794780731771 1.8287323990662 2.12474731080742 83.6409968338919 4.00382147088924 1.28022193981389 0.393182940122466 15.170276639553 26.7002704283722 32.477140551398 8.67001916381647 33.1670144190159 5.03665406082912 65.5864041753996 2.50987735684795 8.35338426468302 3.66266980930168 18.903389091242 14.2949695445811 5.85053608656327 125.500573756029 2.50047398671548 6.70964304272702 4.20221215951984 21.5125746663639 28.4248763422159 18.3373350159528 3.72100500389919 14.4612312063137 42.4964139417828 1.95732944442107 0.49101923193006 3.48637002628996 3.67207690442963 24.1347849369647 4.89576119392667 1.90083910702579 29.9594821685079 27.7687827107305 14.6209866399647 1.33278066411366 34.4172862784135 28.2555965893475 73.511214891542 7.82606418841836 0.0613133995655562 4.06909977839866 6.97043200438395 18.5149189484581 16.3188336416062 127.137607188816 9.42785654195858 2.67215830971395 5.1817474776352 70.9863086931785 66.2232265255287 2.52250696350063 84.1675895351691 134.056483545194 71.607436149116 69.2074670546039 104.66825238736 85.82015237051 108.379709699954 99.0081690845247 52.9439294601803 29.5517417489829 47.3579745511297 24.7449751913171 2.6774354701967 93.2731127261158 69.9586799300129 90.1764769598264 2.15177062003304 26.0352427582457 127.256319794957 84.5307064182271 80.138370545798 29.5783017146136 27.1831476710492 0.912405536418688 15.1263348142607 105.180342729567 106.044856405119 99.094956338137 2.66343009118813 39.4550732901626 17.8650395703684 40.8043975781188 4.70255560764479 5.81742051605963 12.6694657748519 4.87985789740136 28.2387136310758 22.0826362285359 32.6374203205666 9.0892518996527 2.81026471885797 0.945901232539894 8.90763481615916 13.4109314262554 2.05558062494751 0.883618987869274 19.8069802231687 52.0366999900609 10.9386815935132 4.11482493520428 1.47681370261496 62.7955913695518 10.2937654135062 81.193900368627 17.497054195421 17.7580127354601 16.0648986935121 28.448098064401 10.743114756745 87.7282240834463 13.798851714185 14.7340166579302 28.4720730848597 0.278150428507129 0.270560312941479 2.25124089022445 1.86678171682418 113.205795368665 5.29465931125016 1.30879081736478 8.15977198136444 20.3144334081559 27.3790278804433 6.7624632025528 0.739888638081817 22.3629144876911 105.966322215917 6.64695505684941 4.54904684985342 0.588194978833984 9.8987104207728 34.7925844218451 0.859696039156193 77.0346492956353 3.06115495330721 6.74431970922221 0.29240418866552 5.77278532771035 0.058125819779508 46.6075981273055 8.38904510330961 11.8318667691224 10.8517865917736 2.04717365201006 3.73637912315498 2.80327351601925 1.19976243669388 114.239246697805 6.50297930802137 4.87262081101715 0.711178599708066 14.1417686904918 4.82135549410303 9.32643845108095e-06 7.52698046920059 3.31419881967186 31.7295957060906 0.739303643320912 1.76359869896535 4.13527116464976 5.18871057002705 21.4811252708926 9.37571477769772 40.5644603307737 3.15215668703238 2.03958269274841 4.96950775056505 32.6107658142572 4.33480631489672 103.600671223858 24.7783100251674 3.26938561673815 7.59240597277828 34.1517234216209 17.6886369476251 15.1606713561391 6.97924121130652 91.7672730758018 1.76419383369613 14.8036613991549 12.5313196195922 1.38092042128632 10.3243122688662 16.1518081768548 10.1408338183867 12.9505865297293 63.6407992073735 6.70619224048063 0.332296327462355 32.584121783562 7.90496385400127 13.4011967776185 17.0218664021892 45.0950339975578 18.3098657557695 31.5673958615201 23.0466650518724 52.5872742715651 11.2733850883783 96.6095543826555 14.1984084905861 30.7554254242587 11.4995610353114 2.70684211562605 18.3429715549857 14.16758406748 16.0391547023854 80.3625086414525 0.466848155834331 25.4674833032548 2.8731571405664 2.70447147001416 0.0299211754924183 29.9861294556601 14.0901748104424 6.98098029676279 105.7501615807 38.8534252186575 36.5540840201919 32.0303879332618 2.21619889891429 49.6154554120791 3.46523454818437 105.508219812707 4.82960726409601 25.4737877635173 21.2043976981816 94.3243518110332 1.20886180618435 60.5332942574778 28.9001142830663 30.2166708808444 0.896133146365744 25.5275519835203 27.7829342844837 36.0279250165598 44.4829743609128 0.640559182951342 6.68963777003094 4.56787827609407 34.8056067224679 5.88673399629718 9.69602344571344 34.9003926150425 0.632912883191959 13.6938626558508 65.5639678604795 24.1947637587747 11.0128003165925 26.2940342372175 3.91072061027304 52.0449597838233 12.8140983024287 33.5336211880232 26.0817981513739 23.0640830315486 45.4702666165992 10.2608116410327 3.8204088544574 119.570471000132 7.13457969124594 12.1934460508021 18.5506039845977 4.46812503677895 1.21530531032426 9.15422975148702 1.81559215249384 16.2102869038634 29.3778034082829 8.69517477338929 3.54583612390339e-06 24.8206042868627 13.4142134375079 41.071606278352 19.6580955561314 22.7668066375507 64.9745415699748 36.0981444847169 0.492472633678829 4.15686836466957 15.0624403177181 9.980634731891 5.18966120537843 103.758708274005 8.15689264324832 8.96247228305754 0.972082686252175 60.5246814995763 21.6078469095809 34.8529987106304 19.8078327907411 42.1504121698411 0.135940451918161 40.3460144782023 26.2245562967692 14.1587134295574 38.4116410367477 8.7783595624507 6.56676209116858 36.7859184347929 0.720593977133715 7.36208262718659 6.19302477456306 0.695905650208143 22.2560690384462 17.1777205479052 25.1294108719119 80.7343891924981 45.3097447914805 14.9109842073254 12.5456596666298 31.1205047982534 28.178916687239 1.36998955513076 8.36711935152516 9.25587764337009 43.8613038719299 40.9724706620145 2.32455218313006 103.30710331538 18.8681074764073 2.26344380255041 9.07801343335299 21.2688607313403 28.6640052525227 1.57428486157308 29.9607790743697 82.1456203578049 0.829124742514594 13.1329828769135 11.7885262962218 1.8102981218258 0.106421999302633 18.187708423881 16.1054068824949 9.75852606824177 88.6269961051206 50.1598837606744 15.8820458639398 18.2813137117255 0.312512337361354 8.4443338716831 32.7807970686264 84.0284330581029 5.13651317288121 4.78438420495316 27.1943134163179 3.86793134241245 61.9709922965435 2.75844565997955 123.239797965404 22.0542868939945 60.5832777210398 54.8933494175212 112.834497861714 49.1580623604852 60.158088942579 2.87008631376088 6.73298147627257 70.599534796681 35.3877831563006 52.7949425123164 83.3496219039593 32.124182004975 41.6600007421647 31.2827444539371 96.4753530811336 4.42640519344065 7.42089317188912 29.4934316108059 72.3657097982662 22.4298848889962 43.1537043009509 2.00749459712074 95.8353431298724 69.013296955764 85.9798907894788 40.0147376920319 34.79649160261 22.8969593385059 4.116549304077 8.47624213635454 25.3132904330515 21.6614986038077 28.0776639043857 6.56144933629659 0.695351926101214 43.7011766815684 4.5077451517575 2.81510905648497 30.973940076937 24.429329709792 37.6075785771754 47.7736608672522 22.5166085955442 71.8163183563974 54.0175960634529 60.5676383290501 27.0416265188213 31.3026430971297 40.6196302597115 5.15511351536429 1.60679903561598 154.801028337416 1.53616764901716 22.6782748979249 17.4333935171888 58.1286074657178 17.12622750966 8.1970372509198 10.756279723853 6.63047674947648 25.0876126721762 1.17655580198046 1.12772099517015 2.89000686785691 1.80203948879479 33.1956042254067 22.2895919021568 4.32901989896526 1.93297070556972 19.6558857351398 29.9202311333066 46.949292966851 0.231590611723412 20.9582713130488 25.4604961013217 117.383419713321 23.9652177286919 4.15284309853682 26.9638981566994 12.6865315840147 2.07983512737344 110.201910079336 6.35502077301601 0.802371989278199 3.28825602754806 77.1933590712451 28.9205564124752 19.8880682433234 0.032430683526295 11.0914675671874 36.4342258882329 5.19213221622719 1.48839526620221 3.64318636225136 6.73767811927651 34.6747829299357 8.03467721104017 1.59218934877511 4.18749428711087 21.533510736294 31.8417037137908 24.1116452423234 2.62221202008214 46.4432104514262 28.3039078209559 23.0884212660273 28.7674398697341 4.40387103334294 25.8247371783885 21.7553434816884 0.965680779041974 120.363665480466 3.74230325028332 4.20993160294819 0.169196516461082 10.4465266352623 3.31643354071088 113.815016452064 7.41764298416523 20.6956593256764 11.629049330747 0.564829473167151 30.6442857097397 21.1299393857077 0.382345461458514 92.7398900003006 2.92331206279922 8.24778768260743 5.8879724671626 5.98360347019534 4.2853835795711 2.17048951653036 2.34652523206541 5.01274678036602 0.197081180254199 116.533194294567 29.2412921917113 30.4030740944512 20.0158421650382 16.7934650798348 15.8966852928223 88.3838747978874 6.86498150744534 35.2936044703539 7.7155016149494 22.478456098272 0.0394266319603443 107.875383198505 9.70184228297425 5.57256669664816 11.4856019221571 32.4243153705197 9.42525604099897 3.43403850893888 20.1218869018972 45.5406480745451 56.2268602094417 19.3921301500223 19.2248730651615 5.03200857823375 7.0882245675677 30.3500585567344 6.41472204890817 15.1893585037595 39.3209954338375 37.3296681328638 1.55137869484266 2.75709114389659 4.09119242601527 48.8242709425035 15.886094375228 96.2026878830394 21.5058553733421 15.9181681191775 17.4454642981356 59.8207599260301 32.0238671979518 57.3354509738514 11.2890553080938 3.72042773382685 36.0351182026949 11.9379023279081 1.94877668667778 0.287484626256738 12.3865014987158 90.474212144199 10.6450866113785 3.65950643227506 4.36614574516205 31.3231511030572 21.459476463534 18.8959623031092 3.58626955265716 38.2445173314317 19.813064445704 101.526013161865 1.14401038475018 12.0815762308787 9.97931508538218 4.64966724791289 22.1869343596796 38.0669197048958 1.21257820052804 0.130819454461974 10.6292785010185 37.8919542393569 97.1011869799217 3.99385074570335 105.754042657159 26.1625710058507 109.996501831347 70.2981979851169 99.7037506285556 12.6956683230872 74.1141833709885 0.728980856318499 104.187015189898 108.530512166148 129.817444825595 18.0683955480812 86.3277672854984 67.5689996953537 72.0818446427481 110.440898869096 49.1376452387542 0.448656417010281 129.607064925505 56.4549904976035 108.198611877296 97.3408351248212 90.2626623054122 41.0546556334374 14.5115914243363 40.4347216568404 46.1160566618529 0.947350029067806 19.7951510360819 12.3722188833851 19.2354737351712 6.20566316104471 14.1070398652437 13.7552513308048 8.4348062000812 0.422144880085477 13.8406862760676 42.8461861083465 17.0208754267336 3.61628361548621 3.2896894126062 18.2406659536718 30.343226207238 47.6823972627258 1.31919430986851 19.7378783693897 32.0963703455159 57.3542300710578 20.909512366192 11.6175568272463 7.98629576894632 12.2705679920637 24.1523032121853 0.76350939119116 86.2064459645449 10.2237681459568 7.94730396474423 5.83309242754118 27.6100032089086 40.5510034400295 3.14082319171888 3.3577532028228 33.746727284047 5.55272598003139 1.40674704653514 3.56016050855813 5.34486155358932 2.95997505391332 31.9362603363793 0.543707500949447 7.46366722463258 1.00425048321855 23.408283264772 33.338652467274 10.2529699845205 36.4387253773259 38.2747129255171 122.408113972162 3.3700470562445 2.50611474592171 5.65458590729821 1.20141437715985 24.7067837502688 4.23973609462971 66.7683802094316 8.93732820183473 6.57989374322319 21.6091645616891 22.6614937337953 80.619767228945 8.70980779694547 11.980431927461 6.26120983633726 1.74941756109132 5.57821850743263e-06 1.53754650020966 4.27429576985425 113.141784650957 11.9459145487158 2.0907807552267 4.85283070870198 2.85321666882209 15.3085052597691 24.631215082989 3.37499540229999 20.7308195482197 4.07597152029334 81.2138948619041 11.2825284974917 1.23476247483478 0.2341488503486 0.816161900043448 9.71858816939129 0.29589551884763 36.6478911103152 8.07300455105272 4.35976798005592
