Instancenumber:
59
Instancename:
B-n31-k5
Customers:
30
Depot:
0
Dimension:
930
Vehicles:
30
Capacity:
100
Demands:
0 25 3 13 17 16 9 22 10 16 8 3 16 16 10 24 16 15 14 5 12 2 18 20 15 8 22 15 10 13 19
Uncertainty:budgeted
Gamma:
9
Mean Vector:
70.3491293478462 91.9238815542512 57.0788927713213 44.1021541423999 77.8781098897501 54.0092584655631 50.0899191454728 48.2597140480546 53 93.150415994777 69.2314957226839 49.3659801887899 53.0377224247045 71.0633520177595 70.4059656563277 78.587530817554 53.0377224247045 78.3390068867355 69.5844810284592 92.1791733527699 37.9473319220206 50 50.1597448159378 68.8839603971781 44.0113621693308 49.0306026885251 94.0212741883453 48.8364617882991 47 50.0899191454728 70.3491293478462 75.5843899227876 16.4012194668567 27.8567765543682 11.6619037896906 17.8885438199983 20.3960780543711 22.0907220343745 18.3847763108502 77.7946013551069 6.32455532033676 21.0237960416286 17.7200451466693 10.0498756211209 7.07106781186548 14.3178210632764 17.7200451466693 13.4164078649987 2.23606797749979 78.4346862045103 38.9486841883009 21.1896201004171 20.2237484161567 4.47213595499958 37.0135110466435 22.2036033111745 78.7464284904401 22.0907220343745 24.0416305603426 20.3960780543711 91.9238815542512 75.5843899227876 82.6075057122535 82.0548596976437 68.4470598345904 80.3056660516554 76.0591874792257 74.0067564483136 79.227520471109 2.23606797749979 69.2603782836912 73.0273921210391 77.2334124585985 65.7875368135941 68.6221538571911 65.7419196555744 77.2334124585985 66.6408283261845 73.3757453113766 3.60555127546399 91.6624241442479 79.0569415042095 75.0599760191808 71.1688133946323 95.1892851112981 69.0072459963445 3.16227766016838 70.0071424927486 79 76.0591874792257 57.0788927713213 16.4012194668567 82.6075057122535 13 27.5862284482674 3.60555127546399 9.21954445729289 12.0415945787923 5 84.717176534632 19.4164878389476 12.0415945787923 6.40312423743285 23.3238075793812 20.8086520466848 29.8328677803526 6.40312423743285 29.0688837074973 16.9705627484771 85 22.8473193175917 7.61577310586391 9.89949493661167 17.8044938147649 20.6155281280883 15.8113883008419 85.7088093488645 15 10.4403065089106 9.21954445729289 44.1021541423999 27.8567765543682 82.0548596976437 13 37.7359245282264 10.1980390271856 8.48528137423857 8.94427190999916 9.48683298050514 84.0238061504 28.8444102037119 10.295630140987 10.295630140987 32.0156211871642 30.2324329156619 39.4081209904761 10.295630140987 38.8329756778952 27.7308492477241 84 12.0415945787923 6.70820393249937 9.21954445729289 27.7848879788996 13.3416640641263 13.6014705087354 85.0235261559999 12.6491106406735 4.24264068711928 8.48528137423857 77.8781098897501 11.6619037896906 68.4470598345904 27.5862284482674 37.7359245282264 28.4253408071038 29.5296461204668 30.4630924234556 28.6006992921502 70.6823881882892 8.94427190999916 29.1547594742265 27.459060435492 7 7.61577310586391 3 27.459060435492 2 10.6301458127346 71.5541752799933 49.4064773081425 31.0644491340181 29.0688837074973 10 48.1040538832228 28.8617393793236 71.5891053163818 29.1204395571221 33.6154726279432 29.5296461204668 54.0092584655631 17.8885438199983 80.3056660516554 3.60555127546399 10.1980390271856 28.4253408071038 5.65685424949238 8.48528137423857 1.4142135623731 82.3893196961839 19.7989898732233 8.60232526704263 3.16227766016838 23.43074902772 21.2132034355964 30.4138126514911 3.16227766016838 29.732137494637 18.0277563773199 82.6075057122535 21.095023109729 4.12310562561766 6.40312423743285 18.4390889145858 19.8494332412792 12.5299640861417 83.3846508657319 11.6619037896906 7.07106781186548 5.65685424949238 50.0899191454728 20.3960780543711 76.0591874792257 9.21954445729289 8.48528137423857 29.5296461204668 5.65685424949238 2.82842712474619 4.24264068711928 78.1024967590665 20.591260281974 3.16227766016838 3.16227766016838 23.6008474424119 21.9544984001001 31.0644491340181 3.16227766016838 30.5286750449475 19.9248588451713 78.2304288624318 20.5182845286832 3 1 19.6977156035922 21.0237960416286 7.28010988928052 79.1012010022604 6.32455532033676 4.24264068711928 1e-05 48.2597140480546 22.0907220343745 74.0067564483136 12.0415945787923 8.94427190999916 30.4630924234556 8.48528137423857 2.82842712474619 7.07106781186548 76.0263112349928 21.540659228538 1.4142135623731 5.8309518948453 24.1867732448956 22.8473193175917 31.7647603485372 5.8309518948453 31.3049516849971 21.3775583264319 76.1051903617618 20.8086520466848 5.3851648071345 2.23606797749979 20.8806130178211 22.1359436211787 5 77.0259696466069 4 5.09901951359278 2.82842712474619 53 18.3847763108502 79.227520471109 5 9.48683298050514 28.6006992921502 1.4142135623731 4.24264068711928 7.07106781186548 81.3019064967114 19.8494332412792 7.21110255092798 2 23.3452350598575 21.2602916254693 30.4795013082563 2 29.8328677803526 18.3575597506858 81.4984662432367 20.8086520466848 3 5 18.6010752377383 20 11.1803398874989 82.2982381342395 10.295630140987 6 4.24264068711928 93.150415994777 77.7946013551069 2.23606797749979 84.717176534632 84.0238061504 70.6823881882892 82.3893196961839 78.1024967590665 76.0263112349928 81.3019064967114 71.4702735408225 75.0599760191808 79.3095202355934 68.0073525436772 70.8378429936994 67.9779375974294 79.3095202355934 68.8767014308903 75.5843899227876 2 93.5360892917809 81.0987052917616 77.1038261048049 73.3757453113766 97.1287804927046 71.028163428319 1 72.0277724214764 81.0061726043145 78.1024967590665 69.2314957226839 6.32455532033676 69.2603782836912 19.4164878389476 28.8444102037119 8.94427190999916 19.7989898732233 20.591260281974 21.540659228538 19.8494332412792 71.4702735408225 20.2484567313166 18.6010752377383 4.12310562561766 1.4142135623731 10.6301458127346 18.6010752377383 10 4.12310562561766 72.1110255092798 40.6078810084939 22.2036033111745 20.1246117974981 2 39.6232255123179 20.2237484161567 72.4223722339996 20.3960780543711 24.6981780704569 20.591260281974 49.3659801887899 21.0237960416286 73.0273921210391 12.0415945787923 10.295630140987 29.1547594742265 8.60232526704263 3.16227766016838 1.4142135623731 7.21110255092798 75.0599760191808 20.2484567313166 5.65685424949238 22.8254244210267 21.540659228538 30.4138126514911 5.65685424949238 29.9666481275434 20.2237484161567 75.1664818918645 22.2036033111745 6.08276253029822 2.23606797749979 19.6468827043885 23.4093998214393 4.12310562561766 76.0591874792257 3.16227766016838 6.32455532033676 3.16227766016838 53.0377224247045 17.7200451466693 77.2334124585985 6.40312423743285 10.295630140987 27.459060435492 3.16227766016838 3.16227766016838 5.8309518948453 2 79.3095202355934 18.6010752377383 5.65685424949238 21.9317121994613 20 29.2061637330205 1e-05 28.6006992921502 17.464249196573 79.5110055275369 22.0227155455452 3.60555127546399 3.60555127546399 17.4928556845359 21.6333076527839 9.4339811320566 80.3056660516554 8.60232526704263 6.32455532033676 3.16227766016838 71.0633520177595 10.0498756211209 65.7875368135941 23.3238075793812 32.0156211871642 7 23.43074902772 23.6008474424119 24.1867732448956 23.3452350598575 68.0073525436772 4.12310562561766 22.8254244210267 21.9317121994613 3 7.61577310586391 21.9317121994613 7.28010988928052 8 68.7095335452075 43.9317652729776 25.4950975679639 23.0217288664427 6.08276253029822 43.2781700167648 22.1359436211787 68.9492567037528 22.4722050542442 27.8028775489157 23.6008474424119 70.4059656563277 7.07106781186548 68.6221538571911 20.8086520466848 30.2324329156619 7.61577310586391 21.2132034355964 21.9544984001001 22.8473193175917 21.2602916254693 70.8378429936994 1.4142135623731 21.540659228538 20 3 9.21954445729289 20 8.60232526704263 5 71.5122367151245 42.0119030752 23.6008474424119 21.4709105535839 3.16227766016838 41.0365690573664 21.3775583264319 71.7843994193724 21.5870331449229 26.0768096208106 21.9544984001001 78.587530817554 14.3178210632764 65.7419196555744 29.8328677803526 39.4081209904761 3 30.4138126514911 31.0644491340181 31.7647603485372 30.4795013082563 67.9779375974294 10.6301458127346 30.4138126514911 29.2061637330205 7.61577310586391 9.21954445729289 29.2061637330205 1 13.0384048104053 68.8839603971781 51.2249938994628 32.8024389337135 30.5286750449475 12.0415945787923 50.2095608425328 29.732137494637 68.8767014308903 30.0832179129826 35.2278299076171 31.0644491340181 53.0377224247045 17.7200451466693 77.2334124585985 6.40312423743285 10.295630140987 27.459060435492 3.16227766016838 3.16227766016838 5.8309518948453 2 79.3095202355934 18.6010752377383 5.65685424949238 1e-05 21.9317121994613 20 29.2061637330205 28.6006992921502 17.464249196573 79.5110055275369 22.0227155455452 3.60555127546399 3.60555127546399 17.4928556845359 21.6333076527839 9.4339811320566 80.3056660516554 8.60232526704263 6.32455532033676 3.16227766016838 78.3390068867355 13.4164078649987 66.6408283261845 29.0688837074973 38.8329756778952 2 29.732137494637 30.5286750449475 31.3049516849971 29.8328677803526 68.8767014308903 10 29.9666481275434 28.6006992921502 7.28010988928052 8.60232526704263 1 28.6006992921502 12.2065556157337 69.7710541700496 50.60632371552 32.2024843762092 30.0166620396073 11.3137084989848 49.4974746830583 29.4108823397055 69.778220097678 29.732137494637 34.6698716467194 30.5286750449475 69.5844810284592 2.23606797749979 73.3757453113766 16.9705627484771 27.7308492477241 10.6301458127346 18.0277563773199 19.9248588451713 21.3775583264319 18.3575597506858 75.5843899227876 4.12310562561766 20.2237484161567 17.464249196573 8 5 13.0384048104053 17.464249196573 12.2065556157337 76.2167960491649 39.1152144312159 21.0237960416286 19.6468827043885 2.23606797749979 37.5366487582469 21.0237960416286 76.5375724726098 21 23.7697286480094 19.9248588451713 92.1791733527699 78.4346862045103 3.60555127546399 85 84 71.5541752799933 82.6075057122535 78.2304288624318 76.1051903617618 81.4984662432367 2 72.1110255092798 75.1664818918645 79.5110055275369 68.7095335452075 71.5122367151245 68.8839603971781 79.5110055275369 69.7710541700496 76.2167960491649 93.3434518324665 81.2219182240853 77.2334124585985 74 97.0463806640928 71.1125867902441 2.23606797749979 72.1110255092798 81.0555365166378 78.2304288624318 37.9473319220206 38.9486841883009 91.6624241442479 22.8473193175917 12.0415945787923 49.4064773081425 21.095023109729 20.5182845286832 20.8086520466848 20.8086520466848 93.5360892917809 40.6078810084939 22.2036033111745 22.0227155455452 43.9317652729776 42.0119030752 51.2249938994628 22.0227155455452 50.60632371552 39.1152144312159 93.3434518324665 18.4390889145858 21.2602916254693 39.4081209904761 6.40312423743285 25.0599281722833 94.5304183847718 24.1867732448956 16.2788205960997 20.5182845286832 50 21.1896201004171 79.0569415042095 7.61577310586391 6.70820393249937 31.0644491340181 4.12310562561766 3 5.3851648071345 3 81.0987052917616 22.2036033111745 6.08276253029822 3.60555127546399 25.4950975679639 23.6008474424119 32.8024389337135 3.60555127546399 32.2024843762092 21.0237960416286 81.2219182240853 18.4390889145858 4 21.095023109729 18.3575597506858 10.1980390271856 82.0975030070952 9.21954445729289 3 3 50.1597448159378 20.2237484161567 75.0599760191808 9.89949493661167 9.21954445729289 29.0688837074973 6.40312423743285 1 2.23606797749979 5 77.1038261048049 20.1246117974981 2.23606797749979 3.60555127546399 23.0217288664427 21.4709105535839 30.5286750449475 3.60555127546399 30.0166620396073 19.6468827043885 77.2334124585985 21.2602916254693 4 19.313207915828 21.9317121994613 6.32455532033676 78.1024967590665 5.3851648071345 5 1 68.8839603971781 4.47213595499958 71.1688133946323 17.8044938147649 27.7848879788996 10 18.4390889145858 19.6977156035922 20.8806130178211 18.6010752377383 73.3757453113766 2 19.6468827043885 17.4928556845359 6.08276253029822 3.16227766016838 12.0415945787923 17.4928556845359 11.3137084989848 2.23606797749979 74 39.4081209904761 21.095023109729 19.313207915828 38.1837661840736 20.0249843945008 74.3303437365925 20.0997512422418 23.7065391822594 19.6977156035922 44.0113621693308 37.0135110466435 95.1892851112981 20.6155281280883 13.3416640641263 48.1040538832228 19.8494332412792 21.0237960416286 22.1359436211787 20 97.1287804927046 39.6232255123179 23.4093998214393 21.6333076527839 43.2781700167648 41.0365690573664 50.2095608425328 21.6333076527839 49.4974746830583 37.5366487582469 97.0463806640928 6.40312423743285 18.3575597506858 21.9317121994613 38.1837661840736 26.9258240356725 98.1274681218261 25.9615099714943 17.0880074906351 21.0237960416286 49.0306026885251 22.2036033111745 69.0072459963445 15.8113883008419 13.6014705087354 28.8617393793236 12.5299640861417 7.28010988928052 5 11.1803398874989 71.028163428319 20.2237484161567 4.12310562561766 9.4339811320566 22.1359436211787 21.3775583264319 29.732137494637 9.4339811320566 29.4108823397055 21.0237960416286 71.1125867902441 25.0599281722833 10.1980390271856 6.32455532033676 20.0249843945008 26.9258240356725 72.0277724214764 1 10.0498756211209 7.28010988928052 94.0212741883453 78.7464284904401 3.16227766016838 85.7088093488645 85.0235261559999 71.5891053163818 83.3846508657319 79.1012010022604 77.0259696466069 82.2982381342395 1 72.4223722339996 76.0591874792257 80.3056660516554 68.9492567037528 71.7843994193724 68.8767014308903 80.3056660516554 69.778220097678 76.5375724726098 2.23606797749979 94.5304183847718 82.0975030070952 78.1024967590665 74.3303437365925 98.1274681218261 72.0277724214764 73.0273921210391 82.0060973342836 79.1012010022604 48.8364617882991 22.0907220343745 70.0071424927486 15 12.6491106406735 29.1204395571221 11.6619037896906 6.32455532033676 4 10.295630140987 72.0277724214764 20.3960780543711 3.16227766016838 8.60232526704263 22.4722050542442 21.5870331449229 30.0832179129826 8.60232526704263 29.732137494637 21 72.1110255092798 24.1867732448956 9.21954445729289 5.3851648071345 20.0997512422418 25.9615099714943 1 73.0273921210391 9.05538513813742 6.32455532033676 47 24.0416305603426 79 10.4403065089106 4.24264068711928 33.6154726279432 7.07106781186548 4.24264068711928 5.09901951359278 6 81.0061726043145 24.6981780704569 6.32455532033676 6.32455532033676 27.8028775489157 26.0768096208106 35.2278299076171 6.32455532033676 34.6698716467194 23.7697286480094 81.0555365166378 16.2788205960997 3 5 23.7065391822594 17.0880074906351 10.0498756211209 82.0060973342836 9.05538513813742 4.24264068711928 50.0899191454728 20.3960780543711 76.0591874792257 9.21954445729289 8.48528137423857 29.5296461204668 5.65685424949238 1e-05 2.82842712474619 4.24264068711928 78.1024967590665 20.591260281974 3.16227766016838 3.16227766016838 23.6008474424119 21.9544984001001 31.0644491340181 3.16227766016838 30.5286750449475 19.9248588451713 78.2304288624318 20.5182845286832 3 1 19.6977156035922 21.0237960416286 7.28010988928052 79.1012010022604 6.32455532033676 4.24264068711928
Deviation Vector:
26.3696710532477 6.29696244573244 28.5005572656 63.2778140263514 78.9071303274611 14.6833075036297 0.37430537603229 63.8219986076667 43.9734820369153 51.3330935179815 47.8092643784007 31.5429270904569 59.9974566611646 96.0587450971842 37.6109373264842 98.4007844729653 21.727307123057 103.964312520419 47.3191616024473 100.357142955028 58.1229802287076 3.94009533851771 82.1915063128806 20.934033659115 13.7733891127285 1.99405971091927 72.0361831935467 17.2683352120828 23.6867567895113 20.199433075214 97.166379322986 66.4245895975083 7.73752722101128 6.71797777329887 7.86309631340491 26.5641043791366 10.4637558108524 15.0598552650822 21.4750443141051 104.456069760318 7.7969438249819 4.61051436745809 6.06587914100491 7.28282101081554 11.108886177717 12.5498331051546 5.97918903892903 4.57944580628529 1.26173848020016 79.8033555935651 55.6985631045957 9.67479883797543 22.1703186828205 6.39195810640769 28.1482148492869 31.2893724541489 115.75370474735 33.7248855593345 2.967649915757 6.82389334313864 26.7091865201642 113.727316497703 100.234501339536 62.552307272583 7.28564063827613 19.9381148694453 46.2395709520298 45.844951955429 73.6820238873605 0.30560506879971 22.3590760730504 38.2262510217454 27.4928200325404 43.7581674622409 85.6485888638269 18.9103123960191 119.067824304953 105.661951649542 46.1516122989955 1.68223868210377 88.3290245488061 33.1775658016205 69.2916957323427 29.9283386170408 19.950946180221 3.05538422601469 0.60199919917094 2.81342609984494 124.103479347233 23.8678921657227 21.3906916790166 3.64317224250266 14.7939682722304 20.6458082129407 27.1572939789408 1.02949103547875 1.81677827163112 19.1749520122997 4.52499628899539 95.4815694346433 1.74174052424455 14.7849783481089 0.0714199496234599 10.3948320468468 5.27727637785301 37.5677116380676 4.69553530115004 4.53219300677517 20.457278829065 115.795144217199 14.2220277226788 4.03431142295944 1.41169651913548 27.5192006100299 19.5900514140997 5.56869562451939 136.269170975787 17.109389021104 4.0965981312201 14.0273438523537 64.1436178113398 21.370034615851 8.55401908068867 21.2357628556457 27.0158652234149 11.102591836368 2.37324858757239 8.16590798563039 9.88273900928233 99.5421029224379 11.5573590258845 11.6488502957056 7.96012076896354 13.1850974739697 47.6799057641027 40.4628791348427 0.326846915093953 26.0596794688585 32.7966424155508 103.925043109992 4.74447340298417 1.1122120597511 1.17617697030233 14.9096474463086 0.961553036974817 14.6600917002722 75.5693512902574 0.286127825993286 2.45690338250153 10.8712417480648 120.251546861008 4.59678206174125 27.9926592159623 0.247928021195935 14.6540443452873 31.9752971202252 32.4142816186607 20.3499984646569 11.3974834364479 35.3453369351091 1.90827008093123 23.2999880352913 44.7993190517762 6.90554450302244 9.22282499553761 4.70773934527048 10.267264525444 2.48552485966423 6.3882680343174 111.380434568272 41.5313660925049 30.9080326641005 2.41353266511592 9.6817999724491 73.6749533350567 4.47644120132202 29.1118344806025 22.7436540824042 5.97413795519195 29.1088316815194 22.8377491900407 1.4750840759422 110.815413555744 2.99915816933428 0.932580996875994 3.66379906920203 1.79516993141722 10.0901295782188 1.12700577826488 58.978219170222 0.986626329519692 8.69062392103151 4.79094826916028 0.983329856426917 7.58183725447659 33.0503096547366 5.09510586331102 21.7437947056452 12.4407795585103 47.3185720660222 13.6812240500086 6.31122120275705 10.0386695877869 13.4896735891903 17.0609123011174 18.2936459725577 73.9354823706645 14.7659304314861 4.25432596533709 6.02115366967678 30.6829747684508 20.8958091030814 87.229190695802 3.25559156865208 1.84095402013498 36.5667511221152 2.72666307149518 1.5112363057536 3.34354022597289 99.8871509430795 25.7421762267517 2.64971085367898 2.05493907632004 26.570349214392 19.3173161530541 31.2893566756624 1.81245844349729 26.002309080018 1.97661284399815 98.8238046730664 29.2292395641771 2.24326672213004 1.1545763181299 26.6502830235465 31.1012550127312 2.72809764373316 92.832805178894 4.59577589179875 0.00653997829760095 1.35888310342583e-06 7.32080501334615 13.5658984711457 85.8766735892884 15.6366769813288 8.65105949046419 41.958284099084 7.61555833459716 4.09903675209585 1.9253898335017 3.51412723280406 23.4533109109447 2.15305788966651 5.15534666273581 2.40082234795336 23.0507525437897 3.95962562166223 6.45195886945816 49.5261151112881 20.8728046749163 91.7604216688797 25.0938621205435 4.10120667031262 0.702351444158543 15.0580695351401 10.5185236254165 0.77038662248199 84.4115101494934 0.0376568942879288 4.49087626741163 3.10398737150302 7.70103433793145 18.9809814644472 5.71745384756527 6.52846088127162 6.56133082745037 29.7270764221454 1.47598739776685 6.74209551790737 6.00511539006043 106.991027573148 32.4607640631411 2.15384496535188 2.39810828335532 20.546717883062 8.46045532057502 17.3305999749291 2.0095587235623 44.8820030788851 9.38608489859611 27.8568562755332 22.2817735569873 0.233601141277925 5.51691654797441 25.7605326934688 15.9803557472978 17.6488571300378 126.654695809811 2.63096517014807 9.52785597031933 3.31072687052073 126.029456364231 7.3063832212415 0.387768757480806 120.733174954196 117.600649580048 61.143125366788 67.9839925911012 62.7891073756161 61.9468450163672 2.84941536102389 34.3446431343491 60.8584795901116 26.4681163835572 2.73654503153002 3.6526172500744 49.7379776282872 48.2866099824377 72.7573828592911 45.1062520726515 2.24026024726423 130.777557152863 2.28705150448758 92.3701655256099 63.2626941726252 137.252257786858 25.4036010181698 0.80137660680654 94.5514450354353 49.6727626325298 58.5763235103781 31.4099378867896 2.06689510179622 58.4496552097621 12.1762698461536 3.24722766961778 5.4038009246608 29.5430678805862 19.3090995557488 30.3313042590845 13.2514539804475 69.524860429873 5.04754070400083 27.499766802836 5.38688698857766 0.409442015419389 16.2636947058874 7.4186781705311 8.98356725050944 3.90434398599566 71.7935478585556 15.3955529086896 15.6698303928022 20.60354165182 3.15424877666463 62.1255776260274 16.1291318221257 21.395023253185 14.8876095220603 11.6299466239389 18.709576102106 73.0576066682943 19.4381207264608 90.2196577109973 8.24211405957619 15.9755946106688 39.3006015760505 11.0852456187163 4.44134796995759 0.91410897179585 7.62479951413792 32.4796917453038 32.7853446209769 7.39152698638665 6.20288925428003 27.70786050933 48.545583084716 0.918410544961672 1.37175656041752 17.294662698703 83.3818844665278 23.122243808499 7.50791273417091 0.392810342364333 8.36587981603499 27.4371744943541 0.42970441544162 93.0467264865836 4.6405731816654 5.27558822856307 0.173512451446998 39.0747886682398 11.9557532522098 75.6460010460715 2.13094894763472 13.9935374219627 24.4872722774662 0.131039080152744 3.18898784621723 3.8303043351586 1.37562169655582 33.8220459864754 20.2678858915173 3.77653839632838 2.05601906599757 27.2272361774312 9.18678356095422 5.05557084462388e-07 43.5793256743657 6.29281585132931 72.0148463640758 21.8829120201623 5.05389788645204 1.80513857019043 20.454780548379 4.07033960360074 0.314658501753003 102.272526466188 12.1421634181854 9.49209390217936 1.48097277559646 104.20497431276 6.01191589555387 75.1969243616119 18.8095830784993 29.8067451387195 6.03987843127845 1.37933183095498 22.9505142711558 5.60955722734432 16.7095906326837 1.42106229816745 2.7145825082114 3.7892233027254 15.0999771324694 2.25638809622523 11.6321086680658 21.9985857597228 5.84363554414709 11.2938116314956 93.6768437621112 3.03336467552643 19.5297207565943 25.9158871609838 3.46536528466279 12.8095166642037 29.0836574520578 41.580282165759 35.2706116514878 30.1940337950158 10.9632655908585 28.0558408566104 6.45596666860408 72.9272649808424 32.0768201417557 2.42180385222468 2.69890154235359 16.2279679340595 3.05111762321043 30.3144546182642 21.1948182617712 60.5475711543469 1.90596863948844 0.343438358370813 20.4148741884853 1.19059023482953 7.08128401535048 18.175095468515 12.0425033886615 7.85379082775803 48.7085287708827 47.2183420582931 0.0105193132037051 31.0714192378908 1.92988202707413 23.3969285187171 2.21817072278026 20.4433619531183 25.3260053014145 0.884620216290872 30.0950569259872 128.705393558751 6.19117381519813 42.3669995168087 31.655949636652 13.184550599926 2.17365108643385 43.0505382068373 34.1571650975851 27.4296634870752 33.6177005819481 31.0739939689581 0.838720131701648 24.6754773098074 13.8163418806073 8.37463815395516 11.1389439727414 36.2488103556359 0.36903900407365 12.6308380898182 80.7687967873011 53.7944703078366 14.8696453632298 35.8095215821668 10.3309805251177 53.4024581892343 3.08525959769473 66.2389224731572 40.5636030575992 44.9849894084612 30.9285894393304 57.2707923947304 22.5991963385107 110.292159627164 0.543606155206847 7.17704919882537 3.38409663325127 2.55969736808618 1.49648461606943 7.13008553208573 0.0672254219922748 125.006949261399 0.754436532790916 0.636468873172763 7.48156030473883e-06 11.2645944261208 24.2431345309088 9.25790139610923 3.30044324114891 27.614396268089 102.229332639109 28.3637480510986 3.57669496384411 0.359383591054761 14.3712853563641 4.55550520017577 10.9742341723251 74.3084559532162 10.0843440844839 5.51682519893293 1.780152444084 41.4059315182234 4.19584017378906 13.256222221095 9.22138548401435 15.441407754737 1.79203414389909 13.096020497454 36.8506709244455 42.8642130258096 0.71320791931336 85.4550873631096 13.060783932399 1.93181624477757 38.7027361629771 3.0203340751416 4.97289102185554 0.926006531632207 20.9316877154562 8.46505261117515 60.5502951775826 19.1405885867523 11.01505147719 6.6180645728934 5.40682476950637 57.5956404249439 12.6777961445345 0.126101249824511 13.3666245758376 55.5875638870393 26.6849263771128 70.4544169076603 1.10132527278528 87.0847770566027 20.5585180931652 22.4551366932651 16.8431446676744 8.43842746576702 24.9104525458907 24.6310943758808 3.63419404617647 96.3040786427341 3.10688764683109 30.417438960875 23.3775060551533 3.73904593332178 1.39780358757048 3.6158014247592 24.3344625681997 12.3459546834813 73.9915278464222 24.3245890624909 29.2156183011831 25.7935945129902 1.88355179454512 8.56533495905353 17.5991755862136 97.4635548826974 4.82985506107962 30.5839311083412 24.6547718383095 101.773819990617 51.7526088852257 0.326502614947222 55.3826493907462 19.4779662811613 64.4208301967286 49.2894796659883 54.7581935228207 38.9025847616805 8.92449625129013 1.79585490615424 10.5235616646226 64.8713813405913 60.6361565704871 102.001202075697 95.1410784171972 71.7890792242861 9.73909028534167 75.662829221317 31.5716250123659 102.051533824975 5.4382171328178 12.706448715967 56.7424989496459 88.2447606654635 27.9263413399933 3.58642482883483 39.1817676264041 50.4732115767888 97.8830049203542 5.36504129730119 3.40514391019617 24.9021340454089 5.29913377222477 8.89858183119689 24.8787684754039 23.8847398430002 27.4054050339535 25.043484446899 0.084363272451996 135.174876539732 18.7641253395945 3.33031364583581 14.7296551399618 53.8029806826445 68.6691877985191 18.4356866044001 13.8194461169133 5.95358707445064 56.4956969948343 97.2399066883782 22.3285544636861 32.1305886923851 47.5365702615243 2.16660453058745 19.57784706394 151.151239873557 7.32629674884032 21.5628362919911 11.9479781217393 77.7059527318113 31.0634693445531 52.947219731921 1.41982107364739 0.392784850269805 43.7611803278897 2.84487860201275 3.57239449340295 5.95071655375813 0.762413508910931 96.9009830286818 20.2235634423091 4.35658836327897 4.8488974653858 40.2736540316691 7.11691440603451 43.9552676740235 1.08238418711622 29.9181066248423 30.6452334053351 8.54295784144172 6.11155559001621 4.11688543806502 34.0996030904693 28.2285838110199 13.9467172205835 62.259276126493 13.8045957964258 0.0934007982866723 1.33077781018464 22.0837222344218 32.0597508518576 20.2818606051822 10.9884698292271 1.21997311061361 9.55673376050884 5.63068771664651 0.822309073360969 3.39783900942462 1.7251318686783 82.9981753338349 21.6350157110364 2.80816566322032 0.552752618074955 17.96926812885 25.6824920799621 13.8862528298153 1.73490287848073 44.9155003130016 27.1897414133873 23.1283916473647 34.0490526093203 0.304029626907017 25.6611178577426 34.6224820909998 10.2060383288767 82.5473743266285 3.75694621837968 7.35837680766316 1.08804442497233 78.613131096614 1.21903075863964 73.5841012413965 25.1301301727215 38.4150149182754 11.6626211066787 1.85959564105579 12.2636537804277 7.29175128263108 30.1413782690235 70.9997701129515 2.85131692370913 20.7491411279135 10.2177396450342 9.60446582178068 0.623850893968904 1.69669165800889 6.90030458660721 7.67583596866561 3.66101312017248 10.2879185669441 38.5378090468772 33.7399690554071 4.15298347499316 25.4776636886033 30.8127957863104 14.0774276490716 1.70424375836747 14.1529309684993 0.427554310416437 51.6180096933845 3.6601080781305 28.0131924398627 11.6974885039739 20.150374998809 1.80468875602702 1.87207976356084 33.873228906443 14.6121366413873 8.87051136304532 154.651950340682 64.4958380644645 5.38005122543511 21.8275734911339 24.7757906029851 6.95279396081799 60.5657304771848 15.4327766024808 27.911298285015 9.20975727612163 69.0267187153649 4.50087964692155 22.4562366861255 14.7237201817297 35.0508889575727 6.76235689137668 56.0015241944588 28.7482883234565 5.74049272094043 24.5496374998041 55.357927087301 33.5001449676948 87.404088260265 22.5049469452158 5.94142908351069 32.8321834970089 18.3044503381878 3.86673259988325 5.54696649075493 5.38449181697639 69.2284616757606 21.4830764396929 1.93774448361482 11.363103269934 9.56029432002014 22.2850324314728 40.849452265851 15.4542666674697 3.42550214594565 6.27454157004916 17.3616475099013 20.7432585002601 10.2119982490809 9.28073002842336 30.0192534755567 7.53820275748343 5.70461830815802 0.430432164531715 13.9422378161016 3.02224433929678 150.259097105999 69.0600945291809 0.899820427283763 105.02522788325 56.1981312482624 51.6422871761196 60.3355256077611 38.1636467727368 96.4755914819394 15.9341227696511 0.964069674162655 42.5705827139904 95.5215279392992 115.161677431547 10.54487463995 3.47541232019168 57.6588881184082 122.614907040301 3.29380756855984 72.9864225873278 0.415779794934303 27.5411586340925 11.6569442874991 92.731968474622 8.87501934500096 0.168717765752663 105.684406690231 14.5032358415802 35.4390610888514 96.1251950333178 29.9727498417771 8.63595351722331 31.7028478783021 13.4742799974393 20.4448063886911 32.4350200818111 18.8882735090723 4.43050879743965 6.3851569935007 12.6924918391781 64.4028645712782 18.7847734211161 0.573175449314888 4.3928965626169 16.0829392480247 7.21418645164778 16.8188786432836 13.3578056363464 6.59112736397501 12.7319302481732 62.5243161422642 9.85915714709324 8.27573456378379 5.43387515419182 32.0578403912797 26.4036117909774 1.01076465784346 103.907065314228 11.0079893943603 9.12580330808563 46.939314427458 4.56806763638035 15.3645371486928 15.1547358831528 4.61723148600889 5.76276914584293 6.54797827952203 4.53363644321844 4.4461257201366 5.29772151263243 53.6287200815025 3.13016549189085 1.04097907892144 5.33341216076569 17.7215694105076 22.9547544188535 41.4799679458152 7.56719757638964 27.5184610752563 33.2576735825729 13.2446167755029 0.348773886130873 0.502281576990907 5.3051559892158 24.4288844161764 2.10190577920865 4.40888738761803 32.9562266615057 13.9983149784089 0.0635128733330571 10.2900665307921 18.4626210675478 15.5903606964946 3.6870774298289 6.08738564047836 38.1897638443177 3.23205352028775 4.06961474354006e-08 2.04353100921951 6.1234403575573 69.2787266174532 28.5092141315082 4.96491958847657 3.32550319186224 13.888076950118 12.4720508124787 9.08732871357323 0.400263128086302 3.82236437915138 21.6435740265243 119.358915757658 5.92173002613157 3.32305455765653 0.0538027187065249 26.5847984927698 10.4865751813897 1.28717767484076 11.7844747768282 5.69634252775653 0.353425142727525
