Instancenumber:
41
Instancename:
P-n16-k8
Customers:
15
Depot:
0
Dimension:
240
Vehicles:
15
Capacity:
35
Demands:
0 19 30 16 23 11 31 15 28 8 8 7 14 6 19 11
Uncertainty:budgeted
Gamma:
4
Mean Vector:
13.8924439894498 21.0237960416286 32.5576411921994 22.0227155455452 23.0867927612304 12.0415945787923 22.0227155455452 32.4499614791759 32.0624390837628 20.8086520466848 28.1602556806574 29.9666481275434 29.1204395571221 30.8706980808663 29.8328677803526 13.8924439894498 12.369316876853 19.2093727122985 11.6619037896906 24.2074368738204 12.0830459735946 18.6010752377383 20.8806130178211 26.9258240356725 7.07106781186548 18.8679622641132 16.1554944214035 21.3775583264319 32.649655434629 17 21.0237960416286 12.369316876853 15.2970585407784 22.2036033111745 16.2788205960997 10.6301458127346 8.54400374531753 12.0415945787923 14.7648230602334 10.6301458127346 29.0688837074973 18.9736659610103 9.05538513813742 23.7697286480094 23.3238075793812 32.5576411921994 19.2093727122985 15.2970585407784 21.095023109729 31 25.0798724079689 23 7.81024967590665 24.1660919471891 12.2065556157337 25.3179778023443 9.48683298050514 17.0880074906351 37.4833296279826 15.8113883008419 22.0227155455452 11.6619037896906 22.2036033111745 21.095023109729 35.8050275799363 23.7065391822594 29.698484809835 26.3058928759318 36.8917334913934 12.0830459735946 7.21110255092798 13 30.4138126514911 44.2040722106007 9.21954445729289 23.0867927612304 24.2074368738204 16.2788205960997 31 35.8050275799363 12.8062484748657 8 25.4950975679639 13.4536240470737 26 43.0116263352131 35.1710107901379 16.1554944214035 8.48528137423857 39 12.0415945787923 12.0830459735946 10.6301458127346 25.0798724079689 23.7065391822594 12.8062484748657 10 22.6715680975093 20.0249843945008 16 30.886890422961 26.0192236625154 17.464249196573 21.2602916254693 28.4429253066558 22.0227155455452 18.6010752377383 8.54400374531753 23 29.698484809835 8 10 17.7200451466693 10.0498756211209 18.8679622641132 36.7967389859482 27.5136329843952 9.21954445729289 15.2315462117278 31.7647603485372 32.4499614791759 20.8806130178211 12.0415945787923 7.81024967590665 26.3058928759318 25.4950975679639 22.6715680975093 17.7200451466693 16.7630546142402 15.0332963783729 31.6227766016838 16.6433169770932 10.0498756211209 31.0161248385416 22.8254244210267 32.0624390837628 26.9258240356725 14.7648230602334 24.1660919471891 36.8917334913934 13.4536240470737 20.0249843945008 10.0498756211209 16.7630546142402 25 43.6004587131833 31.4006369362152 7.21110255092798 15.52417469626 36.7967389859482 20.8086520466848 7.07106781186548 10.6301458127346 12.2065556157337 12.0830459735946 26 16 18.8679622641132 15.0332963783729 25 18.6010752377383 10.0498756211209 18.3575597506858 34 13 28.1602556806574 18.8679622641132 29.0688837074973 25.3179778023443 7.21110255092798 43.0116263352131 30.886890422961 36.7967389859482 31.6227766016838 43.6004587131833 18.6010752377383 16.0312195418814 36.8917334913934 51.4003891035856 10.0498756211209 29.9666481275434 16.1554944214035 18.9736659610103 9.48683298050514 13 35.1710107901379 26.0192236625154 27.5136329843952 16.6433169770932 31.4006369362152 10.0498756211209 16.0312195418814 24.2074368738204 42.7200187265877 6.32455532033676 29.1204395571221 21.3775583264319 9.05538513813742 17.0880074906351 30.4138126514911 16.1554944214035 17.464249196573 9.21954445729289 10.0498756211209 7.21110255092798 18.3575597506858 36.8917334913934 24.2074368738204 21 29.698484809835 30.8706980808663 32.649655434629 23.7697286480094 37.4833296279826 44.2040722106007 8.48528137423857 21.2602916254693 15.2315462117278 31.0161248385416 15.52417469626 34 51.4003891035856 42.7200187265877 21 46.9574275274956 29.8328677803526 17 23.3238075793812 15.8113883008419 9.21954445729289 39 28.4429253066558 31.7647603485372 22.8254244210267 36.7967389859482 13 10.0498756211209 6.32455532033676 29.698484809835 46.9574275274956
Deviation Vector:
0.880115659214396 14.8960444556792 3.3965730735782 17.2064709119355 3.53558413311756 6.03654726965638 6.29667823678821 19.0908136846415 3.85536344075597 3.16054361438412 18.3795228899689 21.236146965043 24.1773367073636 2.99659784190068 23.7705609649498 10.6637794488748 7.77438353415117 2.1112268685627 6.56377117766013 6.99839938220301 10.3042671421217 8.59988312642797 18.2598483357298 8.45581292783115 4.66469068943539 3.26273887265305 0.915856065174567 5.19058131527775 8.99108991117762 9.18104802635763 10.6705118687228 4.1898953533636 4.96762173090126 13.585705525295 3.19370799000742 5.08000572926805 1.6176082986519 5.80531719997911 2.10179548096604 3.290797763315 18.4294218629486 15.0845871069195 0.854656109562091 12.845016358033 20.8070958079256 29.0144579659871 7.37906735978016 9.12879337708596 1.62911454249499 0.716937009629077 22.2174841391492 0.141772334119439 3.79156053860021 20.2150954805579 3.90860041883083 5.60276284732811 0.811890566592336 6.44038612134387 17.3960500225116 5.70730451626397 20.1938774317468 0.557378754506495 15.5357412185746 6.70504661733658 23.619296247689 21.2382739904254 23.6321663684426 22.3334654920953 16.7539097241538 0.172030524738879 1.69253623212587 2.13561374311785 24.6128309012729 14.5472738754101 6.49675372456984 17.9502383339702 7.17544444918323 2.68535660807243 13.9632799169874 13.3782733522159 2.40869071943647 3.29957482209526 9.68319939874722 9.06164444735951 8.45267326726135 30.108626665511 31.4725171491971 6.63479657665777 1.2987215618182 16.9686230109087 9.29183901680407 1.76608102032817 5.13316699818207 13.7309589500659 11.0001091320038 2.80074360260287 5.19521066041556 7.6153206289161 2.8804270831579 0.796922562154672 10.8145733772716 9.84968664102677 3.7388449729082 5.00784039440728 20.1275716074817 20.2335355244019 1.65939244998535 0.685331399061464 3.67694163706334 16.0264272522897 3.63083429943912 3.47954173568891 0.500309361628552 8.37818549902538 1.84246148056618 13.0016460019699 16.7784002503002 0.632849632260018 11.6372136606083 24.2326093220138 16.3461838749884 12.7750743262308 10.94627956091 0.490266338159756 6.19381845132771 11.452397806279 6.38144572550737 13.3781860240064 13.1606304695866 6.39388898738374 25.449453243319 3.5180892384629 8.07878726626448 2.94707084685003 10.201378223758 18.8420205006286 2.42128480703739 7.91601201829015 16.1400119561442 9.21523363797605 2.04397174360642 3.96258589580554 6.0072675452915 3.02005394423847 2.69230186660188 30.319572600689 16.7521840060753 5.17406274024087 11.8610579165752 13.7497672625709 11.5808451322403 2.43189823039738 0.655163035130227 6.61263663704948 4.91410856119962 7.72424125996389 1.07324260230706 12.9843282850708 1.92742312313148 21.3043763810082 3.52736941071249 0.0918761222294713 2.5646596602567 2.36814402317237 1.35407211544118 16.5198312496578 12.4022468514831 5.64179517168777 5.03639787197172 2.89414411869822 19.0917831655394 10.8367575334137 22.0496243210072 3.72420702223254 23.1524667768424 13.1494674358219 13.0360345223316 5.18926054166961 25.7301360966029 6.5661139683107 15.4127452649315 2.15307147174213 1.39313132213476 5.46406027787873 8.77500103962952 16.886270032788 22.7160501045336 20.4172546562167 4.06823200946346 2.43067207908749 6.73745832993421 6.95865424430901 2.0951629790765 34.6078321083119 3.18580640056026 5.55355257496406 10.1093157534663 2.14782281583721 6.57535305763802 20.4325954767791 10.3158151711751 14.4720710027271 0.911093294124947 3.15475610877694 0.162880807692445 11.5622563459089 3.57772626372006 20.2314378869638 16.1804604207416 17.7466738908361 17.4498200816258 11.7857893321042 17.3717109225616 23.9398374289016 0.578601970913107 4.08975979057372 4.14464993008999 13.4972528739724 9.31134832217211 6.82107871645071 1.34965703210516 2.40355630162655 37.3139383913902 2.651169779378 40.236388205034 13.5239195701999 5.38825129967687 9.46743025526347 10.9179243550109 6.46980971140457 6.00138577740027 11.5248587859776 19.2674594909105 5.76806760144047 26.4606241537975 8.17901023015924 8.86941588700874 5.16135259115742 16.0685728454116 34.2407618535524
