Instancenumber:
43
Instancename:
P-n16-k8
Customers:
15
Depot:
0
Dimension:
240
Vehicles:
15
Capacity:
35
Demands:
0 19 30 16 23 11 31 15 28 8 8 7 14 6 19 11
Uncertainty:budgeted
Gamma:
4
Mean Vector:
13.8924439894498 21.0237960416286 32.5576411921994 22.0227155455452 23.0867927612304 12.0415945787923 22.0227155455452 32.4499614791759 32.0624390837628 20.8086520466848 28.1602556806574 29.9666481275434 29.1204395571221 30.8706980808663 29.8328677803526 13.8924439894498 12.369316876853 19.2093727122985 11.6619037896906 24.2074368738204 12.0830459735946 18.6010752377383 20.8806130178211 26.9258240356725 7.07106781186548 18.8679622641132 16.1554944214035 21.3775583264319 32.649655434629 17 21.0237960416286 12.369316876853 15.2970585407784 22.2036033111745 16.2788205960997 10.6301458127346 8.54400374531753 12.0415945787923 14.7648230602334 10.6301458127346 29.0688837074973 18.9736659610103 9.05538513813742 23.7697286480094 23.3238075793812 32.5576411921994 19.2093727122985 15.2970585407784 21.095023109729 31 25.0798724079689 23 7.81024967590665 24.1660919471891 12.2065556157337 25.3179778023443 9.48683298050514 17.0880074906351 37.4833296279826 15.8113883008419 22.0227155455452 11.6619037896906 22.2036033111745 21.095023109729 35.8050275799363 23.7065391822594 29.698484809835 26.3058928759318 36.8917334913934 12.0830459735946 7.21110255092798 13 30.4138126514911 44.2040722106007 9.21954445729289 23.0867927612304 24.2074368738204 16.2788205960997 31 35.8050275799363 12.8062484748657 8 25.4950975679639 13.4536240470737 26 43.0116263352131 35.1710107901379 16.1554944214035 8.48528137423857 39 12.0415945787923 12.0830459735946 10.6301458127346 25.0798724079689 23.7065391822594 12.8062484748657 10 22.6715680975093 20.0249843945008 16 30.886890422961 26.0192236625154 17.464249196573 21.2602916254693 28.4429253066558 22.0227155455452 18.6010752377383 8.54400374531753 23 29.698484809835 8 10 17.7200451466693 10.0498756211209 18.8679622641132 36.7967389859482 27.5136329843952 9.21954445729289 15.2315462117278 31.7647603485372 32.4499614791759 20.8806130178211 12.0415945787923 7.81024967590665 26.3058928759318 25.4950975679639 22.6715680975093 17.7200451466693 16.7630546142402 15.0332963783729 31.6227766016838 16.6433169770932 10.0498756211209 31.0161248385416 22.8254244210267 32.0624390837628 26.9258240356725 14.7648230602334 24.1660919471891 36.8917334913934 13.4536240470737 20.0249843945008 10.0498756211209 16.7630546142402 25 43.6004587131833 31.4006369362152 7.21110255092798 15.52417469626 36.7967389859482 20.8086520466848 7.07106781186548 10.6301458127346 12.2065556157337 12.0830459735946 26 16 18.8679622641132 15.0332963783729 25 18.6010752377383 10.0498756211209 18.3575597506858 34 13 28.1602556806574 18.8679622641132 29.0688837074973 25.3179778023443 7.21110255092798 43.0116263352131 30.886890422961 36.7967389859482 31.6227766016838 43.6004587131833 18.6010752377383 16.0312195418814 36.8917334913934 51.4003891035856 10.0498756211209 29.9666481275434 16.1554944214035 18.9736659610103 9.48683298050514 13 35.1710107901379 26.0192236625154 27.5136329843952 16.6433169770932 31.4006369362152 10.0498756211209 16.0312195418814 24.2074368738204 42.7200187265877 6.32455532033676 29.1204395571221 21.3775583264319 9.05538513813742 17.0880074906351 30.4138126514911 16.1554944214035 17.464249196573 9.21954445729289 10.0498756211209 7.21110255092798 18.3575597506858 36.8917334913934 24.2074368738204 21 29.698484809835 30.8706980808663 32.649655434629 23.7697286480094 37.4833296279826 44.2040722106007 8.48528137423857 21.2602916254693 15.2315462117278 31.0161248385416 15.52417469626 34 51.4003891035856 42.7200187265877 21 46.9574275274956 29.8328677803526 17 23.3238075793812 15.8113883008419 9.21954445729289 39 28.4429253066558 31.7647603485372 22.8254244210267 36.7967389859482 13 10.0498756211209 6.32455532033676 29.698484809835 46.9574275274956
Deviation Vector:
6.80441424745344 3.8360327665964 5.41479659136715 6.53579555904068 18.9575134147943 2.1603041173478 17.1503659693103 2.99313101920224 4.54295644280393 3.22778158398121 14.9706300024537 5.43555182001796 5.8787972241504 14.8557594762269 9.17757145016832 1.8740574072063 0.132319890073932 11.9979600645541 6.30687800637316 16.9744385852683 4.86327625187793 12.9220184190925 3.81174366873315 2.29419054390894 0.166488334100428 17.0123328295413 11.5408184983678 19.3698822064507 25.9199965686731 5.63660644771778 14.9567821742991 4.45078345850557 7.86309433188761 19.4888960526909 10.6886688013436 4.37235943368687 1.13881819916038 6.15936075954265 7.43490535295015 2.92307225457771 19.378025811923 2.11228798104294 4.13257189473336 20.6440825209013 13.8205829261043 24.8740090541306 1.5281064708606 9.22795107716336 9.80364471524747 19.2311715553505 9.54557476024573 19.946173535943 3.0553833335303 13.609289450799 0.348843790503639 10.5005491483449 5.13197443720251 12.6953152107899 14.8801693064349 6.49831717863603 3.31775679581202 2.15222686638527 17.1148523079315 14.0214005647829 4.95674160913295 11.9377418834599 4.51846026344549 7.14798496128299 3.36525215141366 7.92285084505009 3.94234671408845 9.85197244679624 23.3282201418082 3.50187786225595 6.47669748964713 10.0595878957608 20.4121906146186 12.7307950158422 3.56898399257435 13.7529443401789 6.12851032621482 3.96588405141092 8.34915527890296 11.701397214341 3.51107310258562 15.314685686804 12.6845700510154 10.921096086578 1.48616054831173 29.5477694255072 1.96444050757412 3.9366234623926 0.194918680210366 0.25334303134416 1.57944273521777 2.00767956426611 5.13664696764823 4.95984177073495 8.58068683165948 9.67815004024354 27.0096295256136 1.33617920095358 7.66467081503649 15.2573538724364 3.71391351438003 4.79046063719051 4.26939396659756 0.426716852974658 1.74154840141079 10.2356587431547 3.47239955485512 5.54275751922581 14.8917144332408 7.65328939302845 9.43743622287392 1.89792795413222 5.33047281780515 7.93652723106281 11.0821314841046 11.7175445799748 22.5404480120817 18.5986852766325 8.36508269573314 5.56838096970932 23.6967936508806 19.4095982099381 19.7181783158149 8.69400326933857 0.942514170230611 5.6281651310944 5.42851535855573 0.113908322294706 4.27856886308238 18.9366624810502 16.5367836810243 17.8365836526316 22.2963624995794 0.445352115406647 14.6507219899372 33.3422178799442 5.04262828758046 2.33191936924783 5.36875133993836 4.88396684475714 21.9495313388959 4.81973453244957 10.7682749118299 1.06630534305933 0.737861107018488 5.39656096009186 10.7529744967281 5.24780380077613 1.20677155480224 3.51044237833047 6.41922714688237 2.35273507010236 2.00068935267143 9.0026584236307 8.73616121014033 4.53171916258449 15.8391860566549 7.56540092514796 3.45329296232748 12.0156949964653 5.71320611285303 25.6991197703864 17.1643843960436 9.99076808317008 0.478887394433676 4.26977390272458 13.9197598897809 12.1611115531608 26.0727563104683 27.127237416298 29.869957450641 12.3267878046678 0.713888448429705 3.84281476565558 41.6632106047807 0.925201097705091 7.51633451306772 6.5182008275182 15.8280689519076 3.45649771157823 8.98369091712413 15.5322521117696 11.8344968040661 22.4537722193913 15.2912272943505 3.52022562960337 0.738810186806765 13.5693065181308 20.9368269744756 11.1767195463325 1.74546495202797 11.0808836256622 5.35249336660415 2.37108158167841 12.3753396857506 8.19025709258786 13.7960371754434 2.16537798934443 6.11278402393643 6.41849604781355 0.418078914037238 7.78833130834955 13.9268436407383 2.48146204569616 11.0968640416561 7.8468544631949 6.00648710086304 25.4420947422295 15.870663608623 3.93316498112364 9.71347537360999 3.69013301112168 11.6198529556677 10.2748705778925 10.1463651106576 8.40575184174476 26.7472942255923 20.5933758112465 19.8238625131995 15.282263576022 31.0986606981713 22.0770310977086 3.13472019592352 21.2865335577316 1.2335299413728 8.37694523544626 10.0657421897958 0.230897072468763 3.45428515899179 21.0249657166172 23.7994734405529 2.16739824228458 4.23629667980055 0.635221296768346 7.99575852465811 1.22552941174595
