Instancenumber:
46
Instancename:
P-n16-k8
Customers:
15
Depot:
0
Dimension:
240
Vehicles:
15
Capacity:
35
Demands:
0 19 30 16 23 11 31 15 28 8 8 7 14 6 19 11
Uncertainty:budgeted
Gamma:
15
Mean Vector:
13.8924439894498 21.0237960416286 32.5576411921994 22.0227155455452 23.0867927612304 12.0415945787923 22.0227155455452 32.4499614791759 32.0624390837628 20.8086520466848 28.1602556806574 29.9666481275434 29.1204395571221 30.8706980808663 29.8328677803526 13.8924439894498 12.369316876853 19.2093727122985 11.6619037896906 24.2074368738204 12.0830459735946 18.6010752377383 20.8806130178211 26.9258240356725 7.07106781186548 18.8679622641132 16.1554944214035 21.3775583264319 32.649655434629 17 21.0237960416286 12.369316876853 15.2970585407784 22.2036033111745 16.2788205960997 10.6301458127346 8.54400374531753 12.0415945787923 14.7648230602334 10.6301458127346 29.0688837074973 18.9736659610103 9.05538513813742 23.7697286480094 23.3238075793812 32.5576411921994 19.2093727122985 15.2970585407784 21.095023109729 31 25.0798724079689 23 7.81024967590665 24.1660919471891 12.2065556157337 25.3179778023443 9.48683298050514 17.0880074906351 37.4833296279826 15.8113883008419 22.0227155455452 11.6619037896906 22.2036033111745 21.095023109729 35.8050275799363 23.7065391822594 29.698484809835 26.3058928759318 36.8917334913934 12.0830459735946 7.21110255092798 13 30.4138126514911 44.2040722106007 9.21954445729289 23.0867927612304 24.2074368738204 16.2788205960997 31 35.8050275799363 12.8062484748657 8 25.4950975679639 13.4536240470737 26 43.0116263352131 35.1710107901379 16.1554944214035 8.48528137423857 39 12.0415945787923 12.0830459735946 10.6301458127346 25.0798724079689 23.7065391822594 12.8062484748657 10 22.6715680975093 20.0249843945008 16 30.886890422961 26.0192236625154 17.464249196573 21.2602916254693 28.4429253066558 22.0227155455452 18.6010752377383 8.54400374531753 23 29.698484809835 8 10 17.7200451466693 10.0498756211209 18.8679622641132 36.7967389859482 27.5136329843952 9.21954445729289 15.2315462117278 31.7647603485372 32.4499614791759 20.8806130178211 12.0415945787923 7.81024967590665 26.3058928759318 25.4950975679639 22.6715680975093 17.7200451466693 16.7630546142402 15.0332963783729 31.6227766016838 16.6433169770932 10.0498756211209 31.0161248385416 22.8254244210267 32.0624390837628 26.9258240356725 14.7648230602334 24.1660919471891 36.8917334913934 13.4536240470737 20.0249843945008 10.0498756211209 16.7630546142402 25 43.6004587131833 31.4006369362152 7.21110255092798 15.52417469626 36.7967389859482 20.8086520466848 7.07106781186548 10.6301458127346 12.2065556157337 12.0830459735946 26 16 18.8679622641132 15.0332963783729 25 18.6010752377383 10.0498756211209 18.3575597506858 34 13 28.1602556806574 18.8679622641132 29.0688837074973 25.3179778023443 7.21110255092798 43.0116263352131 30.886890422961 36.7967389859482 31.6227766016838 43.6004587131833 18.6010752377383 16.0312195418814 36.8917334913934 51.4003891035856 10.0498756211209 29.9666481275434 16.1554944214035 18.9736659610103 9.48683298050514 13 35.1710107901379 26.0192236625154 27.5136329843952 16.6433169770932 31.4006369362152 10.0498756211209 16.0312195418814 24.2074368738204 42.7200187265877 6.32455532033676 29.1204395571221 21.3775583264319 9.05538513813742 17.0880074906351 30.4138126514911 16.1554944214035 17.464249196573 9.21954445729289 10.0498756211209 7.21110255092798 18.3575597506858 36.8917334913934 24.2074368738204 21 29.698484809835 30.8706980808663 32.649655434629 23.7697286480094 37.4833296279826 44.2040722106007 8.48528137423857 21.2602916254693 15.2315462117278 31.0161248385416 15.52417469626 34 51.4003891035856 42.7200187265877 21 46.9574275274956 29.8328677803526 17 23.3238075793812 15.8113883008419 9.21954445729289 39 28.4429253066558 31.7647603485372 22.8254244210267 36.7967389859482 13 10.0498756211209 6.32455532033676 29.698484809835 46.9574275274956
Deviation Vector:
5.06594415691576 9.75084494495922 26.2201062825523 2.38919679919534 13.1301849525418 1.21903282687622 11.96657509049 6.21198416457223 24.8744720550536 18.1140590632114 20.6385046151767 19.1381385292162 10.1135807656134 8.43034535317365 13.2017645804535 1.19092516994995 1.10407036586116 12.0427295638024 0.869122374315686 4.04927678768846 7.39091049295437 6.18713767987577 3.6622922915355 19.3979541835346 2.33269164871855 15.5127504125335 14.3322640649045 16.0635182754384 30.1229453979261 3.95293232399899 16.3463887898262 4.49520067675351 10.6517369476005 14.6324399172174 7.68202872626879 3.62707625540309 6.49555421151095 1.10092470224146 7.8643256915981 6.50788100233879 1.10701017220747 6.48298851271464 2.96117671835383 9.16047541142368 14.3387577914066 25.0541277978595 9.04970388467695 10.7695570291836 9.96951298920069 16.9146972544466 21.85214423099 3.68979126389828 6.85941408526161 2.96864497925947 10.7521157009949 7.19789492633263 0.200806779642759 14.4247026994473 4.19321548159622 0.315084424286228 3.36543803350065 10.3719483689746 8.51159866661392 17.9126805897628 22.3619779876134 20.2749322401494 7.91460139821557 12.1255704999045 0.841964549308562 9.65601922261438 1.07664887818698 0.791763543019515 6.59890608011665 21.0549123604447 4.11458114146297 19.2022058682061 7.79461022270612 14.9341534188375 18.969433008422 28.4504106967527 6.90490519572485 4.47494884512269 0.794623298923272 6.64057227381996 17.7375122324552 39.2272625683979 27.3591637577274 11.3634339281975 7.0623554213696 34.7005782603294 8.70976472739492 0.740359638200616 9.09191072105943 4.58457755021691 21.5827911615956 7.12018355050987 1.14194838008011 5.7373339119678 1.86407201865698 2.19227869950565 3.96433701843268 6.30684256626972 3.45656448478578 7.34162187684131 20.4420228812028 14.1872820353509 4.70997959126416 0.998324062439108 14.6684433532721 25.6929689482242 7.29150091687554 2.53090278905509 8.87145614363055 0.188482070221321 14.0883324934044 9.53059843731657 0.190376711421371 5.53835643017509 0.586945648645752 26.6578104664574 18.3870203522681 15.9077167260427 10.8434381828815 3.89006085640129 0.546896911280732 22.6157573804232 2.95214519156755 2.39193567113424 3.62543465240863 3.35694796073239 8.60146347219436 5.73571058940611 4.68015177454783 14.5752358681048 15.7483170011871 8.35371204749502 5.1235836365183 0.285045663515335 9.120044200923 30.5479610759036 11.8988289980434 7.30866055464044 1.5806762663805 7.73158328303585 9.59329395265919 39.4132143783414 22.6158124683594 2.81702526903019 9.0169336580753 27.9202272269733 6.36799702457974 1.58114730646453 6.34364462425452 3.45047952851842 8.72008357157342 16.0562945157211 3.93418632818416 16.0734810826788 11.3130746034938 11.5540486180978 2.81514276439574 1.01188226647867 14.8106477900554 20.9792076867146 7.4179366771725 16.1325331851121 16.5581584082137 22.1183866771027 14.9930223763808 2.38774112048434 28.6065389639637 17.0733815072994 25.6141072777866 26.0056762029641 3.93049800849911 2.90136463309836 12.8648027541489 29.89640722964 28.0969662389431 4.61757078938044 19.3374993432464 13.7750768927372 12.9604077196263 3.01880475524784 2.74923367395461 16.9138121353894 0.309865876121676 12.5838046352545 6.80618849930387 24.0040172499017 9.24114307579492 8.98208784440372 20.9425723676396 34.2813138578101 1.60309849771013 14.906449188003 9.65190930412185 1.87629510231272 5.96259641426528 3.64465188036619 8.69686208307743 1.57479406807271 6.20112600534148 3.12117800697959 6.5804493395067 14.0023138810073 17.2117330605446 19.152387733674 13.6350120043598 2.6528455794194 10.0883179708718 12.1044143856765 0.43097307116125 3.22414732066277 30.4542329190082 1.94831128364626 12.0528330015911 10.6751119302272 21.3073596191302 0.807430518582774 18.4092468891937 35.0886972814014 26.1573998896161 10.1372773024477 26.3557265542496 25.8284182408925 1.20302913350818 2.07384033985435 2.35782648298641 3.86945186153205 8.14127288000027 19.5529265712354 16.1960072603071 20.1173507489208 2.72893708604734 6.48137003320763 7.23853487913303 3.41974789991147 10.8665013550936 20.9287746865624
