Instancenumber:
47
Instancename:
P-n16-k8
Customers:
15
Depot:
0
Dimension:
240
Vehicles:
15
Capacity:
35
Demands:
0 19 30 16 23 11 31 15 28 8 8 7 14 6 19 11
Uncertainty:budgeted
Gamma:
4
Mean Vector:
13.8924439894498 21.0237960416286 32.5576411921994 22.0227155455452 23.0867927612304 12.0415945787923 22.0227155455452 32.4499614791759 32.0624390837628 20.8086520466848 28.1602556806574 29.9666481275434 29.1204395571221 30.8706980808663 29.8328677803526 13.8924439894498 12.369316876853 19.2093727122985 11.6619037896906 24.2074368738204 12.0830459735946 18.6010752377383 20.8806130178211 26.9258240356725 7.07106781186548 18.8679622641132 16.1554944214035 21.3775583264319 32.649655434629 17 21.0237960416286 12.369316876853 15.2970585407784 22.2036033111745 16.2788205960997 10.6301458127346 8.54400374531753 12.0415945787923 14.7648230602334 10.6301458127346 29.0688837074973 18.9736659610103 9.05538513813742 23.7697286480094 23.3238075793812 32.5576411921994 19.2093727122985 15.2970585407784 21.095023109729 31 25.0798724079689 23 7.81024967590665 24.1660919471891 12.2065556157337 25.3179778023443 9.48683298050514 17.0880074906351 37.4833296279826 15.8113883008419 22.0227155455452 11.6619037896906 22.2036033111745 21.095023109729 35.8050275799363 23.7065391822594 29.698484809835 26.3058928759318 36.8917334913934 12.0830459735946 7.21110255092798 13 30.4138126514911 44.2040722106007 9.21954445729289 23.0867927612304 24.2074368738204 16.2788205960997 31 35.8050275799363 12.8062484748657 8 25.4950975679639 13.4536240470737 26 43.0116263352131 35.1710107901379 16.1554944214035 8.48528137423857 39 12.0415945787923 12.0830459735946 10.6301458127346 25.0798724079689 23.7065391822594 12.8062484748657 10 22.6715680975093 20.0249843945008 16 30.886890422961 26.0192236625154 17.464249196573 21.2602916254693 28.4429253066558 22.0227155455452 18.6010752377383 8.54400374531753 23 29.698484809835 8 10 17.7200451466693 10.0498756211209 18.8679622641132 36.7967389859482 27.5136329843952 9.21954445729289 15.2315462117278 31.7647603485372 32.4499614791759 20.8806130178211 12.0415945787923 7.81024967590665 26.3058928759318 25.4950975679639 22.6715680975093 17.7200451466693 16.7630546142402 15.0332963783729 31.6227766016838 16.6433169770932 10.0498756211209 31.0161248385416 22.8254244210267 32.0624390837628 26.9258240356725 14.7648230602334 24.1660919471891 36.8917334913934 13.4536240470737 20.0249843945008 10.0498756211209 16.7630546142402 25 43.6004587131833 31.4006369362152 7.21110255092798 15.52417469626 36.7967389859482 20.8086520466848 7.07106781186548 10.6301458127346 12.2065556157337 12.0830459735946 26 16 18.8679622641132 15.0332963783729 25 18.6010752377383 10.0498756211209 18.3575597506858 34 13 28.1602556806574 18.8679622641132 29.0688837074973 25.3179778023443 7.21110255092798 43.0116263352131 30.886890422961 36.7967389859482 31.6227766016838 43.6004587131833 18.6010752377383 16.0312195418814 36.8917334913934 51.4003891035856 10.0498756211209 29.9666481275434 16.1554944214035 18.9736659610103 9.48683298050514 13 35.1710107901379 26.0192236625154 27.5136329843952 16.6433169770932 31.4006369362152 10.0498756211209 16.0312195418814 24.2074368738204 42.7200187265877 6.32455532033676 29.1204395571221 21.3775583264319 9.05538513813742 17.0880074906351 30.4138126514911 16.1554944214035 17.464249196573 9.21954445729289 10.0498756211209 7.21110255092798 18.3575597506858 36.8917334913934 24.2074368738204 21 29.698484809835 30.8706980808663 32.649655434629 23.7697286480094 37.4833296279826 44.2040722106007 8.48528137423857 21.2602916254693 15.2315462117278 31.0161248385416 15.52417469626 34 51.4003891035856 42.7200187265877 21 46.9574275274956 29.8328677803526 17 23.3238075793812 15.8113883008419 9.21954445729289 39 28.4429253066558 31.7647603485372 22.8254244210267 36.7967389859482 13 10.0498756211209 6.32455532033676 29.698484809835 46.9574275274956
Deviation Vector:
8.75273395710031 14.5629061518641 26.5811375096003 14.2743919667747 17.9777387735721 7.00253442852774 19.331042807392 13.686395760138 11.4954626094383 13.3363409519728 13.3417776941246 26.9694458925116 11.6396528548594 5.00809771975481 13.6890774693276 0.515760008432652 1.28824093426172 10.1737705331655 1.46987088770436 6.13102110602559 0.307823855601116 6.22747213141977 0.352126460121099 14.41471598538 2.06685527764975 1.7174802257022 1.77816095324769 1.8963600158257 20.6259591105095 8.09131206082628 11.2352168744912 4.17984980093634 3.74465418888335 9.48065618944076 1.01314398962793 1.05926608507166 0.723382133569999 0.194637207222881 7.69862408740955 4.71127108729509 19.1002154212169 1.35370269661141 3.79719946337273 3.15956903763354 5.44784889919926 28.5917770395928 3.26654011824277 5.16616393233943 10.2092349720119 9.17877992501257 14.8220252402702 11.717116219168 4.92733539914168 14.689519638914 1.47624020505541 23.373003348027 6.63018551224799 3.94739312876776 3.29986254440471 6.43156947118705 15.5692504039988 7.25883818720384 16.5347790931437 0.588726405195808 4.49628372257207 19.1294213701357 3.78821040353998 5.5306129146686 30.3652050561454 7.84156208888596 4.71203337926136 7.23198354831105 21.9076377679397 6.5829302799977 6.35439119213391 0.693588423520256 2.49966397444304 13.9880614039647 11.4007258888355 21.0255829399076 2.96488751932194 0.279260498223799 4.40589748736354 11.6023982484988 16.7118694704896 12.6347438285696 30.3078082144915 6.7497088683206 4.45269838713337 1.01055990978922 9.92907333852916 3.719984927815 6.89207663814954 16.1866253883783 7.9600975996633 9.91112597427452 5.28478320252778 10.5044659506557 1.20791974348967 6.84347778246279 5.82075154241734 18.571535551909 1.05087889507094 19.3207679894113 24.5372408559652 16.5039033185422 0.278355684101486 0.359642550058706 15.7511541575037 11.366496503992 5.03453836567461 9.16351608191224 7.40055372144372 8.06131490369121 16.1302292516111 5.02463078813994 4.73322539428521 7.30904061121613 8.44356912556254 22.1332892356811 26.5664120914236 9.50196294369502 0.973021602658009 4.24244912980064 4.64598569003509 10.6207859166156 8.91600737886735 12.4942655417945 14.7500402061567 6.81893576633325 6.60786122950776 2.40523857675032 2.44714788715475 8.34743388005771 2.95449153509572 5.84604472599337 2.54947374843301 2.13208649459914 5.42350181716118 28.7577654171706 7.09184872153933 17.0961982167665 7.75869330255062 0.35067865389778 18.3005893395965 30.6541152620653 4.94468075381716 6.51923747505402 8.87974668668869 26.1925880092691 14.087300941775 3.30100557067805 2.58343415418427 9.25009764313531 1.04122020534282 10.9107158581542 4.00845416364833 9.04606005205934 3.01995586737493 5.16478439421316 0.170728967821236 4.11887514990676 6.44548894704156 8.59107790592032 8.82668105790994 13.5323202018986 8.20778787469315 22.4894483817671 15.8224676683443 4.75527496734101 27.0684110631094 7.04938374670841 21.6854497624044 15.0997485381984 10.8631397598435 7.3939959572519 4.11543814448851 15.001015374691 19.4143702536335 8.32841981469151 5.83121678821252 2.11395397909543 7.0523369396444 4.15162089171899 11.5524238968284 16.1034971250651 22.3052965210538 5.92439337097963 0.223892159558538 4.21698066370848 4.24021453602825 0.362799680294656 13.1722206289944 33.0236540734186 1.74121069557568 8.71470641622329 7.04863876223501 6.43223449676556 2.54738025486682 0.937374258878035 7.20387750586538 13.5942052424348 2.38834974211554 1.11944494144516 2.39442687873408 9.32940111659505 18.7739309359288 14.2524006261204 19.2113782830823 26.3307136030324 15.2383739501266 6.05870266293673 2.22487211834005 32.4347053413499 27.5473762376614 0.495527092192027 8.48970846079873 8.47784721700546 8.48986296203218 6.40798611645932 23.4903946845084 35.756232656299 18.600530863944 6.53483758852933 25.5831539579248 21.2026689624516 10.3775988255128 20.397540452232 7.86119951563216 7.00243894804445 35.3089623027707 0.547358433816881 19.5058636876719 5.49089029693621 4.80686960444698 0.289497788967438 7.52499645986689 4.04471537277067 18.1466741954812 34.7363829016431
