Instancenumber:
52
Instancename:
P-n16-k8
Customers:
15
Depot:
0
Dimension:
240
Vehicles:
15
Capacity:
35
Demands:
0 19 30 16 23 11 31 15 28 8 8 7 14 6 19 11
Uncertainty:budgeted
Gamma:
15
Mean Vector:
13.8924439894498 21.0237960416286 32.5576411921994 22.0227155455452 23.0867927612304 12.0415945787923 22.0227155455452 32.4499614791759 32.0624390837628 20.8086520466848 28.1602556806574 29.9666481275434 29.1204395571221 30.8706980808663 29.8328677803526 13.8924439894498 12.369316876853 19.2093727122985 11.6619037896906 24.2074368738204 12.0830459735946 18.6010752377383 20.8806130178211 26.9258240356725 7.07106781186548 18.8679622641132 16.1554944214035 21.3775583264319 32.649655434629 17 21.0237960416286 12.369316876853 15.2970585407784 22.2036033111745 16.2788205960997 10.6301458127346 8.54400374531753 12.0415945787923 14.7648230602334 10.6301458127346 29.0688837074973 18.9736659610103 9.05538513813742 23.7697286480094 23.3238075793812 32.5576411921994 19.2093727122985 15.2970585407784 21.095023109729 31 25.0798724079689 23 7.81024967590665 24.1660919471891 12.2065556157337 25.3179778023443 9.48683298050514 17.0880074906351 37.4833296279826 15.8113883008419 22.0227155455452 11.6619037896906 22.2036033111745 21.095023109729 35.8050275799363 23.7065391822594 29.698484809835 26.3058928759318 36.8917334913934 12.0830459735946 7.21110255092798 13 30.4138126514911 44.2040722106007 9.21954445729289 23.0867927612304 24.2074368738204 16.2788205960997 31 35.8050275799363 12.8062484748657 8 25.4950975679639 13.4536240470737 26 43.0116263352131 35.1710107901379 16.1554944214035 8.48528137423857 39 12.0415945787923 12.0830459735946 10.6301458127346 25.0798724079689 23.7065391822594 12.8062484748657 10 22.6715680975093 20.0249843945008 16 30.886890422961 26.0192236625154 17.464249196573 21.2602916254693 28.4429253066558 22.0227155455452 18.6010752377383 8.54400374531753 23 29.698484809835 8 10 17.7200451466693 10.0498756211209 18.8679622641132 36.7967389859482 27.5136329843952 9.21954445729289 15.2315462117278 31.7647603485372 32.4499614791759 20.8806130178211 12.0415945787923 7.81024967590665 26.3058928759318 25.4950975679639 22.6715680975093 17.7200451466693 16.7630546142402 15.0332963783729 31.6227766016838 16.6433169770932 10.0498756211209 31.0161248385416 22.8254244210267 32.0624390837628 26.9258240356725 14.7648230602334 24.1660919471891 36.8917334913934 13.4536240470737 20.0249843945008 10.0498756211209 16.7630546142402 25 43.6004587131833 31.4006369362152 7.21110255092798 15.52417469626 36.7967389859482 20.8086520466848 7.07106781186548 10.6301458127346 12.2065556157337 12.0830459735946 26 16 18.8679622641132 15.0332963783729 25 18.6010752377383 10.0498756211209 18.3575597506858 34 13 28.1602556806574 18.8679622641132 29.0688837074973 25.3179778023443 7.21110255092798 43.0116263352131 30.886890422961 36.7967389859482 31.6227766016838 43.6004587131833 18.6010752377383 16.0312195418814 36.8917334913934 51.4003891035856 10.0498756211209 29.9666481275434 16.1554944214035 18.9736659610103 9.48683298050514 13 35.1710107901379 26.0192236625154 27.5136329843952 16.6433169770932 31.4006369362152 10.0498756211209 16.0312195418814 24.2074368738204 42.7200187265877 6.32455532033676 29.1204395571221 21.3775583264319 9.05538513813742 17.0880074906351 30.4138126514911 16.1554944214035 17.464249196573 9.21954445729289 10.0498756211209 7.21110255092798 18.3575597506858 36.8917334913934 24.2074368738204 21 29.698484809835 30.8706980808663 32.649655434629 23.7697286480094 37.4833296279826 44.2040722106007 8.48528137423857 21.2602916254693 15.2315462117278 31.0161248385416 15.52417469626 34 51.4003891035856 42.7200187265877 21 46.9574275274956 29.8328677803526 17 23.3238075793812 15.8113883008419 9.21954445729289 39 28.4429253066558 31.7647603485372 22.8254244210267 36.7967389859482 13 10.0498756211209 6.32455532033676 29.698484809835 46.9574275274956
Deviation Vector:
8.31528782004557 17.2874990892857 25.3408815547649 6.04591183027893 8.41121247168357 7.27688883761509 8.64462200832806 10.0339604750089 21.6722370760147 3.24611252334663 15.4838690731796 19.2076786724137 21.9675431437298 1.32929609337394 20.4318038525352 2.8650325033925 2.04730943660695 9.83411994945564 0.515957686427208 17.9105090797495 2.87420905072481 6.70271193485614 7.7551373870122 18.8364422427945 4.32662431992498 14.1015368804451 2.18785492667589 6.39815771981746 18.0181727708049 4.21157381177476 17.701349801462 2.80240454140616 2.23599362397977 15.463826091511 8.15718177826586 5.42670570898726 3.22038699127399 10.7606550031317 12.1029447996953 1.37134890812605 3.65603226650542 8.45680067560185 6.972412861176 20.9206856961228 11.4000393571111 17.2880806644825 3.1218837543395 10.0086789849949 2.51225639569758 6.4096152958184 11.7954022257398 8.21016298878148 4.42920672572313 20.3410154406803 1.61957645498862 6.45933140275277 6.31108272229252 4.58139209246303 20.7815618010837 4.63684764202472 11.3603149580792 5.5106945137293 11.5418986830445 13.965259810103 8.77735971986851 2.3010047912413 7.38505386506503 16.3638702109926 2.46566453788127 1.74638578725962 5.41601871156419 2.50388428383714 17.9515840300454 26.3982394280377 1.37275059788709 3.58229601663295 4.94651750753692 5.06946052474417 25.0930826264246 11.5804605103788 6.63589404523608 2.84733701413487 17.3467302214678 2.17178409267745 7.11837612202691 34.9717043651351 14.6506847233848 0.245233772381678 1.33499497386734 1.83793349925271 3.71410441862008 8.13401650827977 5.52411106816773 20.7726690991216 9.75149912273838 9.79431968509344 0.0147194855101014 14.9634585363202 9.2719331274282 1.09291357517849 24.849793761863 7.55167032462035 4.55665981168789 10.012227939483 25.2409483016273 9.02511341401568 11.6461713924461 1.43464588892399 16.5881468162477 15.1968837643384 3.93074984092628 3.15549405180066 15.3743155447068 2.49124186452479 8.9995811294904 8.00534691353695 3.77247136261886 8.23796295346351 3.54492105043688 9.35292627121234 0.545431924935311 11.3000668576882 0.527046494911926 4.18998851414411 11.7215105590483 11.6030991668513 8.55693660743401 7.92186882775084 3.20627310682079 12.6347119719073 16.2972412772051 1.19767570555504 2.07863757289432 24.0771230115548 12.3918532308075 5.46363247115489 7.06092723988945 3.61957219670106 8.17583878064561 2.19909377527198 10.1824299281977 16.6139755327983 3.77029924220788 11.7446359080034 3.8424884716086 37.1535048915279 28.8315033439751 2.09707762639624 12.7580390989572 8.35532329740285 12.1783845809052 5.9299809068882 8.16652451362497 7.67822428295856 5.45245469038958 7.53938479339478 2.56455996299585 15.6354775938399 11.0800394302019 8.78888038682574 13.862945291697 3.30185288668593 7.77473081866447 0.960774969024763 2.35265688528589 1.19858169572627 3.74838679148085 12.8836159042687 7.28426695368756 3.87223745173465 21.6270737868998 3.72850062607842 16.2933909525544 27.7641036906316 35.8108401669812 11.0954291447911 12.9253800209017 30.0915682452527 45.6078895341076 7.07742349105866 3.56269576414139 8.86470533030027 11.744799089249 8.41606078948782 3.30051136425818 5.14914102435304 6.58953494694117 11.3953347908789 0.852653840167529 2.08622763832036 7.69544807654071 12.7689875631454 9.56159055819128 11.3375358392239 5.21627596633227 16.7721871628276 6.58331580280719 0.901727218047433 1.62880315685337 18.116467154319 10.2839711155631 10.4460266701129 6.6047012744182 1.56281214542233 3.98244068961762 11.2691680941172 27.7425683431749 10.5224299305543 10.619541439377 21.2479371268928 6.63895646446156 20.3923592401246 8.08922148264175 31.2634268028906 25.9858593760536 5.0419677308699 1.203640930982 12.8115217643756 2.62152770425155 1.67421255581778 30.8569255611355 43.7030342732534 38.6339801417751 7.95252489604799 9.00587820641212 24.023456202552 0.523605029323362 11.6559019979694 14.3068903415763 1.16275779923332 6.69075452519262 17.5651671004863 23.0058353607628 20.2675672875429 28.4462345572876 4.58472376346968 5.80840911791758 3.80240461274995 23.383061406043 7.50380258260095
