Instancenumber:
54
Instancename:
P-n16-k8
Customers:
15
Depot:
0
Dimension:
240
Vehicles:
15
Capacity:
35
Demands:
0 19 30 16 23 11 31 15 28 8 8 7 14 6 19 11
Uncertainty:budgeted
Gamma:
15
Mean Vector:
13.8924439894498 21.0237960416286 32.5576411921994 22.0227155455452 23.0867927612304 12.0415945787923 22.0227155455452 32.4499614791759 32.0624390837628 20.8086520466848 28.1602556806574 29.9666481275434 29.1204395571221 30.8706980808663 29.8328677803526 13.8924439894498 12.369316876853 19.2093727122985 11.6619037896906 24.2074368738204 12.0830459735946 18.6010752377383 20.8806130178211 26.9258240356725 7.07106781186548 18.8679622641132 16.1554944214035 21.3775583264319 32.649655434629 17 21.0237960416286 12.369316876853 15.2970585407784 22.2036033111745 16.2788205960997 10.6301458127346 8.54400374531753 12.0415945787923 14.7648230602334 10.6301458127346 29.0688837074973 18.9736659610103 9.05538513813742 23.7697286480094 23.3238075793812 32.5576411921994 19.2093727122985 15.2970585407784 21.095023109729 31 25.0798724079689 23 7.81024967590665 24.1660919471891 12.2065556157337 25.3179778023443 9.48683298050514 17.0880074906351 37.4833296279826 15.8113883008419 22.0227155455452 11.6619037896906 22.2036033111745 21.095023109729 35.8050275799363 23.7065391822594 29.698484809835 26.3058928759318 36.8917334913934 12.0830459735946 7.21110255092798 13 30.4138126514911 44.2040722106007 9.21954445729289 23.0867927612304 24.2074368738204 16.2788205960997 31 35.8050275799363 12.8062484748657 8 25.4950975679639 13.4536240470737 26 43.0116263352131 35.1710107901379 16.1554944214035 8.48528137423857 39 12.0415945787923 12.0830459735946 10.6301458127346 25.0798724079689 23.7065391822594 12.8062484748657 10 22.6715680975093 20.0249843945008 16 30.886890422961 26.0192236625154 17.464249196573 21.2602916254693 28.4429253066558 22.0227155455452 18.6010752377383 8.54400374531753 23 29.698484809835 8 10 17.7200451466693 10.0498756211209 18.8679622641132 36.7967389859482 27.5136329843952 9.21954445729289 15.2315462117278 31.7647603485372 32.4499614791759 20.8806130178211 12.0415945787923 7.81024967590665 26.3058928759318 25.4950975679639 22.6715680975093 17.7200451466693 16.7630546142402 15.0332963783729 31.6227766016838 16.6433169770932 10.0498756211209 31.0161248385416 22.8254244210267 32.0624390837628 26.9258240356725 14.7648230602334 24.1660919471891 36.8917334913934 13.4536240470737 20.0249843945008 10.0498756211209 16.7630546142402 25 43.6004587131833 31.4006369362152 7.21110255092798 15.52417469626 36.7967389859482 20.8086520466848 7.07106781186548 10.6301458127346 12.2065556157337 12.0830459735946 26 16 18.8679622641132 15.0332963783729 25 18.6010752377383 10.0498756211209 18.3575597506858 34 13 28.1602556806574 18.8679622641132 29.0688837074973 25.3179778023443 7.21110255092798 43.0116263352131 30.886890422961 36.7967389859482 31.6227766016838 43.6004587131833 18.6010752377383 16.0312195418814 36.8917334913934 51.4003891035856 10.0498756211209 29.9666481275434 16.1554944214035 18.9736659610103 9.48683298050514 13 35.1710107901379 26.0192236625154 27.5136329843952 16.6433169770932 31.4006369362152 10.0498756211209 16.0312195418814 24.2074368738204 42.7200187265877 6.32455532033676 29.1204395571221 21.3775583264319 9.05538513813742 17.0880074906351 30.4138126514911 16.1554944214035 17.464249196573 9.21954445729289 10.0498756211209 7.21110255092798 18.3575597506858 36.8917334913934 24.2074368738204 21 29.698484809835 30.8706980808663 32.649655434629 23.7697286480094 37.4833296279826 44.2040722106007 8.48528137423857 21.2602916254693 15.2315462117278 31.0161248385416 15.52417469626 34 51.4003891035856 42.7200187265877 21 46.9574275274956 29.8328677803526 17 23.3238075793812 15.8113883008419 9.21954445729289 39 28.4429253066558 31.7647603485372 22.8254244210267 36.7967389859482 13 10.0498756211209 6.32455532033676 29.698484809835 46.9574275274956
Deviation Vector:
5.45719621279316 1.65152198501532 25.5376038684584 16.1455945979739 21.069400659763 5.39935274826667 8.88582751162915 1.47260902405784 11.7239134288948 10.1547488839433 4.31489540814375 10.4692923235835 12.0675858368139 4.12830333158746 21.7200124643781 8.42147104896445 0.187349464168736 14.5771624878184 2.1234319571171 22.2706845934169 10.6932003659297 6.57809535032453 12.8144583388647 18.4544605727538 2.24667767326821 8.73425563161497 1.84498784181605 19.1475906612422 4.57999385533729 15.3263587288351 2.76748831723619 6.5940150722518 0.860532444604515 20.3388839319867 5.5735030296158 0.478581666813539 3.76413317573634 8.98137036980827 1.33477091624837 8.57020722667255 9.01186737837924 4.62252619992661 2.09841753332127 17.2192730431518 8.80141102523802 1.17003322362314 7.81361163549379 6.00415193847874 16.7661989158297 18.2541380507288 9.74720599725492 17.3861364109982 0.14552933609598 1.89696978255459 6.3162797140661 8.5159885779969 5.13628323275312 10.7936685864313 11.5522572535881 10.7784452704835 13.4195759114126 5.12929241211716 6.45975245022049 14.0409806684143 15.4677655032102 15.0135927844403 21.1045598511421 22.9534248001836 16.7976091081838 9.67887733931208 5.44384106516606 9.94941252255837 3.67421584032738 2.77626944872924 5.21742363641838 11.5010288186362 2.39031554018674 0.794712253850516 27.6107250064622 31.9931197157703 8.16605735686137 2.8437157226472 18.4993808391027 8.82954714571077 11.2830024699092 13.7295078133376 2.41996808332726 0.832376090258907 0.229150217179621 14.703115407344 8.82903586828559 7.68913287714573 8.68308743162413 2.51534822080512 8.96374698522258 4.16184299067839 7.33603689413098 3.73830811243561 5.48069778231229 4.24119703120444 1.29936986364415 2.72596317364888 1.86105329281811 3.46279392219239 4.76626676416502 14.8096738962072 12.296073057888 2.27540524624345 16.5897030442796 18.6464578194263 1.88801984390433 4.3510274760863 1.05385930811065 0.379455739680983 3.16127388992674 18.1567751622189 9.82131678515319 2.17906643627735 8.30053988228764 12.1966337988495 19.9033753089552 7.3983775442875 1.16170043081699 3.95465288486998 11.9589620896753 12.0996371674752 18.8474811406321 4.68455225066772 10.7195797922529 2.72356883320455 16.7423436196788 11.343172312477 2.87362505258973 19.7263482480345 19.2742744739714 14.5406173618679 10.3563452566834 8.58739297344499 17.3953676648637 6.71672319073279 3.84262271938665 0.640344502370397 6.20246720045767 5.78480641508445 1.74336339434055 34.2139659890325 26.3302810593386 3.07695125303725 1.50922979256592 16.9130130923449 16.8688211211187 5.02451649087743 8.65242314752949 11.0730277481477 3.54111443019272 8.96252212639626 7.32598330673154 3.78379686764718 9.15643456365824 4.33749591882134 7.10021526108008 2.15736380084341 15.6965398163891 22.6999747785775 11.0586933017967 21.8415354765296 3.72274470290134 9.05330281232551 10.972220911387 6.61352216261951 21.2266199999095 22.2075682040197 0.929380796517645 5.90798236651221 6.11446505862071 1.76694751447686 0.764559381594594 2.02590530814282 26.8149689062261 1.45632688383681 15.4192897216626 6.59953924880815 16.2316653291556 3.83883962675462 5.09324874897185 7.9028542133364 19.4978074993637 23.3772972875235 7.07738395159461 13.6463383004185 0.998068433998762 12.9363721844372 15.7167671739032 1.30321224903486 3.48321345829979 16.775462443353 17.232910619234 6.77387614272375 15.1658600662928 9.6000466680773 11.9765422189053 7.98418465060445 1.02146578461294 7.70409901410471 4.64394924757128 4.6083362137083 31.7851129852599 16.7440854299461 6.42488604623364 13.6439473844514 25.8264795646706 26.7888893863164 20.6301475336573 28.7960047839864 13.3184175845023 2.84982042042856 1.46870968868452 1.93143446239747 8.11587281784377 7.67392682378285 19.0873562370056 18.5543974824279 16.1233539942582 6.022713068549 18.383065332486 0.128667283969468 14.6687492992265 6.38499901989404 11.8958943187895 7.62024665993631 22.9866844184347 16.2079487496517 11.4306838142607 15.9822636914696 15.1814880975554 1.04004545097973 0.275136619381874 2.21552050870584 22.9181808431016 15.6520409282792
