Instancenumber:
55
Instancename:
P-n16-k8
Customers:
15
Depot:
0
Dimension:
240
Vehicles:
15
Capacity:
35
Demands:
0 19 30 16 23 11 31 15 28 8 8 7 14 6 19 11
Uncertainty:budgeted
Gamma:
4
Mean Vector:
13.8924439894498 21.0237960416286 32.5576411921994 22.0227155455452 23.0867927612304 12.0415945787923 22.0227155455452 32.4499614791759 32.0624390837628 20.8086520466848 28.1602556806574 29.9666481275434 29.1204395571221 30.8706980808663 29.8328677803526 13.8924439894498 12.369316876853 19.2093727122985 11.6619037896906 24.2074368738204 12.0830459735946 18.6010752377383 20.8806130178211 26.9258240356725 7.07106781186548 18.8679622641132 16.1554944214035 21.3775583264319 32.649655434629 17 21.0237960416286 12.369316876853 15.2970585407784 22.2036033111745 16.2788205960997 10.6301458127346 8.54400374531753 12.0415945787923 14.7648230602334 10.6301458127346 29.0688837074973 18.9736659610103 9.05538513813742 23.7697286480094 23.3238075793812 32.5576411921994 19.2093727122985 15.2970585407784 21.095023109729 31 25.0798724079689 23 7.81024967590665 24.1660919471891 12.2065556157337 25.3179778023443 9.48683298050514 17.0880074906351 37.4833296279826 15.8113883008419 22.0227155455452 11.6619037896906 22.2036033111745 21.095023109729 35.8050275799363 23.7065391822594 29.698484809835 26.3058928759318 36.8917334913934 12.0830459735946 7.21110255092798 13 30.4138126514911 44.2040722106007 9.21954445729289 23.0867927612304 24.2074368738204 16.2788205960997 31 35.8050275799363 12.8062484748657 8 25.4950975679639 13.4536240470737 26 43.0116263352131 35.1710107901379 16.1554944214035 8.48528137423857 39 12.0415945787923 12.0830459735946 10.6301458127346 25.0798724079689 23.7065391822594 12.8062484748657 10 22.6715680975093 20.0249843945008 16 30.886890422961 26.0192236625154 17.464249196573 21.2602916254693 28.4429253066558 22.0227155455452 18.6010752377383 8.54400374531753 23 29.698484809835 8 10 17.7200451466693 10.0498756211209 18.8679622641132 36.7967389859482 27.5136329843952 9.21954445729289 15.2315462117278 31.7647603485372 32.4499614791759 20.8806130178211 12.0415945787923 7.81024967590665 26.3058928759318 25.4950975679639 22.6715680975093 17.7200451466693 16.7630546142402 15.0332963783729 31.6227766016838 16.6433169770932 10.0498756211209 31.0161248385416 22.8254244210267 32.0624390837628 26.9258240356725 14.7648230602334 24.1660919471891 36.8917334913934 13.4536240470737 20.0249843945008 10.0498756211209 16.7630546142402 25 43.6004587131833 31.4006369362152 7.21110255092798 15.52417469626 36.7967389859482 20.8086520466848 7.07106781186548 10.6301458127346 12.2065556157337 12.0830459735946 26 16 18.8679622641132 15.0332963783729 25 18.6010752377383 10.0498756211209 18.3575597506858 34 13 28.1602556806574 18.8679622641132 29.0688837074973 25.3179778023443 7.21110255092798 43.0116263352131 30.886890422961 36.7967389859482 31.6227766016838 43.6004587131833 18.6010752377383 16.0312195418814 36.8917334913934 51.4003891035856 10.0498756211209 29.9666481275434 16.1554944214035 18.9736659610103 9.48683298050514 13 35.1710107901379 26.0192236625154 27.5136329843952 16.6433169770932 31.4006369362152 10.0498756211209 16.0312195418814 24.2074368738204 42.7200187265877 6.32455532033676 29.1204395571221 21.3775583264319 9.05538513813742 17.0880074906351 30.4138126514911 16.1554944214035 17.464249196573 9.21954445729289 10.0498756211209 7.21110255092798 18.3575597506858 36.8917334913934 24.2074368738204 21 29.698484809835 30.8706980808663 32.649655434629 23.7697286480094 37.4833296279826 44.2040722106007 8.48528137423857 21.2602916254693 15.2315462117278 31.0161248385416 15.52417469626 34 51.4003891035856 42.7200187265877 21 46.9574275274956 29.8328677803526 17 23.3238075793812 15.8113883008419 9.21954445729289 39 28.4429253066558 31.7647603485372 22.8254244210267 36.7967389859482 13 10.0498756211209 6.32455532033676 29.698484809835 46.9574275274956
Deviation Vector:
11.2489919160387 14.3896612463858 7.48724007258702 16.6004223385171 12.2090053329497 6.39724952945251 3.65115192016133 19.4022543624739 21.0992504686735 8.8947937912316 4.74172129947478 8.85843290939334 22.9595526087011 16.8493082057507 17.3748291199002 3.55740048852359 6.80455377037623 10.016200370257 6.17873161353267 9.16559759141811 5.12446480059909 3.63415515873464 0.514035605602802 21.1087143167722 6.33262967276531 8.24897571436041 13.9577246270871 19.7303360888023 25.7115837054576 12.1007039901305 6.98872244836561 8.32911339598138 7.22635900784396 12.4870484667478 8.19320559424211 0.822581447874751 1.45077523541097 8.05696936555162 9.97061074814527 8.80035691592874 5.02021830512968 16.0076727299545 1.80769970595828 0.886239969920342 10.8602744004571 25.4611378508316 5.63510187391931 1.4057286016521 8.00776693866611 25.5183800791372 11.8006492826948 18.4852905236518 0.739601788371756 11.9656118460234 8.10290221863986 1.68148702796773 0.0804933301275638 10.3198995623482 2.45554420634199 12.5856141829887 8.63030407848704 4.64062054094616 12.112118928853 18.2320864860922 1.3057259099501 2.96228338010077 0.529081593097495 5.42606569377134 29.2939278212254 8.37488089006602 0.795279113210997 0.557718100245394 18.6417774683732 13.6993904291292 0.739276438068458 3.5719344070225 4.06913462727528 6.08074953500529 7.64500322165332 19.6103764123157 3.49431792557034 5.73708565772455 10.9005974153087 4.94496956645266 7.49906587902598 7.20537577771236 15.2632141348374 4.79673355397934 6.54595356576318 19.4797878279445 2.03555746979481 2.89363950592086 9.53961688123083 17.9207287389238 4.2651017819225 0.12843002169505 8.39502630975072 4.48279392969917 4.33133939490428 11.3552522078732 27.5152045227064 8.49741368225916 13.1436752469857 12.329371818613 18.1037667971693 18.3403070535432 13.6651408221803 6.87441097601166 6.49697745671775 1.70483829267562 3.42749816360451 5.55337668562414 13.7248943814815 8.60263200240225 17.4131359998294 5.11899939110215 2.74214138853694 3.99220254296623 6.64134902816641 27.6706909145817 0.280570938429001 12.6342277575255 2.24866570029267 7.07653866819646 10.410961760022 9.34787904713627 20.7691204518579 5.51832996071382 9.46075868594613 3.1349348076603 3.07594753162019 8.84373516169695 5.37783817852962 26.3598184570606 4.27846095387914 7.94375163108586 20.4317047084006 13.6144262998216 3.10527311649018 4.33260598681115 0.7485536353202 11.1526023943555 6.76134301011155 13.9163552358068 12.2269406656597 29.2917691554406 1.42700468341815 4.2454821874327 2.80967418678555 17.7165631697653 11.1535345332216 1.34090984370744 1.72941998518478 8.82224150782169 2.07635766186812 14.5198437716123 2.64879247612016 3.0957906654543 13.0770572077905 18.2482769044949 6.93093434117983 0.43508192832508 6.19473991615012 30.8626240942224 11.6111700496576 14.7810862694094 4.37043150595722 21.165948173804 13.244503238197 2.59693091762637 36.3694208294309 17.8762813864655 33.7449612974963 18.7997405680892 21.1503860849323 8.9711292809624 5.49024154289224 19.5725617503712 7.56524861181714 5.26069666258053 2.64188835965822 11.0372298127522 13.5299726568453 2.37978252138069 6.26707798431536 31.1239794559425 21.0575303100243 17.8187215947111 2.0830558146097 23.7178086150883 4.55975811751728 7.9798286091988 19.3325716028903 33.7984501828198 3.04616915128736 22.362676416886 8.38434256224824 6.45897113935251 9.77805822475292 27.8386577497978 2.41610143715747 8.62627024721372 5.25739700946793 1.43478251166527 1.1868620711163 2.41382868435524 23.0594397265154 12.2746232895582 13.9026343850576 22.93435212764 3.29292362606507 24.4934830690175 12.6354301544691 30.7273504487385 3.41218444855538 0.762053161909199 16.6009402775692 13.5027392893112 22.8725707538059 14.0649215491689 24.4112019900665 13.7395055165697 20.5021331306425 12.447688327814 6.32116331303749 1.12498646095476 7.42617607826994 12.2873963590309 11.8740944398868 0.785512796062411 20.2135659709398 25.6138951393705 18.3962313242241 3.75913503845784 4.39544975924389 9.66846112818333 2.97657540942133 4.70868992976924 9.70953815444107 1.61345226605322
