Instancenumber:
58
Instancename:
P-n16-k8
Customers:
15
Depot:
0
Dimension:
240
Vehicles:
15
Capacity:
35
Demands:
0 19 30 16 23 11 31 15 28 8 8 7 14 6 19 11
Uncertainty:budgeted
Gamma:
15
Mean Vector:
13.8924439894498 21.0237960416286 32.5576411921994 22.0227155455452 23.0867927612304 12.0415945787923 22.0227155455452 32.4499614791759 32.0624390837628 20.8086520466848 28.1602556806574 29.9666481275434 29.1204395571221 30.8706980808663 29.8328677803526 13.8924439894498 12.369316876853 19.2093727122985 11.6619037896906 24.2074368738204 12.0830459735946 18.6010752377383 20.8806130178211 26.9258240356725 7.07106781186548 18.8679622641132 16.1554944214035 21.3775583264319 32.649655434629 17 21.0237960416286 12.369316876853 15.2970585407784 22.2036033111745 16.2788205960997 10.6301458127346 8.54400374531753 12.0415945787923 14.7648230602334 10.6301458127346 29.0688837074973 18.9736659610103 9.05538513813742 23.7697286480094 23.3238075793812 32.5576411921994 19.2093727122985 15.2970585407784 21.095023109729 31 25.0798724079689 23 7.81024967590665 24.1660919471891 12.2065556157337 25.3179778023443 9.48683298050514 17.0880074906351 37.4833296279826 15.8113883008419 22.0227155455452 11.6619037896906 22.2036033111745 21.095023109729 35.8050275799363 23.7065391822594 29.698484809835 26.3058928759318 36.8917334913934 12.0830459735946 7.21110255092798 13 30.4138126514911 44.2040722106007 9.21954445729289 23.0867927612304 24.2074368738204 16.2788205960997 31 35.8050275799363 12.8062484748657 8 25.4950975679639 13.4536240470737 26 43.0116263352131 35.1710107901379 16.1554944214035 8.48528137423857 39 12.0415945787923 12.0830459735946 10.6301458127346 25.0798724079689 23.7065391822594 12.8062484748657 10 22.6715680975093 20.0249843945008 16 30.886890422961 26.0192236625154 17.464249196573 21.2602916254693 28.4429253066558 22.0227155455452 18.6010752377383 8.54400374531753 23 29.698484809835 8 10 17.7200451466693 10.0498756211209 18.8679622641132 36.7967389859482 27.5136329843952 9.21954445729289 15.2315462117278 31.7647603485372 32.4499614791759 20.8806130178211 12.0415945787923 7.81024967590665 26.3058928759318 25.4950975679639 22.6715680975093 17.7200451466693 16.7630546142402 15.0332963783729 31.6227766016838 16.6433169770932 10.0498756211209 31.0161248385416 22.8254244210267 32.0624390837628 26.9258240356725 14.7648230602334 24.1660919471891 36.8917334913934 13.4536240470737 20.0249843945008 10.0498756211209 16.7630546142402 25 43.6004587131833 31.4006369362152 7.21110255092798 15.52417469626 36.7967389859482 20.8086520466848 7.07106781186548 10.6301458127346 12.2065556157337 12.0830459735946 26 16 18.8679622641132 15.0332963783729 25 18.6010752377383 10.0498756211209 18.3575597506858 34 13 28.1602556806574 18.8679622641132 29.0688837074973 25.3179778023443 7.21110255092798 43.0116263352131 30.886890422961 36.7967389859482 31.6227766016838 43.6004587131833 18.6010752377383 16.0312195418814 36.8917334913934 51.4003891035856 10.0498756211209 29.9666481275434 16.1554944214035 18.9736659610103 9.48683298050514 13 35.1710107901379 26.0192236625154 27.5136329843952 16.6433169770932 31.4006369362152 10.0498756211209 16.0312195418814 24.2074368738204 42.7200187265877 6.32455532033676 29.1204395571221 21.3775583264319 9.05538513813742 17.0880074906351 30.4138126514911 16.1554944214035 17.464249196573 9.21954445729289 10.0498756211209 7.21110255092798 18.3575597506858 36.8917334913934 24.2074368738204 21 29.698484809835 30.8706980808663 32.649655434629 23.7697286480094 37.4833296279826 44.2040722106007 8.48528137423857 21.2602916254693 15.2315462117278 31.0161248385416 15.52417469626 34 51.4003891035856 42.7200187265877 21 46.9574275274956 29.8328677803526 17 23.3238075793812 15.8113883008419 9.21954445729289 39 28.4429253066558 31.7647603485372 22.8254244210267 36.7967389859482 13 10.0498756211209 6.32455532033676 29.698484809835 46.9574275274956
Deviation Vector:
8.23680803964169 9.11603180791478 25.5431319208484 4.41829234880755 7.60744932445729 10.3767561256916 6.39612658613307 6.05214880223835 26.4319643989902 2.16459480838404 4.7494445766925 18.5348576524042 10.8132147560499 20.0220049561413 8.57434319275487 7.02877214471232 8.48888888696134 13.9123214108853 1.27008890113296 12.4285586282739 9.78058953137143 11.6667020625939 10.2336924887666 12.5134087647533 5.59955374357736 11.5011010732586 4.59807142128589 3.51075453250899 14.0463959729364 10.3963607374916 4.17503292586332 1.22782202897414 1.85561594168237 1.31637365250491 4.88182048562046 4.79228890052193 7.86927676192006 7.10840610245408 9.41003125101184 8.73339679371373 20.1838277714623 15.2924988563819 4.67470162810358 3.37105775637418 12.378205430717 26.1648530009942 12.4431315675832 4.48427966824694 12.7423001504978 23.4568561893887 20.2285612604897 11.2617123954903 3.59293300022297 9.0096000414351 0.372609579284348 8.30616463369858 0.555230209293193 5.38509489217452 18.4530412579789 7.72769194541259 0.0625188750317835 8.05704622219337 13.0558448593601 2.61882571312893 26.8599471167541 21.048882730272 17.0755852324935 19.6597365018879 20.4514447716249 3.48525747510356 4.65166064238623 4.22315443330356 5.18789027893976 10.4963924232019 4.30257238871006 16.1904898241991 2.83830984757207 3.10261976103677 2.18809953220673 25.8258963058988 0.299852666295422 7.01719530374433 7.31917055609964 6.50405352284011 8.47908561945828 13.6607873472556 28.5418474614141 6.21413145344575 5.3690252728869 14.8186576337975 10.5169749658355 7.67979712447259 1.56264160584412 13.4814916755389 18.0105400337092 11.4894262364607 5.01585166280859 9.31445510373418 14.4314828971253 2.1135746470579 21.5987380345149 11.4976996600172 7.98040129333808 18.4935143699434 19.3225750125216 20.3409717463159 12.0404586704638 6.80611116592523 4.37868772016127 21.3200351184467 4.75229502592987 2.13792286847577 11.8933700153524 8.8551299919873 13.1553994784202 2.70271090450587 7.56279841647215 5.39251532762606 6.97749242609798 28.8303406914746 1.33094660813604 8.51159384633579 7.45801188059059 1.46845431897422 0.560921954160901 11.6061922935111 3.65781107851754 9.26595725736746 14.518067847998 13.2595627650728 20.7131284898329 10.6768483409536 4.02050150742356 5.8345191227631 13.4104104906231 4.987305163927 5.05930192965327 4.59140494489144 0.683760138604868 13.9552383401039 1.4126502768299 12.4621700469909 5.95020745576072 13.0112008357889 14.4899700751161 15.9338709560765 26.6790144672228 6.16169521956501 0.411416751564781 14.1254251014536 17.4427075391908 0.477417534047847 8.4138508334314 6.51520716142065 3.08762114916194 21.1336205465202 1.0420519214246 7.86553412240799 6.19205153601038 0.183823123050987 6.97605112950666 1.43758585480446 11.9115333701451 26.3530492717571 4.30504861038964 8.80100022949061 0.128091228147885 15.0883593734213 15.7858063409467 0.252987236045696 38.5956581833256 22.5012025787011 24.1906947293417 17.8841967650249 25.3247100193641 5.82515469963912 0.114610912015275 18.6900211106461 12.5306441827793 0.338187514002072 26.6851570069468 2.5554340789057 1.91952689924396 7.19247175309729 8.99501155843581 12.5455451107186 16.8379246432102 20.829256686851 12.8748334623018 4.24450314018989 7.68217654139423 3.60314428148014 6.73493635175622 20.9079062762103 0.480647305329963 17.7452748935854 17.1437275353664 0.749657604671267 3.49586365636714 15.2555980762479 1.90422955972652 3.10968656258619 2.82351931541832 7.79149713980684 5.36223422374068 16.2847990747951 6.07217870197553 18.1739105838406 9.86699753883173 12.1282543957419 24.2152300005684 14.2516271942263 13.4669053561961 33.1943443387033 11.9706424536133 2.83943220752262 6.76984769983134 13.9816162691334 5.20549417567462 2.61038970852676 4.3948385913855 0.431062502606546 16.7850348909244 8.55702992104018 23.3755686624774 13.9887796763828 1.58103772777222 8.76747863012114 8.72299735681206 2.74357200611007 34.2226372791335 19.0442349580026 15.1086636933516 5.9324773495272 19.1708047605266 3.84019684125414 2.24258396921196 4.33602981328415 3.63231611696377 32.5416132995354
