Instancenumber:
60
Instancename:
P-n16-k8
Customers:
15
Depot:
0
Dimension:
240
Vehicles:
15
Capacity:
35
Demands:
0 19 30 16 23 11 31 15 28 8 8 7 14 6 19 11
Uncertainty:budgeted
Gamma:
15
Mean Vector:
13.8924439894498 21.0237960416286 32.5576411921994 22.0227155455452 23.0867927612304 12.0415945787923 22.0227155455452 32.4499614791759 32.0624390837628 20.8086520466848 28.1602556806574 29.9666481275434 29.1204395571221 30.8706980808663 29.8328677803526 13.8924439894498 12.369316876853 19.2093727122985 11.6619037896906 24.2074368738204 12.0830459735946 18.6010752377383 20.8806130178211 26.9258240356725 7.07106781186548 18.8679622641132 16.1554944214035 21.3775583264319 32.649655434629 17 21.0237960416286 12.369316876853 15.2970585407784 22.2036033111745 16.2788205960997 10.6301458127346 8.54400374531753 12.0415945787923 14.7648230602334 10.6301458127346 29.0688837074973 18.9736659610103 9.05538513813742 23.7697286480094 23.3238075793812 32.5576411921994 19.2093727122985 15.2970585407784 21.095023109729 31 25.0798724079689 23 7.81024967590665 24.1660919471891 12.2065556157337 25.3179778023443 9.48683298050514 17.0880074906351 37.4833296279826 15.8113883008419 22.0227155455452 11.6619037896906 22.2036033111745 21.095023109729 35.8050275799363 23.7065391822594 29.698484809835 26.3058928759318 36.8917334913934 12.0830459735946 7.21110255092798 13 30.4138126514911 44.2040722106007 9.21954445729289 23.0867927612304 24.2074368738204 16.2788205960997 31 35.8050275799363 12.8062484748657 8 25.4950975679639 13.4536240470737 26 43.0116263352131 35.1710107901379 16.1554944214035 8.48528137423857 39 12.0415945787923 12.0830459735946 10.6301458127346 25.0798724079689 23.7065391822594 12.8062484748657 10 22.6715680975093 20.0249843945008 16 30.886890422961 26.0192236625154 17.464249196573 21.2602916254693 28.4429253066558 22.0227155455452 18.6010752377383 8.54400374531753 23 29.698484809835 8 10 17.7200451466693 10.0498756211209 18.8679622641132 36.7967389859482 27.5136329843952 9.21954445729289 15.2315462117278 31.7647603485372 32.4499614791759 20.8806130178211 12.0415945787923 7.81024967590665 26.3058928759318 25.4950975679639 22.6715680975093 17.7200451466693 16.7630546142402 15.0332963783729 31.6227766016838 16.6433169770932 10.0498756211209 31.0161248385416 22.8254244210267 32.0624390837628 26.9258240356725 14.7648230602334 24.1660919471891 36.8917334913934 13.4536240470737 20.0249843945008 10.0498756211209 16.7630546142402 25 43.6004587131833 31.4006369362152 7.21110255092798 15.52417469626 36.7967389859482 20.8086520466848 7.07106781186548 10.6301458127346 12.2065556157337 12.0830459735946 26 16 18.8679622641132 15.0332963783729 25 18.6010752377383 10.0498756211209 18.3575597506858 34 13 28.1602556806574 18.8679622641132 29.0688837074973 25.3179778023443 7.21110255092798 43.0116263352131 30.886890422961 36.7967389859482 31.6227766016838 43.6004587131833 18.6010752377383 16.0312195418814 36.8917334913934 51.4003891035856 10.0498756211209 29.9666481275434 16.1554944214035 18.9736659610103 9.48683298050514 13 35.1710107901379 26.0192236625154 27.5136329843952 16.6433169770932 31.4006369362152 10.0498756211209 16.0312195418814 24.2074368738204 42.7200187265877 6.32455532033676 29.1204395571221 21.3775583264319 9.05538513813742 17.0880074906351 30.4138126514911 16.1554944214035 17.464249196573 9.21954445729289 10.0498756211209 7.21110255092798 18.3575597506858 36.8917334913934 24.2074368738204 21 29.698484809835 30.8706980808663 32.649655434629 23.7697286480094 37.4833296279826 44.2040722106007 8.48528137423857 21.2602916254693 15.2315462117278 31.0161248385416 15.52417469626 34 51.4003891035856 42.7200187265877 21 46.9574275274956 29.8328677803526 17 23.3238075793812 15.8113883008419 9.21954445729289 39 28.4429253066558 31.7647603485372 22.8254244210267 36.7967389859482 13 10.0498756211209 6.32455532033676 29.698484809835 46.9574275274956
Deviation Vector:
2.36331923404146 19.0625846621611 6.69559105548373 16.2235268767205 20.0494999067073 5.73730816580847 3.24729487067375 8.53487384138939 15.0868188258869 6.56063364898181 12.1417571371904 17.9741426686518 9.42542139410211 25.4397515781188 2.48901245637927 11.4122778282638 4.56586996720737 3.38918851680209 3.18982971023146 22.2906799716936 5.72756041258565 4.2257648051226 13.9175238624306 0.694899929164198 3.44421159490773 4.97491222783948 5.1892690841118 15.1829943680851 0.829487143627609 7.53974035491572 10.0784368281924 2.41846287428736 6.52233211024093 15.2102631147925 0.13581264660629 3.94344173588066 2.03041986322583 1.87601985871437 9.36066525464684 7.52813767430161 13.693737818211 2.68097993081807 3.47855278732035 18.8909728628709 0.968493067859391 15.22309937188 13.3000375181869 6.28177543171999 13.5853612626443 1.30346632659708 10.2230919858059 4.46599100454686 2.10272090622022 3.63214531954939 2.68521589950644 19.1482625665395 3.92725536425792 9.24784425459912 20.3418574646719 6.94712490119162 1.34014062625747 1.14546131950896 14.0969765408806 10.2781458223254 28.0445848871929 15.2489657459976 25.4871990682355 2.55299553932891 29.4777407621204 6.86718463302938 5.80665343036496 4.50140640461166 21.5826236264064 11.7374721459189 2.00212175919055 17.3417850095474 17.746544236896 14.8061227817381 7.37669677371479 16.2289952038142 0.355111578544827 5.16463465484539 16.5063867938876 3.99512604380632 20.6928429393817 37.3089390817777 4.55167894231135 4.62042295072591 4.11327177508992 26.212150534011 8.73463263276502 6.5925869566575 8.18870876669778 10.9452830057562 2.58369465336652 8.06456312223621 1.55805172470516 0.982462799617248 14.5538965129528 0.495812826107667 18.8924860713356 15.8242210742983 6.58839382073567 8.44987052006755 24.8506812736833 13.0905427772544 4.1806647654214 5.83517668316155 13.3421432043691 13.7418420552445 1.69892296053119 6.07822738354431 3.26829548914852 8.64087428669666 17.0713193980555 2.07785746831526 22.1034541012418 1.01731332681505 5.21627943761904 11.5708474037094 25.3904576674894 3.00652938269991 10.9563238642645 4.91208339394397 15.2680364159387 2.4222666836745 7.59075328665399 13.0456536889238 2.31906287200614 2.07083726482646 24.2609034743952 12.4826627091411 7.49644610559489 6.84205868715384 5.10395554459907 22.3083094357046 21.9447553685095 6.61998977370771 10.9927248436648 17.3852404371012 12.2572494095129 13.3616219900164 1.55996580968416 2.87761503592912 15.0799012524251 5.93619725981383 7.16351029957165 3.48086494270253 3.82660045144447 20.9961517796422 17.6244270104594 0.743112045243259 7.59614072042094 10.1680418514124 8.86919432442592 9.64958353846884 0.0665107797046157 2.73553154921067 2.75855004972437 3.5625154151908 5.25913646507152 0.269763919372328 16.3843263955824 3.56342294456609 3.21671140710379 5.4143398319522 15.105381388647 4.02884423769048 16.2194846729291 2.39131096473878 26.2305007106549 19.3924781962048 2.76020023476821 24.193610947338 34.8593857592143 12.6154006175768 14.4476402061907 3.82939108161003 12.1853163998251 2.24977923721108 20.2094762122069 2.58797919287653 6.24145031146944 4.41264029699461 0.901416081522076 4.89307620812972 21.7591210515075 2.02215909183445 4.72845463305361 3.01183412767201 2.17074538562934 9.08710815166624 2.97167715884934 7.8885817500424 4.24785462871131 10.7803340434271 8.05776987305983 4.96577185896234 8.69428673132411 2.84998916597296 14.2167208693695 3.40187442571117 6.65247044975251 0.313097653218783 0.259666606810104 10.9636831608408 26.169613027807 0.323839266116199 14.7216440176201 0.670547235719859 7.32373595877167 14.7438983020236 4.34440258356468 21.2227761023071 40.5224084843725 2.13922504186309 14.9951986578598 12.6289689677646 10.0990584174632 1.01791209477935 0.040736553102495 27.838653800317 27.0164694149198 2.60309670278478 34.1033803052808 11.342512021919 8.40063800537889 4.18283616151225 0.0747719610471304 0.729258458371864 10.6487428101213 25.164079598913 8.70004859256597 1.61503071571155 33.7012613319247 4.0286899699795 6.71317277749439 4.43596838891264 9.60083427234952 20.9038355126497
