Instancenumber:
21
Instancename:
P-n20-k2
Customers:
19
Depot:
0
Dimension:
380
Vehicles:
19
Capacity:
160
Demands:
0 19 30 16 23 11 31 15 28 8 8 7 14 6 19 11 26 17 6 15
Uncertainty:budgeted
Gamma:
5
Mean Vector:
13.8924439894498 21.0237960416286 32.5576411921994 22.0227155455452 23.0867927612304 12.0415945787923 22.0227155455452 32.4499614791759 32.0624390837628 20.8086520466848 28.1602556806574 29.9666481275434 29.1204395571221 30.8706980808663 29.8328677803526 31.7804971641414 39.4081209904761 43.9317652729776 15.8113883008419 13.8924439894498 12.369316876853 19.2093727122985 11.6619037896906 24.2074368738204 12.0830459735946 18.6010752377383 20.8806130178211 26.9258240356725 7.07106781186548 18.8679622641132 16.1554944214035 21.3775583264319 32.649655434629 17 30.6104557300279 27.3130005674953 31.0644491340181 18.7882942280559 21.0237960416286 12.369316876853 15.2970585407784 22.2036033111745 16.2788205960997 10.6301458127346 8.54400374531753 12.0415945787923 14.7648230602334 10.6301458127346 29.0688837074973 18.9736659610103 9.05538513813742 23.7697286480094 23.3238075793812 20 19.1049731745428 24.4131112314674 14.560219778561 32.5576411921994 19.2093727122985 15.2970585407784 21.095023109729 31 25.0798724079689 23 7.81024967590665 24.1660919471891 12.2065556157337 25.3179778023443 9.48683298050514 17.0880074906351 37.4833296279826 15.8113883008419 32.2800247831379 10.0498756211209 12.0830459735946 29.8328677803526 22.0227155455452 11.6619037896906 22.2036033111745 21.095023109729 35.8050275799363 23.7065391822594 29.698484809835 26.3058928759318 36.8917334913934 12.0830459735946 7.21110255092798 13 30.4138126514911 44.2040722106007 9.21954445729289 41.7252920900501 31.0161248385416 32.7566787083184 30.4138126514911 23.0867927612304 24.2074368738204 16.2788205960997 31 35.8050275799363 12.8062484748657 8 25.4950975679639 13.4536240470737 26 43.0116263352131 35.1710107901379 16.1554944214035 8.48528137423857 39 9 31.6227766016838 37.6430604494374 7.28010988928052 12.0415945787923 12.0830459735946 10.6301458127346 25.0798724079689 23.7065391822594 12.8062484748657 10 22.6715680975093 20.0249843945008 16 30.886890422961 26.0192236625154 17.464249196573 21.2602916254693 28.4429253066558 20.6155281280883 29.732137494637 35 6.70820393249937 22.0227155455452 18.6010752377383 8.54400374531753 23 29.698484809835 8 10 17.7200451466693 10.0498756211209 18.8679622641132 36.7967389859482 27.5136329843952 9.21954445729289 15.2315462117278 31.7647603485372 12.0415945787923 24.1660919471891 30.0832179129826 9.21954445729289 32.4499614791759 20.8806130178211 12.0415945787923 7.81024967590665 26.3058928759318 25.4950975679639 22.6715680975093 17.7200451466693 16.7630546142402 15.0332963783729 31.6227766016838 16.6433169770932 10.0498756211209 31.0161248385416 22.8254244210267 25.3179778023443 7.07106781186548 12.5299640861417 25.9422435421457 32.0624390837628 26.9258240356725 14.7648230602334 24.1660919471891 36.8917334913934 13.4536240470737 20.0249843945008 10.0498756211209 16.7630546142402 25 43.6004587131833 31.4006369362152 7.21110255092798 15.52417469626 36.7967389859482 9.05538513813742 21 27.0185121722126 18.3847763108502 20.8086520466848 7.07106781186548 10.6301458127346 12.2065556157337 12.0830459735946 26 16 18.8679622641132 15.0332963783729 25 18.6010752377383 10.0498756211209 18.3575597506858 34 13 30.6104557300279 20.8806130178211 24.1867732448956 22.2036033111745 28.1602556806574 18.8679622641132 29.0688837074973 25.3179778023443 7.21110255092798 43.0116263352131 30.886890422961 36.7967389859482 31.6227766016838 43.6004587131833 18.6010752377383 16.0312195418814 36.8917334913934 51.4003891035856 10.0498756211209 48.7954915950234 35.3553390593274 36.0138862107382 37.589892258425 29.9666481275434 16.1554944214035 18.9736659610103 9.48683298050514 13 35.1710107901379 26.0192236625154 27.5136329843952 16.6433169770932 31.4006369362152 10.0498756211209 16.0312195418814 24.2074368738204 42.7200187265877 6.32455532033676 38.4707681233427 19.4164878389476 20.0997512422418 32.0624390837628 29.1204395571221 21.3775583264319 9.05538513813742 17.0880074906351 30.4138126514911 16.1554944214035 17.464249196573 9.21954445729289 10.0498756211209 7.21110255092798 18.3575597506858 36.8917334913934 24.2074368738204 21 29.698484809835 15.2970585407784 15.52417469626 21.5870331449229 18.3847763108502 30.8706980808663 32.649655434629 23.7697286480094 37.4833296279826 44.2040722106007 8.48528137423857 21.2602916254693 15.2315462117278 31.0161248385416 15.52417469626 34 51.4003891035856 42.7200187265877 21 46.9574275274956 6.70820393249937 36.2215405525497 42.2965719651132 15.2643375224737 29.8328677803526 17 23.3238075793812 15.8113883008419 9.21954445729289 39 28.4429253066558 31.7647603485372 22.8254244210267 36.7967389859482 13 10.0498756211209 6.32455532033676 29.698484809835 46.9574275274956 43.2666153055679 25.7099202643649 26 34.928498393146 31.7804971641414 30.6104557300279 20 32.2800247831379 41.7252920900501 9 20.6155281280883 12.0415945787923 25.3179778023443 9.05538513813742 30.6104557300279 48.7954915950234 38.4707681233427 15.2970585407784 6.70820393249937 43.2666153055679 30.0166620396073 36.0555127546399 16.1245154965971 39.4081209904761 27.3130005674953 19.1049731745428 10.0498756211209 31.0161248385416 31.6227766016838 29.732137494637 24.1660919471891 7.07106781186548 21 20.8806130178211 35.3553390593274 19.4164878389476 15.52417469626 36.2215405525497 25.7099202643649 30.0166620396073 6.08276253029822 32.7566787083184 43.9317652729776 31.0644491340181 24.4131112314674 12.0830459735946 32.7566787083184 37.6430604494374 35 30.0832179129826 12.5299640861417 27.0185121722126 24.1867732448956 36.0138862107382 20.0997512422418 21.5870331449229 42.2965719651132 26 36.0555127546399 6.08276253029822 38.4707681233427 15.8113883008419 18.7882942280559 14.560219778561 29.8328677803526 30.4138126514911 7.28010988928052 6.70820393249937 9.21954445729289 25.9422435421457 18.3847763108502 22.2036033111745 37.589892258425 32.0624390837628 18.3847763108502 15.2643375224737 34.928498393146 16.1245154965971 32.7566787083184 38.4707681233427
Deviation Vector:
0.104229705134471 4.36662519623761 2.38663823294002 3.86275039742891 5.85575073560925 0.690021182104913 15.2787400042068 34.0026531762884 20.3070679423127 5.07048652411828 15.5174746824487 26.7202124144169 26.1665440164207 17.1638276934668 22.6497475625506 28.7356008047607 32.4584144755539 9.63570547231913 3.13785250678116 14.4215968451187 7.12495051143015 16.6255858710801 11.9228727651672 12.1504791727497 5.10336703820623 11.62778483612 8.27535194618278 0.535096676547443 4.589784959504 5.80968144993589 13.3675140769906 14.036424260357 16.8345437362732 15.3124671139645 25.4677367148862 21.0105912730382 29.7608761172569 8.79176762690899 15.9628056716836 6.59987888534026 10.8855491104172 5.60612021199953 5.98093077335012 5.87151271650517 6.90763796348227 0.828449144504817 5.88684232956823 6.10486899996608 8.37568731166432 11.3303616105643 5.02174586452369 20.5406231676582 9.44212935812776 10.3821800117669 5.88918852377239 20.1941744931192 1.25792468797508 22.9391924879835 16.2714645357143 11.2508066034197 21.3583775548117 19.1164288308345 8.38311049468834 10.8161620584047 3.5893126309205 2.62016585389924 2.21783781250341 9.10872296366164 5.46784822254593 16.0792270489333 33.4854142862309 3.63890330251354 4.37796487086462 2.03931275033817 9.45486151484591 28.1652836883827 5.98397173842997 1.43871991737118 10.2263636931847 11.8100605648478 25.7986575933972 24.0652503296889 10.8747865636138 1.77648161995392 17.5756775686498 8.14913639695557 6.45189831916853 7.31649068198546 9.76803643476154 30.2332850750042 2.21699848615088 11.508974397502 7.53006352851735 18.826041329692 22.6915999163678 16.2148561192511 16.5372375801081 15.1032872791388 0.132938696778904 7.22118779923402 10.384909458041 7.18103883972085 11.0094278047453 12.7345247614657 1.11074844528636 6.73077021866127 29.2912710861083 5.07992161689608 2.37466067669485 9.18717363553315 7.86860835484432 31.6350509901783 7.26028888906531 1.3296026075952 0.121522383808326 8.08699249737355 9.11069712309042 22.6924993044372 4.1311791188779 1.54194130568401 5.30929198194408 9.40259126464785 7.93455325151512 12.3793310454164 30.5611657671849 2.19862249706841 7.30396132795898 13.0702596257779 28.7924174457653 8.71030707390536 24.2749265277644 26.788465003811 1.75965476811751 4.19425821832594 12.1670846220946 2.6062196636522 7.97958974223301 12.743703559536 4.95579354773156 6.26795129029574 11.7780067552163 4.38110304960711 10.7425746068515 31.5547963146861 17.0191357810608 5.34223922225216 7.14358877303439 13.2714864481973 5.13487835404302 15.5451492566815 16.1911105416256 8.8264012783009 0.00536758291621659 19.5117511685694 8.10685738464645 7.72917683158809 26.8042141877394 0.857489537949096 12.3914861024544 17.2487426129835 7.64639127321187 4.58802962109011 21.533833618314 11.9575459671622 4.98114694112173 8.59885361894619 23.3616905440727 21.3324554115491 4.99458501696531 7.33178914402291 10.6764912940858 10.0414556708864 27.4933267691749 14.4828712046639 2.72834491150439 21.4643325139814 6.76075614996483 11.6525243124981 10.0461060019545 15.5720644594237 4.18335462318292 20.928554626722 26.0148359637068 1.20785676399043 5.53627951995422 16.3337432160743 0.89912113113065 6.67250816188215 12.9020031325155 11.8739243405777 4.85493693990277 6.60204403059008 10.1097739260607 11.1601240976722 7.18097069201374 10.1104175377821 2.13893110613903 10.5654483977276 2.61001445872299 21.0006045268867 1.62350476482788 5.88082617194485 1.75095533673149 1.71797632558744 6.60711898524476 6.3755558551341 13.203819849991 24.4470947471945 17.5448349750479 16.1680765009524 16.6394010071934 27.8338576518267 26.6890197629102 4.70553056189037 2.88975522381969 10.9014678104252 1.42045607766157 5.26445748256549 29.2422406226224 9.60052331679451 13.0226903222676 33.3501239733675 20.1473790576368 7.09071658066524 37.1062847924822 34.8699368238569 1.31763715461025 33.6101803153129 14.6360235824977 3.39592530335282 12.8323523689505 5.46148047301637 10.3397654650495 27.1416437951039 16.2937401629331 6.76226033466585 16.3102059844661 6.30335215330994 1.99704634129237 11.4196302426893 18.7579762884634 0.972823013222608 3.87077212755698 29.6690332529675 13.1121822998897 13.6519169889796 2.12669788818027 20.7895045268513 18.0786808191404 6.67396754278168 2.94279213494961 18.2540710388206 9.42169651127792 9.85303725764141 2.2856621247266 2.87230823751734 3.55237703685527 5.22275851801741 4.50468446624843 23.7483789675719 10.3887899692151 23.7121576091498 7.63168902273911 3.60537926869322 11.0591856738688 1.2371200534488 14.7568551648317 14.1851070774606 6.37100245268357 25.3662797835703 3.93297862432287 8.84942676453072 14.8717234480961 10.6772534394382 23.4573952942301 4.92102073956755 10.9607949887799 42.2833305718559 44.0402949518012 2.31490095597017 23.5639471542327 0.974643325879429 25.732634971309 1.14943175995823 10.8296585500734 28.5899828661301 5.32067499057817 3.36498675545229 2.92530012560354 4.01129846527684 2.6317646846018 19.3331258945625 5.58069740081265 12.9278699170496 33.557132159637 8.94393765970674 6.36831196840022 2.10071918733998 1.91945645212966 42.3415505488581 43.6511617718502 3.94916408145186 23.0564826534086 22.723324915698 27.1596354939609 17.9149715341462 19.3511542328982 3.84613496658672 14.6061600054481 8.46571568963977 4.72884034825205 10.2578783430382 0.711393705318966 8.51030517517112 26.9079974208939 35.9902314063867 32.3276184154916 2.05284808136147 5.91559945263359 44.36250033857 17.0880439591628 34.228458993496 10.4360637296993 29.3580099459236 12.5060479395664 9.57825227522582 3.77011883667641 1.04591670298565 26.3576319076917 13.0753706696028 22.6055066353503 5.54768668583995 12.4609167224892 15.9607720658231 13.3395804264839 7.57533757804768 4.53012488761412 10.3966709373098 13.0940316852443 19.2666839735567 1.0330791875028 24.1967445740277 19.1502418160268 6.14875833485813 15.1522240428693 3.1068745482007 30.6441486636833 15.1757148738481 13.6963975530009 22.8489847850914 4.64421153941147 25.9542780609635 15.7461852525899 36.6572969501497 13.0197459060262 1.10257108865507 19.5150589765476 26.5953327790654 3.05741111679136 1.44197874220312 15.5745733525447 16.1310921631679 19.1945200714589 14.5342842936967 21.6817596636614 10.3739558678976 2.40637126774439 6.83287745645219 5.79101370594932 21.7873161912329 11.0790995991888 17.7176050491786 19.5727792179277 33.2978800549985 18.3093313328 1.27493744647833 8.30708488886985 14.0860024547217 15.9417476148449 24.2041450924969
