Instancenumber:
23
Instancename:
P-n20-k2
Customers:
19
Depot:
0
Dimension:
380
Vehicles:
19
Capacity:
160
Demands:
0 19 30 16 23 11 31 15 28 8 8 7 14 6 19 11 26 17 6 15
Uncertainty:budgeted
Gamma:
5
Mean Vector:
13.8924439894498 21.0237960416286 32.5576411921994 22.0227155455452 23.0867927612304 12.0415945787923 22.0227155455452 32.4499614791759 32.0624390837628 20.8086520466848 28.1602556806574 29.9666481275434 29.1204395571221 30.8706980808663 29.8328677803526 31.7804971641414 39.4081209904761 43.9317652729776 15.8113883008419 13.8924439894498 12.369316876853 19.2093727122985 11.6619037896906 24.2074368738204 12.0830459735946 18.6010752377383 20.8806130178211 26.9258240356725 7.07106781186548 18.8679622641132 16.1554944214035 21.3775583264319 32.649655434629 17 30.6104557300279 27.3130005674953 31.0644491340181 18.7882942280559 21.0237960416286 12.369316876853 15.2970585407784 22.2036033111745 16.2788205960997 10.6301458127346 8.54400374531753 12.0415945787923 14.7648230602334 10.6301458127346 29.0688837074973 18.9736659610103 9.05538513813742 23.7697286480094 23.3238075793812 20 19.1049731745428 24.4131112314674 14.560219778561 32.5576411921994 19.2093727122985 15.2970585407784 21.095023109729 31 25.0798724079689 23 7.81024967590665 24.1660919471891 12.2065556157337 25.3179778023443 9.48683298050514 17.0880074906351 37.4833296279826 15.8113883008419 32.2800247831379 10.0498756211209 12.0830459735946 29.8328677803526 22.0227155455452 11.6619037896906 22.2036033111745 21.095023109729 35.8050275799363 23.7065391822594 29.698484809835 26.3058928759318 36.8917334913934 12.0830459735946 7.21110255092798 13 30.4138126514911 44.2040722106007 9.21954445729289 41.7252920900501 31.0161248385416 32.7566787083184 30.4138126514911 23.0867927612304 24.2074368738204 16.2788205960997 31 35.8050275799363 12.8062484748657 8 25.4950975679639 13.4536240470737 26 43.0116263352131 35.1710107901379 16.1554944214035 8.48528137423857 39 9 31.6227766016838 37.6430604494374 7.28010988928052 12.0415945787923 12.0830459735946 10.6301458127346 25.0798724079689 23.7065391822594 12.8062484748657 10 22.6715680975093 20.0249843945008 16 30.886890422961 26.0192236625154 17.464249196573 21.2602916254693 28.4429253066558 20.6155281280883 29.732137494637 35 6.70820393249937 22.0227155455452 18.6010752377383 8.54400374531753 23 29.698484809835 8 10 17.7200451466693 10.0498756211209 18.8679622641132 36.7967389859482 27.5136329843952 9.21954445729289 15.2315462117278 31.7647603485372 12.0415945787923 24.1660919471891 30.0832179129826 9.21954445729289 32.4499614791759 20.8806130178211 12.0415945787923 7.81024967590665 26.3058928759318 25.4950975679639 22.6715680975093 17.7200451466693 16.7630546142402 15.0332963783729 31.6227766016838 16.6433169770932 10.0498756211209 31.0161248385416 22.8254244210267 25.3179778023443 7.07106781186548 12.5299640861417 25.9422435421457 32.0624390837628 26.9258240356725 14.7648230602334 24.1660919471891 36.8917334913934 13.4536240470737 20.0249843945008 10.0498756211209 16.7630546142402 25 43.6004587131833 31.4006369362152 7.21110255092798 15.52417469626 36.7967389859482 9.05538513813742 21 27.0185121722126 18.3847763108502 20.8086520466848 7.07106781186548 10.6301458127346 12.2065556157337 12.0830459735946 26 16 18.8679622641132 15.0332963783729 25 18.6010752377383 10.0498756211209 18.3575597506858 34 13 30.6104557300279 20.8806130178211 24.1867732448956 22.2036033111745 28.1602556806574 18.8679622641132 29.0688837074973 25.3179778023443 7.21110255092798 43.0116263352131 30.886890422961 36.7967389859482 31.6227766016838 43.6004587131833 18.6010752377383 16.0312195418814 36.8917334913934 51.4003891035856 10.0498756211209 48.7954915950234 35.3553390593274 36.0138862107382 37.589892258425 29.9666481275434 16.1554944214035 18.9736659610103 9.48683298050514 13 35.1710107901379 26.0192236625154 27.5136329843952 16.6433169770932 31.4006369362152 10.0498756211209 16.0312195418814 24.2074368738204 42.7200187265877 6.32455532033676 38.4707681233427 19.4164878389476 20.0997512422418 32.0624390837628 29.1204395571221 21.3775583264319 9.05538513813742 17.0880074906351 30.4138126514911 16.1554944214035 17.464249196573 9.21954445729289 10.0498756211209 7.21110255092798 18.3575597506858 36.8917334913934 24.2074368738204 21 29.698484809835 15.2970585407784 15.52417469626 21.5870331449229 18.3847763108502 30.8706980808663 32.649655434629 23.7697286480094 37.4833296279826 44.2040722106007 8.48528137423857 21.2602916254693 15.2315462117278 31.0161248385416 15.52417469626 34 51.4003891035856 42.7200187265877 21 46.9574275274956 6.70820393249937 36.2215405525497 42.2965719651132 15.2643375224737 29.8328677803526 17 23.3238075793812 15.8113883008419 9.21954445729289 39 28.4429253066558 31.7647603485372 22.8254244210267 36.7967389859482 13 10.0498756211209 6.32455532033676 29.698484809835 46.9574275274956 43.2666153055679 25.7099202643649 26 34.928498393146 31.7804971641414 30.6104557300279 20 32.2800247831379 41.7252920900501 9 20.6155281280883 12.0415945787923 25.3179778023443 9.05538513813742 30.6104557300279 48.7954915950234 38.4707681233427 15.2970585407784 6.70820393249937 43.2666153055679 30.0166620396073 36.0555127546399 16.1245154965971 39.4081209904761 27.3130005674953 19.1049731745428 10.0498756211209 31.0161248385416 31.6227766016838 29.732137494637 24.1660919471891 7.07106781186548 21 20.8806130178211 35.3553390593274 19.4164878389476 15.52417469626 36.2215405525497 25.7099202643649 30.0166620396073 6.08276253029822 32.7566787083184 43.9317652729776 31.0644491340181 24.4131112314674 12.0830459735946 32.7566787083184 37.6430604494374 35 30.0832179129826 12.5299640861417 27.0185121722126 24.1867732448956 36.0138862107382 20.0997512422418 21.5870331449229 42.2965719651132 26 36.0555127546399 6.08276253029822 38.4707681233427 15.8113883008419 18.7882942280559 14.560219778561 29.8328677803526 30.4138126514911 7.28010988928052 6.70820393249937 9.21954445729289 25.9422435421457 18.3847763108502 22.2036033111745 37.589892258425 32.0624390837628 18.3847763108502 15.2643375224737 34.928498393146 16.1245154965971 32.7566787083184 38.4707681233427
Deviation Vector:
7.99197263381651 18.024123017307 17.3187037586033 3.71019883224403 18.870169444166 1.46748941679449 4.83502268021607 7.16871923404361 2.78743835122126 6.33299667448216 12.8967199643325 14.7369853559753 7.7674777783693 13.020309967713 12.8928809284895 31.5742581738726 30.0629886801191 33.5072347149546 15.0882984915947 4.62838499593561 6.73784177739507 9.58669476566156 0.85471582920367 0.183658709304108 5.79705610136696 0.211301668390019 1.90244936800755 19.321942386063 6.25744554825495 10.9015778996923 4.66777072104187 8.60197140354037 12.3178861575988 13.9547477061258 17.4741225636272 3.73653920695539 29.2855706333606 14.8503010457641 7.52064346091308 12.7363601386506 0.564739952802063 18.111401154482 7.5472730174069 3.22789148049382 1.53482544719188 10.7868080019932 3.53376906241116 10.0189178470477 17.4610548663963 2.57618483789888 1.97254349111632 2.08158185411447 14.8068920188949 5.82244532338475 1.8180230980023 1.38617818132274 4.40420315033632 6.06452740958213 14.8753347510288 1.98235173509998 16.1177146856794 0.169842371514205 13.3418309467728 1.9204908612671 6.4539709085071 1.08748319443967 2.68915330763408 18.0075182980045 7.92532063549894 9.87728788796565 25.6048600342551 13.7925958182678 10.8426367381158 0.893406478691694 1.42757414006466 15.3797623308594 21.6856119412778 4.16894305790715 8.88595644991644 11.1285422990755 17.6612158561543 14.6514552733889 18.2680222582681 1.84859597651359 33.5403631796936 8.58229737137172 0.916193261159026 1.99953722896118 27.2673961562708 39.846971464467 2.61282759320907 25.1508148724095 28.1288625423271 26.7089631522971 20.8721192658549 15.5934954057907 20.8274724235642 14.7579730421429 10.1945207626132 22.8417864881703 5.46534400183947 8.09564354815458 11.5350408752906 10.260604684895 1.11864342005988 24.5419352236485 7.75055057663777 16.6032869353209 7.87495478760895 24.2022663572009 4.47689876193841 11.4950417987637 6.80501111074507 0.398378810288978 5.22338138507055 0.387937660779538 8.13203520816278 14.0655789265734 4.40743691802373 7.73133737782743 4.04435536440456 10.6401624889168 2.97690435612691 4.05629600064364 7.0071255088878 21.7242450733229 16.2233752137727 0.625287637144582 19.4457931022701 4.12259656814806 19.8420450807014 1.84174830407758 1.03375292031212 1.36483045154454 15.1651984591547 1.68425838631634 14.5489297339525 30.7573457149217 1.33613784919108 5.02806520500501 10.6036160021342 6.67764414694487 16.3455356971964 28.6710614773328 19.7870334967497 2.233544441172 12.3570476959822 13.5426363180662 9.67052354353124 24.0983406684934 30.9874455974267 1.38017355639216 13.2618422519678 2.52423832450924 4.8554038337986 4.96380403616592 25.1436894354727 6.99430313784448 15.0757094627298 10.3072074623442 7.95095898699562 4.12653867670331 20.0580346298976 10.4589472232888 3.38145178218478 12.1505329238987 18.8434097181922 24.5338595439139 2.61328735734787 12.4367662081128 10.7402898148934 31.0355212252524 16.1335354072217 3.28504679623076 16.6581058744307 9.61134667279193 6.25261688086439 8.86644809716737 6.90295794471579 3.52055422414107 9.55344392618948 28.7370435547283 11.2954213598699 5.70271061064455 12.1086802199921 28.0736613355797 3.3373231797561 14.2375873724156 28.0257077222927 19.000790048228 4.19963868148426 3.2085992913124 2.65936522008118 10.2060537746153 0.294267285328609 15.252615662335 2.72053510460626 16.035852868887 7.48418064325736 13.490202158796 14.595008873743 9.16395937729744 8.2563388410646 11.0836272709691 0.994649743277124 2.48681781746955 12.2468449813069 13.0914507085499 11.634912083659 6.07021135613579 14.1751892700855 26.3407062753564 22.1445995599594 0.383450836462395 27.4906036995021 18.4339075044024 30.0303302698517 31.8659318876387 9.46008652427938 14.798344311903 15.7645884835136 15.4500342051294 9.84319602332064 1.76588458571443 9.61654101002351 7.63159675917298 27.4552274814423 13.7996974554056 0.237476433374691 3.26928199498721 17.2038024882909 7.51885806601394 0.732986155143631 10.5035929107685 1.57984311391855 3.65642615690881 6.32253437409765 20.323616525056 6.77522355026663 14.4905289178078 20.8860635013492 15.7045412949731 4.75742056565065 26.1457520352414 8.17027497403554 6.70386658390867 7.00943561767629 5.21478664367353 6.05820998163118 3.94443946098698 16.6546629335729 6.35439308576106 13.8030024692084 1.8916031731511 3.5462354632547 10.5670711396534 2.33760173590413 1.63687798453347 13.3085759849839 8.0390895204638 6.12212791584453 6.22595689550819 1.02216464216231 5.40106919483389 10.97230791853 2.34478143386854 14.8428946636377 28.998334190157 18.4161939219458 3.64114926509461 32.4560893453836 4.91927796682176 9.8808481533427 6.52853457423587 6.25101979106834 13.7473796882988 25.9130701422845 21.5963493119793 0.290287543420128 21.9563448772561 40.1838057643451 6.58366978497825 7.12272783203768 27.5903147139442 0.487244738912179 17.3414483046839 10.9809983720625 8.30531633281648 10.6007941971513 9.28120396608894 26.8389898598304 27.3616104488356 5.03467710452258 17.2332004641948 9.27529811950557 8.66815523496695 8.86941237192071 4.63512114048682 14.763705734987 28.1503511112471 35.9120478099063 4.46131096083882 3.15643011776327 8.27615184523533 19.1364413576172 9.88540563070353 1.29328292841772 9.89270865813715 31.0061222437031 0.643133374565525 6.06462668954432 6.5147813798963 26.6571674079207 4.4445734743264 4.14775802954757 1.31685906088199 0.549352395523713 11.9537705858313 2.56974394764234 29.6260718973647 21.9212396855963 0.484083963135865 9.49553141270674 35.0259852604336 20.9880277951994 16.0664483311168 5.00236990002353 18.3968374900917 16.3175228150175 29.5797376926865 3.2575054980853 2.0378457762246 2.32199438708787 5.34956492522768 18.5665187176707 13.8384287279025 8.99066775188132 21.3636311806613 26.2030539233062 7.93680285324318 4.02231104415214 8.37032452528485 35.384242229285 20.3885518991218 18.220758512379 11.3693939039114 22.3832287786333 28.6324819134579 23.2593269950202 0.257658685686801 4.85581153758905 9.1059576903108 0.531889830484201 35.1648159665889 3.37675523783712 17.0627629781421 32.1264537122404 17.3096107902967 11.7442581215685 1.32439746006986 23.1901996956683 7.28151826525042 9.50545863939686 10.3868487154914 21.381853145807 31.3586167295112 2.68096653070991 1.59677526731135 5.19098707494825 8.55086926782953 9.23736546221422 3.69640036610996 21.9954287027947 8.0173688648537 15.1271448505683 4.17732242563594 4.65124074947859 7.22859227902976 33.8801206360066 30.6887794117054
