Instancenumber:
25
Instancename:
P-n20-k2
Customers:
19
Depot:
0
Dimension:
380
Vehicles:
19
Capacity:
160
Demands:
0 19 30 16 23 11 31 15 28 8 8 7 14 6 19 11 26 17 6 15
Uncertainty:budgeted
Gamma:
5
Mean Vector:
13.8924439894498 21.0237960416286 32.5576411921994 22.0227155455452 23.0867927612304 12.0415945787923 22.0227155455452 32.4499614791759 32.0624390837628 20.8086520466848 28.1602556806574 29.9666481275434 29.1204395571221 30.8706980808663 29.8328677803526 31.7804971641414 39.4081209904761 43.9317652729776 15.8113883008419 13.8924439894498 12.369316876853 19.2093727122985 11.6619037896906 24.2074368738204 12.0830459735946 18.6010752377383 20.8806130178211 26.9258240356725 7.07106781186548 18.8679622641132 16.1554944214035 21.3775583264319 32.649655434629 17 30.6104557300279 27.3130005674953 31.0644491340181 18.7882942280559 21.0237960416286 12.369316876853 15.2970585407784 22.2036033111745 16.2788205960997 10.6301458127346 8.54400374531753 12.0415945787923 14.7648230602334 10.6301458127346 29.0688837074973 18.9736659610103 9.05538513813742 23.7697286480094 23.3238075793812 20 19.1049731745428 24.4131112314674 14.560219778561 32.5576411921994 19.2093727122985 15.2970585407784 21.095023109729 31 25.0798724079689 23 7.81024967590665 24.1660919471891 12.2065556157337 25.3179778023443 9.48683298050514 17.0880074906351 37.4833296279826 15.8113883008419 32.2800247831379 10.0498756211209 12.0830459735946 29.8328677803526 22.0227155455452 11.6619037896906 22.2036033111745 21.095023109729 35.8050275799363 23.7065391822594 29.698484809835 26.3058928759318 36.8917334913934 12.0830459735946 7.21110255092798 13 30.4138126514911 44.2040722106007 9.21954445729289 41.7252920900501 31.0161248385416 32.7566787083184 30.4138126514911 23.0867927612304 24.2074368738204 16.2788205960997 31 35.8050275799363 12.8062484748657 8 25.4950975679639 13.4536240470737 26 43.0116263352131 35.1710107901379 16.1554944214035 8.48528137423857 39 9 31.6227766016838 37.6430604494374 7.28010988928052 12.0415945787923 12.0830459735946 10.6301458127346 25.0798724079689 23.7065391822594 12.8062484748657 10 22.6715680975093 20.0249843945008 16 30.886890422961 26.0192236625154 17.464249196573 21.2602916254693 28.4429253066558 20.6155281280883 29.732137494637 35 6.70820393249937 22.0227155455452 18.6010752377383 8.54400374531753 23 29.698484809835 8 10 17.7200451466693 10.0498756211209 18.8679622641132 36.7967389859482 27.5136329843952 9.21954445729289 15.2315462117278 31.7647603485372 12.0415945787923 24.1660919471891 30.0832179129826 9.21954445729289 32.4499614791759 20.8806130178211 12.0415945787923 7.81024967590665 26.3058928759318 25.4950975679639 22.6715680975093 17.7200451466693 16.7630546142402 15.0332963783729 31.6227766016838 16.6433169770932 10.0498756211209 31.0161248385416 22.8254244210267 25.3179778023443 7.07106781186548 12.5299640861417 25.9422435421457 32.0624390837628 26.9258240356725 14.7648230602334 24.1660919471891 36.8917334913934 13.4536240470737 20.0249843945008 10.0498756211209 16.7630546142402 25 43.6004587131833 31.4006369362152 7.21110255092798 15.52417469626 36.7967389859482 9.05538513813742 21 27.0185121722126 18.3847763108502 20.8086520466848 7.07106781186548 10.6301458127346 12.2065556157337 12.0830459735946 26 16 18.8679622641132 15.0332963783729 25 18.6010752377383 10.0498756211209 18.3575597506858 34 13 30.6104557300279 20.8806130178211 24.1867732448956 22.2036033111745 28.1602556806574 18.8679622641132 29.0688837074973 25.3179778023443 7.21110255092798 43.0116263352131 30.886890422961 36.7967389859482 31.6227766016838 43.6004587131833 18.6010752377383 16.0312195418814 36.8917334913934 51.4003891035856 10.0498756211209 48.7954915950234 35.3553390593274 36.0138862107382 37.589892258425 29.9666481275434 16.1554944214035 18.9736659610103 9.48683298050514 13 35.1710107901379 26.0192236625154 27.5136329843952 16.6433169770932 31.4006369362152 10.0498756211209 16.0312195418814 24.2074368738204 42.7200187265877 6.32455532033676 38.4707681233427 19.4164878389476 20.0997512422418 32.0624390837628 29.1204395571221 21.3775583264319 9.05538513813742 17.0880074906351 30.4138126514911 16.1554944214035 17.464249196573 9.21954445729289 10.0498756211209 7.21110255092798 18.3575597506858 36.8917334913934 24.2074368738204 21 29.698484809835 15.2970585407784 15.52417469626 21.5870331449229 18.3847763108502 30.8706980808663 32.649655434629 23.7697286480094 37.4833296279826 44.2040722106007 8.48528137423857 21.2602916254693 15.2315462117278 31.0161248385416 15.52417469626 34 51.4003891035856 42.7200187265877 21 46.9574275274956 6.70820393249937 36.2215405525497 42.2965719651132 15.2643375224737 29.8328677803526 17 23.3238075793812 15.8113883008419 9.21954445729289 39 28.4429253066558 31.7647603485372 22.8254244210267 36.7967389859482 13 10.0498756211209 6.32455532033676 29.698484809835 46.9574275274956 43.2666153055679 25.7099202643649 26 34.928498393146 31.7804971641414 30.6104557300279 20 32.2800247831379 41.7252920900501 9 20.6155281280883 12.0415945787923 25.3179778023443 9.05538513813742 30.6104557300279 48.7954915950234 38.4707681233427 15.2970585407784 6.70820393249937 43.2666153055679 30.0166620396073 36.0555127546399 16.1245154965971 39.4081209904761 27.3130005674953 19.1049731745428 10.0498756211209 31.0161248385416 31.6227766016838 29.732137494637 24.1660919471891 7.07106781186548 21 20.8806130178211 35.3553390593274 19.4164878389476 15.52417469626 36.2215405525497 25.7099202643649 30.0166620396073 6.08276253029822 32.7566787083184 43.9317652729776 31.0644491340181 24.4131112314674 12.0830459735946 32.7566787083184 37.6430604494374 35 30.0832179129826 12.5299640861417 27.0185121722126 24.1867732448956 36.0138862107382 20.0997512422418 21.5870331449229 42.2965719651132 26 36.0555127546399 6.08276253029822 38.4707681233427 15.8113883008419 18.7882942280559 14.560219778561 29.8328677803526 30.4138126514911 7.28010988928052 6.70820393249937 9.21954445729289 25.9422435421457 18.3847763108502 22.2036033111745 37.589892258425 32.0624390837628 18.3847763108502 15.2643375224737 34.928498393146 16.1245154965971 32.7566787083184 38.4707681233427
Deviation Vector:
6.34694540143397 7.65275768122853 2.50418681036684 10.5456668589964 6.52433705755754 2.94917121423078 4.65655637076288 33.8178115482425 29.1982885855177 11.1777929205501 5.68989883290009 13.6540686945784 29.0532906716587 21.8557981353592 3.31699452475167 20.866676556245 26.8454326788779 21.0628644839068 14.1451950032627 2.58995981797195 10.0074795749896 6.51657150725142 4.11556616740307 8.14267764174183 7.1204668253472 2.19282740353296 12.7379340817085 19.4527948251155 4.00353531813535 11.0661545196382 7.4694530146718 21.8702794358032 31.0338102442706 9.16747136505856 13.5933265854095 4.78747800525615 24.3600687802768 12.3160642223754 3.35553774358573 7.87950219513315 2.06296803439763 8.03017484783854 0.56705980804468 0.794354369819209 0.100918947621992 1.75831503948179 10.7977226025071 7.36698251569717 18.1815722508714 10.7790681486395 7.96382009543281 8.95391197134153 21.1627620121795 3.49071460175912 13.623084272048 10.7127661486965 4.25774113373242 8.63667166776633 1.98706935335801 13.134180756747 17.9682824607225 17.5394972292471 20.6615215433513 17.1225775584007 0.368841312589647 5.07670320064998 11.2268808652495 21.0494591928976 8.2117402882306 0.367744312106293 15.3904933777053 15.8185645854888 12.3691081282041 4.47651500633614 0.209670789694016 11.7837788229915 13.0253352761592 8.73087706205204 0.670384939572703 3.3559469812708 9.27154508244011 21.5646397529758 15.9118854307503 2.85322430707613 0.972362502394755 2.3080781738974 3.946458404539 4.14414069714177 13.8775541700885 28.7643859704378 1.10229192869526 10.441399060149 4.92164741742602 30.9022956260811 30.2526613843179 4.75369927509923 2.31511864738038 13.9446873163532 32.1565859357981 34.4168701922796 11.2456270487926 3.12061555749668 23.0438969940343 2.73767084498818 21.7231777378419 39.6226749796813 21.0492392103157 5.96345956668817 5.19339142670631 24.5183349103742 4.75394421973276 27.5431977980437 18.0873669265953 0.044911816749832 11.7942085003696 6.12433907225725 2.09612678862694 11.7600287518607 19.5729238731697 8.36860410150304 0.61793101637137 21.4290371302975 18.0969724344415 3.52757412865026 25.6594542551518 21.8715796810716 7.44638832750708 19.6953677988452 18.1858506955783 8.367022692944 24.6715585099524 16.0890953371156 5.33930878936638 14.883443358703 12.3358221914791 4.90097753126722 12.4016659394602 6.05351879990115 7.54195930364603 0.934219528011037 14.7520764255016 4.15193499915413 18.1965334432337 9.3896662832076 11.5365237045107 8.16890438679063 11.6069027134787 19.5826287668304 3.577764550086 12.8040774364366 6.38183387657495 3.30898924117664 13.5382160511146 1.21172388928675 6.97670312175669 1.48496574034139 23.6391104153967 25.642015982667 1.33069842412429 8.50875172528213 5.93068266465833 13.3569169788183 29.7211433789525 1.52958844849038 5.09009403937549 16.9104572216962 15.1907786389484 26.4746588356346 5.2965664041617 6.89695640626772 2.10858926477932 16.7919802861734 25.9449167670888 15.4394940706267 18.823067207821 11.9914418339767 11.7572378513241 9.6742020306551 9.46229204668413 1.89754119913515 25.3235772367616 4.17886945875625 14.8244948270922 2.6848230238744 2.38879279797629 38.691467550408 5.09318638196336 22.102496072996 27.0030144260766 11.419573936645 9.88095696989564 2.08874609138196 4.80274105743237 4.3563439551891 4.6797319014041 24.9154661834368 14.4336100100727 19.8645201685407 14.2236834800718 14.833006652146 10.1455201915986 10.3254984305753 1.08713061243605 15.3397323937682 13.1987962265711 25.6553527494641 16.2077978668724 20.108222038266 5.84848402211273 18.5834603519454 17.8221201502059 6.3520626780693 19.1343819413678 2.58770853570843 25.4127984916285 28.0958990776818 12.9713802360527 3.01858202783453 39.4283381433983 5.47081497854069 11.4879539877664 11.8544462726823 30.300844996461 1.11126289821208 33.093897524685 34.5352192298162 0.397376797730828 19.6403036130105 29.1213791312711 15.4637054852724 1.10011705193002 4.35817127724527 12.0480993180492 4.12207897470038 23.6920692103279 24.3286802589502 15.8997747884486 19.7492725331019 6.6106636824183 2.57941342710328 5.59276587239097 23.262252192633 2.39964373027089 37.9628645972813 17.5404424205992 19.5018349419207 26.8878189248338 5.76774504088796 0.168466565100492 6.20375593828442 8.41034158508054 22.0341811889333 16.2592276994777 0.416630452486124 7.69881938003827 6.29935510061871 7.21585970872645 15.5321145876331 3.3744962135689 22.140720742182 15.6542309843054 4.43848350591682 4.83675198561922 9.53787405575564 5.75623747076306 3.10556733760785 13.6078481177485 5.3594235537836 18.9650478643588 1.52778663645914 14.3684831190573 8.73051100722896 12.443377263439 10.7301040711005 29.7094248685871 6.68840460516686 20.9742747322361 37.9669164422 26.866756162048 13.1201903033732 17.1823163721644 0.424315649560718 10.5557689213219 13.3025090391684 1.32966779016381 2.0479864055794 16.0023527461499 0.698342052715494 14.4632596142524 9.5218083369222 36.8380705689476 17.1325523214168 3.95181160865597 4.63187930906397 5.847332128507 5.08379589004311 3.73701520591146 3.79290169467861 16.4889162377292 5.25380867265597 27.7109479460114 22.631402757088 2.15688547142786 5.86550013606566 16.7450622085181 31.8602021400642 11.9753359007651 2.77478761305294 30.1110504453049 1.52857821814727 14.6520921195456 0.358051044281339 5.90150078715224 9.07488393396206 10.5373471915112 15.6245457420527 0.499118927584464 3.48355373012908 2.34884989124304 40.1389077765456 6.08390279996646 8.54096747032892 7.61450144095919 12.8901149857797 12.0125344385333 12.0579186740994 7.21735920483958 25.1744562334806 5.47146008840673 6.40837002208095 22.3183900849489 5.75225901635787 0.797336216134927 21.0163095744546 34.6984740503483 10.9677103052151 15.3611422774461 18.9206797076645 16.732677270314 19.610486751806 4.21049982853953 9.94914070426966 30.0077924975271 28.743847011795 6.05576830465691 12.4128489188829 6.14757400721893 9.82588953281791 6.90178137267679 16.1793496235674 1.64030742200784 10.8041070551552 18.7375802216425 21.7214915571876 14.6119322910003 3.38238083881755 7.46341886609876 10.0697199483279 34.9140965972838 2.12578695377997 23.1914766235743 13.1875896252794 1.9754300036473 9.33021971942085 23.350994795 0.873929310155501 1.07629127414317 4.7923229031769 5.08084026445553 20.7191799195096 5.6972471596936 4.11806781007161 1.67524413560528 31.8362049124858 0.973246983779625 4.46665473030778 33.6155596175429 3.87974495942538 18.1356760195571 3.91541868456198
