Instancenumber:
28
Instancename:
P-n20-k2
Customers:
19
Depot:
0
Dimension:
380
Vehicles:
19
Capacity:
160
Demands:
0 19 30 16 23 11 31 15 28 8 8 7 14 6 19 11 26 17 6 15
Uncertainty:budgeted
Gamma:
19
Mean Vector:
13.8924439894498 21.0237960416286 32.5576411921994 22.0227155455452 23.0867927612304 12.0415945787923 22.0227155455452 32.4499614791759 32.0624390837628 20.8086520466848 28.1602556806574 29.9666481275434 29.1204395571221 30.8706980808663 29.8328677803526 31.7804971641414 39.4081209904761 43.9317652729776 15.8113883008419 13.8924439894498 12.369316876853 19.2093727122985 11.6619037896906 24.2074368738204 12.0830459735946 18.6010752377383 20.8806130178211 26.9258240356725 7.07106781186548 18.8679622641132 16.1554944214035 21.3775583264319 32.649655434629 17 30.6104557300279 27.3130005674953 31.0644491340181 18.7882942280559 21.0237960416286 12.369316876853 15.2970585407784 22.2036033111745 16.2788205960997 10.6301458127346 8.54400374531753 12.0415945787923 14.7648230602334 10.6301458127346 29.0688837074973 18.9736659610103 9.05538513813742 23.7697286480094 23.3238075793812 20 19.1049731745428 24.4131112314674 14.560219778561 32.5576411921994 19.2093727122985 15.2970585407784 21.095023109729 31 25.0798724079689 23 7.81024967590665 24.1660919471891 12.2065556157337 25.3179778023443 9.48683298050514 17.0880074906351 37.4833296279826 15.8113883008419 32.2800247831379 10.0498756211209 12.0830459735946 29.8328677803526 22.0227155455452 11.6619037896906 22.2036033111745 21.095023109729 35.8050275799363 23.7065391822594 29.698484809835 26.3058928759318 36.8917334913934 12.0830459735946 7.21110255092798 13 30.4138126514911 44.2040722106007 9.21954445729289 41.7252920900501 31.0161248385416 32.7566787083184 30.4138126514911 23.0867927612304 24.2074368738204 16.2788205960997 31 35.8050275799363 12.8062484748657 8 25.4950975679639 13.4536240470737 26 43.0116263352131 35.1710107901379 16.1554944214035 8.48528137423857 39 9 31.6227766016838 37.6430604494374 7.28010988928052 12.0415945787923 12.0830459735946 10.6301458127346 25.0798724079689 23.7065391822594 12.8062484748657 10 22.6715680975093 20.0249843945008 16 30.886890422961 26.0192236625154 17.464249196573 21.2602916254693 28.4429253066558 20.6155281280883 29.732137494637 35 6.70820393249937 22.0227155455452 18.6010752377383 8.54400374531753 23 29.698484809835 8 10 17.7200451466693 10.0498756211209 18.8679622641132 36.7967389859482 27.5136329843952 9.21954445729289 15.2315462117278 31.7647603485372 12.0415945787923 24.1660919471891 30.0832179129826 9.21954445729289 32.4499614791759 20.8806130178211 12.0415945787923 7.81024967590665 26.3058928759318 25.4950975679639 22.6715680975093 17.7200451466693 16.7630546142402 15.0332963783729 31.6227766016838 16.6433169770932 10.0498756211209 31.0161248385416 22.8254244210267 25.3179778023443 7.07106781186548 12.5299640861417 25.9422435421457 32.0624390837628 26.9258240356725 14.7648230602334 24.1660919471891 36.8917334913934 13.4536240470737 20.0249843945008 10.0498756211209 16.7630546142402 25 43.6004587131833 31.4006369362152 7.21110255092798 15.52417469626 36.7967389859482 9.05538513813742 21 27.0185121722126 18.3847763108502 20.8086520466848 7.07106781186548 10.6301458127346 12.2065556157337 12.0830459735946 26 16 18.8679622641132 15.0332963783729 25 18.6010752377383 10.0498756211209 18.3575597506858 34 13 30.6104557300279 20.8806130178211 24.1867732448956 22.2036033111745 28.1602556806574 18.8679622641132 29.0688837074973 25.3179778023443 7.21110255092798 43.0116263352131 30.886890422961 36.7967389859482 31.6227766016838 43.6004587131833 18.6010752377383 16.0312195418814 36.8917334913934 51.4003891035856 10.0498756211209 48.7954915950234 35.3553390593274 36.0138862107382 37.589892258425 29.9666481275434 16.1554944214035 18.9736659610103 9.48683298050514 13 35.1710107901379 26.0192236625154 27.5136329843952 16.6433169770932 31.4006369362152 10.0498756211209 16.0312195418814 24.2074368738204 42.7200187265877 6.32455532033676 38.4707681233427 19.4164878389476 20.0997512422418 32.0624390837628 29.1204395571221 21.3775583264319 9.05538513813742 17.0880074906351 30.4138126514911 16.1554944214035 17.464249196573 9.21954445729289 10.0498756211209 7.21110255092798 18.3575597506858 36.8917334913934 24.2074368738204 21 29.698484809835 15.2970585407784 15.52417469626 21.5870331449229 18.3847763108502 30.8706980808663 32.649655434629 23.7697286480094 37.4833296279826 44.2040722106007 8.48528137423857 21.2602916254693 15.2315462117278 31.0161248385416 15.52417469626 34 51.4003891035856 42.7200187265877 21 46.9574275274956 6.70820393249937 36.2215405525497 42.2965719651132 15.2643375224737 29.8328677803526 17 23.3238075793812 15.8113883008419 9.21954445729289 39 28.4429253066558 31.7647603485372 22.8254244210267 36.7967389859482 13 10.0498756211209 6.32455532033676 29.698484809835 46.9574275274956 43.2666153055679 25.7099202643649 26 34.928498393146 31.7804971641414 30.6104557300279 20 32.2800247831379 41.7252920900501 9 20.6155281280883 12.0415945787923 25.3179778023443 9.05538513813742 30.6104557300279 48.7954915950234 38.4707681233427 15.2970585407784 6.70820393249937 43.2666153055679 30.0166620396073 36.0555127546399 16.1245154965971 39.4081209904761 27.3130005674953 19.1049731745428 10.0498756211209 31.0161248385416 31.6227766016838 29.732137494637 24.1660919471891 7.07106781186548 21 20.8806130178211 35.3553390593274 19.4164878389476 15.52417469626 36.2215405525497 25.7099202643649 30.0166620396073 6.08276253029822 32.7566787083184 43.9317652729776 31.0644491340181 24.4131112314674 12.0830459735946 32.7566787083184 37.6430604494374 35 30.0832179129826 12.5299640861417 27.0185121722126 24.1867732448956 36.0138862107382 20.0997512422418 21.5870331449229 42.2965719651132 26 36.0555127546399 6.08276253029822 38.4707681233427 15.8113883008419 18.7882942280559 14.560219778561 29.8328677803526 30.4138126514911 7.28010988928052 6.70820393249937 9.21954445729289 25.9422435421457 18.3847763108502 22.2036033111745 37.589892258425 32.0624390837628 18.3847763108502 15.2643375224737 34.928498393146 16.1245154965971 32.7566787083184 38.4707681233427
Deviation Vector:
10.8143139033332 14.3920283391622 16.3326841144827 10.90800474676 5.3070333516446 2.05667116156439 14.3586508165513 13.1853147736107 17.8938601555871 11.7050248259429 21.2836568756289 3.08955934674945 9.86414216989192 26.5780147439625 22.1927315577178 2.02235808305185 35.0606551421761 39.1758014735845 12.3017741605191 5.3200767542409 7.82457947217931 0.578085723411211 6.62881212918562 16.3919715645129 12.361413872848 11.5578452068553 20.249316594226 24.9769490378379 6.09501421374147 8.7846706938319 16.6304184928823 12.453893385248 3.0141388140641 8.04479955963318 0.613665489877254 8.79999645899473 20.0061497370955 12.6264913636091 15.3162213244856 1.78473098466316 2.70329552442471 9.46973043232856 4.027166621808 5.4793723350199 1.96181939114466 11.9366994176357 8.55017886025318 0.653398857733008 23.987729912362 5.67873723973144 4.02434082159651 9.50681682627341 7.68262135289581 20.2566009807924 0.368208809338397 7.19209281557154 8.39186556013315 32.2007871270345 3.15787173836064 5.82042225028167 8.37046226892682 4.21480138517849 24.1534586938358 11.2496587289922 4.75788568756803 23.757903549646 9.90325618862708 4.94656628962148 5.66668840813343 8.23636409378351 12.7317590406068 12.2386685454127 29.3261429847773 5.89979404619817 2.79927187706448 2.39491067841972 11.4630968807969 9.45501179220991 3.14723159803743 6.07299237805088 1.87003717085605 13.895784250565 20.4278722657956 10.0388025831377 19.964343998904 8.5441050864013 4.87627456137623 0.775945236928941 19.4139431572288 37.1583785464699 4.0582683095746 43.1908715162274 30.2894538132104 11.3146319147186 14.1853707999156 12.1881657259578 6.55284626583181 3.5795582228231 22.4224761491017 31.0793722492511 8.98854271438578 0.0411383112783095 14.8950107522819 7.43381693224876 15.3970371870758 35.0931763456994 22.2572302881971 0.886584306564965 4.82670284876123 30.2083482382163 3.08489075393896 19.639664620128 11.402209066143 7.5029386018991 12.0738508838591 10.1988606696923 7.2273838594713 15.5763160032743 21.424827703532 3.33466561863689 4.03850278010892 6.48644553812228 4.75974172570821 5.16149600020354 19.5056690033664 18.3201946489701 14.8537204801216 19.1813526368102 26.2810579674438 10.6375976489786 21.1812925393461 19.8818232551539 3.49592391481207 5.25916511240727 1.16768976506357 0.474254942055582 24.2582417690922 20.6583919555937 0.88308426686642 5.65710585907601 7.30684836158635 4.55411292304785 2.43289824126646 26.3189653341132 11.7189115904098 0.680348224464819 7.63844386943701 1.52465146990035 8.36725271674325 8.39559650019377 9.27741898142782 0.376939518039477 20.5576055827447 11.4025269474067 4.37685870154527 1.61835004410718 5.06010462820791 3.98161853737139 1.16975003981655 1.03699730755312 11.2676426491177 11.4854297748976 19.8139855029651 2.25491665974699 10.0780736647063 21.3809230979407 4.35947697073925 25.3099775810761 2.31312237924122 3.77625159600138 13.1674172029292 23.7093468905526 20.3163113089923 9.39795725643204 9.59149546256089 4.52410641511348 9.55616442331439 17.990191959356 1.71481215849199 5.82245693963395 4.69929015216696 20.8855802006461 12.190464917687 5.92383932431917 15.9138940508002 27.6601757751511 9.31524932917414 3.35228003431963 24.5293979868347 0.413008443739634 4.5394808202632 3.69263177875562 8.36022829180694 10.3112042173967 7.94704115299679 19.0174911870478 7.61995883829383 16.0131255975157 10.1218886130149 20.084308297528 1.71583167992781 1.23650337290011 8.90375757219084 28.7902664412419 9.87410666340838 26.995896186968 20.2417607414902 9.96550228293446 16.0415891076603 2.31496304908575 14.3276035885293 26.4657199365389 14.2091777256409 0.647246928052801 28.994532544284 16.3238712180582 30.9629406760132 20.3960086406892 30.0030987557482 12.8627292767889 10.6999272301101 33.4346369349919 8.01299377318536 3.9805475114209 33.8245250227757 28.7649428460967 2.50992607300867 4.19537092003796 18.1136833192324 12.0033918218035 17.3605504725547 6.60952514729477 11.258363816509 12.0345339079178 12.6362282306856 15.6207740149477 2.7671426618494 12.4731576827997 9.84656159947811 14.2475592392133 11.6058443677508 29.1052771904718 4.68876478889702 40.0350584011313 14.9712772365624 7.1884756957138 16.3947649637304 16.1528418217105 21.4335345590306 1.28267659075328 3.21882544959945 18.6203585110699 16.9299676059472 6.01226255549467 9.2961855864941 6.86708278704676 0.721316741617241 0.370422876357009 29.3255818064012 17.0538990516964 16.0265599523137 19.3652735522749 5.25250871708761 8.87004061101278 21.4625762242785 15.2412909895008 2.50942558702444 3.35208037833702 4.00318453486887 0.121063776402576 43.8242043989566 5.49717470111025 14.5533671681712 10.2803392966491 19.5613140387162 6.17497105909346 35.1076307065854 4.32754183258854 40.6889261115923 20.5247252200242 10.6048990964169 0.556749168802499 19.2616561479978 9.1340056107796 6.52178617804226 14.387152711727 15.2872791778066 12.2982951238692 7.94422136376198 5.86670080762093 6.78393946971183 5.90982075129042 7.32392966313437 11.8079207927103 28.6700973538404 2.17066774426648 2.89942306483759 5.44187536307243 8.00797701600168 21.4557228725126 37.3678979833131 5.22479944711149 1.22041153550838 17.1279119924412 27.9083132843486 20.7422870827216 17.7627109282432 27.5318880438692 31.7869019001378 7.04486970582128 15.9244193590876 11.8929348656849 21.9192561814108 2.23118674751689 4.46232975063682 11.4760663311588 28.0317949239721 15.9858801156799 5.11481817098493 7.49639642519812 18.7164320781142 33.7630758784897 6.14406533087591 33.6585753852796 10.8133720561773 1.95555770971875 10.2616964507571 21.2277167753243 30.4462389674921 6.92436532451661 2.01786170630286 5.43505250918853 9.15836783369194 2.72363827868468 7.11261838210431 4.97922775934912 12.5444583816158 1.1403558860075 1.32465760516202 15.3698937563129 4.95286573643586 26.9905536526821 19.4122134769304 19.3275769001079 0.306052626912953 7.10060050830113 28.0843884366752 27.9005928431902 20.1198056685583 16.9070045463696 11.4580098746141 3.79767842102542 10.6566711153983 8.55904337075135 19.992436718532 18.0576569349214 14.3816001002129 24.905657384053 16.6967995249645 1.49018406342266 5.11559437930667 8.64227732201299 19.0441390992305 8.28602157221829 20.1975742600645 4.77388926899667 6.00994601932392 2.86611945827817 1.73739846724324 22.7527169321533 17.2688436338953 22.2634072464974 24.1776619875081 10.3672364417322 10.4249437202856 10.0093181600728 31.819690887516 5.91089195080409 11.1075436932764 16.4662092077251
