Instancenumber:
29
Instancename:
P-n20-k2
Customers:
19
Depot:
0
Dimension:
380
Vehicles:
19
Capacity:
160
Demands:
0 19 30 16 23 11 31 15 28 8 8 7 14 6 19 11 26 17 6 15
Uncertainty:budgeted
Gamma:
5
Mean Vector:
13.8924439894498 21.0237960416286 32.5576411921994 22.0227155455452 23.0867927612304 12.0415945787923 22.0227155455452 32.4499614791759 32.0624390837628 20.8086520466848 28.1602556806574 29.9666481275434 29.1204395571221 30.8706980808663 29.8328677803526 31.7804971641414 39.4081209904761 43.9317652729776 15.8113883008419 13.8924439894498 12.369316876853 19.2093727122985 11.6619037896906 24.2074368738204 12.0830459735946 18.6010752377383 20.8806130178211 26.9258240356725 7.07106781186548 18.8679622641132 16.1554944214035 21.3775583264319 32.649655434629 17 30.6104557300279 27.3130005674953 31.0644491340181 18.7882942280559 21.0237960416286 12.369316876853 15.2970585407784 22.2036033111745 16.2788205960997 10.6301458127346 8.54400374531753 12.0415945787923 14.7648230602334 10.6301458127346 29.0688837074973 18.9736659610103 9.05538513813742 23.7697286480094 23.3238075793812 20 19.1049731745428 24.4131112314674 14.560219778561 32.5576411921994 19.2093727122985 15.2970585407784 21.095023109729 31 25.0798724079689 23 7.81024967590665 24.1660919471891 12.2065556157337 25.3179778023443 9.48683298050514 17.0880074906351 37.4833296279826 15.8113883008419 32.2800247831379 10.0498756211209 12.0830459735946 29.8328677803526 22.0227155455452 11.6619037896906 22.2036033111745 21.095023109729 35.8050275799363 23.7065391822594 29.698484809835 26.3058928759318 36.8917334913934 12.0830459735946 7.21110255092798 13 30.4138126514911 44.2040722106007 9.21954445729289 41.7252920900501 31.0161248385416 32.7566787083184 30.4138126514911 23.0867927612304 24.2074368738204 16.2788205960997 31 35.8050275799363 12.8062484748657 8 25.4950975679639 13.4536240470737 26 43.0116263352131 35.1710107901379 16.1554944214035 8.48528137423857 39 9 31.6227766016838 37.6430604494374 7.28010988928052 12.0415945787923 12.0830459735946 10.6301458127346 25.0798724079689 23.7065391822594 12.8062484748657 10 22.6715680975093 20.0249843945008 16 30.886890422961 26.0192236625154 17.464249196573 21.2602916254693 28.4429253066558 20.6155281280883 29.732137494637 35 6.70820393249937 22.0227155455452 18.6010752377383 8.54400374531753 23 29.698484809835 8 10 17.7200451466693 10.0498756211209 18.8679622641132 36.7967389859482 27.5136329843952 9.21954445729289 15.2315462117278 31.7647603485372 12.0415945787923 24.1660919471891 30.0832179129826 9.21954445729289 32.4499614791759 20.8806130178211 12.0415945787923 7.81024967590665 26.3058928759318 25.4950975679639 22.6715680975093 17.7200451466693 16.7630546142402 15.0332963783729 31.6227766016838 16.6433169770932 10.0498756211209 31.0161248385416 22.8254244210267 25.3179778023443 7.07106781186548 12.5299640861417 25.9422435421457 32.0624390837628 26.9258240356725 14.7648230602334 24.1660919471891 36.8917334913934 13.4536240470737 20.0249843945008 10.0498756211209 16.7630546142402 25 43.6004587131833 31.4006369362152 7.21110255092798 15.52417469626 36.7967389859482 9.05538513813742 21 27.0185121722126 18.3847763108502 20.8086520466848 7.07106781186548 10.6301458127346 12.2065556157337 12.0830459735946 26 16 18.8679622641132 15.0332963783729 25 18.6010752377383 10.0498756211209 18.3575597506858 34 13 30.6104557300279 20.8806130178211 24.1867732448956 22.2036033111745 28.1602556806574 18.8679622641132 29.0688837074973 25.3179778023443 7.21110255092798 43.0116263352131 30.886890422961 36.7967389859482 31.6227766016838 43.6004587131833 18.6010752377383 16.0312195418814 36.8917334913934 51.4003891035856 10.0498756211209 48.7954915950234 35.3553390593274 36.0138862107382 37.589892258425 29.9666481275434 16.1554944214035 18.9736659610103 9.48683298050514 13 35.1710107901379 26.0192236625154 27.5136329843952 16.6433169770932 31.4006369362152 10.0498756211209 16.0312195418814 24.2074368738204 42.7200187265877 6.32455532033676 38.4707681233427 19.4164878389476 20.0997512422418 32.0624390837628 29.1204395571221 21.3775583264319 9.05538513813742 17.0880074906351 30.4138126514911 16.1554944214035 17.464249196573 9.21954445729289 10.0498756211209 7.21110255092798 18.3575597506858 36.8917334913934 24.2074368738204 21 29.698484809835 15.2970585407784 15.52417469626 21.5870331449229 18.3847763108502 30.8706980808663 32.649655434629 23.7697286480094 37.4833296279826 44.2040722106007 8.48528137423857 21.2602916254693 15.2315462117278 31.0161248385416 15.52417469626 34 51.4003891035856 42.7200187265877 21 46.9574275274956 6.70820393249937 36.2215405525497 42.2965719651132 15.2643375224737 29.8328677803526 17 23.3238075793812 15.8113883008419 9.21954445729289 39 28.4429253066558 31.7647603485372 22.8254244210267 36.7967389859482 13 10.0498756211209 6.32455532033676 29.698484809835 46.9574275274956 43.2666153055679 25.7099202643649 26 34.928498393146 31.7804971641414 30.6104557300279 20 32.2800247831379 41.7252920900501 9 20.6155281280883 12.0415945787923 25.3179778023443 9.05538513813742 30.6104557300279 48.7954915950234 38.4707681233427 15.2970585407784 6.70820393249937 43.2666153055679 30.0166620396073 36.0555127546399 16.1245154965971 39.4081209904761 27.3130005674953 19.1049731745428 10.0498756211209 31.0161248385416 31.6227766016838 29.732137494637 24.1660919471891 7.07106781186548 21 20.8806130178211 35.3553390593274 19.4164878389476 15.52417469626 36.2215405525497 25.7099202643649 30.0166620396073 6.08276253029822 32.7566787083184 43.9317652729776 31.0644491340181 24.4131112314674 12.0830459735946 32.7566787083184 37.6430604494374 35 30.0832179129826 12.5299640861417 27.0185121722126 24.1867732448956 36.0138862107382 20.0997512422418 21.5870331449229 42.2965719651132 26 36.0555127546399 6.08276253029822 38.4707681233427 15.8113883008419 18.7882942280559 14.560219778561 29.8328677803526 30.4138126514911 7.28010988928052 6.70820393249937 9.21954445729289 25.9422435421457 18.3847763108502 22.2036033111745 37.589892258425 32.0624390837628 18.3847763108502 15.2643375224737 34.928498393146 16.1245154965971 32.7566787083184 38.4707681233427
Deviation Vector:
12.9003262810862 4.11463576245891 18.5115295920114 6.85692588077908 10.005187978386 6.08594292713891 1.98278890443202 25.0965049013016 13.0010621100876 11.5096754791641 28.6777187124315 16.1360070768779 1.21948687541263 30.0731516113868 1.48340547684269 22.8470495810056 2.8886737565098 38.4514286396788 1.3966116749557 3.63633063520438 8.59022165767358 19.7401419406161 2.40951582079122 6.7743574489991 3.54212075187851 14.3908420492954 19.5354497318809 3.93965560406492 0.582701630535309 4.09138340668781 9.27864752246428 21.6125459964073 13.4698162004619 1.44641118740218 8.09711636707469 23.1048578863162 18.3433416813567 6.6614849342528 11.8046908926838 12.3196546643406 13.8847541340926 11.5911595991583 7.75885403533886 10.0938775342854 3.74549084431952 6.33805091014135 9.01578099596578 5.43921206159393 9.99306696496105 13.2617428135625 7.00367787620112 24.6789258688689 15.597982810658 19.6008222615524 4.97242037117524 23.4831180505357 10.1320144776111 4.49356578888426 0.968021129633151 11.9053345449739 7.4858149803348 19.3665379394254 18.344430962984 17.6506097479098 5.54379364523498 24.0685001807927 6.78097114144194 6.13898019383203 2.77668907754175 1.01131482096757 6.77069717631735 2.25368471992494 18.7618701436166 6.60532937480547 0.413961493620251 30.4175574418557 2.76987078735511 7.52059191259058 10.5122717313824 9.90506913206267 10.2406922406874 4.48166860930368 13.3633547204738 25.1160953715779 4.10460855855792 8.58181347523887 6.1932461747486 10.4926970300785 25.7986599297202 40.1921939076356 4.8640347594724 6.06220144336852 14.7680471834905 6.59035032787942 27.7588762088776 2.95794981193287 3.37269393679555 6.68078019894008 11.4885432230832 15.4682527871103 6.01355545281887 4.40984313619795 14.6481819754816 14.1370962121077 3.91708893804557 26.1858507717989 35.6132146461717 4.46587334494694 1.66197928444443 16.6995624246014 6.71378335886534 15.2383464850148 23.2348661940573 1.00549619283646 4.56161550787738 8.80253062561674 9.01809973394167 4.51042198871276 11.3271075882036 8.18035248685382 0.312562224537509 22.7936281721107 15.7009218916607 8.11835477862991 4.59432974024313 16.6248499295851 11.0988831924492 6.12448664584642 29.8463547773188 20.7416615849711 21.4096677174963 16.1382822096278 3.35088739200137 5.21511235455457 8.44615116231055 5.55512383454781 19.4491385046207 12.1411237098497 7.41286949802588 10.4148085462924 14.8317984370058 6.17822789181471 8.7836348875055 14.586982894755 20.7142487561893 7.78455248032589 1.02196345014969 17.2608333670092 12.332947808584 13.1681127590632 3.74072544263593 9.73078471176281 15.9801866129831 18.9682107969082 6.08125815461511 5.00795689587853 12.8775097364398 2.10878213970104 21.0681168093122 8.52411176497353 0.519715847291672 8.89267409729953 29.7929952888294 8.82968654751545 8.32469322213199 10.4951485481142 2.8046637726503 15.5990312141262 5.28343165569854 13.1499872818681 15.5595760614051 16.8766712774391 16.3281408242171 0.110460580688736 22.3002146605041 11.1212395538523 11.4602624758014 19.822424399774 8.49065564540463 13.7155682684531 11.9239263953248 42.2574658209444 25.6174571006967 6.99053882607118 12.7264438820405 9.67824413589236 5.00571300831502 5.28116021104742 9.34117269324061 7.79947217567016 15.2429052107578 2.66392552487563 10.7977538806102 7.52944961630715 10.9624692242838 20.4432075301586 15.2834194718447 19.4365475365296 5.18008214100906 16.1143955999421 19.006397008743 9.49061530690258 2.07654796177798 19.3927226812367 12.3738271002283 31.7095616200403 18.2043518611362 18.03945065351 21.4922641865891 18.5535023401228 9.55122163467794 11.2523320142864 14.4369174905642 1.90525841753104 12.8465981377576 10.2599550335846 19.4003769436762 26.9257148952949 25.4479365644972 16.2380539559749 3.49277409553307 9.53140145530842 9.86225360240646 1.766894148592 42.7057161045722 1.46030385137897 34.6485908386309 29.0413396197649 0.407864842405963 4.02006418695993 6.81783778760541 9.82267502175998 1.75967066256957 16.6164869976485 14.2571579462902 0.807915045207464 7.49825764986515 11.3654437314902 7.7907003951222 5.78184483583891 24.7110399410379 9.55174478547279 4.72920876088907 20.5125998802915 9.47138680543773 21.0330008046106 27.7461279314375 29.5581813354706 17.9586198614664 3.54257641035736 14.1859057147416 0.00347029065509346 10.4941820415392 17.8491354913358 1.62196349119663 4.69272496109444 0.0397634042544008 1.47206388817914 6.70320451521317 0.462962827153108 6.90950727298993 16.0677999455871 16.1311410228712 7.20916961124015 21.8780122035934 10.0131729350598 15.2423333770539 13.2615723720212 21.5494998194708 7.91360458848727 33.8974326490061 7.3785457707567 9.24211968138896 6.95724006582087 10.6987529311482 14.3212682025094 15.1425162530541 7.83812905974176 37.5815750592421 4.7797882762798 25.530929348668 4.37413473790794 8.24848034198718 5.72904298230466 9.40692381087137 12.0420284231989 10.2406798320973 14.5023298147031 7.65015269784032 7.22897378042125 24.9953760901347 23.120181550435 8.4905711064932 14.5536000244523 8.07385839633356 2.89830683364329 1.25042196742839 4.51045389176474 18.6840503081804 48.413854745388 39.9908430990142 8.69345797392663 21.9117054454911 10.5195369715657 25.2623652975206 3.97542815014957 3.31718969346717 5.88922180090159 11.7816872504242 9.41019854712836 8.4534105205914 9.94716335774901 16.1986234824268 5.77528656908538 29.4324521363399 9.6735728050296 40.0643588775876 7.74155477575619 5.50092529905003 20.2242695282524 6.97423933895231 14.5342888225768 3.58718752555531 19.6899089724053 28.4250066842093 8.44221436663104 7.26191528247203 3.32825068491232 3.07446473680295 8.73780879306534 1.9452508357683 7.22317920583856 13.2724334080326 19.2780876515832 9.36411975687554 7.16651282653048 16.348889193155 15.6012255985168 14.1799430872463 8.33441957099227 2.54543198682995 31.4983801910629 2.01641372612009 0.0138434795685345 13.22048706484 12.1726425333236 6.50851959962011 19.7674139722588 15.9483928712182 30.6464488882647 12.4367574498615 18.589113764215 8.80406069153457 5.66142841955763 2.60948844097818 7.48829534234963 25.3393246964977 22.1627764962189 16.3762585673825 4.23548880969436 3.40354076792914 8.45420297998379 12.4001597202625 10.4905141297162 11.9365998076258 28.1282514484857 0.231199497595597 2.65250635655679 2.7450274903408 15.1319435228474 12.3742795434209 15.9023644818144 18.3082359061334 23.0519587343032 13.1754887969456 15.7006586794184 23.3517249122219 14.7594949161824 16.2435158567883 2.55439527012127
