Instancenumber:
31
Instancename:
P-n20-k2
Customers:
19
Depot:
0
Dimension:
380
Vehicles:
19
Capacity:
160
Demands:
0 19 30 16 23 11 31 15 28 8 8 7 14 6 19 11 26 17 6 15
Uncertainty:budgeted
Gamma:
5
Mean Vector:
13.8924439894498 21.0237960416286 32.5576411921994 22.0227155455452 23.0867927612304 12.0415945787923 22.0227155455452 32.4499614791759 32.0624390837628 20.8086520466848 28.1602556806574 29.9666481275434 29.1204395571221 30.8706980808663 29.8328677803526 31.7804971641414 39.4081209904761 43.9317652729776 15.8113883008419 13.8924439894498 12.369316876853 19.2093727122985 11.6619037896906 24.2074368738204 12.0830459735946 18.6010752377383 20.8806130178211 26.9258240356725 7.07106781186548 18.8679622641132 16.1554944214035 21.3775583264319 32.649655434629 17 30.6104557300279 27.3130005674953 31.0644491340181 18.7882942280559 21.0237960416286 12.369316876853 15.2970585407784 22.2036033111745 16.2788205960997 10.6301458127346 8.54400374531753 12.0415945787923 14.7648230602334 10.6301458127346 29.0688837074973 18.9736659610103 9.05538513813742 23.7697286480094 23.3238075793812 20 19.1049731745428 24.4131112314674 14.560219778561 32.5576411921994 19.2093727122985 15.2970585407784 21.095023109729 31 25.0798724079689 23 7.81024967590665 24.1660919471891 12.2065556157337 25.3179778023443 9.48683298050514 17.0880074906351 37.4833296279826 15.8113883008419 32.2800247831379 10.0498756211209 12.0830459735946 29.8328677803526 22.0227155455452 11.6619037896906 22.2036033111745 21.095023109729 35.8050275799363 23.7065391822594 29.698484809835 26.3058928759318 36.8917334913934 12.0830459735946 7.21110255092798 13 30.4138126514911 44.2040722106007 9.21954445729289 41.7252920900501 31.0161248385416 32.7566787083184 30.4138126514911 23.0867927612304 24.2074368738204 16.2788205960997 31 35.8050275799363 12.8062484748657 8 25.4950975679639 13.4536240470737 26 43.0116263352131 35.1710107901379 16.1554944214035 8.48528137423857 39 9 31.6227766016838 37.6430604494374 7.28010988928052 12.0415945787923 12.0830459735946 10.6301458127346 25.0798724079689 23.7065391822594 12.8062484748657 10 22.6715680975093 20.0249843945008 16 30.886890422961 26.0192236625154 17.464249196573 21.2602916254693 28.4429253066558 20.6155281280883 29.732137494637 35 6.70820393249937 22.0227155455452 18.6010752377383 8.54400374531753 23 29.698484809835 8 10 17.7200451466693 10.0498756211209 18.8679622641132 36.7967389859482 27.5136329843952 9.21954445729289 15.2315462117278 31.7647603485372 12.0415945787923 24.1660919471891 30.0832179129826 9.21954445729289 32.4499614791759 20.8806130178211 12.0415945787923 7.81024967590665 26.3058928759318 25.4950975679639 22.6715680975093 17.7200451466693 16.7630546142402 15.0332963783729 31.6227766016838 16.6433169770932 10.0498756211209 31.0161248385416 22.8254244210267 25.3179778023443 7.07106781186548 12.5299640861417 25.9422435421457 32.0624390837628 26.9258240356725 14.7648230602334 24.1660919471891 36.8917334913934 13.4536240470737 20.0249843945008 10.0498756211209 16.7630546142402 25 43.6004587131833 31.4006369362152 7.21110255092798 15.52417469626 36.7967389859482 9.05538513813742 21 27.0185121722126 18.3847763108502 20.8086520466848 7.07106781186548 10.6301458127346 12.2065556157337 12.0830459735946 26 16 18.8679622641132 15.0332963783729 25 18.6010752377383 10.0498756211209 18.3575597506858 34 13 30.6104557300279 20.8806130178211 24.1867732448956 22.2036033111745 28.1602556806574 18.8679622641132 29.0688837074973 25.3179778023443 7.21110255092798 43.0116263352131 30.886890422961 36.7967389859482 31.6227766016838 43.6004587131833 18.6010752377383 16.0312195418814 36.8917334913934 51.4003891035856 10.0498756211209 48.7954915950234 35.3553390593274 36.0138862107382 37.589892258425 29.9666481275434 16.1554944214035 18.9736659610103 9.48683298050514 13 35.1710107901379 26.0192236625154 27.5136329843952 16.6433169770932 31.4006369362152 10.0498756211209 16.0312195418814 24.2074368738204 42.7200187265877 6.32455532033676 38.4707681233427 19.4164878389476 20.0997512422418 32.0624390837628 29.1204395571221 21.3775583264319 9.05538513813742 17.0880074906351 30.4138126514911 16.1554944214035 17.464249196573 9.21954445729289 10.0498756211209 7.21110255092798 18.3575597506858 36.8917334913934 24.2074368738204 21 29.698484809835 15.2970585407784 15.52417469626 21.5870331449229 18.3847763108502 30.8706980808663 32.649655434629 23.7697286480094 37.4833296279826 44.2040722106007 8.48528137423857 21.2602916254693 15.2315462117278 31.0161248385416 15.52417469626 34 51.4003891035856 42.7200187265877 21 46.9574275274956 6.70820393249937 36.2215405525497 42.2965719651132 15.2643375224737 29.8328677803526 17 23.3238075793812 15.8113883008419 9.21954445729289 39 28.4429253066558 31.7647603485372 22.8254244210267 36.7967389859482 13 10.0498756211209 6.32455532033676 29.698484809835 46.9574275274956 43.2666153055679 25.7099202643649 26 34.928498393146 31.7804971641414 30.6104557300279 20 32.2800247831379 41.7252920900501 9 20.6155281280883 12.0415945787923 25.3179778023443 9.05538513813742 30.6104557300279 48.7954915950234 38.4707681233427 15.2970585407784 6.70820393249937 43.2666153055679 30.0166620396073 36.0555127546399 16.1245154965971 39.4081209904761 27.3130005674953 19.1049731745428 10.0498756211209 31.0161248385416 31.6227766016838 29.732137494637 24.1660919471891 7.07106781186548 21 20.8806130178211 35.3553390593274 19.4164878389476 15.52417469626 36.2215405525497 25.7099202643649 30.0166620396073 6.08276253029822 32.7566787083184 43.9317652729776 31.0644491340181 24.4131112314674 12.0830459735946 32.7566787083184 37.6430604494374 35 30.0832179129826 12.5299640861417 27.0185121722126 24.1867732448956 36.0138862107382 20.0997512422418 21.5870331449229 42.2965719651132 26 36.0555127546399 6.08276253029822 38.4707681233427 15.8113883008419 18.7882942280559 14.560219778561 29.8328677803526 30.4138126514911 7.28010988928052 6.70820393249937 9.21954445729289 25.9422435421457 18.3847763108502 22.2036033111745 37.589892258425 32.0624390837628 18.3847763108502 15.2643375224737 34.928498393146 16.1245154965971 32.7566787083184 38.4707681233427
Deviation Vector:
12.1731079611468 9.05321299130578 24.5618853375049 4.01726553365717 13.5708483285449 10.6476501251238 11.656694126668 4.18856600074984 21.7648086409263 20.4652865310372 23.2431303422812 22.9933060311648 13.4059346782428 13.19888127895 12.8269417680728 27.3464002547825 11.6087240766813 20.2840761804651 3.13163138401108 8.22873053603375 12.9260761040221 16.7339345091915 2.92358676676622 11.4800247402854 6.43152395592418 17.9937056910292 9.2917023327805 3.85057284820285 5.83267397729219 17.7524115006678 3.38304178217945 13.7516741677769 10.2410669896858 16.3848947871888 25.2747721793408 24.6222353199816 24.5480158556137 5.58324349809675 21.6663205284653 5.08658912396091 3.40875077750349 17.7211747091806 1.96477151015561 7.26250176066943 1.43408802864899 6.63076449608456 7.17346202800259 4.91563728777541 29.4285465574817 12.976278242649 9.55108817775094 23.7591779803408 11.5969652827593 4.9521755268825 7.94697374675601 25.13311477643 2.2878243782082 28.0306787396118 2.20276213638851 15.0216057501326 15.694769296871 10.0463636176764 14.2313556306847 24.3263826439513 1.7968699522647 8.10299119869009 11.0020729113691 25.8317862462917 6.00013942188889 14.9359223217575 14.0072431698237 13.5235948528848 19.831308971555 4.96853350164796 5.80805401291771 23.3352588730101 23.014675502306 11.2715346711633 4.14754314203187 21.0863192128627 21.2183484419085 4.35511000903254 27.9556459184815 0.84168058355313 15.9120688802862 3.61828280697401 0.0263957030754587 7.64980356564157 3.11980953144582 5.23074044249446 4.72604499814411 35.3238863825913 13.7217782717361 0.728013837089549 25.742949658135 15.5252565728981 8.65486214748563 11.2310829138896 19.6831325599924 35.446951820495 6.48189184430554 8.06905893644677 20.0768427888864 0.84320722509352 11.5749910957619 9.04657382289217 29.7150990903559 6.98574213558746 1.00997529546668 40.235157401192 3.36749413192681 22.5038684375035 5.93073822344849 1.87574661462065 8.95449939571204 7.11534294264262 5.92210556075392 18.7419660562194 2.83265729414435 8.44807125861969 8.65622766959109 14.3306979391577 8.97995783009706 4.00324305200172 20.2100610872968 6.16740686994775 16.1138471052956 21.5123099939896 26.3652447124665 10.3033935177919 28.0678891667642 13.1346387646385 3.02266571697182 14.8361720605179 8.14635006556215 7.65358498079585 20.3321021170999 6.68207838947443 2.16290388204852 10.0303116991647 3.52345417035229 6.47743628334716 12.3931947932606 13.1140630088933 24.8223212913836 3.15899158798852 14.3978012446375 12.7522641074383 0.386582226208245 0.167288166580543 0.0997273333934032 8.27663097625468 20.7362530048562 9.43287420681447 1.08496454012503 1.83946489614312 18.1191161253224 25.8208637788377 4.29728983741585 9.88619253778547 7.6227918288433 1.13866150597952 29.5099170719313 15.0676947776505 7.53156278800444 9.71760140570381 16.9658284519302 14.5729010153759 3.80639347374138 12.7009908902994 13.5106734707703 23.6346778683765 16.1649308732254 1.76894740778688 0.862956043517588 16.4059423976126 6.2216147428325 19.6439357026487 8.50384886336433 8.290217076767 24.6973442494274 37.0377018245383 10.5019932154299 4.10375357967492 3.77865268085612 15.6221659009981 7.28603147691119 19.5759870835357 10.253596631418 18.2772787620552 8.9949980252199 5.89896954610174 0.128280108925673 3.75509745415222 8.23752412058331 19.7986382098205 9.93500183048501 6.92833126835047 4.19809468710246 2.53537445033604 6.00856180683896 8.0404159978872 15.3939213192609 31.3946733283668 11.9581738952929 26.7617940337865 6.47820792424098 7.84813744752593 17.7054436007058 2.77622148664605 15.453491978114 21.1469990067969 24.0031178103782 0.68979295155865 10.2685589899112 4.12780450416158 19.1420341893202 32.9935203142432 0.348999982881921 16.7356237872027 15.705331509277 16.2425640818856 34.7530890340075 9.96685601655602 36.4944454056849 10.6079947941633 25.0439614578889 11.6910482387196 19.9949530382621 15.7459601733443 7.82532271675651 9.39445503347247 9.31935935946179 6.79374091168686 22.2674413041628 15.9277897031454 0.159856113442748 3.39846638820157 9.07891605255598 12.9374811027851 5.00647883423293 28.3913564068485 3.01471829667318 3.73373897846949 14.7613549150851 14.3795220978284 7.39669339321315 6.48309987167924 14.9841018844844 2.16152976939418 1.10243807531226 18.9408229194493 10.9692180579607 12.9347272449235 5.13235166429044 3.70896368158623 7.50444825335496 3.56597610247009 25.0890136628535 15.7370608300661 2.33254557209505 1.02977056517525 8.91094252882276 12.8532000078762 4.91833053851216 6.99551518711912 10.7746390753321 7.75240227868438 11.6171002761967 7.29360910653597 46.1693845494231 5.90194438564326 18.2662925215092 7.056788103145 24.5835275481214 8.71829300610967 4.10994842581935 52.598083347832 33.5021145975599 17.2579587214564 9.5875015536062 5.69352431766106 14.0086813766843 37.354297390281 8.1138022267869 28.1452735773278 3.30445327292907 11.9978744513121 1.26261597821037 8.06204011897546 4.16007738024361 5.43056349141905 28.8781442807319 15.7311726561422 37.4913083527454 1.02874856199142 0.119323047026412 1.96107176503219 9.40184505854093 23.5072718286719 21.8347316989647 7.79546920930378 3.59660656346876 10.6881756860643 24.3600513231885 28.4963679200974 17.3519240162735 28.6449803460601 37.4029301066868 5.34594079972245 13.4283340501344 0.514843649040188 9.74504036354488 9.40057546054816 28.3424452115208 44.7190581610951 35.5363581396387 0.955438465913508 2.50239800656157 43.421444480785 28.1229106338176 17.2959780437074 2.203882201202 31.0617661069901 3.03369168413281 1.8670688166208 8.71667661193931 3.81325983639978 12.8957531348605 3.74893612489851 15.0688294849932 6.45203072354386 9.01527853310161 15.9085970855818 5.67907689459294 2.6790959520525 9.85771773978042 37.243884574455 26.3622001090166 14.2150663709654 3.43305162792749 20.273523156031 22.6831987768003 29.489362386761 14.6284483155465 4.64481135544189 26.4650054950665 17.5077976208006 15.6403201273733 3.7042824896881 5.14794574832561 8.80663863625295 14.5807214198833 19.7186748451138 1.13217057199304 15.4111984273835 27.2921430083488 24.0154026224071 30.173214953018 6.40549042572436 40.385061946743 6.36533367729114 17.0538173602461 6.13321175805545 3.18121917122564 0.318849250091315 4.07111880106842 4.97497931648242 9.57641874577202 13.6651794166285 2.89322490216705 12.1069742991661 3.30184548076535 21.6004218966986 8.02934696112202 10.4872599583442 0.00971040799986484 3.01267134384038 3.08946418831288 17.2019846067416
