Instancenumber:
33
Instancename:
P-n20-k2
Customers:
19
Depot:
0
Dimension:
380
Vehicles:
19
Capacity:
160
Demands:
0 19 30 16 23 11 31 15 28 8 8 7 14 6 19 11 26 17 6 15
Uncertainty:budgeted
Gamma:
5
Mean Vector:
13.8924439894498 21.0237960416286 32.5576411921994 22.0227155455452 23.0867927612304 12.0415945787923 22.0227155455452 32.4499614791759 32.0624390837628 20.8086520466848 28.1602556806574 29.9666481275434 29.1204395571221 30.8706980808663 29.8328677803526 31.7804971641414 39.4081209904761 43.9317652729776 15.8113883008419 13.8924439894498 12.369316876853 19.2093727122985 11.6619037896906 24.2074368738204 12.0830459735946 18.6010752377383 20.8806130178211 26.9258240356725 7.07106781186548 18.8679622641132 16.1554944214035 21.3775583264319 32.649655434629 17 30.6104557300279 27.3130005674953 31.0644491340181 18.7882942280559 21.0237960416286 12.369316876853 15.2970585407784 22.2036033111745 16.2788205960997 10.6301458127346 8.54400374531753 12.0415945787923 14.7648230602334 10.6301458127346 29.0688837074973 18.9736659610103 9.05538513813742 23.7697286480094 23.3238075793812 20 19.1049731745428 24.4131112314674 14.560219778561 32.5576411921994 19.2093727122985 15.2970585407784 21.095023109729 31 25.0798724079689 23 7.81024967590665 24.1660919471891 12.2065556157337 25.3179778023443 9.48683298050514 17.0880074906351 37.4833296279826 15.8113883008419 32.2800247831379 10.0498756211209 12.0830459735946 29.8328677803526 22.0227155455452 11.6619037896906 22.2036033111745 21.095023109729 35.8050275799363 23.7065391822594 29.698484809835 26.3058928759318 36.8917334913934 12.0830459735946 7.21110255092798 13 30.4138126514911 44.2040722106007 9.21954445729289 41.7252920900501 31.0161248385416 32.7566787083184 30.4138126514911 23.0867927612304 24.2074368738204 16.2788205960997 31 35.8050275799363 12.8062484748657 8 25.4950975679639 13.4536240470737 26 43.0116263352131 35.1710107901379 16.1554944214035 8.48528137423857 39 9 31.6227766016838 37.6430604494374 7.28010988928052 12.0415945787923 12.0830459735946 10.6301458127346 25.0798724079689 23.7065391822594 12.8062484748657 10 22.6715680975093 20.0249843945008 16 30.886890422961 26.0192236625154 17.464249196573 21.2602916254693 28.4429253066558 20.6155281280883 29.732137494637 35 6.70820393249937 22.0227155455452 18.6010752377383 8.54400374531753 23 29.698484809835 8 10 17.7200451466693 10.0498756211209 18.8679622641132 36.7967389859482 27.5136329843952 9.21954445729289 15.2315462117278 31.7647603485372 12.0415945787923 24.1660919471891 30.0832179129826 9.21954445729289 32.4499614791759 20.8806130178211 12.0415945787923 7.81024967590665 26.3058928759318 25.4950975679639 22.6715680975093 17.7200451466693 16.7630546142402 15.0332963783729 31.6227766016838 16.6433169770932 10.0498756211209 31.0161248385416 22.8254244210267 25.3179778023443 7.07106781186548 12.5299640861417 25.9422435421457 32.0624390837628 26.9258240356725 14.7648230602334 24.1660919471891 36.8917334913934 13.4536240470737 20.0249843945008 10.0498756211209 16.7630546142402 25 43.6004587131833 31.4006369362152 7.21110255092798 15.52417469626 36.7967389859482 9.05538513813742 21 27.0185121722126 18.3847763108502 20.8086520466848 7.07106781186548 10.6301458127346 12.2065556157337 12.0830459735946 26 16 18.8679622641132 15.0332963783729 25 18.6010752377383 10.0498756211209 18.3575597506858 34 13 30.6104557300279 20.8806130178211 24.1867732448956 22.2036033111745 28.1602556806574 18.8679622641132 29.0688837074973 25.3179778023443 7.21110255092798 43.0116263352131 30.886890422961 36.7967389859482 31.6227766016838 43.6004587131833 18.6010752377383 16.0312195418814 36.8917334913934 51.4003891035856 10.0498756211209 48.7954915950234 35.3553390593274 36.0138862107382 37.589892258425 29.9666481275434 16.1554944214035 18.9736659610103 9.48683298050514 13 35.1710107901379 26.0192236625154 27.5136329843952 16.6433169770932 31.4006369362152 10.0498756211209 16.0312195418814 24.2074368738204 42.7200187265877 6.32455532033676 38.4707681233427 19.4164878389476 20.0997512422418 32.0624390837628 29.1204395571221 21.3775583264319 9.05538513813742 17.0880074906351 30.4138126514911 16.1554944214035 17.464249196573 9.21954445729289 10.0498756211209 7.21110255092798 18.3575597506858 36.8917334913934 24.2074368738204 21 29.698484809835 15.2970585407784 15.52417469626 21.5870331449229 18.3847763108502 30.8706980808663 32.649655434629 23.7697286480094 37.4833296279826 44.2040722106007 8.48528137423857 21.2602916254693 15.2315462117278 31.0161248385416 15.52417469626 34 51.4003891035856 42.7200187265877 21 46.9574275274956 6.70820393249937 36.2215405525497 42.2965719651132 15.2643375224737 29.8328677803526 17 23.3238075793812 15.8113883008419 9.21954445729289 39 28.4429253066558 31.7647603485372 22.8254244210267 36.7967389859482 13 10.0498756211209 6.32455532033676 29.698484809835 46.9574275274956 43.2666153055679 25.7099202643649 26 34.928498393146 31.7804971641414 30.6104557300279 20 32.2800247831379 41.7252920900501 9 20.6155281280883 12.0415945787923 25.3179778023443 9.05538513813742 30.6104557300279 48.7954915950234 38.4707681233427 15.2970585407784 6.70820393249937 43.2666153055679 30.0166620396073 36.0555127546399 16.1245154965971 39.4081209904761 27.3130005674953 19.1049731745428 10.0498756211209 31.0161248385416 31.6227766016838 29.732137494637 24.1660919471891 7.07106781186548 21 20.8806130178211 35.3553390593274 19.4164878389476 15.52417469626 36.2215405525497 25.7099202643649 30.0166620396073 6.08276253029822 32.7566787083184 43.9317652729776 31.0644491340181 24.4131112314674 12.0830459735946 32.7566787083184 37.6430604494374 35 30.0832179129826 12.5299640861417 27.0185121722126 24.1867732448956 36.0138862107382 20.0997512422418 21.5870331449229 42.2965719651132 26 36.0555127546399 6.08276253029822 38.4707681233427 15.8113883008419 18.7882942280559 14.560219778561 29.8328677803526 30.4138126514911 7.28010988928052 6.70820393249937 9.21954445729289 25.9422435421457 18.3847763108502 22.2036033111745 37.589892258425 32.0624390837628 18.3847763108502 15.2643375224737 34.928498393146 16.1245154965971 32.7566787083184 38.4707681233427
Deviation Vector:
4.30627506210705 10.6205142878884 25.1700720474907 20.1025791761493 24.3033771465366 9.98754188857853 12.528571285475 20.7720242791849 22.2917819440094 7.23973718213626 17.8917015197346 20.5928801522849 21.8548495820463 14.9787126828171 1.50942557799663 27.24012319793 19.5342822986441 26.7899083202518 8.55287783561328 6.62075376625956 0.973876240226619 13.4139468218491 11.9166345598772 4.03227828121255 3.79616516216937 7.45445379606405 17.824007065519 8.46684887148163 4.15490191677735 17.8855201929983 12.303946535088 19.1877337366115 12.9053986133991 8.10661701735969 23.035820748012 10.6558179877844 7.71802667291564 4.95283135738031 21.6600179498708 11.6730931275411 9.35464356212964 13.4950609307438 9.32905011947143 3.2337204651979 0.300467923297107 7.5100421507454 1.52828016063736 5.64310758895146 5.10607516205999 12.2273832882807 9.12267744298013 6.04672310841196 6.64527695090714 19.4289242287058 8.04241868558744 14.6255717937615 4.57732783575749 7.05675782071207 17.5484849435779 13.797396584573 2.25398854848727 19.1364501471152 18.6017512338249 11.5487223846761 0.283798732081903 10.5465632122072 10.891367361089 7.21027584862398 6.64109146170693 14.7758224785618 6.39744688286585 4.01192983975694 13.3848677239366 7.47462965553142 6.74160928801307 13.4192932061838 6.81824461061611 7.71373999824606 21.774510637093 10.2364625888954 8.88177608202375 22.0536686804349 21.9662591296622 14.0203402959354 31.1327905174328 1.24182161602736 0.535295765669841 1.30572411739054 9.71783608368776 43.6634476959595 9.2417114484255 17.7904038896621 16.9734714237395 22.4801479036609 28.2388646821796 13.473068708657 1.57030507092056 12.4193689089019 26.919536970987 27.3873089265838 7.2967110941925 8.31237292860316 25.9702734707504 13.2440977139794 18.8492746333892 22.3122606462844 13.2388537242069 16.7140325320871 1.03833800265698 11.6711583810503 4.1579958796347 11.7139864088029 6.46370396854623 1.04698170054725 10.8784023384814 12.271619874444 2.62126517879012 24.5189437264857 1.38016721111026 7.24972442068528 9.07576147909185 0.063372109570454 19.8743595546759 6.35191786635751 21.283291399775 22.4581895697458 17.1250629739677 16.0289992869817 16.1620138158671 16.3094071191827 13.7069302313515 2.80614574601021 5.18102161886655 9.28970823958389 0.12599734505688 3.7549635335109 21.633189230622 11.3800868553632 3.3298393354927 0.0511478862143063 12.093008090536 8.82609683589286 7.08574179299136 31.4302400640406 28.1201285546462 2.03860485600436 12.3670532710901 6.69611878747707 1.69695072620799 21.0282618084096 23.3720053499611 9.66669453241811 28.327222734356 14.857849434031 4.66813050829696 3.93788826480497 13.5967877377047 7.91412260477356 4.54128897082055 0.483234434812489 0.732745197567443 9.94184395760471 3.39774368696209 13.5818290142982 0.254438538033701 3.54265398771912 4.51282132169625 24.4544075457832 3.51720008205419 7.69264877210691 25.1900693135346 3.91248869578153 11.695008319458 4.26292059655812 23.5905878611009 14.7034659147055 6.85918433886459 14.624132614853 6.12399799955195 10.9087798010664 13.5655508455398 14.3203246825316 20.1414837399264 2.57973558933889 16.1452394127626 37.8676217332499 7.80519764131724 10.4800635661709 7.61090190286263 0.0812532210140586 10.9520335259125 2.30095397057062 7.07692619350548 7.7361149696001 1.01049405788385 17.967528701739 11.9677917068783 5.30830072066579 9.0067764655676 4.68915559051881 16.653162913826 5.14854835523022 5.68337921671054 9.2409730789804 10.4132746086992 6.97768096348607 13.9973298663723 6.12003526609831 21.2764970428074 6.24828583697259 17.0527805429156 12.8786580100073 13.9331792929282 3.51471383043877 34.4430335188323 16.4474490990844 16.8778473992723 19.1284969752062 44.9763353706969 13.7716765950065 9.76807503386976 18.4476984780541 0.408426892004142 2.18312474536805 3.70791671378184 3.23766770582894 32.7109744829016 30.9731653727755 11.1749960184599 7.26321501209748 19.1926623935139 1.99570775185539 12.5044586101008 9.26079287386916 12.5454131095557 19.3991635363578 8.17617020827505 2.97307366093211 9.62885526316035 6.27903956501538 7.66322942838354 34.3500779523267 5.27920138970723 33.3500236041935 4.53665568482595 11.611050045569 10.9515816397296 20.1608798972164 2.6666270887004 2.8551534750378 6.4057713761218 22.3254213897735 13.1723598717711 6.68558360474468 8.77040849261423 8.95783128407576 3.42087836585141 14.7180675872161 24.2557785719278 20.511080431815 4.06345774259978 18.1517028450573 16.1792550632706 1.51440584420422 18.8780155379869 8.86150669741847 24.7776263820973 10.0540590100602 13.7076311163306 26.3472195201495 30.9257613663382 7.57947304893535 9.54909260434653 7.25783892339094 21.7830613747211 10.5999249539141 35.8418412097574 53.6560711717428 13.5550911674016 2.54275119727826 14.1508802033001 4.64321818265213 30.9744419649087 2.49026006437449 0.261898468838323 22.3327393948818 16.1536328205422 11.4647713145199 7.78728883664438 5.06956194762939 10.9599739799561 19.512113516989 3.27948472237242 6.41093132526775 28.8324835112655 12.7107505681093 7.6667528577447 3.34163520736511 6.76708949268339 13.2291673729737 7.50398640398916 23.8452609455995 3.04585672110208 21.7460458460125 11.0006812952214 25.0841181808937 4.95121414974589 11.0555695651217 33.6105151741889 5.08375252886443 9.55679998147156 0.590598694436913 5.04343049143712 2.36240193989581 3.30356363320454 10.5574446416713 38.8354239458375 0.0047183959185113 4.74879848887078 19.2173952072823 16.5145565643964 35.6565244701797 1.16650580069386 25.7501533056109 5.78964852312301 16.3520316205885 5.76204180960665 30.2358991964802 10.3227939735154 23.8215177434284 4.80285092772782 3.53462424731709 14.0878403253111 6.59601278007132 2.28504642802208 19.7464749984294 1.20352994271635 11.3080599921773 7.75557073457687 26.5060684346576 5.33490495861456 25.0663811754026 40.9484347444845 0.572472347071018 25.0506177228691 12.5665423122822 7.69092762925461 36.8060329821171 36.4113012684638 28.3594100087655 4.5621390779682 14.3920745661069 21.1345180397837 15.7179709055845 2.57817747206406 0.603377172755196 9.91932626548311 18.241956527434 36.1563031809649 3.41214907664349 17.1191107102872 2.27226798326221 0.0563130976124458 0.844662652355015 13.7112625993392 2.0568288725632 0.125064342982875 3.60316916488708 3.5017645887474 8.27131206279173 6.66164927506663 4.41950970321404 0.986257914563859 7.58628442044664 3.9981969325489 16.0634347540704 7.64222230437054 7.29251929403129 31.8488841320596 7.74382391280181
