Instancenumber:
36
Instancename:
P-n20-k2
Customers:
19
Depot:
0
Dimension:
380
Vehicles:
19
Capacity:
160
Demands:
0 19 30 16 23 11 31 15 28 8 8 7 14 6 19 11 26 17 6 15
Uncertainty:budgeted
Gamma:
19
Mean Vector:
13.8924439894498 21.0237960416286 32.5576411921994 22.0227155455452 23.0867927612304 12.0415945787923 22.0227155455452 32.4499614791759 32.0624390837628 20.8086520466848 28.1602556806574 29.9666481275434 29.1204395571221 30.8706980808663 29.8328677803526 31.7804971641414 39.4081209904761 43.9317652729776 15.8113883008419 13.8924439894498 12.369316876853 19.2093727122985 11.6619037896906 24.2074368738204 12.0830459735946 18.6010752377383 20.8806130178211 26.9258240356725 7.07106781186548 18.8679622641132 16.1554944214035 21.3775583264319 32.649655434629 17 30.6104557300279 27.3130005674953 31.0644491340181 18.7882942280559 21.0237960416286 12.369316876853 15.2970585407784 22.2036033111745 16.2788205960997 10.6301458127346 8.54400374531753 12.0415945787923 14.7648230602334 10.6301458127346 29.0688837074973 18.9736659610103 9.05538513813742 23.7697286480094 23.3238075793812 20 19.1049731745428 24.4131112314674 14.560219778561 32.5576411921994 19.2093727122985 15.2970585407784 21.095023109729 31 25.0798724079689 23 7.81024967590665 24.1660919471891 12.2065556157337 25.3179778023443 9.48683298050514 17.0880074906351 37.4833296279826 15.8113883008419 32.2800247831379 10.0498756211209 12.0830459735946 29.8328677803526 22.0227155455452 11.6619037896906 22.2036033111745 21.095023109729 35.8050275799363 23.7065391822594 29.698484809835 26.3058928759318 36.8917334913934 12.0830459735946 7.21110255092798 13 30.4138126514911 44.2040722106007 9.21954445729289 41.7252920900501 31.0161248385416 32.7566787083184 30.4138126514911 23.0867927612304 24.2074368738204 16.2788205960997 31 35.8050275799363 12.8062484748657 8 25.4950975679639 13.4536240470737 26 43.0116263352131 35.1710107901379 16.1554944214035 8.48528137423857 39 9 31.6227766016838 37.6430604494374 7.28010988928052 12.0415945787923 12.0830459735946 10.6301458127346 25.0798724079689 23.7065391822594 12.8062484748657 10 22.6715680975093 20.0249843945008 16 30.886890422961 26.0192236625154 17.464249196573 21.2602916254693 28.4429253066558 20.6155281280883 29.732137494637 35 6.70820393249937 22.0227155455452 18.6010752377383 8.54400374531753 23 29.698484809835 8 10 17.7200451466693 10.0498756211209 18.8679622641132 36.7967389859482 27.5136329843952 9.21954445729289 15.2315462117278 31.7647603485372 12.0415945787923 24.1660919471891 30.0832179129826 9.21954445729289 32.4499614791759 20.8806130178211 12.0415945787923 7.81024967590665 26.3058928759318 25.4950975679639 22.6715680975093 17.7200451466693 16.7630546142402 15.0332963783729 31.6227766016838 16.6433169770932 10.0498756211209 31.0161248385416 22.8254244210267 25.3179778023443 7.07106781186548 12.5299640861417 25.9422435421457 32.0624390837628 26.9258240356725 14.7648230602334 24.1660919471891 36.8917334913934 13.4536240470737 20.0249843945008 10.0498756211209 16.7630546142402 25 43.6004587131833 31.4006369362152 7.21110255092798 15.52417469626 36.7967389859482 9.05538513813742 21 27.0185121722126 18.3847763108502 20.8086520466848 7.07106781186548 10.6301458127346 12.2065556157337 12.0830459735946 26 16 18.8679622641132 15.0332963783729 25 18.6010752377383 10.0498756211209 18.3575597506858 34 13 30.6104557300279 20.8806130178211 24.1867732448956 22.2036033111745 28.1602556806574 18.8679622641132 29.0688837074973 25.3179778023443 7.21110255092798 43.0116263352131 30.886890422961 36.7967389859482 31.6227766016838 43.6004587131833 18.6010752377383 16.0312195418814 36.8917334913934 51.4003891035856 10.0498756211209 48.7954915950234 35.3553390593274 36.0138862107382 37.589892258425 29.9666481275434 16.1554944214035 18.9736659610103 9.48683298050514 13 35.1710107901379 26.0192236625154 27.5136329843952 16.6433169770932 31.4006369362152 10.0498756211209 16.0312195418814 24.2074368738204 42.7200187265877 6.32455532033676 38.4707681233427 19.4164878389476 20.0997512422418 32.0624390837628 29.1204395571221 21.3775583264319 9.05538513813742 17.0880074906351 30.4138126514911 16.1554944214035 17.464249196573 9.21954445729289 10.0498756211209 7.21110255092798 18.3575597506858 36.8917334913934 24.2074368738204 21 29.698484809835 15.2970585407784 15.52417469626 21.5870331449229 18.3847763108502 30.8706980808663 32.649655434629 23.7697286480094 37.4833296279826 44.2040722106007 8.48528137423857 21.2602916254693 15.2315462117278 31.0161248385416 15.52417469626 34 51.4003891035856 42.7200187265877 21 46.9574275274956 6.70820393249937 36.2215405525497 42.2965719651132 15.2643375224737 29.8328677803526 17 23.3238075793812 15.8113883008419 9.21954445729289 39 28.4429253066558 31.7647603485372 22.8254244210267 36.7967389859482 13 10.0498756211209 6.32455532033676 29.698484809835 46.9574275274956 43.2666153055679 25.7099202643649 26 34.928498393146 31.7804971641414 30.6104557300279 20 32.2800247831379 41.7252920900501 9 20.6155281280883 12.0415945787923 25.3179778023443 9.05538513813742 30.6104557300279 48.7954915950234 38.4707681233427 15.2970585407784 6.70820393249937 43.2666153055679 30.0166620396073 36.0555127546399 16.1245154965971 39.4081209904761 27.3130005674953 19.1049731745428 10.0498756211209 31.0161248385416 31.6227766016838 29.732137494637 24.1660919471891 7.07106781186548 21 20.8806130178211 35.3553390593274 19.4164878389476 15.52417469626 36.2215405525497 25.7099202643649 30.0166620396073 6.08276253029822 32.7566787083184 43.9317652729776 31.0644491340181 24.4131112314674 12.0830459735946 32.7566787083184 37.6430604494374 35 30.0832179129826 12.5299640861417 27.0185121722126 24.1867732448956 36.0138862107382 20.0997512422418 21.5870331449229 42.2965719651132 26 36.0555127546399 6.08276253029822 38.4707681233427 15.8113883008419 18.7882942280559 14.560219778561 29.8328677803526 30.4138126514911 7.28010988928052 6.70820393249937 9.21954445729289 25.9422435421457 18.3847763108502 22.2036033111745 37.589892258425 32.0624390837628 18.3847763108502 15.2643375224737 34.928498393146 16.1245154965971 32.7566787083184 38.4707681233427
Deviation Vector:
4.68360923990364 5.85632777642044 23.8961917786176 3.37190645329712 16.5070351508871 10.382682127052 3.98746135550321 30.8118064848708 16.224253658269 2.6224884648657 12.7465537254445 28.49860188366 7.85493567213877 14.0659445968299 30.1020298168463 23.178856621315 20.6210384328424 45.0828320268119 3.29893465842356 12.5461057556312 3.55257821646956 10.9683385846151 0.516682938593106 7.58773015150077 9.75825112912396 4.86936045463591 6.43057900198123 27.6365257164047 5.04903436699739 4.19675649257012 2.74413919792318 22.4715518380249 16.3569796436154 15.365002018511 4.48312407185637 4.31971089878599 22.0007904584785 6.15351530907876 1.04793941321542 1.93484699701232 6.93793998919812 11.1570617594378 0.80752404234553 7.68864547102615 8.18626142823082 0.00963539178899744 5.82916877033923 4.50261320720253 29.8537847401482 11.4495462771073 2.43436562185046 6.09413958191006 2.71967279676373 6.2627181422617 10.8865605482448 22.5626857479066 8.37087924513596 28.5790161235982 17.1495603750225 3.53557351333598 0.894369668135997 0.148813675160507 5.62979346513216 12.4977847076352 7.09658099883505 8.96397307692927 8.56336013153543 14.153423801402 6.62608245967717 12.8396416035499 26.8174383721908 1.48895495096273 6.32830574414714 7.688713079278 9.87736693571329 2.8742620408606 16.8662227059069 1.80094624225968 11.5440020385824 15.5054574257429 27.1356973149343 18.6984477748061 29.4434209703019 23.003949552701 1.62524161838111 6.08275290765694 5.34237852456124 8.04659315840904 9.83527199408434 25.452576298694 7.83750133117494 15.2622330908189 18.0078856144387 0.54844434388103 27.6510487749102 9.95949603995198 9.38461380463232 9.00008320103371 30.7030289978664 1.01318478480004 3.1557918727717 5.18433651769763 3.12230955705723 5.95282451783863 9.23701082868538 40.4276495954996 18.9506838220403 1.02260087408029 0.309930532172108 0.0352241986094825 7.1849392173226 25.1211212016574 29.7248275834502 5.3283864642337 7.35802345804559 10.0736832337376 1.88679154823544 7.37541939371656 9.36040128240984 6.41434468821181 8.69874322967342 4.24214759782729 17.3547550431348 6.28230230011104 6.29648062162199 18.6814911259387 14.3911971959972 12.5761196517309 6.059218614869 15.5983245892274 18.4288168795926 16.0809854120335 2.32670016493615 16.3473570121033 16.7768061884629 5.99886147918318 14.3609939519321 11.3719706397763 6.12328827550752 6.60916704887628 6.80126083843596 5.08432906618851 7.49979509030446 4.25513769072375 4.95222988418006 9.29826954031872 14.4599609421753 11.3554658697483 2.94764025991463 6.92019432229393 25.822304496989 0.523988743106286 15.3641737415128 13.9313276633847 5.41243729960376 5.29010762883241 8.61122500621303 5.49898771878995 4.78442232230519 9.5755657781511 16.2990184702929 12.4905647639639 31.6176273135009 4.34946364665737 5.17897516145826 26.1756209111017 21.9910997424176 2.07329849012418 1.19516669665837 8.40798986112262 19.2700819726143 17.7253811575909 3.20719764562428 1.21761735500433 16.1545113954223 11.0344719505943 0.446370036901837 11.2138594845088 6.59865248168345 4.6595696884829 21.1588274615695 19.9308572544583 10.5129703723695 1.88929389040387 1.0321491591292 28.8589330414434 8.50596592862267 8.27056080656782 27.0176389141601 1.70115541938957 19.4397895813789 6.46619198293908 9.81577742012177 10.6956998130953 1.42535983612235 9.90313977413697 10.5973407329714 0.444967450952179 6.95711428975268 20.7838972868598 12.9205648760927 1.4849642658339 5.99130861811616 27.6666908443665 2.99294996367387 30.4526837810761 1.14848434962996 6.37092533466119 11.0354410951567 20.038637648783 10.2145858572965 8.30022456028103 2.80750722145253 6.31817444079192 23.5503419322134 5.47860667278837 22.1746282909723 13.5672198731862 24.9051343958629 10.1332061526698 8.36130409603278 16.5127905931628 20.6318187732524 3.89057339134835 12.9795656272016 18.3620722850305 27.6592593204337 34.8959402963285 16.2701237410272 2.79439823154637 13.3168762291032 1.70503973324488 4.1694688784651 36.163831467051 25.8488802389284 15.1587817925484 16.0648989971378 32.9221734922038 8.18422314146282 6.48349872364575 16.9989588817961 12.7264919806064 4.36372778498209 31.2809811590401 2.25716342873419 3.61136871400716 31.7574235628478 20.9339458875253 13.0126367324866 4.56275079196608 3.51690378995678 2.20321698591791 15.3715152390707 10.6043871330008 4.23700622258633 1.6044045843907 0.495657374502405 3.11631324450897 1.11226122667758 14.8071171654523 7.19723145904328 21.7395979254177 12.1061432325274 10.2995708752858 15.1629642594414 13.3662572139293 4.83376524113002 19.9107074899543 17.0584926327558 36.3941261014237 44.8343587205597 3.07208538202568 4.48631134788577 9.84561881249706 3.63915783059917 5.08056818603431 28.0863409739592 2.56950655728541 44.691240839169 7.9158735686024 26.0079138091428 1.30223735165889 16.2775143889556 18.9279907815704 12.2317948514652 27.1167504127609 10.321562249933 20.2932714369543 0.330204630630775 5.87561619382382 16.5326944825618 10.3421116658166 9.89416475301676 3.59479024502301 37.7925678614543 13.1806114155848 8.88930762145619 0.795730357677123 16.8062016525123 25.5611527794964 1.68435671233404 13.4289300978043 23.5662990465721 8.73030984052124 3.52424812194649 31.3367584382663 11.5443242084087 30.2451654704026 0.662987057751173 5.08977959477575 5.27923830635262 6.86070919825985 19.2329828439271 6.38828771288253 31.1387121535517 24.5519741769257 21.4126732038945 8.66700959857382 2.11576470709496 24.9856011702003 4.38400053363506 26.6563750582499 15.1746072912115 18.0305814106628 24.4944475961379 17.391719336118 4.15662741481521 22.4400623503184 32.7656304749445 29.1224542168162 5.07526759450669 0.12191904847488 9.3238112673953 1.22327444195011 9.44659307235211 10.7739069025713 0.380086630166286 30.5856938233718 11.1585874044734 1.21185864655497 2.14179734177308 22.6053649933089 26.8038134859179 1.6755697741328 8.24527973907538 6.88193718452814 18.2487198016646 33.6655348720577 2.74068731867355 26.2475712207551 5.18725103937737 6.06180816752729 13.399125290182 10.7050892207316 13.7058646058123 8.48290810562418 6.33370710279215 0.97926849477167 2.11400012597359 0.778942832525647 39.1308613032584 4.24769597229021 2.7299273151332 5.87244755694445 9.76227204242191 12.5453744606008 6.97584345159832 2.35938020562425 1.83531276116406 8.67499738089202 7.20845936739303 12.2381139692879 38.51069407836 32.1333693146756 11.1249118643853 4.64658415408712 17.9510638572078 1.68318459990379 4.61592834210584 22.7840360333807
