Instancenumber:
38
Instancename:
P-n20-k2
Customers:
19
Depot:
0
Dimension:
380
Vehicles:
19
Capacity:
160
Demands:
0 19 30 16 23 11 31 15 28 8 8 7 14 6 19 11 26 17 6 15
Uncertainty:budgeted
Gamma:
19
Mean Vector:
13.8924439894498 21.0237960416286 32.5576411921994 22.0227155455452 23.0867927612304 12.0415945787923 22.0227155455452 32.4499614791759 32.0624390837628 20.8086520466848 28.1602556806574 29.9666481275434 29.1204395571221 30.8706980808663 29.8328677803526 31.7804971641414 39.4081209904761 43.9317652729776 15.8113883008419 13.8924439894498 12.369316876853 19.2093727122985 11.6619037896906 24.2074368738204 12.0830459735946 18.6010752377383 20.8806130178211 26.9258240356725 7.07106781186548 18.8679622641132 16.1554944214035 21.3775583264319 32.649655434629 17 30.6104557300279 27.3130005674953 31.0644491340181 18.7882942280559 21.0237960416286 12.369316876853 15.2970585407784 22.2036033111745 16.2788205960997 10.6301458127346 8.54400374531753 12.0415945787923 14.7648230602334 10.6301458127346 29.0688837074973 18.9736659610103 9.05538513813742 23.7697286480094 23.3238075793812 20 19.1049731745428 24.4131112314674 14.560219778561 32.5576411921994 19.2093727122985 15.2970585407784 21.095023109729 31 25.0798724079689 23 7.81024967590665 24.1660919471891 12.2065556157337 25.3179778023443 9.48683298050514 17.0880074906351 37.4833296279826 15.8113883008419 32.2800247831379 10.0498756211209 12.0830459735946 29.8328677803526 22.0227155455452 11.6619037896906 22.2036033111745 21.095023109729 35.8050275799363 23.7065391822594 29.698484809835 26.3058928759318 36.8917334913934 12.0830459735946 7.21110255092798 13 30.4138126514911 44.2040722106007 9.21954445729289 41.7252920900501 31.0161248385416 32.7566787083184 30.4138126514911 23.0867927612304 24.2074368738204 16.2788205960997 31 35.8050275799363 12.8062484748657 8 25.4950975679639 13.4536240470737 26 43.0116263352131 35.1710107901379 16.1554944214035 8.48528137423857 39 9 31.6227766016838 37.6430604494374 7.28010988928052 12.0415945787923 12.0830459735946 10.6301458127346 25.0798724079689 23.7065391822594 12.8062484748657 10 22.6715680975093 20.0249843945008 16 30.886890422961 26.0192236625154 17.464249196573 21.2602916254693 28.4429253066558 20.6155281280883 29.732137494637 35 6.70820393249937 22.0227155455452 18.6010752377383 8.54400374531753 23 29.698484809835 8 10 17.7200451466693 10.0498756211209 18.8679622641132 36.7967389859482 27.5136329843952 9.21954445729289 15.2315462117278 31.7647603485372 12.0415945787923 24.1660919471891 30.0832179129826 9.21954445729289 32.4499614791759 20.8806130178211 12.0415945787923 7.81024967590665 26.3058928759318 25.4950975679639 22.6715680975093 17.7200451466693 16.7630546142402 15.0332963783729 31.6227766016838 16.6433169770932 10.0498756211209 31.0161248385416 22.8254244210267 25.3179778023443 7.07106781186548 12.5299640861417 25.9422435421457 32.0624390837628 26.9258240356725 14.7648230602334 24.1660919471891 36.8917334913934 13.4536240470737 20.0249843945008 10.0498756211209 16.7630546142402 25 43.6004587131833 31.4006369362152 7.21110255092798 15.52417469626 36.7967389859482 9.05538513813742 21 27.0185121722126 18.3847763108502 20.8086520466848 7.07106781186548 10.6301458127346 12.2065556157337 12.0830459735946 26 16 18.8679622641132 15.0332963783729 25 18.6010752377383 10.0498756211209 18.3575597506858 34 13 30.6104557300279 20.8806130178211 24.1867732448956 22.2036033111745 28.1602556806574 18.8679622641132 29.0688837074973 25.3179778023443 7.21110255092798 43.0116263352131 30.886890422961 36.7967389859482 31.6227766016838 43.6004587131833 18.6010752377383 16.0312195418814 36.8917334913934 51.4003891035856 10.0498756211209 48.7954915950234 35.3553390593274 36.0138862107382 37.589892258425 29.9666481275434 16.1554944214035 18.9736659610103 9.48683298050514 13 35.1710107901379 26.0192236625154 27.5136329843952 16.6433169770932 31.4006369362152 10.0498756211209 16.0312195418814 24.2074368738204 42.7200187265877 6.32455532033676 38.4707681233427 19.4164878389476 20.0997512422418 32.0624390837628 29.1204395571221 21.3775583264319 9.05538513813742 17.0880074906351 30.4138126514911 16.1554944214035 17.464249196573 9.21954445729289 10.0498756211209 7.21110255092798 18.3575597506858 36.8917334913934 24.2074368738204 21 29.698484809835 15.2970585407784 15.52417469626 21.5870331449229 18.3847763108502 30.8706980808663 32.649655434629 23.7697286480094 37.4833296279826 44.2040722106007 8.48528137423857 21.2602916254693 15.2315462117278 31.0161248385416 15.52417469626 34 51.4003891035856 42.7200187265877 21 46.9574275274956 6.70820393249937 36.2215405525497 42.2965719651132 15.2643375224737 29.8328677803526 17 23.3238075793812 15.8113883008419 9.21954445729289 39 28.4429253066558 31.7647603485372 22.8254244210267 36.7967389859482 13 10.0498756211209 6.32455532033676 29.698484809835 46.9574275274956 43.2666153055679 25.7099202643649 26 34.928498393146 31.7804971641414 30.6104557300279 20 32.2800247831379 41.7252920900501 9 20.6155281280883 12.0415945787923 25.3179778023443 9.05538513813742 30.6104557300279 48.7954915950234 38.4707681233427 15.2970585407784 6.70820393249937 43.2666153055679 30.0166620396073 36.0555127546399 16.1245154965971 39.4081209904761 27.3130005674953 19.1049731745428 10.0498756211209 31.0161248385416 31.6227766016838 29.732137494637 24.1660919471891 7.07106781186548 21 20.8806130178211 35.3553390593274 19.4164878389476 15.52417469626 36.2215405525497 25.7099202643649 30.0166620396073 6.08276253029822 32.7566787083184 43.9317652729776 31.0644491340181 24.4131112314674 12.0830459735946 32.7566787083184 37.6430604494374 35 30.0832179129826 12.5299640861417 27.0185121722126 24.1867732448956 36.0138862107382 20.0997512422418 21.5870331449229 42.2965719651132 26 36.0555127546399 6.08276253029822 38.4707681233427 15.8113883008419 18.7882942280559 14.560219778561 29.8328677803526 30.4138126514911 7.28010988928052 6.70820393249937 9.21954445729289 25.9422435421457 18.3847763108502 22.2036033111745 37.589892258425 32.0624390837628 18.3847763108502 15.2643375224737 34.928498393146 16.1245154965971 32.7566787083184 38.4707681233427
Deviation Vector:
13.5713266386182 11.6661746855524 26.5865828732582 10.4176948032614 19.6734629561839 5.30630551970274 19.0718100394387 32.5115332905491 15.3363899681419 19.240472442288 2.03111159832543 13.1151793318889 3.94459694988476 6.71210037137988 25.0888617613536 14.7045219744192 24.823791342154 32.5691824940463 12.8768855903843 11.5166033450041 0.221744676257379 2.85578616316905 3.75900731134431 25.2343887199741 1.12433442050014 17.2515235163456 6.03455720588932 16.3436532081285 7.29617050410841 8.11168632713146 2.28443366082211 20.3277455902695 32.1540943288252 16.2860560208987 11.2067027699018 21.2808197404704 10.5880074535666 3.27452426480592 15.2047381781484 10.1325594667587 0.628639882361418 17.6594700644245 3.23948725536354 1.87678934355372 8.65310033165671 12.5230256840438 9.43831876206708 6.21710939962532 21.0316599537926 7.51018297081773 3.2238234174952 17.6237822569384 12.6995260321546 13.5668791501554 13.8708432517412 15.5642925860663 7.97847108962149 33.047177690458 3.58635806362579 7.98460577453287 8.16644342793501 10.1711383670792 10.408996656527 7.22477011766289 1.78289700040425 18.8771227508066 0.432583791126811 14.408881175504 9.06396914832335 12.9638901606822 12.3866476504625 15.756391755213 16.0163429643099 5.32098329668882 1.39253769115786 13.4578954878607 11.2670489923856 8.79879967558689 23.0021811497709 3.74000992830198 3.31140223345886 7.92153801623024 27.2849354686683 16.7561163464156 37.3526540494779 7.09198338357993 1.56251806406655 6.53418416699994 16.5495165186078 17.8310657282183 9.44634119135092 38.8575668786774 22.6877323847555 12.5066791886536 5.7045294668403 22.1577437416522 2.54464717766219 3.63021636292325 14.6024584083232 0.0972708387438906 12.5713397035934 6.41203641677896 25.4756803503312 5.65048980155623 7.10148959377785 2.43693853391182 30.6377235782953 12.6779362861088 6.88282340918445 33.1205727309605 8.65834226729061 28.5753781253655 4.72674138981249 5.99110551535314 5.81340252910778 0.969462790609119 3.742346973346 17.5423442753026 13.8176613050264 11.4768976533406 0.450117205883957 12.4610750678481 15.4119984263674 12.4238971414372 28.769283099459 24.9056593611018 11.8481662762161 22.0375325524155 3.48075139125881 1.88927109240836 30.8998677597722 1.61719058587469 5.99141665282527 21.5973566884319 8.67187790872884 0.926630634368078 23.8588917442144 8.30020267505357 7.14558774255106 7.9066367321642 1.25634858841383 8.01385658287141 12.0088637943022 7.22935436957673 15.4770294152649 0.566239960689126 4.21457750004686 29.0511791933966 9.162165359178 20.7722889321577 22.650851129374 7.42992153279759 11.4019406046058 9.70427072297959 6.31646356039707 1.75716477580753 9.57862172892803 3.70060859275679 4.61847659226634 8.62082437387558 3.96937265066445 2.78355500650298 16.8456652839582 1.20019314867723 1.08555550747317 30.9823096506349 4.12150767955435 2.21613237680016 1.55962407929023 0.199690461474231 22.7823651549331 9.34504692386177 21.8999996445605 6.7451054277037 11.7913917516617 11.7330397749276 6.97238816964703 15.3117404872311 1.75656182825437 3.70969728777965 14.1591824843647 40.4492008119997 32.2544242249022 6.61789725963569 5.19511100833101 18.174494820307 0.768722137129637 14.6741926981991 17.2666049602709 5.3059094721877 2.65194579443416 6.19325584393514 5.03616714598917 8.05817101559165 11.4543802960278 15.1262686454697 9.61972611937349 1.334150297256 10.0619585919792 20.5449258743608 1.61172472775984 4.92121510992403 1.01761601820469 30.5997424899651 12.3047000670384 16.632630063996 3.345163348567 9.84258865433646 5.55463562973904 9.43336754864523 11.8536641553121 23.7357756927446 5.18727243901658 4.30939170698297 29.094989692058 16.6644491337865 1.23979445925961 24.07555599927 7.8687744144538 12.5140365621432 16.8318083416589 11.3596642221327 25.2267687298858 4.68197722756078 47.2374540880114 13.4680063628272 37.7300814930389 19.226289040959 13.5342139585415 10.6486885844238 5.22618324080328 5.10666189971803 1.18285072959017 11.6372827246654 9.89911486944604 28.5455017289865 14.5502777117512 16.9770105778366 3.88545176554938 1.0673858806982 21.1971661703493 43.354831582765 5.58532364134217 0.873434283798378 10.7691023235205 10.0847288946 18.0266352076016 17.1324293854629 4.38757240426788 6.72552403945519 3.47332293072311 6.00226853368634 16.9734284230192 12.1210674170594 6.11465560786231 9.65663335358337 0.123707060034938 11.9884643634785 15.2922853244422 11.3483895813131 5.34161415484382 20.4908254004292 15.4054700290132 5.36129075303452 22.0368874801487 6.06169988676858 10.033811622261 27.3360087238528 20.6884864742195 26.6747844116432 39.9531565287154 5.83948635830273 14.2162429784212 11.1056789227873 22.0491742660476 2.56901566195922 5.88300618767966 11.0665680803443 32.2029860782304 7.94370305454428 44.9857384149101 6.42025922227185 20.8500224047593 40.2160887870518 9.05630205960748 5.40048011074602 14.5155347000682 14.2380919828381 13.1879275148315 1.94112859412347 0.835491005721071 0.870705815916917 28.6043870905955 23.476175604853 13.8342301420859 11.2257349652485 3.01893209087763 4.43345334047897 19.0944241720741 5.3032861291469 15.3512763561625 12.5708407957345 20.8293342860979 35.7487006493539 5.09265358649904 13.9030910895771 2.62278409323783 10.7580997729714 27.9348927761723 7.96458682268382 14.6688921444823 6.85983886588923 19.8544054112684 2.07678710522326 14.1623149111367 15.5985512004561 15.7871442420279 3.95719117608066 6.23946907615068 8.07428949268612 14.0848575345747 34.3085503110065 3.50271992595058 12.2919293680735 25.1888669471693 11.33293542374 1.18190278497831 5.11136276934675 7.47421750313753 22.6126709713029 6.71177254410896 4.1801466652374 4.02501756043166 0.439232088314055 19.6864315418886 6.83289739965932 7.37754718576987 24.9188107323985 17.6160859238766 2.6083598788696 3.13311967920593 11.1013744091138 28.8445285209581 7.50068531528771 13.8726752900606 0.742024376513874 18.3806758265921 36.8380333173562 11.2035019131052 13.0388111750858 1.34575966189337 21.3266489911927 7.91257624283925 11.6912880625107 0.872738045961385 4.13492591285745 38.8208821737654 4.18662564524767 12.8481546006151 0.586094122466496 35.4535247020698 10.0256664035965 12.9172395711127 0.806782228235521 19.5439359180864 5.67228848939272 2.96535001957526 0.486451091382938 8.06211612924225 0.899690448909953 2.93077076043269 7.36522408716383 14.0430074891659 26.1625844804892 10.537576748896 14.3764353000927 30.6462283560226 1.23301314286975 28.256494877417 5.37325282130506
