Instancenumber:
40
Instancename:
P-n20-k2
Customers:
19
Depot:
0
Dimension:
380
Vehicles:
19
Capacity:
160
Demands:
0 19 30 16 23 11 31 15 28 8 8 7 14 6 19 11 26 17 6 15
Uncertainty:budgeted
Gamma:
19
Mean Vector:
13.8924439894498 21.0237960416286 32.5576411921994 22.0227155455452 23.0867927612304 12.0415945787923 22.0227155455452 32.4499614791759 32.0624390837628 20.8086520466848 28.1602556806574 29.9666481275434 29.1204395571221 30.8706980808663 29.8328677803526 31.7804971641414 39.4081209904761 43.9317652729776 15.8113883008419 13.8924439894498 12.369316876853 19.2093727122985 11.6619037896906 24.2074368738204 12.0830459735946 18.6010752377383 20.8806130178211 26.9258240356725 7.07106781186548 18.8679622641132 16.1554944214035 21.3775583264319 32.649655434629 17 30.6104557300279 27.3130005674953 31.0644491340181 18.7882942280559 21.0237960416286 12.369316876853 15.2970585407784 22.2036033111745 16.2788205960997 10.6301458127346 8.54400374531753 12.0415945787923 14.7648230602334 10.6301458127346 29.0688837074973 18.9736659610103 9.05538513813742 23.7697286480094 23.3238075793812 20 19.1049731745428 24.4131112314674 14.560219778561 32.5576411921994 19.2093727122985 15.2970585407784 21.095023109729 31 25.0798724079689 23 7.81024967590665 24.1660919471891 12.2065556157337 25.3179778023443 9.48683298050514 17.0880074906351 37.4833296279826 15.8113883008419 32.2800247831379 10.0498756211209 12.0830459735946 29.8328677803526 22.0227155455452 11.6619037896906 22.2036033111745 21.095023109729 35.8050275799363 23.7065391822594 29.698484809835 26.3058928759318 36.8917334913934 12.0830459735946 7.21110255092798 13 30.4138126514911 44.2040722106007 9.21954445729289 41.7252920900501 31.0161248385416 32.7566787083184 30.4138126514911 23.0867927612304 24.2074368738204 16.2788205960997 31 35.8050275799363 12.8062484748657 8 25.4950975679639 13.4536240470737 26 43.0116263352131 35.1710107901379 16.1554944214035 8.48528137423857 39 9 31.6227766016838 37.6430604494374 7.28010988928052 12.0415945787923 12.0830459735946 10.6301458127346 25.0798724079689 23.7065391822594 12.8062484748657 10 22.6715680975093 20.0249843945008 16 30.886890422961 26.0192236625154 17.464249196573 21.2602916254693 28.4429253066558 20.6155281280883 29.732137494637 35 6.70820393249937 22.0227155455452 18.6010752377383 8.54400374531753 23 29.698484809835 8 10 17.7200451466693 10.0498756211209 18.8679622641132 36.7967389859482 27.5136329843952 9.21954445729289 15.2315462117278 31.7647603485372 12.0415945787923 24.1660919471891 30.0832179129826 9.21954445729289 32.4499614791759 20.8806130178211 12.0415945787923 7.81024967590665 26.3058928759318 25.4950975679639 22.6715680975093 17.7200451466693 16.7630546142402 15.0332963783729 31.6227766016838 16.6433169770932 10.0498756211209 31.0161248385416 22.8254244210267 25.3179778023443 7.07106781186548 12.5299640861417 25.9422435421457 32.0624390837628 26.9258240356725 14.7648230602334 24.1660919471891 36.8917334913934 13.4536240470737 20.0249843945008 10.0498756211209 16.7630546142402 25 43.6004587131833 31.4006369362152 7.21110255092798 15.52417469626 36.7967389859482 9.05538513813742 21 27.0185121722126 18.3847763108502 20.8086520466848 7.07106781186548 10.6301458127346 12.2065556157337 12.0830459735946 26 16 18.8679622641132 15.0332963783729 25 18.6010752377383 10.0498756211209 18.3575597506858 34 13 30.6104557300279 20.8806130178211 24.1867732448956 22.2036033111745 28.1602556806574 18.8679622641132 29.0688837074973 25.3179778023443 7.21110255092798 43.0116263352131 30.886890422961 36.7967389859482 31.6227766016838 43.6004587131833 18.6010752377383 16.0312195418814 36.8917334913934 51.4003891035856 10.0498756211209 48.7954915950234 35.3553390593274 36.0138862107382 37.589892258425 29.9666481275434 16.1554944214035 18.9736659610103 9.48683298050514 13 35.1710107901379 26.0192236625154 27.5136329843952 16.6433169770932 31.4006369362152 10.0498756211209 16.0312195418814 24.2074368738204 42.7200187265877 6.32455532033676 38.4707681233427 19.4164878389476 20.0997512422418 32.0624390837628 29.1204395571221 21.3775583264319 9.05538513813742 17.0880074906351 30.4138126514911 16.1554944214035 17.464249196573 9.21954445729289 10.0498756211209 7.21110255092798 18.3575597506858 36.8917334913934 24.2074368738204 21 29.698484809835 15.2970585407784 15.52417469626 21.5870331449229 18.3847763108502 30.8706980808663 32.649655434629 23.7697286480094 37.4833296279826 44.2040722106007 8.48528137423857 21.2602916254693 15.2315462117278 31.0161248385416 15.52417469626 34 51.4003891035856 42.7200187265877 21 46.9574275274956 6.70820393249937 36.2215405525497 42.2965719651132 15.2643375224737 29.8328677803526 17 23.3238075793812 15.8113883008419 9.21954445729289 39 28.4429253066558 31.7647603485372 22.8254244210267 36.7967389859482 13 10.0498756211209 6.32455532033676 29.698484809835 46.9574275274956 43.2666153055679 25.7099202643649 26 34.928498393146 31.7804971641414 30.6104557300279 20 32.2800247831379 41.7252920900501 9 20.6155281280883 12.0415945787923 25.3179778023443 9.05538513813742 30.6104557300279 48.7954915950234 38.4707681233427 15.2970585407784 6.70820393249937 43.2666153055679 30.0166620396073 36.0555127546399 16.1245154965971 39.4081209904761 27.3130005674953 19.1049731745428 10.0498756211209 31.0161248385416 31.6227766016838 29.732137494637 24.1660919471891 7.07106781186548 21 20.8806130178211 35.3553390593274 19.4164878389476 15.52417469626 36.2215405525497 25.7099202643649 30.0166620396073 6.08276253029822 32.7566787083184 43.9317652729776 31.0644491340181 24.4131112314674 12.0830459735946 32.7566787083184 37.6430604494374 35 30.0832179129826 12.5299640861417 27.0185121722126 24.1867732448956 36.0138862107382 20.0997512422418 21.5870331449229 42.2965719651132 26 36.0555127546399 6.08276253029822 38.4707681233427 15.8113883008419 18.7882942280559 14.560219778561 29.8328677803526 30.4138126514911 7.28010988928052 6.70820393249937 9.21954445729289 25.9422435421457 18.3847763108502 22.2036033111745 37.589892258425 32.0624390837628 18.3847763108502 15.2643375224737 34.928498393146 16.1245154965971 32.7566787083184 38.4707681233427
Deviation Vector:
7.08365963787063 20.3935265323904 30.2462358283241 18.4338441205521 5.46755173335958 11.7095607245832 22.6522235786936 3.14192612649658 2.42463181880074 6.80651460823431 5.43991384065403 29.8825221742332 27.9899560017862 27.187585954979 31.4021575322583 17.7483046255096 0.369176412127491 17.6648265913404 9.97668780088724 12.2785212650019 5.40263827991454 15.182973950946 1.83922621042512 19.6167890829387 6.62821141954316 13.5951717266617 14.4987817930819 9.91208733205714 5.70882086294487 9.41804854310809 8.2037073704755 5.54564226929877 13.4303948619767 6.44256688983549 1.18229772434515 17.7035959989837 9.11967260211191 0.176243717608653 15.6626949640849 4.56668792897799 5.14716533251813 20.8308751017147 5.02298562792106 2.54944695650114 6.50232658471231 3.65262869245012 11.7867152519692 8.18954716116438 20.5060975647623 7.04777321428658 5.40069624440009 2.00570528885585 2.42605739520109 15.0823894911652 17.0940361105563 15.9312892116305 6.21972505718149 17.2972397228411 19.6069436187522 2.70289380939379 21.7370726949176 14.5906301598339 10.937530475956 8.83100761325397 6.63590062803541 11.4724143251893 12.5987712237655 2.1617678505703 4.59269337993764 12.2914382625429 17.0391544987075 12.9747163491099 19.3567002190919 7.66945291480691 0.0313790095640179 9.03522062771898 0.190395769693036 9.33994916072963 0.342848312951623 15.0634629846596 4.10026044425629 14.5048042649444 23.7129715318758 5.74869740698617 11.3678095464033 7.67722985918253 6.28161824348284 9.55905887347303 3.30977084306374 36.8649792386562 8.40827910070408 3.39780321146671 7.65508958980766 9.50880042309726 14.1542706806332 0.891659086189022 18.5191185559037 7.15768580769263 3.8442089021603 6.84957916993406 1.29557226994228 4.62869018268624 25.7983687694245 9.42852417275225 7.38133231925147 43.6349603079203 35.3003685747679 4.726173960143 6.42809524683235 39.7456440421735 9.05957507378636 27.5774209634798 21.5747193392552 5.44005318364003 0.394715574121256 10.6485359358618 3.45259560270893 22.6692718748759 13.246345529328 5.55301304232596 6.80027567937525 9.36202715092978 10.3138715917339 14.8294009933238 21.7205005087236 25.5102804128988 16.8610271284601 8.72558385948807 10.3050112679091 0.65224190902104 17.8903950978842 16.2215235057302 4.0935114146258 12.2399261034369 1.98028570182397 7.63938214430009 11.7863654295081 1.5535521268787 1.03069528123793 2.12180996884986 0.241026907927567 0.780155754380064 0.498636014911823 21.5901660843519 22.6953677728994 0.545861570468874 6.2478649577199 2.91734171595805 11.5971400757336 23.4158747636885 15.8075141484593 5.39610410195061 10.5160312416033 21.7264807795744 5.47048757127851 8.02344069553652 25.3357703985011 9.22746377222414 8.61259523132731 4.74185599811881 6.59742343978068 14.7567497699509 23.1184795867067 16.7064607129085 4.81954693561174 25.9769764183324 19.175365735448 25.1157761508209 6.29213422585166 12.1405946472321 3.79707664745878 28.9666211385866 28.179310935043 2.55127585423135 10.4483890910515 30.0152081882126 3.12125698546525 16.8720475418066 9.09960586138778 2.30095225011857 18.8419418983364 16.2662939370647 22.6886234923244 0.143636914614456 5.52284881434881 4.37970507054194 9.48293667927592 5.48208106196441 12.9946933431871 6.78899223260645 11.0004917053894 6.18382179296645 3.11515280513769 2.4644113745339 9.91402371052332 20.0879060015218 16.6307804888002 11.3726737271787 10.6254936045067 21.7859493143982 9.55811552420185 8.57419077183021 13.1633634928064 17.0874767263764 13.3374549596842 2.803414310009 5.3944525884307 4.84053072600343 20.7411274798392 2.98397573194705 6.36594891951309 18.3129058583983 12.1283315868385 0.0152848301847699 27.9533406660988 25.7843224524874 4.45770034280181 20.2160987595071 1.65776694468356 11.199690195476 16.1684735630163 20.9055003159076 21.5262555821828 2.44998513003626 37.5024639965668 6.41551098331276 36.6043123304552 28.1984311511306 23.5001018375722 10.7492804942066 10.6967826100375 2.27900353495044 5.98909563739904 7.84299758209272 19.3271030379468 11.7986650260615 5.23564857676559 31.4366953897361 6.32098071537205 3.06012049951821 1.19305038075116 41.2827338989512 5.19162624986719 20.325059074542 18.8043895071365 8.30003531975896 9.78850401265274 0.925775605889119 22.4941373993588 3.10886611798561 10.8319228844127 30.5039918193796 14.7013141706383 18.3843691762447 1.74175395498804 6.23820559895787 1.27143279915603 2.70748635031232 11.5492017344224 23.2518376803037 17.0698487026373 26.0404206883423 2.1863269425903 3.34890040672624 0.906540796857976 16.2838665562386 19.8977520754458 11.6420288903215 19.7061971630276 8.08457465034989 24.1999348046402 7.45288060506067 2.64078933055995 4.72938932062705 10.8192677470571 0.541167294049666 24.5970216182552 33.6221378928428 2.84732834406378 15.0747495038848 46.8371730470641 4.69937360524115 24.0142411313997 35.9351511818028 10.6148082311635 25.4146816773649 7.01243721059973 20.3317179218608 15.8017156006578 6.6892675474249 30.202060672735 21.4576335131642 17.2975493539107 20.9385943901269 35.6976887585862 7.62510108631868 7.48950987264851 3.52186219675854 28.0092517495981 24.2512605416617 33.4251843164181 11.126019397497 8.76081718024669 31.3222052413728 23.6209060015518 20.9920903483769 18.6322355550059 13.1981874554134 11.7697026616695 8.98436423625259 1.42005364385041 2.66946606886861 16.2282157506534 6.62731983836482 0.411978166005285 13.5918489856949 20.2332828967644 6.51585929020176 0.620069340550036 20.2271178189806 2.81196146955144 31.2545875328419 2.64573761240084 25.1515067493033 19.8389291614799 1.45934436879762 1.67782511681483 12.8332605247818 20.0248349700239 1.55327939022661 22.4796127414719 2.46039759466589 10.1848832129652 4.37113786202176 6.60709716282937 3.30892087649791 13.8960184478519 2.19722553502574 14.8933342372464 3.58306651518981 0.00666349199935615 21.2317746974301 14.983207219079 19.9455960842248 7.8659865447785 4.28362205631432 30.1564104858061 31.9266797080656 27.3164545803848 30.4758991350983 3.23039979008253 23.6182364639817 19.8832568055039 15.1941019923582 9.13641732992564 10.5905624918261 21.0755877796817 16.1590933636668 32.6071368143658 0.448263989946271 25.9195273047049 12.2814055726869 7.92202621883213 1.46930826078999 29.4177084189438 18.5075300490568 1.97531659188911 5.52338149440754 6.16957700165799 22.0668398261593 17.3321807958928 14.8826324172555 16.5753564039542 7.24530107246774 4.67935845411595 11.6490684497627 20.2756375922844 1.89163572683587 18.1298518435435 11.6617202161284
