Instancenumber:
1
Instancename:
gr17
Customers:
16
Depot:
0
Dimension:
272
Vehicles:
16
Capacity:
6
Demands:
0 1 1 1 1 1 1 1 1 1 1 1 1 1 1 1 1
Uncertainty:budgeted
Gamma:
4
Mean Vector:
633 257 390 91 661 228 412 227 169 383 150 488 112 120 267 80 633 572 196 77 351 63 134 530 154 105 309 34 29 259 555 372 257 572 175 338 264 232 249 505 289 262 476 196 360 444 402 495 390 196 175 353 282 110 324 61 208 292 250 352 154 324 638 437 91 77 338 353 240 421 329 297 314 95 578 435 70 567 191 27 661 351 264 282 240 346 83 47 68 189 439 287 254 211 466 74 228 63 232 110 421 346 182 243 105 150 108 326 336 184 391 145 412 134 249 324 329 83 182 268 420 53 239 199 123 207 165 383 227 530 505 61 297 47 243 268 240 140 448 202 57 246 745 472 169 154 289 208 314 68 105 420 240 237 528 364 332 349 202 685 383 105 262 292 95 189 150 53 140 237 542 157 289 426 483 121 150 309 476 250 578 439 108 239 448 528 542 518 142 84 297 35 488 34 196 352 435 287 326 199 202 364 157 518 29 36 236 390 112 29 360 154 70 254 336 123 57 332 289 142 29 238 301 55 120 259 444 324 567 211 184 207 246 349 426 84 36 238 96 153 267 555 402 638 191 466 391 165 745 202 483 297 236 301 96 336 80 372 495 437 27 74 145 383 472 685 121 35 390 55 153 336
Deviation Vector:
568.730549820522 136.604705300845 310.698918968487 64.859528148272 178.724768989533 22.1350576333218 134.093037476539 31.8991063323948 49.6276308534619 136.415472522554 7.8302516079689 54.3875928063184 94.3342204158821 71.1803527287758 205.589500750765 14.7976177113766 314.685088023608 438.241216292241 96.224859680177 54.6908421942918 134.206662424195 23.7644076155399 82.5913787052334 326.523794953789 56.9646849868768 27.5637408092499 4.96856013057192 6.70002091817339 22.2366676990248 171.394214146161 112.271373002108 280.667014425356 72.6078030701151 50.4422495902201 97.3795170620769 186.882249826142 48.9111050057292 204.606117620098 172.664259756406 241.856598576688 94.5984228561564 195.35569913862 281.017996790149 50.7308960135562 154.091930106349 199.623805988123 178.40813204788 7.12655150072527 118.946190803541 4.69921344216118 126.816856527687 242.632924940245 113.135128258791 47.3277659431161 127.221555550797 47.0364259724338 144.094960858294 119.351672570523 14.3448706970912 193.169494615819 24.5974068211276 84.1331595026128 250.408166374875 193.260652408455 31.6548956733362 2.93945697056495 28.5208503589606 188.19324274428 2.23890726685645 327.458841960702 33.3212465931441 99.9877121879981 192.380110042336 65.707161123714 344.19325797803 56.5237879979673 16.1342011833002 72.8722477810043 27.5683319062142 14.4579281713862 100.801218747643 305.020603464103 82.3826022805217 156.139581642809 93.2371391014273 243.831194073695 34.3625398108209 8.0127202023118 13.7825210105085 89.0919515349307 315.755307654196 104.010967832657 185.688283013278 42.4069413179071 374.967649923771 12.4426058573646 54.5274609292248 56.0090678715694 162.694328180405 27.3332742203417 318.307951200056 277.681968093139 106.496075993574 111.289746753162 61.260618510047 40.4796651070041 63.4956018606707 265.338914408659 133.858004080284 134.73566632933 171.505489538129 79.8783218899035 284.483823841649 100.592229150067 48.2568304501025 54.5013007819539 179.184521722975 50.4481499960562 61.6429085749117 200.281207152603 70.7389690161673 7.80100511937548 47.550623727854 178.996987459139 42.8248534663854 19.2177325258813 25.8813662396044 224.945502266752 16.1404275344985 454.806473150422 422.083738054722 50.457925013662 222.721949960019 23.978636279485 90.9774234663676 113.249057767344 187.211564321768 7.21644311688339 145.924914455214 54.0685714365476 44.6768894688638 188.032122378559 609.820624467212 265.986580133886 102.122913038055 15.6440591015028 211.474241951934 49.5336379659776 222.749664333646 10.8577759240411 7.84260975041546 368.684379908305 73.6468682857965 64.8546011380924 457.529632483082 238.431463085105 121.673814686005 39.3048175041755 66.9807066807512 299.74956006178 22.97148525237 26.9459539411412 92.7482072068265 236.485930521536 72.8471289230107 137.666367725246 48.2528293276455 33.7128315714217 109.191530380145 153.436355886532 489.836487469811 102.517180938455 144.789028620596 345.715879989142 147.671289275891 23.5355629396429 0.353327609828485 39.1544821443361 205.942006826789 177.937338320109 165.531518265114 222.723487566359 73.3104431021369 141.786430078463 349.883924251287 335.050260876189 182.931095905979 122.615464048008 106.100432109573 56.2043079271299 200.267096639268 28.250736861332 7.29956759516895 3.99608370325192 138.430552224977 275.183044828765 367.977528838974 33.6349507017215 165.312079724583 142.304094053766 154.450358371338 182.029381970791 71.7965268611857 183.805528287305 11.6246916944143 27.4694536014247 129.64558798969 157.250712503539 99.6524381736846 2.06561434151262 73.5074647446635 40.8672442204286 40.4999613914376 224.278901602966 288.496446716766 55.2015234333736 34.5866756458403 94.7404223238852 198.110154150382 62.934544630956 1.26708874625849 106.869936307856 102.218402773229 3.22579651384062 67.9878263347661 34.992310062246 373.146861584378 162.557820167648 143.054323645206 92.1530308776332 56.312962797102 21.9704051656504 6.40978473783271 266.40964897049 196.374987992883 35.8602277536778 22.1624244425885 23.6931275550502 79.6909851666681 90.9750097861237 45.5980028404107 68.5607731190126 345.711808542491 478.085245052893 18.2885975772223 376.449289815208 112.363187458825 115.918374501004 135.906554926776 12.5456620993886 113.48940665371 67.156933535071 120.629177911609 172.943685180613 27.3377728762088 56.0907975527424 56.7735345917878 79.7643964392338 330.985989507937 22.374693186901 17.5814453644712 4.73143934975002 22.8139946199524 259.375519922264 390.480785272473 423.543750241888 23.3964687637226 18.6250328097401 279.966570102335 6.19876226482869 33.0453676829874 298.583724471604
