Instancenumber:
3
Instancename:
gr17
Customers:
16
Depot:
0
Dimension:
272
Vehicles:
16
Capacity:
6
Demands:
0 1 1 1 1 1 1 1 1 1 1 1 1 1 1 1 1
Uncertainty:budgeted
Gamma:
4
Mean Vector:
633 257 390 91 661 228 412 227 169 383 150 488 112 120 267 80 633 572 196 77 351 63 134 530 154 105 309 34 29 259 555 372 257 572 175 338 264 232 249 505 289 262 476 196 360 444 402 495 390 196 175 353 282 110 324 61 208 292 250 352 154 324 638 437 91 77 338 353 240 421 329 297 314 95 578 435 70 567 191 27 661 351 264 282 240 346 83 47 68 189 439 287 254 211 466 74 228 63 232 110 421 346 182 243 105 150 108 326 336 184 391 145 412 134 249 324 329 83 182 268 420 53 239 199 123 207 165 383 227 530 505 61 297 47 243 268 240 140 448 202 57 246 745 472 169 154 289 208 314 68 105 420 240 237 528 364 332 349 202 685 383 105 262 292 95 189 150 53 140 237 542 157 289 426 483 121 150 309 476 250 578 439 108 239 448 528 542 518 142 84 297 35 488 34 196 352 435 287 326 199 202 364 157 518 29 36 236 390 112 29 360 154 70 254 336 123 57 332 289 142 29 238 301 55 120 259 444 324 567 211 184 207 246 349 426 84 36 238 96 153 267 555 402 638 191 466 391 165 745 202 483 297 236 301 96 336 80 372 495 437 27 74 145 383 472 685 121 35 390 55 153 336
Deviation Vector:
149.538459662792 42.4547326365466 283.616987576824 30.2110457003205 41.1510179005573 23.6727884889626 50.9875584695368 55.542497617705 28.0430586405874 137.391263472883 70.6197341363403 330.413011188581 2.52210086611177 90.6680034043332 225.351401600813 58.5750352104391 37.4851267062894 344.288172122381 153.544167763591 54.6994796636865 233.710109710706 1.88732871307432 63.895839759936 308.651680522627 99.8335250517342 70.3703564608095 62.9545938196771 15.4823670616132 22.704060545696 108.707310436843 240.446461905967 40.3126826847293 150.322604382757 142.823256014645 77.0624644583829 218.742972544469 93.3290230506593 130.874250716411 222.070441853248 262.324413892362 3.487700907838 118.39216325858 136.0223412844 6.77903768502517 106.803458786403 97.2382445703233 308.243496572151 176.167769606364 320.153907120028 125.321336152873 27.2139753338604 203.320698622581 188.757312173711 69.5577361575208 80.2133510770681 24.8180273680306 81.487748302185 131.782117398539 215.554161300753 92.8920095013654 134.138306847756 124.637812717521 237.505185374067 238.240128041506 57.7281808896023 62.5719032861448 95.1711905294949 27.2253842888391 111.831927333547 110.576419307593 196.274826543405 141.976256336953 224.362518298869 83.8224179020758 296.2952039294 43.690391467855 13.3404173044688 209.01174785174 87.1594436274149 2.71933032245087 64.2842905827498 214.756049368647 178.647547077075 216.182682740028 80.0195390688301 4.67045310556668 21.8032085543443 34.0835900397742 31.6068787613523 40.471892724948 34.3787988619666 121.993970930398 152.100687847176 95.0717038624926 27.7126062706095 23.8596952004644 80.3540422359761 21.4855629523025 92.696539147386 90.0236011532883 254.15454651661 29.5363459096691 70.190484162462 99.0113016475728 5.97843715749247 134.742519210334 54.8522925602891 80.6898530974077 119.663704039586 9.83569376968056 136.158252611959 65.7422841963189 274.101727021545 15.2970611585697 76.9986223392433 28.4929791609726 41.9986898355757 47.4694160007587 147.988579012895 158.779985594023 330.144222766107 47.246090809676 25.5155987168352 94.3479641475929 53.0429584780129 34.4093905509978 131.428883209925 300.146979260587 115.150204112841 151.221628969711 349.107026646578 12.2117867148682 110.094629980513 7.8111244581737 147.658255385271 114.603898401135 36.8900861906325 28.6677766108184 302.463335461224 102.98983509139 14.718807351565 27.700409965502 39.0952352529906 6.01858431943924 38.3225186471646 55.7030691577501 29.100141653098 73.7185400634477 7.17804302784545 0.207242665471512 3.79152736847391 339.745426994217 214.676006858688 33.8600980802276 196.55283097366 151.044719434294 102.620719268234 90.0520964886779 58.1482632118536 559.212198953829 208.10410631849 7.18145669670396 27.7176330517763 0.955669716800328 22.2859515339208 134.840090838701 64.6348992737102 20.579775766724 1.04167849133771 46.2794156376775 486.796392241757 41.7094444784123 88.9759005713727 16.978760226449 134.475164389748 64.6909020158617 60.2346728920676 117.144687648289 423.188567239382 106.106124003512 220.886577092466 6.31830327857573 34.8379134823156 87.443208036927 70.4534219365126 366.871519109425 423.209417597002 241.574819056698 5.97712732823795 13.2655292280673 110.472096791121 20.490582139483 110.443082829644 16.2435820902684 115.388736997425 162.239178181925 121.984066829879 31.2395103296108 276.840638507172 57.2848769396208 61.4322933253724 304.516514636433 86.9040458830378 317.013592579072 25.4167622063721 29.9500359871968 55.6634319929528 143.221905880488 33.6319826365701 6.21019647088199 284.997654762431 105.096109122238 15.9976037393537 51.6799877632769 46.2149600682797 47.4533137540408 51.2029256546009 2.52479421285404 246.274226521893 4.20610835272194 4.80030529655566 74.5775305909098 185.13477128807 21.5515058841743 94.9324060455764 75.8908396486984 378.622029260022 52.0854687185125 227.85648710031 166.940630948966 82.5463233796993 146.138596285103 176.382676370172 31.8920984914173 173.471461300539 57.344609213206 0.452084731174124 153.051136820424 13.3575042201064 47.8650506735188 228.876861393684 11.1177126740938 33.9757654818318 111.640429532291 42.6878187949007 103.480590763402 219.266660549379 34.8190373626995 171.101285784532 101.439419708987 116.231510957247 117.372595505881 192.464210095354 257.568901304905 75.5557906768107 233.809225885971 19.0365243630256 271.196518063728 424.026113570228 279.601273350374 16.4549290340047 29.1908412438456 63.0800022812619 159.20377747256 229.322237965394 576.937483557893 22.697261318402 17.4443537897477 224.073563470505 17.9696737790053 124.12179724013 175.054454948605
