Instancenumber:
5
Instancename:
gr17
Customers:
16
Depot:
0
Dimension:
272
Vehicles:
16
Capacity:
6
Demands:
0 1 1 1 1 1 1 1 1 1 1 1 1 1 1 1 1
Uncertainty:budgeted
Gamma:
4
Mean Vector:
633 257 390 91 661 228 412 227 169 383 150 488 112 120 267 80 633 572 196 77 351 63 134 530 154 105 309 34 29 259 555 372 257 572 175 338 264 232 249 505 289 262 476 196 360 444 402 495 390 196 175 353 282 110 324 61 208 292 250 352 154 324 638 437 91 77 338 353 240 421 329 297 314 95 578 435 70 567 191 27 661 351 264 282 240 346 83 47 68 189 439 287 254 211 466 74 228 63 232 110 421 346 182 243 105 150 108 326 336 184 391 145 412 134 249 324 329 83 182 268 420 53 239 199 123 207 165 383 227 530 505 61 297 47 243 268 240 140 448 202 57 246 745 472 169 154 289 208 314 68 105 420 240 237 528 364 332 349 202 685 383 105 262 292 95 189 150 53 140 237 542 157 289 426 483 121 150 309 476 250 578 439 108 239 448 528 542 518 142 84 297 35 488 34 196 352 435 287 326 199 202 364 157 518 29 36 236 390 112 29 360 154 70 254 336 123 57 332 289 142 29 238 301 55 120 259 444 324 567 211 184 207 246 349 426 84 36 238 96 153 267 555 402 638 191 466 391 165 745 202 483 297 236 301 96 336 80 372 495 437 27 74 145 383 472 685 121 35 390 55 153 336
Deviation Vector:
219.494811152165 230.212994416446 271.43235635087 51.8927217963539 136.868546450445 78.8870407198022 321.884953481084 99.1374851223559 143.340922275476 42.5705276752739 124.788440105388 367.429130332331 6.28229638654962 84.9832216684189 143.651455007863 23.5238789248467 333.241271029011 276.773603188847 4.52748791135927 17.3342719781074 308.297608054657 28.8624373764704 85.8666739826488 240.314749901804 59.9998663580937 86.9795583877803 12.6891648294686 1.81519929378286 7.08554626748871 220.750578285894 318.782906966456 219.88266702015 215.191326209428 205.688403566557 43.8485638406944 45.1616276641886 186.275998592919 28.0878860914903 142.015479802553 324.711533458136 67.1111977511992 128.772297857408 230.93272088783 56.5088794350606 104.011893943461 49.9075089186302 234.108356731594 403.607869431912 232.54695181974 118.66987079542 22.701164875667 199.0376707494 43.0962396132569 84.7568718308453 34.5064026813897 33.0884170585536 143.129970312002 43.0894183479443 148.955320264173 7.63316666026567 13.7239302081502 84.0572611771076 390.945710160053 6.8468543913426 56.331830320012 66.4764710402568 50.4573640126412 146.090144239835 17.6712866192845 302.962308073144 48.0594412544956 90.837164361282 94.3111084510766 59.966859881468 343.4242765672 256.334962827587 52.0544082664093 150.680158167647 94.3303739611876 11.5867727880805 575.868727615545 218.882633357405 21.7052666997324 31.9401662490794 116.00288551856 65.2964841076933 54.4227735956048 12.2529614406261 22.8673571079736 64.4014556416698 123.967647260552 122.090113770099 152.446846194315 188.877496323707 205.538131966964 22.8250506129251 193.279224702581 37.1921189703866 167.573537298278 1.16350876210977 168.066409397473 300.458462482883 57.5896031729929 169.993437760717 61.8280169708596 136.587905865081 40.8313809934839 137.475423908962 89.2305021852754 160.437814862891 332.679803500611 32.7709319070118 240.926470099031 2.98706102436103 84.4780875292142 50.9812172897563 69.4221789107687 6.9883168783586 76.0852352854884 146.674879286345 178.47691320665 37.123170728463 14.800436617952 22.7577512272855 84.2331415031675 104.120061413279 69.7631861578535 238.13763428319 41.4451274996467 124.199146701496 319.33504941027 35.4889019506485 57.0080111517804 1.78619350871856 90.0504160425738 209.250225192357 9.0770999899462 104.81046608604 130.690233298872 61.2844205910191 40.4598497804966 57.021287498776 394.399012530933 181.165874702571 42.9404245263544 133.774267630187 156.399702681726 96.7397630304999 13.2168121663267 3.29509495723934 10.6701456056925 196.155451773074 179.734671063107 38.7606265304235 306.977800425692 190.353015600886 221.292081165928 32.6090354902957 47.2575402018297 581.647246123688 125.537305813505 90.960959388235 136.275746982401 151.758184495441 85.9084020500041 168.344999422877 58.4602989525504 1.66161956548459 102.002818769653 161.504739514299 181.428827280599 82.8401994821578 0.716587747409288 368.121161285163 0.338912437627129 31.0443522472689 123.304402652425 167.440031276065 343.51011696929 216.030277376914 341.213284733834 361.420070989343 45.4020112541886 102.401930217116 34.0741564691687 48.0572062271211 22.0262825943765 384.667213429376 26.1923356897499 23.0653177941095 202.242731855923 17.9279349430776 112.295174250128 9.87086272969587 23.7508128634307 78.7223798543323 117.565217737207 146.632014641141 83.1281865084499 17.5294174902583 56.8829240191223 214.663165396872 96.6699409191957 147.152495238764 15.749878144614 22.1916164339181 127.591764795234 177.200279502855 27.7247048234925 10.1944881580753 146.776281908907 129.032967140971 18.4831858404521 210.33762537058 119.470667617942 41.8327793288206 0.475916791621219 131.540511826848 49.6894429514324 27.3779529601046 19.4530108604019 202.987283993092 212.213788686464 49.5498596963072 27.8926000284964 213.98756507051 94.9186566274011 162.875837563444 241.740932854558 98.9115662108967 108.705493847669 146.545543468148 36.3441040234028 103.218121168425 34.6162298706407 58.0305185563936 0.0510772439233661 148.012634762009 22.5053079655187 38.0910054116238 16.7320876111496 356.388912951887 70.7794659830465 208.442579341444 106.859565789168 247.74227650413 260.725213880738 93.6908913323291 12.7195649090753 169.42794289436 367.382391552482 204.296415671774 184.285564039873 167.020794912527 65.0884178896545 34.4535951355563 37.6259416344389 331.744061361585 299.595613714291 391.847028510623 12.1443678040542 21.1096459013258 100.609076710845 228.854625936222 274.241163409135 530.953403058005 45.6898735425724 20.3853379216763 189.636477186355 33.6617903594447 127.204054040666 184.435229058939
