Instancenumber:
8
Instancename:
gr17
Customers:
16
Depot:
0
Dimension:
272
Vehicles:
16
Capacity:
6
Demands:
0 1 1 1 1 1 1 1 1 1 1 1 1 1 1 1 1
Uncertainty:budgeted
Gamma:
16
Mean Vector:
633 257 390 91 661 228 412 227 169 383 150 488 112 120 267 80 633 572 196 77 351 63 134 530 154 105 309 34 29 259 555 372 257 572 175 338 264 232 249 505 289 262 476 196 360 444 402 495 390 196 175 353 282 110 324 61 208 292 250 352 154 324 638 437 91 77 338 353 240 421 329 297 314 95 578 435 70 567 191 27 661 351 264 282 240 346 83 47 68 189 439 287 254 211 466 74 228 63 232 110 421 346 182 243 105 150 108 326 336 184 391 145 412 134 249 324 329 83 182 268 420 53 239 199 123 207 165 383 227 530 505 61 297 47 243 268 240 140 448 202 57 246 745 472 169 154 289 208 314 68 105 420 240 237 528 364 332 349 202 685 383 105 262 292 95 189 150 53 140 237 542 157 289 426 483 121 150 309 476 250 578 439 108 239 448 528 542 518 142 84 297 35 488 34 196 352 435 287 326 199 202 364 157 518 29 36 236 390 112 29 360 154 70 254 336 123 57 332 289 142 29 238 301 55 120 259 444 324 567 211 184 207 246 349 426 84 36 238 96 153 267 555 402 638 191 466 391 165 745 202 483 297 236 301 96 336 80 372 495 437 27 74 145 383 472 685 121 35 390 55 153 336
Deviation Vector:
217.37589111136 24.8515049933462 341.494482811558 82.1620798179212 415.328939198963 144.02175782874 230.693086298676 146.507500550406 94.5821449859856 156.950274346178 63.3757956743784 209.722777901191 6.03784098516403 22.7688901396658 142.124167415923 41.9386851952703 108.089153149096 129.7153058425 99.9873970841553 47.7822234236952 179.726213873892 18.4732743239486 41.179688825047 96.6142316008171 24.2661075950201 71.915903988295 236.301331870392 21.8898631722239 11.1991335040751 177.508076576759 156.490558858061 271.404819649994 200.988862832061 141.182723964752 126.296439529998 168.872633354472 231.923292595147 86.0394526570217 58.3311784061376 266.329968960766 225.608297589474 172.072971072726 22.0754337130102 163.573925279528 304.742813877705 256.932683049766 180.106251745537 52.7154536598426 314.126367473182 9.28968988633161 127.232738947208 143.5735060978 96.0556728987571 13.5945069525042 190.840800490475 30.389899927707 168.167958016873 129.348740685363 57.8114198745709 99.9355840351385 33.5051027089956 166.280250871453 65.5365414401863 38.8294285999284 69.1630571297247 63.4800159808077 198.905463856576 256.89998914844 68.2815828810901 346.373314506043 113.300750127853 45.853603609128 178.583613817583 37.1218334236779 45.1887189505099 219.447292116272 4.10651143200995 298.359185821317 116.695728400805 23.331150179611 379.151618630954 149.96394838988 95.0588971933741 0.974902509383265 132.200194332343 13.2578516290428 41.6371310959724 21.0825566384324 32.7278988121734 138.517695880498 321.555622624573 200.572312468411 85.1762599977081 176.226102011332 367.074146024852 13.660717813211 170.735903466718 29.3215580959427 0.370596183577605 13.483730841278 158.882080463056 119.707895810514 50.4082868426442 8.59268227023909 77.3569354728352 53.2724676156733 58.3024355725554 259.299476846804 296.135770908778 44.1675182524306 292.759269667676 78.9076382460489 274.922893426553 26.5383796816136 136.364279712946 99.5826354056053 77.7641178413163 11.4980717733034 137.577230306976 192.332271596189 366.000115749283 30.6140129562207 120.873546165212 58.9039098456535 61.751999433173 79.2170180481862 79.2996338864737 130.26655434933 192.521529673903 255.56665693676 233.663966170687 19.1988761574838 245.968811646136 34.7644680103821 85.0734512254613 175.309956687255 44.1720983738568 124.59074229185 241.368911312514 31.2368688451381 12.4947321521991 92.6794964697957 520.627287014133 418.425358456533 97.1401065992719 51.6989359832591 81.8099206306506 168.720995038926 148.910845718021 8.71958913981406 64.8949826156262 182.657287189522 169.404513125404 50.4870678260649 385.914064915837 108.156050903583 197.777881680873 104.955742176628 128.725219080166 365.146148419684 299.863731617017 19.8644855392058 222.122485294412 204.500137239249 1.71818922329234 54.2663124223451 66.5573488883713 10.7132404712782 37.2803639233326 16.9968446823152 193.37182086707 76.2225801322355 129.605681238212 61.6993881543381 222.769085421659 13.6109498281144 72.0812431512631 229.988375146699 6.12941046035635 11.0027692046286 504.321300034025 276.975796767944 51.7222130480805 159.55913245075 378.089586047317 157.89223504296 29.2541976859892 273.968943341059 85.1674975562965 58.0631599194188 44.9030552911234 16.5177680057597 429.641871371218 2.99932963171087 51.2560105949764 316.271955363973 163.272431745657 202.399838291918 61.8968309201047 127.683820220974 156.94239753344 198.977745213211 33.9673381567331 162.981562237455 20.0528156485142 24.3925959920414 100.801124670754 101.887155369525 57.2434411623928 12.7600093482567 109.893669686906 72.8206630014648 11.2109047552928 199.179071706988 77.1805354523548 11.4804319533257 9.82902250098491 94.1812650001428 179.825747139112 109.653834313136 1.85999321201871 184.074711489862 100.346604378238 1.8580353802788 103.396648190843 154.075909572022 9.55196216675956 105.69163568938 220.758440811644 44.6013927380378 10.5003433628856 52.8922981368131 186.473698692409 95.4234249846082 242.885846584318 45.2533755021592 1.44801937334355 20.5891593072145 76.7980585989221 84.3527117817645 140.578008484509 107.931440685188 45.5938170380596 438.092383112001 12.9635007352152 159.894586323677 304.980790774246 39.6512692691502 466.965954492204 99.276442122075 49.1461762563303 205.208477856916 83.5727415972483 130.973931610444 69.5731293447828 102.477182641176 9.53984930356298 277.598871697709 312.444181939887 222.255057755059 1.2648319548403 50.931791377646 110.796117909299 308.264747861991 24.0333434501058 290.095322448508 52.3724962794594 3.18993013151888 198.902298586719 17.7122780167863 98.297263499547 42.2507845320831
