Instancenumber:
10
Instancename:
gr17
Customers:
16
Depot:
0
Dimension:
272
Vehicles:
16
Capacity:
6
Demands:
0 1 1 1 1 1 1 1 1 1 1 1 1 1 1 1 1
Uncertainty:budgeted
Gamma:
16
Mean Vector:
633 257 390 91 661 228 412 227 169 383 150 488 112 120 267 80 633 572 196 77 351 63 134 530 154 105 309 34 29 259 555 372 257 572 175 338 264 232 249 505 289 262 476 196 360 444 402 495 390 196 175 353 282 110 324 61 208 292 250 352 154 324 638 437 91 77 338 353 240 421 329 297 314 95 578 435 70 567 191 27 661 351 264 282 240 346 83 47 68 189 439 287 254 211 466 74 228 63 232 110 421 346 182 243 105 150 108 326 336 184 391 145 412 134 249 324 329 83 182 268 420 53 239 199 123 207 165 383 227 530 505 61 297 47 243 268 240 140 448 202 57 246 745 472 169 154 289 208 314 68 105 420 240 237 528 364 332 349 202 685 383 105 262 292 95 189 150 53 140 237 542 157 289 426 483 121 150 309 476 250 578 439 108 239 448 528 542 518 142 84 297 35 488 34 196 352 435 287 326 199 202 364 157 518 29 36 236 390 112 29 360 154 70 254 336 123 57 332 289 142 29 238 301 55 120 259 444 324 567 211 184 207 246 349 426 84 36 238 96 153 267 555 402 638 191 466 391 165 745 202 483 297 236 301 96 336 80 372 495 437 27 74 145 383 472 685 121 35 390 55 153 336
Deviation Vector:
326.952401871151 194.261990174124 316.840508498127 53.1789635474147 124.423833248208 155.414986206187 339.77431448657 185.013102338072 44.3360186591808 6.00465463550494 89.2806633977885 300.834964947066 50.4904165179059 49.0986736881975 2.85364291587342 45.6044325645674 154.84460798794 367.16003251835 32.9043448023415 22.4428713543852 147.204736416891 1.33695839730492 24.8658103350995 249.26155140321 68.4866310403359 64.9316111360202 173.486713534478 1.49448260861769 0.860395451468915 75.9239186438625 94.1844733599814 203.179440579401 35.532014800187 40.8090012067847 38.4644051333093 110.354505942057 198.789118188433 31.023650736928 57.4590925671983 52.8045591036248 43.1767681768218 216.402523604707 343.20960212948 117.640742963972 116.766193777712 324.88207142588 104.316737935166 281.64053216952 180.505899395047 83.7652419050592 150.576410915857 311.42449057826 126.503859223998 14.87568238476 143.129676412378 54.4921313600925 156.754992733792 26.9910284830913 6.62502333661594 275.721100812632 59.3789461000395 63.5693984760272 267.137597191612 228.915650030511 24.3467091915685 49.1650827472989 287.410546469088 38.747550839963 185.335248152039 71.7036936485701 70.5145424784637 3.22597723466948 26.8509207025105 2.3360106605926 353.198314864364 178.290415879028 52.9414174090403 493.60985710218 13.0003941274606 8.3260627950122 255.918642329763 6.22414912842121 73.8741016662717 235.68548878072 36.7118627578995 249.668203509726 67.9196359707317 42.6100057963435 55.3533213936109 159.668893527642 342.036113601842 82.8936642442625 33.0814430284592 60.5712645596135 378.700742633976 29.4363235839044 3.37582882346244 47.3899035992365 117.752664767166 86.5740114143376 4.95489542918167 249.772039174842 145.21749861495 23.6394856927422 78.3797796795979 74.7298779883894 54.7716447866633 192.995634654795 153.886119110098 105.838594051441 352.050083535526 122.548678681351 244.292255978173 36.105105002683 191.76947633898 241.67434223998 26.4044144803628 56.2489755234073 134.995847415837 239.665971122404 256.930193024665 32.3348793138092 65.0881136875547 147.654110844988 110.350639102099 36.065368887551 37.7849516050905 0.458461692252111 3.55950094605368 390.373777216696 398.057915136689 1.67444809195102 162.657959281807 31.7420578514303 30.3098280918257 102.74452208566 63.0703711798106 88.4627327369661 28.9485617378985 145.599098388915 16.890097861224 13.3411371265596 488.110597962709 419.730661102105 54.7007956179351 79.2440332186696 209.351436012949 84.0174245704258 88.3913887979032 37.7648847365033 40.6808882676954 375.160713072816 61.1253859638948 156.366019655783 382.510309203678 87.7530724362766 276.888355253309 14.89606824246 48.9399332440026 582.031958299251 298.447556748452 12.5728560974747 229.8084948331 121.512129799151 75.5349198669184 17.2168711955558 119.926876984229 7.79782252972191 101.2159706596 204.798771833546 470.410657777325 17.037611580676 2.19443403502092 260.852344465275 42.026210532667 40.0832518487687 32.4198277544178 250.725758110729 349.95351973145 124.408355915861 263.57219979497 93.0085573015209 51.851265517233 169.856433550496 390.493299864368 155.119402737254 22.2259770168637 411.742138979739 47.7785826028887 23.7958757686556 217.933188294091 7.17277490359187 196.676552328072 23.804914105381 121.730475900641 101.151154820784 344.18900375913 146.317612028778 141.643727697478 120.084838948127 93.5620360174128 142.556013117914 111.777911655329 243.859685422029 2.70274025571016 28.7629923091282 189.281000493311 120.638748703795 78.3566921380047 18.1675053516918 290.506877476189 37.7071591538059 58.683120790164 95.5799340530142 15.0457947884097 98.3013811470257 38.1948849326643 28.4811142900566 197.473211164505 13.6015673826755 10.7030510008317 120.502061166199 90.5173555947303 42.46530453827 35.4824169039102 2.8560090313526 66.0178163271427 57.0748648522837 295.318845908615 123.050713670269 143.446104134295 15.1635812318345 15.7556187089718 202.695956540435 231.754909472999 13.2085943116134 16.8837771116617 103.600172122293 44.7912283447561 39.4492484202291 40.3147668876244 201.337315522151 202.081342929867 50.1168311854054 141.162158150893 255.120581466842 343.200737828764 82.2336380359266 471.77538340252 131.356691349793 286.98477212524 27.1925377045847 58.0142103632188 269.362938223503 82.9107660079848 181.947270220955 72.473643549378 37.7854096093447 355.245027927217 225.490323418926 18.4883153270221 43.4007194490015 85.4412759612007 286.790265966703 121.076500172794 152.41721431331 109.631423270815 25.3929136124277 256.54267199308 25.4018165364007 11.1049138259844 271.754568739053
