Instancenumber:
13
Instancename:
gr17
Customers:
16
Depot:
0
Dimension:
272
Vehicles:
16
Capacity:
6
Demands:
0 1 1 1 1 1 1 1 1 1 1 1 1 1 1 1 1
Uncertainty:budgeted
Gamma:
4
Mean Vector:
633 257 390 91 661 228 412 227 169 383 150 488 112 120 267 80 633 572 196 77 351 63 134 530 154 105 309 34 29 259 555 372 257 572 175 338 264 232 249 505 289 262 476 196 360 444 402 495 390 196 175 353 282 110 324 61 208 292 250 352 154 324 638 437 91 77 338 353 240 421 329 297 314 95 578 435 70 567 191 27 661 351 264 282 240 346 83 47 68 189 439 287 254 211 466 74 228 63 232 110 421 346 182 243 105 150 108 326 336 184 391 145 412 134 249 324 329 83 182 268 420 53 239 199 123 207 165 383 227 530 505 61 297 47 243 268 240 140 448 202 57 246 745 472 169 154 289 208 314 68 105 420 240 237 528 364 332 349 202 685 383 105 262 292 95 189 150 53 140 237 542 157 289 426 483 121 150 309 476 250 578 439 108 239 448 528 542 518 142 84 297 35 488 34 196 352 435 287 326 199 202 364 157 518 29 36 236 390 112 29 360 154 70 254 336 123 57 332 289 142 29 238 301 55 120 259 444 324 567 211 184 207 246 349 426 84 36 238 96 153 267 555 402 638 191 466 391 165 745 202 483 297 236 301 96 336 80 372 495 437 27 74 145 383 472 685 121 35 390 55 153 336
Deviation Vector:
556.844212396266 209.191642351812 2.80904486851747 30.7508025015591 569.642289033312 165.512658465244 81.8095870089007 97.4140915706816 121.004931036081 265.395915717809 71.123223532702 411.708664942392 56.2404607379571 89.3001491744245 118.473295491583 31.7777595960159 329.443173865205 318.892235049698 141.225786074215 9.76605026671418 82.3241027130923 26.2864265555093 40.6128208454642 255.076950643072 16.3041671070517 40.6864230026506 71.8406461636207 1.20470607256388 5.64517243682877 35.7700411280003 320.651352245293 60.8528429107435 10.617858014259 334.593037850956 87.7631680906618 305.248901740656 105.630800884636 162.416420129531 104.946358807054 103.703402742583 139.367821885011 234.65404974414 65.8068397886253 14.4294538977145 262.449053099736 258.394622837275 189.278346392843 167.658278647757 89.1949003762317 55.0000453377241 81.4686976770695 163.526006003562 196.795770492882 84.5477784663194 10.9365665224556 49.027441986406 51.0300969170325 77.7446599588073 209.790272175048 154.879339267892 62.2709937663419 163.990126770863 385.0846996732 194.758543826057 16.4096954864968 14.9623277867332 148.046054445441 204.896376897883 214.65281331042 361.839984874258 258.526971778051 138.360245956686 265.121075849571 1.26131726811165 311.818906355152 288.22703194643 41.6672826887866 56.4458865233155 17.2903828990236 22.2466977444689 251.288605139872 195.177404055077 99.3773452043397 47.1652727139701 99.3379781194625 141.923723949755 4.99762844681239 30.9845265889421 45.9974445943577 169.981587729403 82.7402895064776 48.796085890764 125.66572283043 167.123709980691 286.912905471671 49.9554215585493 17.2373784122812 9.00459645829199 79.981385664118 6.51423879408656 38.5798484590341 76.0420505090447 95.5645175337744 6.12465108509709 24.4704323590498 23.0684905588349 74.2818819770112 270.025354132066 85.1228330878291 143.211021386925 289.919264260119 91.8583800686079 174.52849119075 27.7570180595346 199.388943580225 271.356831494777 203.100286598178 71.4606096402207 106.65153136537 102.641374108682 356.821825157756 41.0470100985951 132.169726295075 86.2772078989265 80.6582930727743 53.3926342045543 32.6465974713173 280.11126957321 90.9964760937055 287.580925026249 399.243591767151 30.0427518562588 226.426928717287 19.0299348173238 125.803154381341 22.6897005556958 134.083720131534 41.2628651940174 0.982368904261336 164.028834336129 9.25033696629828 182.943873373016 398.397016107672 276.544543297997 6.76799402050088 65.4116537930961 148.15632241415 136.733667403645 117.73533393664 12.7758504591066 13.6074431354318 131.779267641791 12.379952667341 161.777646558008 394.581775943098 257.472348362458 9.88451270684134 12.0067271767559 106.642612893107 294.987141029945 220.994350733055 42.813350021435 3.24182674671082 125.157061636182 77.200649979435 100.185467528216 76.9924703807248 24.4092391301887 115.474322622326 122.167793994715 196.09923557857 11.9844847354777 100.682195608461 381.93788414449 319.858903094107 46.9998607911451 61.5824843195009 81.6119931060858 64.2757539976307 196.375797169824 261.254055812819 116.171601197942 20.3573998852528 120.355565619919 16.336315903841 13.220859496397 162.68264574457 34.3110868967794 8.44086856238004 69.5592416498414 147.572107129071 22.2758019900211 158.630985497728 17.3144716621187 30.2433200225901 79.8804192944893 55.9245130464378 191.59712145677 224.120009424152 8.47934685514849 55.0031469588752 50.4221873957472 18.6742206965748 321.509187340256 3.60532031221676 28.1224020487655 23.2067772873343 208.599801360514 15.0668460188611 6.76764006226095 147.458004433152 90.3243952745052 34.8596284599054 151.917402857967 60.2558590301568 65.7385410263615 35.5189525188067 159.189151705658 173.601520460938 96.9266801606836 11.5072783136805 44.4593943314318 122.887714953533 39.7026407439274 83.5264013275275 145.704979109469 16.8854526576009 267.17540378391 181.09093756769 153.0836629456 159.569441762333 122.477175589141 212.553220844806 26.3147401199741 128.474092706113 6.51755721424084 30.8368165024018 95.1800506756307 58.7962802688086 12.2912153937188 169.08658194138 61.7703424480159 268.076428925731 140.684655466332 135.495003865369 394.324401203155 295.192702075801 69.5918086910133 309.105113417919 89.8691826460319 93.5000508533716 241.077541340727 149.081464710673 181.155862586793 59.7893935102127 140.107148202457 20.2916240093915 245.831170997632 163.761888289554 250.413965855297 12.8407292574497 21.2593429449239 36.8210013811053 164.249987491172 171.189122881665 380.531417695565 61.279374202407 10.7974352322607 17.4203603979245 11.4473400558926 59.4914322661728 227.791424849871
