Instancenumber:
16
Instancename:
gr17
Customers:
16
Depot:
0
Dimension:
272
Vehicles:
16
Capacity:
6
Demands:
0 1 1 1 1 1 1 1 1 1 1 1 1 1 1 1 1
Uncertainty:budgeted
Gamma:
16
Mean Vector:
633 257 390 91 661 228 412 227 169 383 150 488 112 120 267 80 633 572 196 77 351 63 134 530 154 105 309 34 29 259 555 372 257 572 175 338 264 232 249 505 289 262 476 196 360 444 402 495 390 196 175 353 282 110 324 61 208 292 250 352 154 324 638 437 91 77 338 353 240 421 329 297 314 95 578 435 70 567 191 27 661 351 264 282 240 346 83 47 68 189 439 287 254 211 466 74 228 63 232 110 421 346 182 243 105 150 108 326 336 184 391 145 412 134 249 324 329 83 182 268 420 53 239 199 123 207 165 383 227 530 505 61 297 47 243 268 240 140 448 202 57 246 745 472 169 154 289 208 314 68 105 420 240 237 528 364 332 349 202 685 383 105 262 292 95 189 150 53 140 237 542 157 289 426 483 121 150 309 476 250 578 439 108 239 448 528 542 518 142 84 297 35 488 34 196 352 435 287 326 199 202 364 157 518 29 36 236 390 112 29 360 154 70 254 336 123 57 332 289 142 29 238 301 55 120 259 444 324 567 211 184 207 246 349 426 84 36 238 96 153 267 555 402 638 191 466 391 165 745 202 483 297 236 301 96 336 80 372 495 437 27 74 145 383 472 685 121 35 390 55 153 336
Deviation Vector:
202.200057404041 37.2446386805183 350.399218089701 10.7434954858169 53.1057770293041 169.326291836746 222.409518119834 112.421241931055 46.7770388559863 280.896341656376 59.4281623297094 443.342307111611 47.5427262164362 12.9870029896285 110.726231801943 54.2507141979175 486.815933623432 426.447212949993 66.7173594897398 25.7083877246837 42.8418656882253 37.4429558055124 102.205325209051 256.915071045455 36.8189426663622 37.6318436251734 245.112262067058 9.64755555776716 16.429427022051 70.2686557772574 28.268035514222 329.578361209309 106.970679355249 22.0929420351931 16.3195935330727 167.840623907995 206.258764716505 146.875429556514 20.1811384214511 74.3872602775621 131.704714428932 125.035962356857 69.0299642965057 172.521999349596 210.766148237857 248.518309109716 260.326880015306 219.65829090868 153.852699251933 15.1321973353447 136.085125453107 182.342396411062 189.373637118725 69.2545358899468 29.330815640191 55.5479275776012 16.06098920927 258.061066519056 70.9011229235275 226.599387714641 37.6236507823368 108.390276041518 394.88543699327 288.654994566754 33.9577341334216 54.8392083778777 83.2624913733192 86.0177010316781 104.282964753653 137.83012949189 128.631667515424 264.400688555286 252.651929256416 50.9198713898417 496.896996573037 208.502718849945 12.9468963191428 338.211974533432 2.34964604539145 15.6451435833966 445.31495380745 277.265816269729 48.9011303804119 122.519887182864 122.09973217031 95.4125320800985 36.0486050430833 27.5403633809598 16.9157230194018 135.687831498172 140.016649777176 141.5111052979 35.9902803306198 5.72196496820457 113.162923652238 38.0993388646788 168.564009059874 30.8181903280919 175.979455996624 28.9365203601087 343.773909303425 82.6043667555198 44.1401649196775 172.632103110192 81.3476570118423 28.7164286107196 30.1285295863682 15.9499887770289 264.746710922638 53.5936208065417 245.69505850715 79.8756576404879 70.217931441478 109.023426866816 18.5667805008813 220.054565097488 58.7585841041048 42.2375318767104 64.4966191765921 114.531985040351 132.737662788393 35.6860427536152 2.30857272132307 91.0894781902448 86.15410508918 52.2671258414805 10.2008107677832 202.601945026047 168.360410396881 434.788273743767 399.983269420141 39.4957929522667 44.0531996383849 5.81886086833118 108.650958660791 3.29585225452214 75.6596178707573 101.652761449451 27.4284873476977 38.8680605014571 6.07573975815638 169.641701064016 553.745645723505 130.755232661882 100.12221933544 125.948611939191 13.1309024341559 160.375631137841 130.613056896366 27.1872620362657 30.2007231696586 307.443025516016 38.9676796904794 70.4566007040884 147.298466603966 314.061096891941 182.528097933077 118.938314981524 97.166667518449 260.77288145219 95.8969922150289 38.0415292149326 30.75708315281 116.423630452608 46.1800537196104 106.693662771768 61.6513529051178 42.4717745303819 53.1774573544646 111.919297291949 44.9867976036904 76.3696523495465 72.5577348258677 351.997076668255 368.748622573724 102.063983331659 110.004516098576 249.947119287947 334.995365514044 59.6399209148624 172.205923867002 35.3960453466798 6.4581819393389 110.01157017643 169.305489887869 178.871800529623 223.485982840064 8.76899486344861 96.4989135338075 75.0421449308589 118.092813121461 0.671464463365611 168.306437381991 17.5104197970173 81.9075694639699 292.510616345849 73.4106760658614 237.895672416415 235.235536289664 109.171232037506 78.8545778942885 292.868165136846 19.5090016061829 332.262824591375 20.8828472906724 31.957771026559 135.503910534656 211.650159530528 88.0137786284209 10.6479874888978 281.250864145582 26.6423891842563 31.3460551086001 213.626796856346 212.789466615816 101.562923744861 15.336067994386 44.7764546555584 243.523939336162 5.37537190595352 3.40630524707812 78.4194249588884 17.1688687639535 25.4291973188137 101.340687498156 123.008215163316 169.863835009071 33.2090272438299 222.871296276246 40.8050153387098 119.801692268566 162.172135308508 21.4518551456225 270.599701315915 219.008894073614 67.8132710329675 27.0829535709759 42.2463307139545 42.1655669785249 95.9880183101153 145.428912154107 171.888023295225 321.750828907844 52.1306319884784 45.8380183857871 243.675255644206 354.802894153064 83.9921691706992 490.043949678701 169.538350429553 264.151821749299 230.245066839963 60.8934847187607 181.785221448299 31.3743409053226 64.4313812136369 13.4483120093275 263.893919258968 145.657245096973 245.233461622061 24.3750857791769 2.55923879838377 62.9077178831358 30.3392345537955 382.29244410719 25.4702241846199 107.26838247969 22.801694243384 83.7284761028607 22.8234219048263 56.3163533960827 255.146967221877
