Instancenumber:
17
Instancename:
gr17
Customers:
16
Depot:
0
Dimension:
272
Vehicles:
16
Capacity:
6
Demands:
0 1 1 1 1 1 1 1 1 1 1 1 1 1 1 1 1
Uncertainty:budgeted
Gamma:
4
Mean Vector:
633 257 390 91 661 228 412 227 169 383 150 488 112 120 267 80 633 572 196 77 351 63 134 530 154 105 309 34 29 259 555 372 257 572 175 338 264 232 249 505 289 262 476 196 360 444 402 495 390 196 175 353 282 110 324 61 208 292 250 352 154 324 638 437 91 77 338 353 240 421 329 297 314 95 578 435 70 567 191 27 661 351 264 282 240 346 83 47 68 189 439 287 254 211 466 74 228 63 232 110 421 346 182 243 105 150 108 326 336 184 391 145 412 134 249 324 329 83 182 268 420 53 239 199 123 207 165 383 227 530 505 61 297 47 243 268 240 140 448 202 57 246 745 472 169 154 289 208 314 68 105 420 240 237 528 364 332 349 202 685 383 105 262 292 95 189 150 53 140 237 542 157 289 426 483 121 150 309 476 250 578 439 108 239 448 528 542 518 142 84 297 35 488 34 196 352 435 287 326 199 202 364 157 518 29 36 236 390 112 29 360 154 70 254 336 123 57 332 289 142 29 238 301 55 120 259 444 324 567 211 184 207 246 349 426 84 36 238 96 153 267 555 402 638 191 466 391 165 745 202 483 297 236 301 96 336 80 372 495 437 27 74 145 383 472 685 121 35 390 55 153 336
Deviation Vector:
458.722096829225 66.225566990086 328.019417076791 4.90491606817425 515.973496607931 191.002623357217 231.932774124939 119.765997296166 129.498051937463 76.244921405946 58.8105781882159 55.3953182121501 89.9371776383637 86.2663886822259 81.5084408790766 4.82764067165065 327.583780942045 342.932372796821 121.81801364537 39.233191761949 222.574866354511 9.10966783141332 78.8907154634569 282.643244667666 27.9942295116435 59.2707500592152 84.6651389219645 13.4799498012824 1.99188632464736 166.298190213055 136.011729526956 295.131851869932 231.239601294159 100.313185432333 148.271439710115 260.121887871637 27.0163343086274 115.870100866015 96.220071666478 438.640607312899 201.870254625264 203.966086113398 33.9584835486233 115.787901612144 211.181104191594 167.217686690506 261.742243599953 95.7108212577274 25.4980539021227 70.9229293417394 123.00350394403 246.922106973922 142.81878223706 41.8929435769197 104.33327754132 41.9820479044449 7.1883488727546 174.035942597861 43.4826247421764 36.3422769294529 50.4076727290782 135.754923905495 572.037370195431 138.231241056539 54.0876136278152 64.1492206381825 59.1976942695642 245.936505003305 101.22670693187 236.419748230563 215.34048049 62.2280432020024 134.79853702238 68.9578103437334 462.559892989223 45.735889496361 13.4203435061268 306.524641638516 57.0125775299279 6.94166809503761 596.525738683026 31.801803705012 12.0980549543057 140.475533564304 113.147609032169 127.27342003755 22.8749309353829 23.7823638057523 3.60990580965913 84.96156245915 267.46199915744 109.177497894958 220.606303826922 125.564884054241 324.675261863903 40.8575629756249 117.974517166068 54.9277556613267 78.4309183494672 3.12852452372717 220.042945537206 28.3117035201238 43.3092956691043 10.0099297664046 84.8082291573188 19.1206332205638 15.8039750661575 28.8991525280812 224.474450638647 81.8484021911852 135.186891461147 95.6665528039262 220.597861280522 52.4707138792503 61.5380128116718 31.1400181661453 249.847451460314 43.3876018726068 109.585641206383 217.750427901165 25.8322517839924 15.9319509049614 67.4319596600428 3.83377692720307 110.17074139194 14.0969513918869 94.2800826148169 192.403983782176 6.62872814796052 482.013134184517 268.054708517839 33.6639952538163 23.9131243233484 36.131934622999 144.114042110076 238.041081610053 215.096509100131 103.515300581277 29.6091227597459 132.016144615448 15.5868991472884 101.312226172557 299.896542127338 381.794226523141 135.776426790428 100.051691406151 261.544202452974 135.627783021451 82.1611121138185 40.5516124644315 58.1478806410446 135.729280726043 215.26802145298 198.11574902623 180.803127013918 321.00368937929 300.138838121403 1.06643893836242 95.6408657795764 15.3886511636461 0.668540425478878 9.81772356900024 150.475497214307 24.0202430896012 81.9153360891593 48.5024943384285 8.95577868064747 44.9298619497096 11.9354273357841 29.8138850901776 320.056207730273 56.3170654743522 155.376602069192 35.0540047555911 124.046277064937 52.0635417250301 109.795905595805 77.5753536992891 81.6649148345823 20.7158475854982 489.797296362519 318.430531990412 43.8510612465786 199.225942591533 291.431531388624 395.186093108303 436.142365324971 333.47832476019 106.715017626682 30.8608807209892 197.874982971449 26.3640910749145 224.916060601971 11.2135667374173 163.762086971009 145.161757358981 255.100417330787 256.929874368902 113.8899562826 133.666467884366 22.2713322906761 10.591088344835 18.7818017395641 335.606720351687 3.23010098805726 13.5523404230271 39.5058618063041 328.908643864231 70.2807644260746 9.82991734514087 5.56199318900088 86.8772651825173 10.7483633403104 107.055494792897 163.615377746326 98.8999776390471 14.7725719932422 126.449614892483 155.215109145895 14.1876789433468 21.699649363876 69.6276924915254 256.805066202537 16.4113637394435 74.6836939429142 201.482555046838 315.586225953618 96.5626760695873 432.270627854876 31.5163475260876 10.8476901683791 180.635689339438 43.9018912361725 62.3258677618334 259.756352309797 24.3470443121225 19.9813697776245 184.96275089025 21.3535062104708 41.5817231440953 54.8279630533744 132.024697278994 336.037449823347 228.975790879198 125.937886789625 192.036585456205 98.6071409932873 1.28034838417534 590.761168163822 159.432273095047 52.0060199601825 187.247474231753 40.3685321039704 15.0731740622641 1.73591054190975 266.588185357677 66.2401530560675 271.136734554283 89.4372253005237 296.991784272236 23.712176683058 17.7330714817705 93.0149394477656 55.8884447305863 197.399957926286 233.222039209447 52.728000335645 2.18712875055769 80.673699361637 36.2010524795876 51.142600253676 138.500482047876
