Instancenumber:
20
Instancename:
gr17
Customers:
16
Depot:
0
Dimension:
272
Vehicles:
16
Capacity:
6
Demands:
0 1 1 1 1 1 1 1 1 1 1 1 1 1 1 1 1
Uncertainty:budgeted
Gamma:
16
Mean Vector:
633 257 390 91 661 228 412 227 169 383 150 488 112 120 267 80 633 572 196 77 351 63 134 530 154 105 309 34 29 259 555 372 257 572 175 338 264 232 249 505 289 262 476 196 360 444 402 495 390 196 175 353 282 110 324 61 208 292 250 352 154 324 638 437 91 77 338 353 240 421 329 297 314 95 578 435 70 567 191 27 661 351 264 282 240 346 83 47 68 189 439 287 254 211 466 74 228 63 232 110 421 346 182 243 105 150 108 326 336 184 391 145 412 134 249 324 329 83 182 268 420 53 239 199 123 207 165 383 227 530 505 61 297 47 243 268 240 140 448 202 57 246 745 472 169 154 289 208 314 68 105 420 240 237 528 364 332 349 202 685 383 105 262 292 95 189 150 53 140 237 542 157 289 426 483 121 150 309 476 250 578 439 108 239 448 528 542 518 142 84 297 35 488 34 196 352 435 287 326 199 202 364 157 518 29 36 236 390 112 29 360 154 70 254 336 123 57 332 289 142 29 238 301 55 120 259 444 324 567 211 184 207 246 349 426 84 36 238 96 153 267 555 402 638 191 466 391 165 745 202 483 297 236 301 96 336 80 372 495 437 27 74 145 383 472 685 121 35 390 55 153 336
Deviation Vector:
567.220723860091 66.6685008317255 300.729015431234 58.6654295053077 443.865589237909 25.6553146050972 268.803111514507 125.691101068477 152.402846032811 291.121232193582 41.0098891353811 79.0931778632917 90.7406804104759 34.9777995365853 11.9414405781588 58.1934122698993 69.3609408925176 128.932094594613 97.2677075457751 5.93168004719268 163.229693170915 14.299566666772 29.8763235491576 468.128918686701 87.3868964177132 69.1662548053887 10.8096225513293 26.3263026366368 11.7785902502395 95.6352213324997 153.034550272098 145.627833306911 161.5652262466 77.8315032559366 21.941292334419 131.615762816568 65.6283861372061 180.452743605854 8.05070114276506 121.005804139944 181.247014565309 80.1016252295759 191.205219836827 103.20733578254 214.996700451921 198.208763877873 137.973148436504 349.860061659598 262.010538909938 164.53819782825 137.168991603074 79.8114817596422 43.9042821849782 10.5612695361538 64.3425294901624 44.1113157185039 156.985457803963 68.2026301607589 146.667608907392 88.044758928009 92.8340659474252 279.420309951475 409.340689131773 140.149471167811 7.98147529806145 59.0573552464963 240.015124955515 118.714214696238 152.165587977819 312.565578350977 189.47647758173 104.070782898416 43.1431419277327 6.34971233368422 506.891386169711 319.556045122177 35.9278648439725 175.442612704746 101.350462742236 7.406321409407 157.40676712979 141.69329397552 132.106405186793 111.05815257923 119.927073470068 241.850921960457 17.1138241991259 16.1522555176146 1.48191371963925 149.850745831432 260.674761338706 179.263488816388 189.103138875452 68.4954713432214 16.1006378267289 61.5834709219372 41.229882994286 46.913242631018 59.7959239837781 89.6341713730418 242.631474474901 288.445459469795 46.317885048314 173.434040985345 94.5521298233634 33.1049526148831 58.05680668983 163.972386488599 178.121086571262 28.966165769793 303.920773566418 111.397203177842 231.177077821093 49.1679666949324 62.576415049126 48.6118730760749 51.043468994521 37.9726292155012 89.8537015255359 47.419965938987 142.629370598086 9.36642062448233 191.570839738419 34.4917506892329 61.6658045906301 173.073187620532 15.6363141843746 261.275255956711 152.087297393009 186.828494072534 296.065351321312 20.4679997796964 81.7923398149518 39.5158091265829 33.6536548812784 71.0528706585591 36.1662417744688 94.6477605148298 344.11123369321 137.52462101552 47.5083740342579 156.118366823869 401.035453996024 228.363394968999 15.3424496355159 121.600483100282 183.184787834003 51.153658035968 105.6126997392 14.7417300459118 44.4014780647176 283.894765153704 94.4436157442806 74.3359847326095 448.412077016921 325.730157626707 79.3438145838947 11.6084142564114 134.587547779228 622.648208983609 147.749344905133 35.8862810329077 87.4418611489563 193.059773567684 25.8178740284559 89.253354057099 2.32760302055124 22.3903677621232 33.2537092237918 185.718600340152 104.338153502249 25.1573399884753 146.662120932665 311.324396082151 311.080297218865 72.3900786686682 91.447959267509 113.448447039846 401.837372737886 8.80758323688997 337.515716357988 156.41503031815 76.8063870436641 15.93732896357 300.138683509623 343.023986678008 27.521431470545 470.830822550343 96.9758574231431 60.2324132145821 269.422478874093 5.52748670633916 72.2521756535297 11.2242516593188 160.541992744767 147.77834102431 349.028782551414 239.532827086831 274.584780105982 25.6953985721359 142.90753276878 45.1438310584439 45.4295891132257 157.562916495388 24.7900687067224 0.815404343795727 212.975988074438 215.948503226978 43.6572862275028 24.2401685989673 212.019999915627 9.69668971709733 19.6978215631832 98.8938302193518 43.56203135841 4.99145851367138 7.30988083103996 59.9015819614301 11.1992901553993 115.186437799291 26.0268907088368 8.36078677942703 17.5577461140147 7.41223015663507 43.8305286023488 227.252604288452 246.239138147409 83.2195673311115 454.316364721739 102.568861573176 71.0190545113287 123.777214299815 150.091946195876 235.691413331977 384.308688447839 46.5520365777493 25.1274125958048 212.725540628959 18.9250671891053 27.082832225098 218.647306304965 436.274711223606 96.4709523448047 120.921616274563 50.5495715517294 172.24590065131 89.9742914773809 64.8286593950803 409.789371714184 54.3107595900874 141.665907763229 159.418590796068 71.7427027376819 105.842297456437 64.46695228829 224.867633136836 25.4631852763256 117.311874051696 7.58860653384117 91.2387563393001 21.6394969183291 29.6964694039828 116.977574985705 191.815517501432 78.2898362902333 546.702652180745 17.4537431040693 30.2348193154654 304.645359636998 18.7760060031837 19.904542626164 231.597008426962
