Instancenumber:
24
Instancename:
A-n45-k6
Customers:
44
Depot:
0
Dimension:
1980
Vehicles:
44
Capacity:
100
Demands:
0 19 2 12 20 6 17 8 14 2 8 5 7 22 14 17 23 15 21 2 24 10 20 6 21 10 6 13 21 24 11 16 8 11 11 22 17 22 17 8 23 5 3 18 12
Uncertainty:budgeted
Gamma:
44
Mean Vector:
20.8806130178211 31.1448230047949 66.6033032213869 66.9103878332804 78.8923316932641 30.2324329156619 28.6006992921502 82.0731381147328 18.6815416922694 69.656299069072 60.4069532421558 49.7393204617835 43.8292140016223 19.6977156035922 35.6931365951495 67.446274915669 56.2227711874824 50.0099990001999 65 54.2033209314706 88.090862182181 45.6070170039655 9.05538513813742 41.7252920900501 36.4005494464026 24.3310501211929 43.081318457076 25 30.1496268633627 69.8569967862919 40.3608721412211 34.828149534536 93.3488082409197 54.1202365109392 25.298221281347 66.7083203206317 47.8016736108685 21.0237960416286 67.3572564761956 65.7875368135941 86.4522989862039 59.2114853723498 42.0475920832573 28.6530975637888 20.8806130178211 50.2195181179589 79.6492310069595 86.1452262171271 86.278618440492 12.0830459735946 40.7185461430047 94.339811320566 38.0131556174964 83.1865373723417 51 70.2139587261678 54.0832691319598 14.142135623731 56.5154846037792 85.842879728024 55.9016994374947 48.7544869729956 54.230987451825 64.6374504447692 98.0815986819138 64.2806347199528 29.4278779391243 25.0798724079689 56.4358042380899 24.0831891575846 34.2344855372474 37.6961536499415 29.4108823397055 58.5491246732178 34.4818792991333 46.9574275274956 105.118980208143 42.2965719651132 14.560219778561 87.5556965593901 33.2415402771893 34.2052627529741 88.2326470191165 56.0357029044876 99.1261822123701 79.0063288604147 42.190046219458 9.4339811320566 31.1448230047949 50.2195181179589 73.0068489937759 56.4003546088143 92.9623579735368 60.9590026165127 46.1735855224608 88.102213366067 28.1602556806574 74.6860093993514 89.8943824718764 22.0907220343745 59.1354377678901 41.7851648315524 21.2602916254693 60.1414998150196 80.6039701255465 75.690157880665 94.8946784598589 67.0820393249937 97.4987179402888 41.8807831827438 26.8328157299975 72.8354309385206 8.06225774829855 53.2353266168247 73.0616178304313 43.4165866921848 58.1807528311554 99.8498873309329 51.1566222497147 50.0099990001999 99.2975326984513 84.5990543682375 47.4341649025257 44.7213595499958 78.873316146844 20.0997512422418 43.0464865000618 95.2575456328789 91.3016976841066 47.2016948848238 67.7200118133481 59.0338885725818 66.6033032213869 79.6492310069595 73.0068489937759 36.6742416417845 26 79.7119815335185 39.1152144312159 15.6204993518133 50.4479930225178 4 71.1969100453102 69.3541635375988 26.2488094968134 85.6037382361308 53.160135440008 30.0166620396073 46.5725240887801 49.3659801887899 76.6876782801514 17.0293863659264 24.738633753706 32.5576411921994 59.4138031100518 81.3941029804985 69.2603782836912 57.5847201955519 66.1211010192662 42.4381903478459 54.817880294663 80.5232885567896 106.962610289764 32.7566787083184 27.0185121722126 75.1065909225016 90.4433524367601 60.8769250208977 79.227520471109 81.4002456998749 66.4906008395172 74.2159012611179 19.8494332412792 40.024992192379 48.0416485978573 80.7774721070176 66.9103878332804 86.1452262171271 56.4003546088143 36.6742416417845 62.6498204307083 91.1975876873944 50.4479930225178 45.3982378512647 48.3735464897913 35.1140997321589 97.5294827218929 42.7200187265877 48.0208288141719 86.1220064791805 35.8468966578698 7.07106781186548 75.8023746329889 75.8023746329889 103.353761421634 45.9673797382448 57.8705451849211 22.0227155455452 57.8705451849211 97.6729235765982 49.5782210249622 71.1969100453102 86.9770084562581 51.7880295048962 71.5681493403316 107.912001186152 103.247275993122 46.8187996428785 54.0092584655631 98.2344135219425 91.98369420718 26.0192236625154 98.7623410010111 72.4499827467198 32.0624390837628 101.71037311897 46.0108682813094 9.21954445729289 71.1125867902441 91.0494371207203 78.8923316932641 86.278618440492 92.9623579735368 26 62.6498204307083 82.6196102629394 50.5371150739731 23.3238075793812 66.7308024828115 27.7848879788996 61 93.0483745156249 35.3411940941446 95.603347221737 75.1664818918645 55.9016994374947 37 42.9534631898291 65.4904573201318 25.9615099714943 16 56.1426753904728 73.824115301167 80.1311425102625 90.6697303403953 62.2253967444162 62.6099033699941 54.1202365109392 57.3846669416143 68.1175454637056 118.004237212059 44.7772263544762 27.1661554144122 68.0073525436772 99.3579387869938 86.6833317310773 75.2396172239067 97.1699542039616 92.1791733527699 62.2896460095897 27.3130005674953 65.8027355054484 46.0434577328854 84.504437753292 30.2324329156619 12.0830459735946 60.9590026165127 79.7119815335185 91.1975876873944 82.6196102629394 42.4264068711929 93.5200513259055 44.6430285710994 83.4865258589672 40.3112887414927 79.9249648107523 53.4883164812653 25.9615099714943 64.621977685614 90.0055553840984 49.2036584005702 42.0119030752 43 63.5609943282828 95.7183368012629 69.1809222257119 37.5765884561119 13 66.6108099335236 22.1359436211787 24.6981780704569 40.1123422402632 25.5538646783613 47.0956473572665 44.2831796509691 48.0520551069359 103.768974168583 31 25.0199920063936 95.5196314900764 21.3775583264319 46.0434577328854 96.7729300992793 45.0998891351187 98.488578017961 84.8528137423857 36.7967389859482 3 28.6006992921502 40.7185461430047 46.1735855224608 39.1152144312159 50.4479930225178 50.5371150739731 42.4264068711929 54.2033209314706 18.0277563773199 42.5440947723653 50.2493781056044 54.5893762558247 15.2643375224737 46.7546789102438 34.9857113690718 48.2597140480546 35.1140997321589 31.3847096529504 55.9732078766261 25.6124969497314 59.5482997238376 29.1547594742265 23.4093998214393 47.3814309619285 46.5725240887801 21.0237960416286 37.1214223865412 3.60555127546399 21.1896201004171 60.8769250208977 68.6221538571911 6.40312423743285 65.299310869258 48.8773976393997 51.4003891035856 61.2209114600559 48.3838816136118 46.8187996428785 64.3816744112795 55.1543289325507 58.821764679411 45.6946386351835 24.2074368738204 42.9534631898291 82.0731381147328 94.339811320566 88.102213366067 15.6204993518133 45.3982378512647 23.3238075793812 93.5200513259055 54.2033209314706 66.0681466366357 13.4164078649987 80.0062497558784 82.7647267862342 40.3112887414927 100.895986045036 67.7790528113222 38.3275357934736 55 59.3043000127309 85.0940655980192 29.9666481275434 12.6491106406735 46.8187996428785 75.0066663703967 93.962758580195 83.9344982709732 71.5541752799933 77.6659513557904 57.6281181368956 68.1542368455549 88.3628881374981 122.429571591181 47.8016736108685 11.4017542509914 85.375640553966 105.603030259553 71.175838597097 90.8019823572151 97.0051545022222 77.1038261048049 82.2192191643779 5.09901951359278 51.0098029794274 59.6657355607052 94.8103369891701 18.6815416922694 38.0131556174964 28.1602556806574 50.4479930225178 48.3735464897913 66.7308024828115 44.6430285710994 18.0277563773199 66.0681466366357 53.0754180388624 64.4049687524185 39.0512483795333 31.7804971641414 38.2753184180093 20.8086520466848 48.7647413609464 52.6307894677631 48.1040538832228 69.8140387028282 40.853396431631 73.5730929076656 26.9258240356725 9.8488578017961 53.665631459995 29.1547594742265 29.0688837074973 48.7954915950234 15.2970585407784 32.649655434629 74.8131004570724 57.6888204074238 22.3606797749979 77.4661216274573 60.8111831820431 43.9658958739612 51.0783711564885 57.4282160614449 31.0644491340181 52.8393792544916 69.6347614342147 70.0927956355002 41 40.3112887414927 43.9317652729776 69.656299069072 83.1865373723417 74.6860093993514 4 35.1140997321589 27.7848879788996 83.4865258589672 42.5440947723653 13.4164078649987 53.0754180388624 75.1332150250473 69.8713102782537 30.0832179129826 88.8144132446981 54.4242592967511 28.2311884269862 50.4479930225178 53.3385414123783 80.6039701255465 21.0237960416286 24.0831891575846 33.5261092284804 62.2414652783817 85.3287759199674 70.5761999543756 61.3514466007119 70.1141925718324 45.7930125674212 58.6941223633168 84.4037913840368 109.98636279103 36.2353418639869 24.6981780704569 79.1012010022604 93.7443331620637 60.0166643524946 83.2165848854662 83.868945385047 65.7647321898295 78.1024967590665 17.0293863659264 39.319206502675 52.0384473250308 84.504437753292 60.4069532421558 51 89.8943824718764 71.1969100453102 97.5294827218929 61 40.3112887414927 50.2493781056044 80.0062497558784 64.4049687524185 75.1332150250473 103.40696301507 49.6588360717405 65.0307619515564 84.3860177991591 93.5200513259055 25.0199920063936 22.1359436211787 5.8309518948453 54.817880294663 76.791926658992 78.2368199762746 63.0634601017102 29.732137494637 92.9623579735368 36.6742416417845 17.464249196573 50.9313263129874 31.9061122670876 10.6301458127346 84.5931439302264 51.6139516022558 87.3670418407308 10.295630140987 65.1229606206597 111.39569111954 21.0237960416286 80.7774721070176 114.629839047257 5.3851648071345 85 94.578010129205 26.6270539113887 43.2897216438267 49.7393204617835 70.2139587261678 22.0907220343745 69.3541635375988 42.7200187265877 93.0483745156249 79.9249648107523 54.5893762558247 82.7647267862342 39.0512483795333 69.8713102782537 103.40696301507 63.6003144646314 63.3245607959503 19.6977156035922 48.3011387029333 89.4706655837543 85.9592926913664 108.853112036358 68.7313611097583 93.9042065085478 37.0135110466435 42.8018691180654 90.8019823572151 14.3178210632764 67.8969807870718 87.783825389419 53 71.7007670809734 113.850779531806 73.0273921210391 56.0802995712398 93.1450481775601 99.7647232241938 69.1230786351418 24.1660919471891 95.6713123146118 42.190046219458 21.3775583264319 108.600184161906 84.8999411071645 34 78.5493475466219 78.390050389064 43.8292140016223 54.0832691319598 59.1354377678901 26.2488094968134 48.0208288141719 35.3411940941446 53.4883164812653 15.2643375224737 40.3112887414927 31.7804971641414 30.0832179129826 49.6588360717405 63.6003144646314 61.5223536610881 44.1474801092882 43.8634243989226 28.2842712474619 27.7848879788996 55.4616984954482 10.6301458127346 44.5533388198909 30.6104557300279 38.4837628097877 55.4436651025164 58.1377674149945 31.3847096529504 41.194659848092 18.8679622641132 28.6356421265527 59.9416382825828 83.6301381082203 9.48683298050514 51.0392006206994 51.4198405287298 65.8559033041078 64.8151216923952 54.0370243444252 61.8465843842649 69.065186599328 53.7121960079831 45.1774279923061 46.0108682813094 23.7697286480094 54.6260011349907 19.6977156035922 14.142135623731 41.7851648315524 85.6037382361308 86.1220064791805 95.603347221737 25.9615099714943 46.7546789102438 100.895986045036 38.2753184180093 88.8144132446981 65.0307619515564 63.3245607959503 61.5223536610881 53.0094331227943 86.9770084562581 68.0073525436772 61.0327780786685 68.3593446428504 72.1248916810278 106.075444849409 65.1459898996093 28.4604989415154 38.8973006775534 49.0407993409569 34.928498393146 48.0416485978573 43.2781700167648 40.853396431631 72.691127381545 22.4722050542442 53.1507290636732 112.044633963434 56.4358042380899 6 83.2946576918352 47.2969343615419 23.0217288664427 83.0240928887513 70.1141925718324 105.422957651548 78.0896920214186 53.851648071345 23.0867927612304 35.6931365951495 56.5154846037792 21.2602916254693 53.160135440008 35.8468966578698 75.1664818918645 64.621977685614 34.9857113690718 67.7790528113222 20.8086520466848 54.4242592967511 84.3860177991591 19.6977156035922 44.1474801092882 53.0094331227943 39.0512483795333 69.778220097678 66.3701740241805 89.9388681271896 50.0399840127872 77.884529914483 21.0237960416286 27.2029410174709 74.3034319530397 16.1554944214035 49.8196748283246 69.3541635375988 33.6005952328229 53.0377224247045 94.9210198006743 68.0073525436772 36.4005494464026 78.7908624143688 81.3941029804985 59.0084739677277 31.04834939252 78.2368199762746 36.7695526217005 32.2024843762092 89.4986033410578 70.6823881882892 26.8328157299975 59.0762219509677 63.5688603012513 67.446274915669 85.842879728024 60.1414998150196 30.0166620396073 7.07106781186548 55.9016994374947 90.0055553840984 48.2597140480546 38.3275357934736 48.7647413609464 28.2311884269862 93.5200513259055 48.3011387029333 43.8634243989226 86.9770084562581 39.0512483795333 71.0211236182588 71.5541752799933 99.3176721434811 40.6078810084939 50.8035431835222 21.8403296678416 58.5234995535981 95.6347217280419 53.8144961882948 69.2603782836912 83.9344982709732 50.0399840127872 69.0507060065283 103.754517973918 105.118980208143 43.9317652729776 47.0425339453563 94.8683298050514 92.7200086281273 33 96.1041102138717 74.9466476902069 39.0128184062623 97.4935895328508 39 14.3178210632764 67.4166151627327 90.0888450364417 56.2227711874824 55.9016994374947 80.6039701255465 46.5725240887801 75.8023746329889 37 49.2036584005702 35.1140997321589 55 52.6307894677631 50.4479930225178 25.0199920063936 89.4706655837543 28.2842712474619 68.0073525436772 69.778220097678 71.0211236182588 7.21110255092798 30.2654919008431 30.8706980808663 52.3927475897189 58.7962583843564 55.145262715849 44.2040722106007 81.6088230524127 33.2415402771893 26.4007575648882 37.3630833845388 27.2029410174709 33.9558536926993 90.0777441991084 33.6154726279432 62.6498204307083 31.04834939252 70.2637886823647 92.9569792968769 38.4707681233427 77.1038261048049 97.0051545022222 27.6586333718787 60.00833275471 74.2765104188397 14.3178210632764 51.6139516022558 50.0099990001999 48.7544869729956 75.690157880665 49.3659801887899 75.8023746329889 42.9534631898291 42.0119030752 31.3847096529504 59.3043000127309 48.1040538832228 53.3385414123783 22.1359436211787 85.9592926913664 27.7848879788996 61.0327780786685 66.3701740241805 71.5541752799933 7.21110255092798 27.8567765543682 32.7566787083184 57.8705451849211 57.3846669416143 49.6487663492256 37.4432904536981 77.2528316633119 26.4764045897475 19.723082923316 33.1058907144937 20.3960780543711 32.2024843762092 83.0060238777885 31.1448230047949 67.6830850360709 26.0768096208106 63.1585306985525 91.2195154558497 32.310988842807 71 94.9210198006743 25.9422435421457 64.3816744112795 73.4098086089318 8.06225774829855 44.407206622349 65 54.230987451825 94.8946784598589 76.6876782801514 103.353761421634 65.4904573201318 43 55.9732078766261 85.0940655980192 69.8140387028282 80.6039701255465 5.8309518948453 108.853112036358 55.4616984954482 68.3593446428504 89.9388681271896 99.3176721434811 30.2654919008431 27.8567765543682 60.4400529450463 81.3941029804985 84.0535543567314 68.0955211449329 31.4006369362152 98.1835016690686 41.6773319683494 21.9317121994613 56.5685424949238 37.2021504754766 5 87.1435597161374 57.4282160614449 92.1357693840997 12 68.0073525436772 117.1537451386 22.3606797749979 85.0705589496155 120.341181646185 3.60555127546399 90.0499861188218 100.404183179786 32.4499614791759 46 54.2033209314706 64.6374504447692 67.0820393249937 17.0293863659264 45.9673797382448 25.9615099714943 63.5609943282828 25.6124969497314 29.9666481275434 40.853396431631 21.0237960416286 54.817880294663 68.7313611097583 10.6301458127346 72.1248916810278 50.0399840127872 40.6078810084939 30.8706980808663 32.7566787083184 60.4400529450463 33.9705755029261 32.8937684067971 48.3735464897913 64.5368112010502 65.1229606206597 41.5932686861708 49.0917508345343 29.2061637330205 38.2753184180093 64.5135644651572 94.175368329516 19.4164878389476 40.4969134626332 58.2151183113115 76.4852927038918 66.2419806467168 62.2012861603359 71.5541752799933 71.1125867902441 58.1893461039046 34.928498393146 46.0434577328854 31.0161248385416 64.8459713474939 88.090862182181 98.0815986819138 97.4987179402888 24.738633753706 57.8705451849211 16 95.7183368012629 59.5482997238376 12.6491106406735 73.5730929076656 24.0831891575846 76.791926658992 93.9042065085478 44.5533388198909 106.075444849409 77.884529914483 50.8035431835222 52.3927475897189 57.8705451849211 81.3941029804985 33.9705755029261 57.2712842531054 81.8413098624405 94.4298681562142 93.962758580195 74.4043009509531 77.2528316633119 63.1268564083465 70.178344238091 84.0951841665146 128.144449743249 53.2634959423431 11.4017542509914 83.4326075344646 110.34491379307 83.4865258589672 90.1387818865997 104.623133197205 89.3588272080604 78.2304288624318 14.2126704035519 63.0713881248859 59.9332962550868 97.3498844375277 45.6070170039655 64.2806347199528 41.8807831827438 32.5576411921994 22.0227155455452 56.1426753904728 69.1809222257119 29.1547594742265 46.8187996428785 26.9258240356725 33.5261092284804 78.2368199762746 37.0135110466435 30.6104557300279 65.1459898996093 21.0237960416286 21.8403296678416 58.7962583843564 57.3846669416143 84.0535543567314 32.8937684067971 57.2712842531054 36.6878726556883 75.9275970909129 37.1618083521241 49.4772675074119 66.2117814289874 30.0832179129826 50.3289181286465 88.8144132446981 83.6480723029527 26.6270539113887 57.7754273026172 77.8267306264371 70.8801805866774 34.2052627529741 77.4919350642375 54.2033209314706 38.5875627631495 82.8009661779378 49.6588360717405 16.5529453572468 51.6139516022558 69.0289794216893 9.05538513813742 29.4278779391243 26.8328157299975 59.4138031100518 57.8705451849211 73.824115301167 37.5765884561119 23.4093998214393 75.0066663703967 9.8488578017961 62.2414652783817 63.0634601017102 42.8018691180654 38.4837628097877 28.4604989415154 27.2029410174709 58.5234995535981 55.145262715849 49.6487663492256 68.0955211449329 48.3735464897913 81.8413098624405 36.6878726556883 48.0104155366312 30.4795013082563 26.4196896272458 46.3249392876019 19.9248588451713 31.3847096529504 73.0616178304313 48.0104155366312 29.0688837074973 86.3712915267567 58.0086200490927 34.2052627529741 58.2408791142441 53.0377224247045 23.4093998214393 59.2368128784795 68.425141578224 79.1959594928933 50.1597448159378 41.5932686861708 36.4005494464026 41.7252920900501 25.0798724079689 72.8354309385206 81.3941029804985 97.6729235765982 80.1311425102625 13 47.3814309619285 93.962758580195 53.665631459995 85.3287759199674 29.732137494637 90.8019823572151 55.4436651025164 38.8973006775534 74.3034319530397 95.6347217280419 44.2040722106007 37.4432904536981 31.4006369362152 64.5368112010502 94.4298681562142 75.9275970909129 48.0104155366312 77.987178433381 26.4764045897475 17.8044938147649 45.8911756223351 27.0185121722126 35.0570962859162 56 52.0384473250308 103.464969917359 19.6468827043885 37.4833296279826 104.694794521982 9.05538513813742 58.8302643203309 106.470653233649 33.9558536926993 99.040395798886 92.1791733527699 34.5398320783411 15.8113883008419 36.4005494464026 56.4358042380899 8.06225774829855 69.2603782836912 49.5782210249622 90.6697303403953 66.6108099335236 46.5725240887801 83.9344982709732 29.1547594742265 70.5761999543756 92.9623579735368 14.3178210632764 58.1377674149945 49.0407993409569 16.1554944214035 53.8144961882948 81.6088230524127 77.2528316633119 98.1835016690686 65.1229606206597 93.962758580195 37.1618083521241 30.4795013082563 77.987178433381 56.6127194188726 76.6093989011792 44.2718872423573 61.057350089895 103.174609279609 59.2114853723498 49.4974746830583 94.9368210969801 88.4081444212014 54.817880294663 36.6742416417845 83.4505841801003 28.0178514522438 35.0142828000232 98.2700361249552 86.8158971617526 40.3608721412211 69.462219947249 64.8999229583518 24.3310501211929 24.0831891575846 53.2353266168247 57.5847201955519 71.1969100453102 62.2253967444162 22.1359436211787 21.0237960416286 71.5541752799933 29.0688837074973 61.3514466007119 36.6742416417845 67.8969807870718 31.3847096529504 34.928498393146 49.8196748283246 69.2603782836912 33.2415402771893 26.4764045897475 41.6773319683494 41.5932686861708 74.4043009509531 49.4772675074119 26.4196896272458 26.4764045897475 56.6127194188726 20 19.4164878389476 6.08276253029822 46.6476151587624 57.2450871254468 26.1725046566048 81.9878039710785 31.8904374382039 37.7359245282264 79.2590688817374 28.6530975637888 45.2769256906871 81.5414005275848 42.0475920832573 76.4852927038918 65.8027355054484 18.9736659610103 23.259406699226 43.081318457076 34.2344855372474 73.0616178304313 66.1211010192662 86.9770084562581 62.6099033699941 24.6981780704569 37.1214223865412 77.6659513557904 48.7954915950234 70.1141925718324 17.464249196573 87.783825389419 41.194659848092 48.0416485978573 69.3541635375988 83.9344982709732 26.4007575648882 19.723082923316 21.9317121994613 49.0917508345343 77.2528316633119 66.2117814289874 46.3249392876019 17.8044938147649 76.6093989011792 20 36.8917334913934 16.4012194668567 26.8328157299975 68.4470598345904 40.1621712560464 86.6833317310773 12.0415945787923 48.6621002423858 97.9081201943945 13.1529464379659 63.3245607959503 100.603180864225 22.8035085019828 82.7647267862342 82.7647267862342 18.1107702762748 27.5136329843952 25 37.6961536499415 43.4165866921848 42.4381903478459 51.7880295048962 54.1202365109392 40.1123422402632 3.60555127546399 57.6281181368956 15.2970585407784 45.7930125674212 50.9313263129874 53 18.8679622641132 43.2781700167648 33.6005952328229 50.0399840127872 37.3630833845388 33.1058907144937 56.5685424949238 29.2061637330205 63.1268564083465 30.0832179129826 19.9248588451713 45.8911756223351 44.2718872423573 19.4164878389476 36.8917334913934 20.591260281974 61.5223536610881 65.0691939399898 9.89949493661167 68.7677249878168 48.8262224629348 48.0104155366312 61.0327780786685 47.5394572960189 43.3243580448689 63.8905313798532 55.9732078766261 62.2012861603359 46.4865571966778 25.5538646783613 40.4474968323134 30.1496268633627 29.4108823397055 58.1807528311554 54.817880294663 71.5681493403316 57.3846669416143 25.5538646783613 21.1896201004171 68.1542368455549 32.649655434629 58.6941223633168 31.9061122670876 71.7007670809734 28.6356421265527 40.853396431631 53.0377224247045 69.0507060065283 27.2029410174709 20.3960780543711 37.2021504754766 38.2753184180093 70.178344238091 50.3289181286465 31.3847096529504 27.0185121722126 61.057350089895 6.08276253029822 16.4012194668567 20.591260281974 42.2018956920184 63.0713881248859 25.1793566240283 78.2623792124926 28.4253408071038 43.4165866921848 81.5414005275848 27.2029410174709 51.1566222497147 84.2021377400835 37.2155881318568 73.1641988953614 66.8505796534331 13 27.2029410174709 69.8569967862919 58.5491246732178 99.8498873309329 80.5232885567896 107.912001186152 68.1175454637056 47.0956473572665 60.8769250208977 88.3628881374981 74.8131004570724 84.4037913840368 10.6301458127346 113.850779531806 59.9416382825828 72.691127381545 94.9210198006743 103.754517973918 33.9558536926993 32.2024843762092 5 64.5135644651572 84.0951841665146 88.8144132446981 73.0616178304313 35.0570962859162 103.174609279609 46.6476151587624 26.8328157299975 61.5223536610881 42.2018956920184 91.0219753685889 62.2012861603359 95.005263012109 16.2788205960997 72.1110255092798 122.024587686253 26.0192236625154 89.8109124772708 125.2557383915 6.32455532033676 93.2630687893123 105.118980208143 37.2021504754766 50.0899191454728 40.3608721412211 34.4818792991333 51.1566222497147 106.962610289764 103.247275993122 118.004237212059 44.2831796509691 68.6221538571911 122.429571591181 57.6888204074238 109.98636279103 84.5931439302264 73.0273921210391 83.6301381082203 22.4722050542442 68.0073525436772 105.118980208143 90.0777441991084 83.0060238777885 87.1435597161374 94.175368329516 128.144449743249 83.6480723029527 48.0104155366312 56 59.2114853723498 57.2450871254468 68.4470598345904 65.0691939399898 63.0713881248859 91.0219753685889 74.9666592559653 133.689939786059 75.1664818918645 19.9248588451713 95.7548954362125 65.00769185258 31.5753068076939 94.1912947145329 89.3588272080604 126.81088281374 94.578010129205 76.0591874792257 41.3037528561268 34.828149534536 46.9574275274956 50.0099990001999 32.7566787083184 46.8187996428785 44.7772263544762 48.0520551069359 6.40312423743285 47.8016736108685 22.3606797749979 36.2353418639869 51.6139516022558 56.0802995712398 9.48683298050514 53.1507290636732 36.4005494464026 43.9317652729776 33.6154726279432 31.1448230047949 57.4282160614449 19.4164878389476 53.2634959423431 26.6270539113887 29.0688837074973 52.0384473250308 49.4974746830583 26.1725046566048 40.1621712560464 9.89949493661167 25.1793566240283 62.2012861603359 74.9666592559653 58.8982172905089 51.478150704935 57.8013840664737 60.1082357085949 52.1727898429823 52.3927475897189 63.7808748764079 56.2227711874824 52.4309069156733 43.0464865000618 25 48.7647413609464 93.3488082409197 105.118980208143 99.2975326984513 27.0185121722126 54.0092584655631 27.1661554144122 103.768974168583 65.299310869258 11.4017542509914 77.4661216274573 24.6981780704569 87.3670418407308 93.1450481775601 51.0392006206994 112.044633963434 78.7908624143688 47.0425339453563 62.6498204307083 67.6830850360709 92.1357693840997 40.4969134626332 11.4017542509914 57.7754273026172 86.3712915267567 103.464969917359 94.9368210969801 81.9878039710785 86.6833317310773 68.7677249878168 78.2623792124926 95.005263012109 133.689939786059 58.8982172905089 93.5574689696125 116.661904664719 80.0249960949702 99.724620831568 108.406641862941 86.0523096726636 89.0505474435727 8.24621125123532 60.5309838016862 68.9492567037528 105.190303735658 54.1202365109392 42.2965719651132 84.5990543682375 75.1065909225016 98.2344135219425 68.0073525436772 31 48.8773976393997 85.375640553966 60.8111831820431 79.1012010022604 10.295630140987 99.7647232241938 51.4198405287298 56.4358042380899 81.3941029804985 94.8683298050514 31.04834939252 26.0768096208106 12 58.2151183113115 83.4326075344646 77.8267306264371 58.0086200490927 19.6468827043885 88.4081444212014 31.8904374382039 12.0415945787923 48.8262224629348 28.4253408071038 16.2788205960997 75.1664818918645 51.478150704935 93.5574689696125 56.0089278597618 109.859000541603 10.770329614269 73.7360156233031 112.614386292338 14.3178210632764 90.448880590088 94.3663075467086 27.6586333718787 34 25.298221281347 14.560219778561 47.4341649025257 90.4433524367601 91.98369420718 99.3579387869938 25.0199920063936 51.4003891035856 105.603030259553 43.9658958739612 93.7443331620637 65.1229606206597 69.1230786351418 65.8559033041078 6 59.0084739677277 92.7200086281273 70.2637886823647 63.1585306985525 68.0073525436772 76.4852927038918 110.34491379307 70.8801805866774 34.2052627529741 37.4833296279826 54.817880294663 37.7359245282264 48.6621002423858 48.0104155366312 43.4165866921848 72.1110255092798 19.9248588451713 57.8013840664737 116.661904664719 56.0089278597618 89.2748564826626 46.2709412050371 28.1780056072107 88.9550448260243 70.0285656000464 110.208892563168 84.0119039184329 56.3560112144215 22.0227155455452 66.7083203206317 87.5556965593901 44.7213595499958 60.8769250208977 26.0192236625154 86.6833317310773 95.5196314900764 61.2209114600559 71.175838597097 51.0783711564885 60.0166643524946 111.39569111954 24.1660919471891 64.8151216923952 83.2946576918352 31.04834939252 33 92.9569792968769 91.2195154558497 117.1537451386 66.2419806467168 83.4865258589672 34.2052627529741 58.2408791142441 104.694794521982 36.6742416417845 79.2590688817374 97.9081201943945 61.0327780786685 81.5414005275848 122.024587686253 95.7548954362125 60.1082357085949 80.0249960949702 109.859000541603 89.2748564826626 107.912001186152 64.2806347199528 6.08276253029822 116.180893437777 72 20.8806130178211 84.9588135510378 94.5568612000208 47.8016736108685 33.2415402771893 78.873316146844 79.227520471109 98.7623410010111 75.2396172239067 21.3775583264319 48.3838816136118 90.8019823572151 57.4282160614449 83.2165848854662 21.0237960416286 95.6713123146118 54.0370243444252 47.2969343615419 78.2368199762746 96.1041102138717 38.4707681233427 32.310988842807 22.3606797749979 62.2012861603359 90.1387818865997 77.4919350642375 53.0377224247045 9.05538513813742 83.4505841801003 28.6530975637888 13.1529464379659 47.5394572960189 27.2029410174709 26.0192236625154 65.00769185258 52.1727898429823 99.724620831568 10.770329614269 46.2709412050371 107.912001186152 66.1891229734916 110.136279218067 25 95.9009906101079 93.9840411984928 31.2569992161756 24.3310501211929 21.0237960416286 34.2052627529741 20.0997512422418 81.4002456998749 72.4499827467198 97.1699542039616 46.0434577328854 46.8187996428785 97.0051545022222 31.0644491340181 83.868945385047 80.7774721070176 42.190046219458 61.8465843842649 23.0217288664427 36.7695526217005 74.9466476902069 77.1038261048049 71 85.0705589496155 71.5541752799933 104.623133197205 54.2033209314706 23.4093998214393 58.8302643203309 28.0178514522438 45.2769256906871 63.3245607959503 43.3243580448689 51.1566222497147 89.8109124772708 31.5753068076939 52.3927475897189 108.406641862941 73.7360156233031 28.1780056072107 64.2806347199528 66.1891229734916 63 86.1278120005379 100.895986045036 63.5609943282828 63.0079360080935 43.6004587131833 67.3572564761956 88.2326470191165 43.0464865000618 66.4906008395172 32.0624390837628 92.1791733527699 96.7729300992793 64.3816744112795 77.1038261048049 52.8393792544916 65.7647321898295 114.629839047257 21.3775583264319 69.065186599328 83.0240928887513 32.2024843762092 39.0128184062623 97.0051545022222 94.9210198006743 120.341181646185 71.1125867902441 89.3588272080604 38.5875627631495 59.2368128784795 106.470653233649 35.0142828000232 81.5414005275848 100.603180864225 63.8905313798532 84.2021377400835 125.2557383915 94.1912947145329 63.7808748764079 86.0523096726636 112.614386292338 88.9550448260243 6.08276253029822 110.136279218067 63 119.519872824564 78.0064099930256 26.4764045897475 88.3911760301898 95.6347217280419 65.7875368135941 56.0357029044876 95.2575456328789 74.2159012611179 101.71037311897 62.2896460095897 45.0998891351187 55.1543289325507 82.2192191643779 69.6347614342147 78.1024967590665 5.3851648071345 108.600184161906 53.7121960079831 70.1141925718324 89.4986033410578 97.4935895328508 27.6586333718787 25.9422435421457 3.60555127546399 58.1893461039046 78.2304288624318 82.8009661779378 68.425141578224 33.9558536926993 98.2700361249552 42.0475920832573 22.8035085019828 55.9732078766261 37.2155881318568 6.32455532033676 89.3588272080604 56.2227711874824 89.0505474435727 14.3178210632764 70.0285656000464 116.180893437777 25 86.1278120005379 119.519872824564 87.1435597161374 99.0454441153151 31.2409987036266 48.0936586256442 86.4522989862039 99.1261822123701 91.3016976841066 19.8494332412792 46.0108682813094 27.3130005674953 98.488578017961 58.821764679411 5.09901951359278 70.0927956355002 17.0293863659264 85 84.8999411071645 45.1774279923061 105.422957651548 70.6823881882892 39 60.00833275471 64.3816744112795 90.0499861188218 34.928498393146 14.2126704035519 49.6588360717405 79.1959594928933 99.040395798886 86.8158971617526 76.4852927038918 82.7647267862342 62.2012861603359 73.1641988953614 93.2630687893123 126.81088281374 52.4309069156733 8.24621125123532 90.448880590088 110.208892563168 72 95.9009906101079 100.895986045036 78.0064099930256 87.1435597161374 52.3450093132096 64.7610994347687 99.7446740432791 59.2114853723498 79.0063288604147 47.2016948848238 40.024992192379 9.21954445729289 65.8027355054484 84.8528137423857 45.6946386351835 51.0098029794274 41 39.319206502675 94.578010129205 34 46.0108682813094 78.0896920214186 26.8328157299975 14.3178210632764 74.2765104188397 73.4098086089318 100.404183179786 46.0434577328854 63.0713881248859 16.5529453572468 50.1597448159378 92.1791733527699 40.3608721412211 65.8027355054484 82.7647267862342 46.4865571966778 66.8505796534331 105.118980208143 94.578010129205 43.0464865000618 60.5309838016862 94.3663075467086 84.0119039184329 20.8806130178211 93.9840411984928 63.5609943282828 26.4764045897475 99.0454441153151 52.3450093132096 67.955868032128 84.4807670419723 42.0475920832573 42.190046219458 67.7200118133481 48.0416485978573 71.1125867902441 46.0434577328854 36.7967389859482 24.2074368738204 59.6657355607052 40.3112887414927 52.0384473250308 26.6270539113887 78.5493475466219 23.7697286480094 53.851648071345 59.0762219509677 67.4166151627327 14.3178210632764 8.06225774829855 32.4499614791759 31.0161248385416 59.9332962550868 51.6139516022558 41.5932686861708 34.5398320783411 69.462219947249 18.9736659610103 18.1107702762748 25.5538646783613 13 37.2021504754766 76.0591874792257 25 68.9492567037528 27.6586333718787 56.3560112144215 84.9588135510378 31.2569992161756 63.0079360080935 88.3911760301898 31.2409987036266 64.7610994347687 67.955868032128 38.8973006775534 28.6530975637888 9.4339811320566 59.0338885725818 80.7774721070176 91.0494371207203 84.504437753292 3 42.9534631898291 94.8103369891701 43.9317652729776 84.504437753292 43.2897216438267 78.390050389064 54.6260011349907 23.0867927612304 63.5688603012513 90.0888450364417 51.6139516022558 44.407206622349 46 64.8459713474939 97.3498844375277 69.0289794216893 36.4005494464026 15.8113883008419 64.8999229583518 23.259406699226 27.5136329843952 40.4474968323134 27.2029410174709 50.0899191454728 41.3037528561268 48.7647413609464 105.190303735658 34 22.0227155455452 94.5568612000208 24.3310501211929 43.6004587131833 95.6347217280419 48.0936586256442 99.7446740432791 84.4807670419723 38.8973006775534
Deviation Vector:
27.5434449662941 48.8190440435446 39.0521251481353 11.3707592744988 28.6073865403828 47.566656993585 39.7549359275971 107.532633663881 6.61676057797011 111.196213509694 68.6673072618383 17.7399102840353 62.9874537489337 30.0040068157365 27.5810906449053 103.150967414508 21.5799585966467 56.7110092009418 100.767351299389 68.5823724482124 70.8098725006084 60.0978735816747 10.2037826624115 30.9097742048513 41.6769713062558 18.840678478965 15.6769838150638 36.4363133912561 22.8587484513754 112.496155723447 44.7408554586345 15.7048139831938 144.832283917402 3.707999272125 15.7067328161104 19.1976303557468 0.742535584895573 8.08399162343313 107.636196584457 24.3230172373831 30.6495993659852 65.629365449433 30.5424635162998 4.73611988391708 20.9905739459621 75.2844084947786 5.44210390150913 119.663961698336 86.8613752428864 19.5575315090735 41.8598863004178 17.3808303066494 49.7964841185032 43.964390852412 47.1764642829817 58.178523381376 70.4624300339971 18.2281035605018 37.2830433535665 37.3143566353925 71.160277969057 6.91684827194406 48.0272353827923 77.4437697593208 20.634907809469 96.8367295633779 43.7271788234557 5.66601425050671 14.9351053607232 35.102549800529 20.3914128642282 23.3401377360176 27.6343931824653 77.4029937755974 27.0495409268846 14.9567921199157 125.593939695501 36.069779429576 1.18328308880388 50.3609565901882 28.090092121184 37.9438364017959 67.0059982852492 29.6240856814932 1.13561721808205 4.59083741422048 57.2625927396265 12.3991481204448 41.9529727638233 19.615949276064 8.95381532722319 56.0414751171397 49.5001410457797 61.461824774667 26.107316776013 65.4476287941843 25.0167571474031 31.7401451716657 87.0877893944386 25.4708217962618 15.1498832825258 65.3694858984773 3.10037338670002 71.916432174884 101.568327381767 70.4134933068602 143.699512100269 55.579091720982 15.2802879974635 66.8238674099632 37.6655412916678 72.9630941877574 8.69535535042178 28.5762093462989 111.81475965703 47.323314189956 34.6115876661608 125.943185030647 39.7969795462906 15.7821921803859 2.54040370975078 76.1888378058031 62.1016464832285 24.9571507772308 22.2809450018608 4.99054259148821 55.9999950741739 111.533380572727 61.4706858386428 30.3673267305916 47.2364487854921 54.8696083187166 38.7248516273975 67.1725771617271 36.4231929210557 7.89122115950004 3.82968013601174 30.8374343530915 40.8243479293894 4.74891848889242 17.9639557691195 3.28424439980279 92.9668686996906 99.4965028062576 35.6419839061787 103.567062995889 47.7511703185902 9.79754067652395 39.34551266052 2.46088077606772 49.2322730441162 14.8224830991207 23.5125147131118 10.5765516912753 84.8705403122199 100.353016024617 39.6962379002366 63.5181636465638 51.4053956415522 52.8955922739318 6.58063280309084 118.7693407641 58.7790334448678 22.9778523943848 18.6962222977391 78.7439901866405 82.904124250753 51.0923974257866 113.714511042601 27.1869240708078 76.018170438642 12.2481142984394 22.9271233716767 32.9292613443452 76.849739761993 71.6138847415587 27.1799803771188 75.0802290527352 68.4114328213768 45.8808362595326 57.725787402607 20.8477303615352 24.9766834357348 11.1450564858364 26.7726191046959 10.4365108847843 144.189801991471 48.1284056349185 67.2414347069678 54.2155462069197 26.7658042011878 10.7501512995223 36.2444106989882 98.2549499832817 61.539531468347 53.787428829936 41.5674328103891 33.2998341157248 22.1672968398228 51.4959018638299 10.8929631547667 108.670813323397 60.210840971254 71.1963421861279 51.7232753448386 71.8223693155517 65.5595934457471 52.8550663250543 83.0186243629318 21.7679541067418 69.320728763454 21.6525908496408 44.4619684566593 90.4695551670817 34.5527935650391 102.081341829025 71.1297893290907 8.57186347384212 35.8338080423275 120.171100843804 123.014396659765 107.897669372525 112.837701009345 10.6877485000647 57.6645087816463 15.109511260852 79.9087282564737 0.288357710674856 4.57789492244851 9.38832169483494 32.9150663952269 26.8272507065071 8.40728850644071 117.769253773866 2.76116188738001 53.6993295709815 10.029644549161 28.8522899378243 30.334228859936 4.72095171986671 14.2928381578322 68.3147011215008 74.85919832972 107.655701586976 76.0879567288964 28.9564240523411 45.1289436888839 41.0645935428979 80.0571476082114 83.423427272732 53.3691735638279 59.4650642199973 23.0620286529749 2.70119738853578 11.2018050069585 12.39616475058 16.7483119639537 6.5672587718575 14.3217312944802 18.1388738048025 11.0748310484306 45.730246683095 26.6829739385777 54.367415354526 9.08384514775067 7.44619052957711 97.7764350661667 45.5584556791971 117.458987259594 36.4195726702711 31.963318100182 51.895992351631 1.39598319507966 11.776439763361 10.9673575041971 69.5704420372904 32.435600104101 25.7762036862252 0.185292002480316 33.7661442694609 29.0899287849592 19.120970438427 3.30372852436188 91.536715112717 47.3663539105528 13.1148224401321 59.489185567734 9.32686369176217 17.1295093919498 2.48293879060266 24.9118944275057 26.579901052342 20.6252243788085 74.7959076399635 57.8340120734941 53.2221819820789 59.9863327882111 39.792494121166 1.32073186588996 22.8952688059059 2.09699983159494 37.1188402523951 76.8967486238093 5.83427585208973 93.2911056178985 90.5105249586099 36.7897612681047 4.66089897640884 12.3896352331599 40.8275779111562 13.9649062773661 40.069946054799 73.5435839921184 19.1674398100656 35.5619140861379 17.6873956331673 10.2550411516754 33.8226271456655 52.4486311828377 45.0911214785978 13.8473403610957 19.9209669448578 52.0811961819155 4.2445013441051 13.6207236182769 36.6667677256516 66.9185182580141 24.7410262221591 49.1621002303784 36.3948363457596 28.2239302459076 43.7651439303117 19.9403375227514 7.86145033943166 39.0903628223413 4.95901879102735 30.5259325494599 25.9643322507628 89.3921407655757 1.58448937178193 93.3246657621267 78.4538618048868 65.3742971668523 77.1779779973567 17.323572032576 22.6472184871396 102.171337757175 51.1220849319464 75.2167023366966 45.8949737447355 3.06348625913527 24.0344442665788 117.402219060172 152.377036878526 57.0459511553942 2.99932174699299 52.5324859553623 5.05420601883292 108.294974096653 19.3173123405001 96.7918091549579 9.89201992712451 102.413061312007 22.0850200366501 44.7954638173984 71.3090666783335 1.07631253099718 35.4721697043297 62.3294941697046 78.195771668748 99.811644872394 28.0518076142055 16.4099597697464 38.3200099422701 42.7840025834273 2.72679095086314 109.29912275042 37.9967060489606 74.2417780060505 55.0101975779574 104.644310075416 95.6495548587479 185.372854852452 64.0311659401952 12.2148217813198 45.6990251249866 161.734118113347 42.8559169606406 68.2801274695125 103.132992057073 73.9039718976995 48.5629176418233 0.887903800860385 31.2290726064465 51.162928083985 121.866453459834 24.6404918963009 33.1996388675705 16.4604094933169 41.6646556125464 27.3590240047502 8.75089531150319 6.0557630387755 4.26453509904657 62.7391127381277 37.473964693814 17.1042695864927 24.4250713053481 39.3147425241682 46.7527381528004 32.87838086708 55.8907368260505 35.6627630634867 70.6074600188895 59.991323637368 5.00731111137672 27.7172889486935 20.5843956944564 7.13728086071142 60.5723280884975 5.86914150053569 1.65212676519454 4.53821238576079 5.74316062715556 21.8443162243529 71.1096553301522 1.9883901889037 8.08744783908849 15.301427429846 37.6417449497347 52.212793818604 38.9780241722356 43.0786888602507 41.1052078289926 52.8212119625638 5.11102342133252 28.2424271199396 51.8744274147811 28.171929950341 0.599881803070708 59.9301637375578 54.2832189859043 86.6197083348281 6.15188913944776 17.3466947078438 10.9122662449639 2.85477933916089 37.0448752605463 15.525820310116 40.2776379645504 28.0317370657978 94.9227052858813 24.5391954140878 41.396269529898 5.85783384152035 41.9166077739519 71.4644213270763 7.57942190648828 17.7408120817789 33.9349305871457 18.3295726579883 47.1938114034814 46.7356710057405 128.950991607677 77.9550290726075 7.61907424945901 111.104543218548 69.0320661268328 81.5506289018167 55.4648292537742 167.30412714004 22.5906094725321 32.3468291160528 83.4181116380913 50.1595939038605 10.6438721936298 120.440660135983 47.7434457870194 68.9273136102164 76.3995738959036 22.6173763589947 55.8797928661516 36.9674324639679 43.7312941320698 15.7623537835942 41.7190044273943 33.7930744077369 3.64431426840978 93.6400049123888 36.3571130852588 1.57056238091916 4.76708111985115 30.1900404850466 50.8694683442131 120.670976043157 153.238495737918 45.3894175538439 101.732220946057 115.020843247574 63.3221180203687 14.8909445394097 27.8430680799395 7.58337464252304 15.2668385168285 52.6831422079339 16.3718710192686 28.7474585404394 15.074803790519 72.3733281831243 55.1558226469999 25.9381967640345 24.4631010301794 41.4389100761848 6.05129715617722 84.4085906982336 80.502931861351 121.202361635021 14.1434993865096 104.906514357383 80.3221113364459 7.21979755915447 1.89942524096474 93.528857214636 3.8813940284245 69.1349141670959 75.2527619106151 15.345396030304 4.37361824593715 36.493432721157 21.9766078216345 17.1894100378526 92.1616738864999 67.1053085103004 42.0876831884626 128.467931671108 34.4197695940674 54.7555617285983 17.0599611407866 79.4815439481708 148.916763575511 19.9993892617033 63.0974245628668 5.79257905180226 77.9208841774482 140.081652684082 111.050121628432 168.351985405947 91.1792671388651 97.5931855903163 56.6732838507011 18.0328629145633 125.551468969098 22.2594231305751 84.0042400925415 41.8822268386756 39.3086097843356 29.1502307962391 119.932103756922 61.5404181139753 63.9454378662801 127.274299427266 161.701780703315 58.2540186991818 31.6788607043344 42.746526417248 34.7548532385633 6.73513612453555 120.371031940061 107.027401231942 49.3883419334401 72.4339062074122 123.470923177179 36.0567969896757 65.7770928444334 92.3677388877545 20.0013705600635 42.3430990580004 52.3834787276836 24.7249463242015 4.49846383311682 55.9128533420058 28.0799649777636 1.53586285562537 65.3186078152763 31.4468521743805 32.4936605077813 19.0131463076302 39.5208961052673 44.7336990799446 35.3806271954575 23.0111182553388 14.049217655575 56.4874979773965 38.4975134998564 38.721369603556 4.89693935098364 26.4574732482603 41.4664383975424 49.2980527418479 1.68616641644647 32.8589206366588 29.5218217000706 3.18673979845368 3.26160658875784 4.20474729123833 82.2755740505744 72.8231321285871 62.4913681442303 78.6752272289804 96.9781984370712 86.9428577045572 65.3479758369417 37.2830602931065 60.2699099427476 21.5266631974869 72.0901249634281 4.17041175854469 18.8982341037589 24.8352960708075 14.2915509610572 84.6870405365894 96.4884291379947 38.6460260455628 29.2148797520945 64.6310632326473 33.238972215079 63.3404384598016 71.2511870329083 35.6709091016162 17.4441503939064 62.8172501231395 7.34439001561976 52.7771797327574 74.6507399087929 29.2744869076258 61.9144440119222 126.956847241677 99.9365001027463 5.58497911434472 39.9264865059283 72.3713761105864 50.8240493616444 29.6294680054916 29.1976645224993 46.5176646499057 110.663443889993 8.26997356200108 71.7731089842254 138.077120610026 54.3118864615243 9.10391585476951 49.088266815354 16.3305924171318 31.7599256881366 100.806806805416 69.1220231626413 65.5346354221988 23.5065015785551 24.5109662855818 27.3564235608701 20.8648129810596 0.781713155895225 26.9873641315815 72.3303187903288 44.3410776622256 5.35766737606496 38.3014592348886 28.249768065627 108.806832773091 16.4167023279226 11.2973514669177 122.757101068085 12.1668666341291 36.3918618499122 26.6645140197186 5.07596406659527 50.2653099972382 57.8099814913983 133.141124719352 16.3306931289442 16.1254997197472 28.8304583722961 24.9093413742812 41.0393987753267 18.1675397393229 25.085571067114 106.678559488951 4.02643373327286 42.6713223306259 34.8343596073964 88.7339842222505 50.5642793029903 30.0046956506403 77.1456309141469 66.2885853462004 50.2291387762139 79.7296594283594 3.29928059396301 25.7263041602759 89.324255656349 62.1061384374381 27.0064573578517 48.8214979305649 95.1208851199668 13.789419529953 114.122089440882 97.8096943568533 27.759666625513 4.05955509657951 82.7530695151493 112.611482583293 37.6981464680454 46.9631655056153 26.3574143084589 37.6455326154754 67.6625290545977 50.4277829193394 54.623057968531 73.351231060462 8.67835597256127 114.506015295941 37.3344875422839 160.034290379542 14.8929367303267 74.6593127838033 24.2070768557862 20.9617096371126 82.4662460556673 64.4748526224549 80.1389570018468 19.6415793707503 22.5387036061163 37.0935900273116 110.024006655812 33.6814169965198 32.5817265416503 35.9174667046565 30.3951381037622 3.71871236147061 44.141402147475 16.7585578672363 96.7762354674485 19.2108526665241 136.460858279459 8.01154535362175 2.85714553493945 33.496163027639 112.561786957465 81.2334839433555 74.9191053875798 118.623494752561 66.6353030350997 17.8600573002829 53.896972738303 8.42317660894408 2.76828474806076 51.6282387980344 27.8609499840523 47.4786893582461 12.7713089717316 5.37613508764147 33.2383206371396 65.3454123232696 41.6772565563853 43.2683890248848 9.23937209792364 40.5232436033864 42.3775388022555 83.9155392335785 81.0819546513504 59.7783351104321 6.61721123628883 85.1959658305203 52.4032904210843 40.9050022701431 46.6806730604403 4.07081137502666 14.2578957819715 78.5916676044434 53.5997444904253 8.37898612544404 22.2872660617146 98.2945694899379 34.3342743902955 21.0878995549064 121.062754251067 43.4770748001831 41.1242140853328 28.3927512269213 103.194936429067 5.31116233682666 27.5223682230689 46.9164424875965 64.9315046611772 85.5689943850833 76.3876299770043 74.7965151863776 36.2139295248641 54.3538007343058 30.193602517256 35.3325419104579 36.147388869486 59.2988588884735 0.296478747222494 60.3035329073364 28.7514377270437 77.0705512769244 56.4930934130838 104.088568216522 3.66983532366563 22.823964462161 52.0315320440017 70.9920604841648 33.9673241518596 16.4553960643606 5.56210154369659 41.384663868655 20.6417887520555 0.178510663372345 33.3989102122266 11.0672942889138 12.2368963418598 128.002429949813 46.118007672118 5.78410448763434 27.2830504660093 88.5348895202914 97.8045741452276 8.49806398639107 75.914204946452 38.7174978118907 22.2789987410818 12.5100154550913 111.556243582142 7.03178700317572 39.7820240922716 60.3250731332633 27.5826043458703 11.4521241002248 58.0076652692848 105.16534059106 61.5620151175605 30.8952402597011 34.5870456686594 130.358866041426 73.2998614330757 61.7804280468406 2.57318135790034 22.1204888428837 43.0116368559476 99.1311628525554 67.0793633066883 114.763374381692 41.3392835375167 16.7209534957632 75.004703947259 63.9594862756474 31.5780759586723 46.7693899538149 32.9332543048313 141.865744903663 45.6246784311324 6.16840750578309 0.727963693778945 36.7558449345027 5.76720503743552 79.188644988181 16.6390034300887 3.29005432138943 12.3527675801717 71.1458985283665 123.390624959961 7.6712056396121 11.7651273621293 5.39279636506543 0.896554722847297 106.999966433285 81.4560419692198 22.3890619297304 64.0063636529041 86.0098841265493 33.2080619245695 34.2742230892168 19.0043451595305 11.6436118785646 28.8478379896071 46.4379665077699 26.6139872093637 44.5564248489485 57.9066310684153 9.70383807891567 71.5606679144363 60.8816631712439 7.89628152146413 95.0818384964866 12.382356427988 10.9606798972386 18.5429046603558 17.596394215803 18.4719219414999 0.126210926678882 52.081855803431 65.7329046300552 22.3802074944877 6.20542975604532 58.383353374835 29.2312700419557 37.486592060463 22.5291924188689 82.9256125833815 98.7535679314499 10.6609001180725 6.99832583150876 90.7890098734689 2.95938933490074 28.2265665965659 64.9614752303609 55.046416026593 104.195199523729 52.6553455239409 19.5731128692332 13.8329970756405 18.1126954397151 93.7781819426117 91.901072028387 27.0632151658281 6.55891962963539 32.485988892708 50.7286897464289 9.67130859000811 154.948089791231 52.4206309871261 7.10179535408661 99.4198421607518 29.5521553281099 50.4318778929634 105.983538162208 8.74058315716447 33.2976107096548 7.07954041640805 75.2695409665145 71.38608993218 37.0349610542528 2.28280200507892 44.0162335248086 38.86741251147 37.1689874729137 67.3989374543301 136.053518297944 21.8025609672186 125.044727137282 24.1133548033556 41.6481617883349 48.4618495107893 25.860205135724 0.552305949455208 9.71656686053989 22.4497930631059 146.045640700171 8.55259362592066 78.7392685963341 137.682381106028 87.817138559227 112.259098889282 14.794616810326 36.8014029903589 27.8910676787103 52.8838280604206 35.5584469881918 50.092193570331 26.5579669392496 20.6710245107799 11.3515298320847 71.5310864174566 45.8636136868489 5.38830308009753 15.2818241000544 30.0791341615716 30.1253292504816 11.5797926039113 52.1942040710941 27.2696390637143 34.5268538642628 7.93133991866404 32.0426914281744 43.0269324772128 22.2437133299254 58.2480832434043 32.9225204111314 4.8575596343898 29.1826546750574 18.8347701733425 52.0562902366562 7.51224069276462 3.75398439200887 24.5298797058971 37.007872323304 46.3669068105369 113.647233658116 40.3397409395518 75.185393090693 28.5174534998908 37.1093642314918 6.51403005176175 1.098174986264 64.3123702581353 14.4802407203962 28.1999440781539 33.6323305790383 21.0854715022922 25.2177799046652 31.8266002232273 4.87482711414128 29.9745468940258 22.4944002729574 22.5251425941126 7.17757314527722 90.5040455422752 40.2862664097689 26.3332847968711 98.3155996483433 2.37550268143832 85.4553173199944 68.437308268067 16.822329614294 55.0187364941168 7.80581937503452 30.6943885478118 19.0424091226124 0.361662314687902 50.4924645935389 0.0254373142996113 18.0423995473542 126.080137393227 7.000521696501 18.5873370902079 33.5488109390042 14.9553843014617 33.7119203269061 3.02106654206499 6.70201535651075 88.8657081779587 29.4152334610499 21.8562705129843 52.5606253130868 84.1705784167903 38.6862075499379 42.6655710733948 55.7212777282246 13.5017651887469 13.691253044825 50.2931404125827 64.7793312437736 80.4608385049432 8.06399518261735 44.0807195437666 58.7244810836278 11.7410405766318 51.9311571819981 8.66377334963026 46.3657570318438 8.30485621938638 1.38860574649133 40.1645287195945 1.67621958603175 15.972436950434 105.367145934493 33.2565843031591 78.425529955107 18.6412045232036 49.405910467595 80.0428073219766 148.475835683029 11.3384231144142 7.59257691812629 16.7907940007415 5.23763978092581 125.948384817993 96.2229435267154 54.3360041758743 22.1638166765126 39.672936244572 4.28053103248873 50.5794544108027 39.8839816083811 15.2251561446272 38.4611187737748 65.4245104468057 93.3711271180447 27.5016820060254 51.1151309743406 144.180041866058 13.6142242856461 86.5094447540766 63.7211574707929 51.6563188586941 14.0414908897032 19.0789906228567 35.0051918103958 15.897937091547 19.7726355057245 37.0947175600121 3.67937763231278 32.5095135688294 45.3041951530095 59.7645895188992 66.8845091716822 46.3373175125495 30.7684886247265 18.806627840886 35.3134072300157 60.4976337258936 7.40435431417703 43.0671299789889 6.20811339284734 5.92857091434537 63.2359690183418 66.3803293731529 125.474313926268 44.2973986459436 38.2173859946639 127.933509509355 7.50557443423262 14.1407697899261 94.0276440143956 45.3159769212833 27.493333306103 59.6544287625078 61.5111887384617 141.591664543915 43.0221430181114 76.7522227949241 38.2875256308783 104.582861191618 21.579857845682 48.3031692614784 18.0049183118356 39.1626106136822 24.008983409424 57.2258683884328 36.1579467043552 47.8700010321588 85.6544486680439 60.5926750332794 7.31102499628563 32.7458933355722 69.2379612194846 84.9693882062191 38.9269173121378 80.7971651278423 6.64915692317246 23.8325696314211 73.9618463599172 14.6027072149663 98.011595095031 22.4807025450841 88.4564684966102 10.3592926980897 11.6694028615907 34.0712543597663 5.26924729452584 35.2585856317502 16.102287627155 19.9790128781804 25.6750219901256 74.5411744493666 8.41682892476326 22.0087470864526 20.473343328888 48.4495168279572 28.307523882433 23.1009107394439 2.52745066934508 47.6803477767377 28.4533443038069 18.7392936654959 61.9411823068604 5.46284774288398 21.3283606145165 103.214546515531 42.1131800457368 39.1907432956603 66.0075086240096 36.8783766240748 104.626306006179 51.3718413874849 28.271638489297 24.2917911107898 47.8533985410032 6.77139687790739 7.44728903257788 78.4756925396657 109.458223022721 44.4597075085022 0.984863257465836 9.2586539199201 6.64825390561379 10.2466150750025 75.8957212018694 14.9994870400628 93.5597579568881 35.900707199638 20.2870257131595 102.734846867494 22.434245372006 24.270857098159 11.2609646237113 22.4312159390679 53.5406791098763 87.7711135137249 46.2603539141772 43.2693131100458 6.68357762163047 115.539952524312 3.69512866768188 4.31517583547048 10.8661102867487 1.30023818335513 79.4912880183699 5.90150847061412 21.3459118701354 15.2119770135427 64.9050181929967 147.324767135304 4.56469012205428 86.9867870255763 12.8565324710515 9.86588294112689 131.070928723522 100.166278988773 23.3903444729219 28.1494320314715 11.3849248029012 3.29653187134164 38.1228228303872 30.6692213939921 52.1388598911112 78.4215240273431 4.77776410968392 1.69840761606143 55.2557094177006 12.509661019882 64.3434323705412 67.9535719426643 37.0791150228411 29.9972153912839 62.8047697127988 45.768190003759 0.598510966888883 36.8473575732086 49.9589856409876 14.6066926860282 18.1994485004593 76.7944937732928 4.1091086194564 19.330783487487 44.2313339765995 11.7048621262511 27.2380665854385 33.9825324863462 30.3646781213116 65.7059918531175 20.6858292707013 3.00638279812708 79.4578058466769 58.3949699426965 49.2764639997524 32.7062916405805 48.4262598498303 49.6271797773787 64.3335662920699 19.6544814421069 20.9566328232886 36.5236273557881 1.5080573666149 41.9247338686534 22.5876519689408 44.4164041150016 44.9330605340999 41.7243982739927 62.2681806794901 37.5882119144435 26.0485380920426 31.6401630073239 16.7105283690532 37.7413515566727 49.128754597988 38.5750593514545 101.839133782008 17.5684369528886 20.5825316094367 67.285186221893 3.80971759544732 22.353188853479 32.069149209484 45.0378445130136 14.9790287024892 68.2374982727412 6.04751908513817 44.2525530802114 13.2790139706157 68.8173856035049 0.819949488732751 13.5866840726371 5.89795668064953 8.17930600370025 15.0470347906019 26.0761249997431 6.07872977150959 28.7343983193537 7.39885519846721 77.2788665618218 1.07584582238077 60.8647920792743 68.5886649521671 10.5966107694734 52.6326663693906 1.68838961353191 19.4187976675432 13.9650944602046 44.6227355351216 21.7347538282828 15.5416710595558 55.8787620391897 128.73276807882 6.9223886152059 13.103163812575 96.446803394602 94.8989367048803 29.8043754825368 115.460134885415 16.6409257384551 173.676933697973 90.0772065328769 55.7901321994261 17.6138435896774 7.28529002288411 34.1618722785213 39.3249775212715 0.739438825434317 25.1986277055222 117.02633514885 97.3062514341719 31.4269533863087 33.4802860766962 29.2850017716517 33.3473981130381 1.28940777950258 19.0162765927559 24.5736160204634 51.1016004707072 58.9586088521432 90.5884248586326 11.6730674706967 1.1153960541756 63.4657242891812 21.3018082806562 26.3767715483502 59.8787657998806 1.68434074368158 64.5451990739481 23.0900257645753 7.6420162607397 29.61364998396 3.8770249985229 33.5479180019134 39.7370793794288 17.7852727071871 36.4087149838506 43.8510480437441 13.9121529444255 51.0020666631347 16.7549630160498 81.3283525023944 129.055080650088 92.3651850308998 4.91257410397695 21.903304053582 25.6167167648185 25.5956344927478 88.7407961484999 6.75617409228746 109.919373943978 14.9327278498086 74.5939214819002 171.675306169561 57.8396160074754 77.3337199833926 0.394695808765141 69.2487736645387 14.3537306149683 47.8530413276281 90.3923027299075 28.7706678926948 117.448807918473 111.342806772781 191.052924605257 33.1305269450873 0.50132965981535 14.8769871270837 52.8101479092828 10.7142715375154 84.6398857334031 84.8213263783231 15.5667265483056 42.1461845454707 31.5456634411817 7.84877620507634 24.6419722428911 73.0037946651353 28.3252350935244 50.8293303673055 0.156312319011669 11.8337045720139 4.64838150361434 5.09313025619725 76.6729759239215 17.6246922099248 28.2576733114556 83.1515796916717 18.5833569532288 9.77693143377056 36.344914910245 3.42881928575084 65.3150878830085 11.6913754142824 49.1910029333189 74.0518837992852 15.311054326155 85.4660160516845 38.4716710185774 46.5371636657379 16.525730984239 35.4938453703625 24.1782402275174 17.6843343576488 11.5102167238529 33.7039433974109 39.2085126217239 18.2837840229133 74.6175298362331 61.6059796122982 9.78408587889741 76.3511707472856 76.2254829448937 13.9368460644117 28.0186721248942 80.8851862100765 55.2730478927911 52.4794002103148 35.5834701990253 67.5673459893327 58.1905338673553 50.5413748778908 146.937983648044 13.0704886197584 44.7520203756705 38.9252183989686 15.2419534784039 105.599333591945 16.0890202623898 123.304178745988 39.3130772341731 8.93961816004522 63.5673814141707 45.3839268357587 60.8005400553092 17.240835797987 28.291682825001 73.4879021039227 31.3176344561278 22.2922759107908 30.1049745776878 7.20568867413621 87.3667531889775 49.9281030326592 92.9102874415305 30.8666784108016 32.0058507048102 28.2457313101136 106.195371713326 14.6637500122384 8.08322731047144 72.3640737801542 39.353911960746 146.404028419151 119.5835100859 119.778788256547 136.759169135127 127.04465830368 128.009699816823 102.953384323354 9.37840579045064 87.9499717980574 86.7688836544874 20.3447504359917 38.740687591388 7.39114156846837 34.8739887262068 98.932859061607 132.39447377027 59.5021225886165 48.3346732434562 22.7174333561274 128.654031037115 87.8731211148543 82.4905022318114 8.01576150545458 14.3460515325893 73.6959938512291 62.3282219522591 5.02324168942057 153.742429172949 36.9317352512898 15.724262038246 7.94892040953956 65.6667793570201 0.141474990059634 41.4685432052682 50.6429592053342 23.0580249201728 34.8386512403178 12.8455352265022 8.24338333882048 10.7756991659859 0.992102141498965 14.292555666509 70.3950037564568 10.7922744679468 120.708914142609 35.1404674341547 171.093081414096 5.80307972467455 41.3102880597528 44.5757417211291 6.00452394617159 34.2725230219445 135.762354123224 33.1332097575985 17.7723026950307 31.5101839700012 9.84266982666763 27.7219414973793 112.130880162365 21.9972420206368 117.980375178667 6.90190795733842 70.2717851860133 125.575039196261 35.5546636085423 57.5425333400582 47.9565752507527 83.1380198896918 66.9508385310052 8.52585684212485 83.99551476496 97.4977092461354 47.2604963645312 46.3346107213728 85.7692361765572 25.7358533336074 150.182988620866 84.5046458145874 29.9393020807618 11.055048582642 87.0532396402626 48.8551031054202 32.7908759702058 67.2324910405077 37.6094346762035 86.2853947833677 20.3149241647913 89.1437864568096 18.0414578921718 35.4549118588285 13.8412055729802 62.0990801533572 25.6103757958745 135.406067007784 63.3655572186783 10.0532525385616 42.8178336763514 0.840144789145193 28.4968082347903 101.816249992367 125.719819578485 48.7944090565202 57.9227370107522 12.5452626829341 17.1940296404954 56.0034572484015 50.117561578897 110.990661716603 7.77289093437867 4.05548127917696 25.3952754320611 2.75190882381982 88.2931181845896 75.1169496790021 47.0148955878527 19.8703033912496 43.8793639247767 82.7797989634854 60.6889109834496 41.5129786714606 128.61112272942 23.0224772675585 19.9426324714195 86.167394680494 20.8642709464213 98.8574112041023 89.5129060974223 65.8282412125166 102.919697448454 71.0039071300257 93.6977402766631 64.418931775352 3.73016722690439 33.3579857634437 138.721447785709 26.4348829137047 57.2063415052066 4.53870353979771 20.6811536108657 75.032821601152 16.9911990362681 34.491732448357 109.307478169827 26.2725400764097 43.4734108335819 82.3358191937816 91.2499712849758 15.1597846805588 24.4553584395097 0.928389214614394 37.7483535771556 21.7188312275368 41.1471154383057 93.4190120355402 22.3319626110031 122.976338619415 40.1778617097469 16.5601560302674 57.7098933263717 36.4576999018289 35.8552817058363 2.90158232179255 32.4469533519702 60.8718079434732 35.4646844868313 106.830028905878 64.8965980175742 11.6216096749453 41.5924484188906 40.1602229458303 9.19613263641567 62.3783744576179 4.9301971800535 5.95373801901112 15.3033864871345 77.6874438685742 126.921548319945 14.9401138879942 0.749284941452082 172.416754886259 94.6890318695957 87.7100992672496 5.2649161664846 49.9388932285938 27.5028502081746 39.784527021827 4.37454761430693 21.7839720215483 55.5134820035567 18.439987472765 115.223202574853 67.2784708189051 97.8720444884318 57.1049590234172 13.1514079705186 135.872280901589 30.8311646365648 126.180273228661 85.4397238639698 62.9010733352107 79.1481186635734 3.00527139628122 43.266430831359 109.49606909007 27.7081379610123 100.259146262929 112.606425540823 0.410440539244035 122.713498706765 72.6257344920983 37.536723784641 57.4858264777346 14.2865381484474 8.50030903295219 94.8526587372414 34.7695999165079 74.7173267043297 4.60983589665438 6.70513933354962 76.344935342584 105.019140731291 0.11226178341405 21.3995060523938 22.4745470309294 82.1911998943482 65.5414329179265 10.6761303062432 61.3354415840439 58.3800098507173 74.4548432362837 20.5994933674391 38.521050530176 115.780176734146 0.981747002903928 27.030617106454 1.45019995091571 132.268570722006 10.0518031218621 3.28131341662717 75.6752100532042 76.2866473789195 1.84866949085968 38.0884124423233 6.99706527589685 14.9077735847432 16.9210193836239 36.3839935550923 1.95319143038762 24.7495828409891 127.403411286214 181.382016100719 87.0338903329767 120.073859103062 24.7086168087924 93.2103320870607 102.120713056857 1.90199447890943 5.80017076735076 157.650403921513 62.1532533463284 105.488914880146 51.7515073671588 145.497306246809 59.8694978937754 37.5165204269298 36.5870006391114 87.5233366174773 1.48744925864474 47.2217488769097 65.1969257099114 146.532162499273 19.2018966973927 28.1439463859974 137.738182717826 54.8433418435081 84.1312699492668 7.60643930658562 7.33214087806279 98.6253871586414 39.756500918933 88.3999811532847 54.5611333530732 89.061456278973 93.4468671466856 15.5817895569013 121.991646189071 2.52755994516773 30.2000888086821 0.361428548877893 28.7511929178516 111.953228506042 122.796553816192 22.7693930070141 30.3329196552473 2.06188431247468 73.2721741284605 116.886866808445 128.819182774541 102.89346647209 10.0695206433717 94.7613356143934 46.3952628135233 12.3755860371009 22.4414448320778 38.5305261914404 7.05929276744358 4.77348238706071 65.8411223507129 106.250122002547 19.7917758944495 109.381484492659 114.551400842881 24.1439048231052 133.530650468595 59.3041339069944 103.659070083711 147.179074732274 30.1645115795032 70.5825315188711 129.047709443228 136.358459021495 99.7154931528332 22.3483427995628 26.3406890585361 17.34529299762 7.03321351205073 12.0787780341237 2.56402296541445 0.0585235442895569 1.4089690509882 67.9484636786267 81.9395023466438 53.5865879820279 141.488050174814 96.5565362900586 23.2098246710462 49.9224702263176 91.3885909600137 12.5938357960193 13.9268301253501 16.7063319911806 3.7474280875539 109.662526976719 50.9923356538459 141.148871302735 19.4685127819447 6.45888792666416 92.3982015271064 89.2663064410047 144.151588570297 171.426694134591 50.823430808773 8.34065586171054 77.006111237308 169.923318805964 1.45179293256222 88.496343299379 12.1911877241149 40.7981376287333 80.4878457225497 10.655704756234 85.6403211486182 26.1738237441138 82.2863842403681 82.0209889884911 0.100294258284847 14.3482073797086 2.24714626179747 93.5455785750983 42.2851301228093 29.3570332978586 49.5159323237845 23.5257388108543 15.759693621225 140.503016897572 19.4920032475572 30.1533803826398 122.10238549843 11.6030336107374 3.56642059455371 110.145864507863 11.5916619930424 122.335536944489 39.9668271258517 63.6567291454671 18.7696256596459 44.551273771274 28.181352382218 50.6425548224607 92.8606804051787 101.746585931757 67.791838828767 74.0207075679312 156.811810932296 115.542936728734 22.3440378677749 90.4260409405211 149.112853958964 64.0846891898161 26.9180517446396 42.4938251939634 89.3201098476722 16.7730492169159 101.61440950589 9.40821048278574 33.4846959949128 135.104299786008 35.1134418143968 18.1422848196701 27.4472856248912 52.085682748623 20.3797520379037 25.9320822696228 24.8842639847992 27.9501083265984 93.8237395634159 7.41049311482054 21.6714396262404 6.70648923474284 112.999169096241 4.78491338946275 79.7658527234036 75.0587339929195 88.2186084959773 19.2807292830205 6.98081079755736 6.53155703210221 37.6585131215737 49.1253276380249 49.7602754872444 36.4754029892954 43.9279463242121 51.6108632306773 28.6590355470418 12.1595183224237 23.5795952651518 4.89917987334734 23.968710784728 10.0005147419079 20.1718345186346 72.3683348398453 33.6235217825276 61.6229142152308 137.021333343589 8.30117604226267 39.1733211829678 137.796629465563 14.0400128723933 67.2330937557548 12.5353368368085 10.1770816119186 35.514763560145 0.371057421651642 90.450562021049 74.4515498326575 126.190564080005 65.211883004812 3.3689038082954 41.8268003126902 150.877798876635 20.239719817926 18.9610233681795 53.5417789547142 94.3592276606554 5.92676956805349 6.50760744822199 31.7913978579335 43.7252710055241 47.8027106127166 28.0472778402578 59.4426074779666 22.6572753639257 21.5054004273525 52.4166513718498 12.2252336547944 7.69202665138668 89.6308906787387 6.24395081481639 25.7499084493158 32.0703553677627 12.320519892358 59.9844880746502 16.77001358833 24.0041185211795 116.063914953724 45.1419275694955 5.54651523317568 23.5184648742397 20.0567194279597 53.4377875079711 20.4411403495037 61.801995369527 144.630122343475 122.544937838566 33.5451458867882
