Instancenumber:
25
Instancename:
A-n45-k6
Customers:
44
Depot:
0
Dimension:
1980
Vehicles:
44
Capacity:
100
Demands:
0 19 2 12 20 6 17 8 14 2 8 5 7 22 14 17 23 15 21 2 24 10 20 6 21 10 6 13 21 24 11 16 8 11 11 22 17 22 17 8 23 5 3 18 12
Uncertainty:budgeted
Gamma:
13
Mean Vector:
20.8806130178211 31.1448230047949 66.6033032213869 66.9103878332804 78.8923316932641 30.2324329156619 28.6006992921502 82.0731381147328 18.6815416922694 69.656299069072 60.4069532421558 49.7393204617835 43.8292140016223 19.6977156035922 35.6931365951495 67.446274915669 56.2227711874824 50.0099990001999 65 54.2033209314706 88.090862182181 45.6070170039655 9.05538513813742 41.7252920900501 36.4005494464026 24.3310501211929 43.081318457076 25 30.1496268633627 69.8569967862919 40.3608721412211 34.828149534536 93.3488082409197 54.1202365109392 25.298221281347 66.7083203206317 47.8016736108685 21.0237960416286 67.3572564761956 65.7875368135941 86.4522989862039 59.2114853723498 42.0475920832573 28.6530975637888 20.8806130178211 50.2195181179589 79.6492310069595 86.1452262171271 86.278618440492 12.0830459735946 40.7185461430047 94.339811320566 38.0131556174964 83.1865373723417 51 70.2139587261678 54.0832691319598 14.142135623731 56.5154846037792 85.842879728024 55.9016994374947 48.7544869729956 54.230987451825 64.6374504447692 98.0815986819138 64.2806347199528 29.4278779391243 25.0798724079689 56.4358042380899 24.0831891575846 34.2344855372474 37.6961536499415 29.4108823397055 58.5491246732178 34.4818792991333 46.9574275274956 105.118980208143 42.2965719651132 14.560219778561 87.5556965593901 33.2415402771893 34.2052627529741 88.2326470191165 56.0357029044876 99.1261822123701 79.0063288604147 42.190046219458 9.4339811320566 31.1448230047949 50.2195181179589 73.0068489937759 56.4003546088143 92.9623579735368 60.9590026165127 46.1735855224608 88.102213366067 28.1602556806574 74.6860093993514 89.8943824718764 22.0907220343745 59.1354377678901 41.7851648315524 21.2602916254693 60.1414998150196 80.6039701255465 75.690157880665 94.8946784598589 67.0820393249937 97.4987179402888 41.8807831827438 26.8328157299975 72.8354309385206 8.06225774829855 53.2353266168247 73.0616178304313 43.4165866921848 58.1807528311554 99.8498873309329 51.1566222497147 50.0099990001999 99.2975326984513 84.5990543682375 47.4341649025257 44.7213595499958 78.873316146844 20.0997512422418 43.0464865000618 95.2575456328789 91.3016976841066 47.2016948848238 67.7200118133481 59.0338885725818 66.6033032213869 79.6492310069595 73.0068489937759 36.6742416417845 26 79.7119815335185 39.1152144312159 15.6204993518133 50.4479930225178 4 71.1969100453102 69.3541635375988 26.2488094968134 85.6037382361308 53.160135440008 30.0166620396073 46.5725240887801 49.3659801887899 76.6876782801514 17.0293863659264 24.738633753706 32.5576411921994 59.4138031100518 81.3941029804985 69.2603782836912 57.5847201955519 66.1211010192662 42.4381903478459 54.817880294663 80.5232885567896 106.962610289764 32.7566787083184 27.0185121722126 75.1065909225016 90.4433524367601 60.8769250208977 79.227520471109 81.4002456998749 66.4906008395172 74.2159012611179 19.8494332412792 40.024992192379 48.0416485978573 80.7774721070176 66.9103878332804 86.1452262171271 56.4003546088143 36.6742416417845 62.6498204307083 91.1975876873944 50.4479930225178 45.3982378512647 48.3735464897913 35.1140997321589 97.5294827218929 42.7200187265877 48.0208288141719 86.1220064791805 35.8468966578698 7.07106781186548 75.8023746329889 75.8023746329889 103.353761421634 45.9673797382448 57.8705451849211 22.0227155455452 57.8705451849211 97.6729235765982 49.5782210249622 71.1969100453102 86.9770084562581 51.7880295048962 71.5681493403316 107.912001186152 103.247275993122 46.8187996428785 54.0092584655631 98.2344135219425 91.98369420718 26.0192236625154 98.7623410010111 72.4499827467198 32.0624390837628 101.71037311897 46.0108682813094 9.21954445729289 71.1125867902441 91.0494371207203 78.8923316932641 86.278618440492 92.9623579735368 26 62.6498204307083 82.6196102629394 50.5371150739731 23.3238075793812 66.7308024828115 27.7848879788996 61 93.0483745156249 35.3411940941446 95.603347221737 75.1664818918645 55.9016994374947 37 42.9534631898291 65.4904573201318 25.9615099714943 16 56.1426753904728 73.824115301167 80.1311425102625 90.6697303403953 62.2253967444162 62.6099033699941 54.1202365109392 57.3846669416143 68.1175454637056 118.004237212059 44.7772263544762 27.1661554144122 68.0073525436772 99.3579387869938 86.6833317310773 75.2396172239067 97.1699542039616 92.1791733527699 62.2896460095897 27.3130005674953 65.8027355054484 46.0434577328854 84.504437753292 30.2324329156619 12.0830459735946 60.9590026165127 79.7119815335185 91.1975876873944 82.6196102629394 42.4264068711929 93.5200513259055 44.6430285710994 83.4865258589672 40.3112887414927 79.9249648107523 53.4883164812653 25.9615099714943 64.621977685614 90.0055553840984 49.2036584005702 42.0119030752 43 63.5609943282828 95.7183368012629 69.1809222257119 37.5765884561119 13 66.6108099335236 22.1359436211787 24.6981780704569 40.1123422402632 25.5538646783613 47.0956473572665 44.2831796509691 48.0520551069359 103.768974168583 31 25.0199920063936 95.5196314900764 21.3775583264319 46.0434577328854 96.7729300992793 45.0998891351187 98.488578017961 84.8528137423857 36.7967389859482 3 28.6006992921502 40.7185461430047 46.1735855224608 39.1152144312159 50.4479930225178 50.5371150739731 42.4264068711929 54.2033209314706 18.0277563773199 42.5440947723653 50.2493781056044 54.5893762558247 15.2643375224737 46.7546789102438 34.9857113690718 48.2597140480546 35.1140997321589 31.3847096529504 55.9732078766261 25.6124969497314 59.5482997238376 29.1547594742265 23.4093998214393 47.3814309619285 46.5725240887801 21.0237960416286 37.1214223865412 3.60555127546399 21.1896201004171 60.8769250208977 68.6221538571911 6.40312423743285 65.299310869258 48.8773976393997 51.4003891035856 61.2209114600559 48.3838816136118 46.8187996428785 64.3816744112795 55.1543289325507 58.821764679411 45.6946386351835 24.2074368738204 42.9534631898291 82.0731381147328 94.339811320566 88.102213366067 15.6204993518133 45.3982378512647 23.3238075793812 93.5200513259055 54.2033209314706 66.0681466366357 13.4164078649987 80.0062497558784 82.7647267862342 40.3112887414927 100.895986045036 67.7790528113222 38.3275357934736 55 59.3043000127309 85.0940655980192 29.9666481275434 12.6491106406735 46.8187996428785 75.0066663703967 93.962758580195 83.9344982709732 71.5541752799933 77.6659513557904 57.6281181368956 68.1542368455549 88.3628881374981 122.429571591181 47.8016736108685 11.4017542509914 85.375640553966 105.603030259553 71.175838597097 90.8019823572151 97.0051545022222 77.1038261048049 82.2192191643779 5.09901951359278 51.0098029794274 59.6657355607052 94.8103369891701 18.6815416922694 38.0131556174964 28.1602556806574 50.4479930225178 48.3735464897913 66.7308024828115 44.6430285710994 18.0277563773199 66.0681466366357 53.0754180388624 64.4049687524185 39.0512483795333 31.7804971641414 38.2753184180093 20.8086520466848 48.7647413609464 52.6307894677631 48.1040538832228 69.8140387028282 40.853396431631 73.5730929076656 26.9258240356725 9.8488578017961 53.665631459995 29.1547594742265 29.0688837074973 48.7954915950234 15.2970585407784 32.649655434629 74.8131004570724 57.6888204074238 22.3606797749979 77.4661216274573 60.8111831820431 43.9658958739612 51.0783711564885 57.4282160614449 31.0644491340181 52.8393792544916 69.6347614342147 70.0927956355002 41 40.3112887414927 43.9317652729776 69.656299069072 83.1865373723417 74.6860093993514 4 35.1140997321589 27.7848879788996 83.4865258589672 42.5440947723653 13.4164078649987 53.0754180388624 75.1332150250473 69.8713102782537 30.0832179129826 88.8144132446981 54.4242592967511 28.2311884269862 50.4479930225178 53.3385414123783 80.6039701255465 21.0237960416286 24.0831891575846 33.5261092284804 62.2414652783817 85.3287759199674 70.5761999543756 61.3514466007119 70.1141925718324 45.7930125674212 58.6941223633168 84.4037913840368 109.98636279103 36.2353418639869 24.6981780704569 79.1012010022604 93.7443331620637 60.0166643524946 83.2165848854662 83.868945385047 65.7647321898295 78.1024967590665 17.0293863659264 39.319206502675 52.0384473250308 84.504437753292 60.4069532421558 51 89.8943824718764 71.1969100453102 97.5294827218929 61 40.3112887414927 50.2493781056044 80.0062497558784 64.4049687524185 75.1332150250473 103.40696301507 49.6588360717405 65.0307619515564 84.3860177991591 93.5200513259055 25.0199920063936 22.1359436211787 5.8309518948453 54.817880294663 76.791926658992 78.2368199762746 63.0634601017102 29.732137494637 92.9623579735368 36.6742416417845 17.464249196573 50.9313263129874 31.9061122670876 10.6301458127346 84.5931439302264 51.6139516022558 87.3670418407308 10.295630140987 65.1229606206597 111.39569111954 21.0237960416286 80.7774721070176 114.629839047257 5.3851648071345 85 94.578010129205 26.6270539113887 43.2897216438267 49.7393204617835 70.2139587261678 22.0907220343745 69.3541635375988 42.7200187265877 93.0483745156249 79.9249648107523 54.5893762558247 82.7647267862342 39.0512483795333 69.8713102782537 103.40696301507 63.6003144646314 63.3245607959503 19.6977156035922 48.3011387029333 89.4706655837543 85.9592926913664 108.853112036358 68.7313611097583 93.9042065085478 37.0135110466435 42.8018691180654 90.8019823572151 14.3178210632764 67.8969807870718 87.783825389419 53 71.7007670809734 113.850779531806 73.0273921210391 56.0802995712398 93.1450481775601 99.7647232241938 69.1230786351418 24.1660919471891 95.6713123146118 42.190046219458 21.3775583264319 108.600184161906 84.8999411071645 34 78.5493475466219 78.390050389064 43.8292140016223 54.0832691319598 59.1354377678901 26.2488094968134 48.0208288141719 35.3411940941446 53.4883164812653 15.2643375224737 40.3112887414927 31.7804971641414 30.0832179129826 49.6588360717405 63.6003144646314 61.5223536610881 44.1474801092882 43.8634243989226 28.2842712474619 27.7848879788996 55.4616984954482 10.6301458127346 44.5533388198909 30.6104557300279 38.4837628097877 55.4436651025164 58.1377674149945 31.3847096529504 41.194659848092 18.8679622641132 28.6356421265527 59.9416382825828 83.6301381082203 9.48683298050514 51.0392006206994 51.4198405287298 65.8559033041078 64.8151216923952 54.0370243444252 61.8465843842649 69.065186599328 53.7121960079831 45.1774279923061 46.0108682813094 23.7697286480094 54.6260011349907 19.6977156035922 14.142135623731 41.7851648315524 85.6037382361308 86.1220064791805 95.603347221737 25.9615099714943 46.7546789102438 100.895986045036 38.2753184180093 88.8144132446981 65.0307619515564 63.3245607959503 61.5223536610881 53.0094331227943 86.9770084562581 68.0073525436772 61.0327780786685 68.3593446428504 72.1248916810278 106.075444849409 65.1459898996093 28.4604989415154 38.8973006775534 49.0407993409569 34.928498393146 48.0416485978573 43.2781700167648 40.853396431631 72.691127381545 22.4722050542442 53.1507290636732 112.044633963434 56.4358042380899 6 83.2946576918352 47.2969343615419 23.0217288664427 83.0240928887513 70.1141925718324 105.422957651548 78.0896920214186 53.851648071345 23.0867927612304 35.6931365951495 56.5154846037792 21.2602916254693 53.160135440008 35.8468966578698 75.1664818918645 64.621977685614 34.9857113690718 67.7790528113222 20.8086520466848 54.4242592967511 84.3860177991591 19.6977156035922 44.1474801092882 53.0094331227943 39.0512483795333 69.778220097678 66.3701740241805 89.9388681271896 50.0399840127872 77.884529914483 21.0237960416286 27.2029410174709 74.3034319530397 16.1554944214035 49.8196748283246 69.3541635375988 33.6005952328229 53.0377224247045 94.9210198006743 68.0073525436772 36.4005494464026 78.7908624143688 81.3941029804985 59.0084739677277 31.04834939252 78.2368199762746 36.7695526217005 32.2024843762092 89.4986033410578 70.6823881882892 26.8328157299975 59.0762219509677 63.5688603012513 67.446274915669 85.842879728024 60.1414998150196 30.0166620396073 7.07106781186548 55.9016994374947 90.0055553840984 48.2597140480546 38.3275357934736 48.7647413609464 28.2311884269862 93.5200513259055 48.3011387029333 43.8634243989226 86.9770084562581 39.0512483795333 71.0211236182588 71.5541752799933 99.3176721434811 40.6078810084939 50.8035431835222 21.8403296678416 58.5234995535981 95.6347217280419 53.8144961882948 69.2603782836912 83.9344982709732 50.0399840127872 69.0507060065283 103.754517973918 105.118980208143 43.9317652729776 47.0425339453563 94.8683298050514 92.7200086281273 33 96.1041102138717 74.9466476902069 39.0128184062623 97.4935895328508 39 14.3178210632764 67.4166151627327 90.0888450364417 56.2227711874824 55.9016994374947 80.6039701255465 46.5725240887801 75.8023746329889 37 49.2036584005702 35.1140997321589 55 52.6307894677631 50.4479930225178 25.0199920063936 89.4706655837543 28.2842712474619 68.0073525436772 69.778220097678 71.0211236182588 7.21110255092798 30.2654919008431 30.8706980808663 52.3927475897189 58.7962583843564 55.145262715849 44.2040722106007 81.6088230524127 33.2415402771893 26.4007575648882 37.3630833845388 27.2029410174709 33.9558536926993 90.0777441991084 33.6154726279432 62.6498204307083 31.04834939252 70.2637886823647 92.9569792968769 38.4707681233427 77.1038261048049 97.0051545022222 27.6586333718787 60.00833275471 74.2765104188397 14.3178210632764 51.6139516022558 50.0099990001999 48.7544869729956 75.690157880665 49.3659801887899 75.8023746329889 42.9534631898291 42.0119030752 31.3847096529504 59.3043000127309 48.1040538832228 53.3385414123783 22.1359436211787 85.9592926913664 27.7848879788996 61.0327780786685 66.3701740241805 71.5541752799933 7.21110255092798 27.8567765543682 32.7566787083184 57.8705451849211 57.3846669416143 49.6487663492256 37.4432904536981 77.2528316633119 26.4764045897475 19.723082923316 33.1058907144937 20.3960780543711 32.2024843762092 83.0060238777885 31.1448230047949 67.6830850360709 26.0768096208106 63.1585306985525 91.2195154558497 32.310988842807 71 94.9210198006743 25.9422435421457 64.3816744112795 73.4098086089318 8.06225774829855 44.407206622349 65 54.230987451825 94.8946784598589 76.6876782801514 103.353761421634 65.4904573201318 43 55.9732078766261 85.0940655980192 69.8140387028282 80.6039701255465 5.8309518948453 108.853112036358 55.4616984954482 68.3593446428504 89.9388681271896 99.3176721434811 30.2654919008431 27.8567765543682 60.4400529450463 81.3941029804985 84.0535543567314 68.0955211449329 31.4006369362152 98.1835016690686 41.6773319683494 21.9317121994613 56.5685424949238 37.2021504754766 5 87.1435597161374 57.4282160614449 92.1357693840997 12 68.0073525436772 117.1537451386 22.3606797749979 85.0705589496155 120.341181646185 3.60555127546399 90.0499861188218 100.404183179786 32.4499614791759 46 54.2033209314706 64.6374504447692 67.0820393249937 17.0293863659264 45.9673797382448 25.9615099714943 63.5609943282828 25.6124969497314 29.9666481275434 40.853396431631 21.0237960416286 54.817880294663 68.7313611097583 10.6301458127346 72.1248916810278 50.0399840127872 40.6078810084939 30.8706980808663 32.7566787083184 60.4400529450463 33.9705755029261 32.8937684067971 48.3735464897913 64.5368112010502 65.1229606206597 41.5932686861708 49.0917508345343 29.2061637330205 38.2753184180093 64.5135644651572 94.175368329516 19.4164878389476 40.4969134626332 58.2151183113115 76.4852927038918 66.2419806467168 62.2012861603359 71.5541752799933 71.1125867902441 58.1893461039046 34.928498393146 46.0434577328854 31.0161248385416 64.8459713474939 88.090862182181 98.0815986819138 97.4987179402888 24.738633753706 57.8705451849211 16 95.7183368012629 59.5482997238376 12.6491106406735 73.5730929076656 24.0831891575846 76.791926658992 93.9042065085478 44.5533388198909 106.075444849409 77.884529914483 50.8035431835222 52.3927475897189 57.8705451849211 81.3941029804985 33.9705755029261 57.2712842531054 81.8413098624405 94.4298681562142 93.962758580195 74.4043009509531 77.2528316633119 63.1268564083465 70.178344238091 84.0951841665146 128.144449743249 53.2634959423431 11.4017542509914 83.4326075344646 110.34491379307 83.4865258589672 90.1387818865997 104.623133197205 89.3588272080604 78.2304288624318 14.2126704035519 63.0713881248859 59.9332962550868 97.3498844375277 45.6070170039655 64.2806347199528 41.8807831827438 32.5576411921994 22.0227155455452 56.1426753904728 69.1809222257119 29.1547594742265 46.8187996428785 26.9258240356725 33.5261092284804 78.2368199762746 37.0135110466435 30.6104557300279 65.1459898996093 21.0237960416286 21.8403296678416 58.7962583843564 57.3846669416143 84.0535543567314 32.8937684067971 57.2712842531054 36.6878726556883 75.9275970909129 37.1618083521241 49.4772675074119 66.2117814289874 30.0832179129826 50.3289181286465 88.8144132446981 83.6480723029527 26.6270539113887 57.7754273026172 77.8267306264371 70.8801805866774 34.2052627529741 77.4919350642375 54.2033209314706 38.5875627631495 82.8009661779378 49.6588360717405 16.5529453572468 51.6139516022558 69.0289794216893 9.05538513813742 29.4278779391243 26.8328157299975 59.4138031100518 57.8705451849211 73.824115301167 37.5765884561119 23.4093998214393 75.0066663703967 9.8488578017961 62.2414652783817 63.0634601017102 42.8018691180654 38.4837628097877 28.4604989415154 27.2029410174709 58.5234995535981 55.145262715849 49.6487663492256 68.0955211449329 48.3735464897913 81.8413098624405 36.6878726556883 48.0104155366312 30.4795013082563 26.4196896272458 46.3249392876019 19.9248588451713 31.3847096529504 73.0616178304313 48.0104155366312 29.0688837074973 86.3712915267567 58.0086200490927 34.2052627529741 58.2408791142441 53.0377224247045 23.4093998214393 59.2368128784795 68.425141578224 79.1959594928933 50.1597448159378 41.5932686861708 36.4005494464026 41.7252920900501 25.0798724079689 72.8354309385206 81.3941029804985 97.6729235765982 80.1311425102625 13 47.3814309619285 93.962758580195 53.665631459995 85.3287759199674 29.732137494637 90.8019823572151 55.4436651025164 38.8973006775534 74.3034319530397 95.6347217280419 44.2040722106007 37.4432904536981 31.4006369362152 64.5368112010502 94.4298681562142 75.9275970909129 48.0104155366312 77.987178433381 26.4764045897475 17.8044938147649 45.8911756223351 27.0185121722126 35.0570962859162 56 52.0384473250308 103.464969917359 19.6468827043885 37.4833296279826 104.694794521982 9.05538513813742 58.8302643203309 106.470653233649 33.9558536926993 99.040395798886 92.1791733527699 34.5398320783411 15.8113883008419 36.4005494464026 56.4358042380899 8.06225774829855 69.2603782836912 49.5782210249622 90.6697303403953 66.6108099335236 46.5725240887801 83.9344982709732 29.1547594742265 70.5761999543756 92.9623579735368 14.3178210632764 58.1377674149945 49.0407993409569 16.1554944214035 53.8144961882948 81.6088230524127 77.2528316633119 98.1835016690686 65.1229606206597 93.962758580195 37.1618083521241 30.4795013082563 77.987178433381 56.6127194188726 76.6093989011792 44.2718872423573 61.057350089895 103.174609279609 59.2114853723498 49.4974746830583 94.9368210969801 88.4081444212014 54.817880294663 36.6742416417845 83.4505841801003 28.0178514522438 35.0142828000232 98.2700361249552 86.8158971617526 40.3608721412211 69.462219947249 64.8999229583518 24.3310501211929 24.0831891575846 53.2353266168247 57.5847201955519 71.1969100453102 62.2253967444162 22.1359436211787 21.0237960416286 71.5541752799933 29.0688837074973 61.3514466007119 36.6742416417845 67.8969807870718 31.3847096529504 34.928498393146 49.8196748283246 69.2603782836912 33.2415402771893 26.4764045897475 41.6773319683494 41.5932686861708 74.4043009509531 49.4772675074119 26.4196896272458 26.4764045897475 56.6127194188726 20 19.4164878389476 6.08276253029822 46.6476151587624 57.2450871254468 26.1725046566048 81.9878039710785 31.8904374382039 37.7359245282264 79.2590688817374 28.6530975637888 45.2769256906871 81.5414005275848 42.0475920832573 76.4852927038918 65.8027355054484 18.9736659610103 23.259406699226 43.081318457076 34.2344855372474 73.0616178304313 66.1211010192662 86.9770084562581 62.6099033699941 24.6981780704569 37.1214223865412 77.6659513557904 48.7954915950234 70.1141925718324 17.464249196573 87.783825389419 41.194659848092 48.0416485978573 69.3541635375988 83.9344982709732 26.4007575648882 19.723082923316 21.9317121994613 49.0917508345343 77.2528316633119 66.2117814289874 46.3249392876019 17.8044938147649 76.6093989011792 20 36.8917334913934 16.4012194668567 26.8328157299975 68.4470598345904 40.1621712560464 86.6833317310773 12.0415945787923 48.6621002423858 97.9081201943945 13.1529464379659 63.3245607959503 100.603180864225 22.8035085019828 82.7647267862342 82.7647267862342 18.1107702762748 27.5136329843952 25 37.6961536499415 43.4165866921848 42.4381903478459 51.7880295048962 54.1202365109392 40.1123422402632 3.60555127546399 57.6281181368956 15.2970585407784 45.7930125674212 50.9313263129874 53 18.8679622641132 43.2781700167648 33.6005952328229 50.0399840127872 37.3630833845388 33.1058907144937 56.5685424949238 29.2061637330205 63.1268564083465 30.0832179129826 19.9248588451713 45.8911756223351 44.2718872423573 19.4164878389476 36.8917334913934 20.591260281974 61.5223536610881 65.0691939399898 9.89949493661167 68.7677249878168 48.8262224629348 48.0104155366312 61.0327780786685 47.5394572960189 43.3243580448689 63.8905313798532 55.9732078766261 62.2012861603359 46.4865571966778 25.5538646783613 40.4474968323134 30.1496268633627 29.4108823397055 58.1807528311554 54.817880294663 71.5681493403316 57.3846669416143 25.5538646783613 21.1896201004171 68.1542368455549 32.649655434629 58.6941223633168 31.9061122670876 71.7007670809734 28.6356421265527 40.853396431631 53.0377224247045 69.0507060065283 27.2029410174709 20.3960780543711 37.2021504754766 38.2753184180093 70.178344238091 50.3289181286465 31.3847096529504 27.0185121722126 61.057350089895 6.08276253029822 16.4012194668567 20.591260281974 42.2018956920184 63.0713881248859 25.1793566240283 78.2623792124926 28.4253408071038 43.4165866921848 81.5414005275848 27.2029410174709 51.1566222497147 84.2021377400835 37.2155881318568 73.1641988953614 66.8505796534331 13 27.2029410174709 69.8569967862919 58.5491246732178 99.8498873309329 80.5232885567896 107.912001186152 68.1175454637056 47.0956473572665 60.8769250208977 88.3628881374981 74.8131004570724 84.4037913840368 10.6301458127346 113.850779531806 59.9416382825828 72.691127381545 94.9210198006743 103.754517973918 33.9558536926993 32.2024843762092 5 64.5135644651572 84.0951841665146 88.8144132446981 73.0616178304313 35.0570962859162 103.174609279609 46.6476151587624 26.8328157299975 61.5223536610881 42.2018956920184 91.0219753685889 62.2012861603359 95.005263012109 16.2788205960997 72.1110255092798 122.024587686253 26.0192236625154 89.8109124772708 125.2557383915 6.32455532033676 93.2630687893123 105.118980208143 37.2021504754766 50.0899191454728 40.3608721412211 34.4818792991333 51.1566222497147 106.962610289764 103.247275993122 118.004237212059 44.2831796509691 68.6221538571911 122.429571591181 57.6888204074238 109.98636279103 84.5931439302264 73.0273921210391 83.6301381082203 22.4722050542442 68.0073525436772 105.118980208143 90.0777441991084 83.0060238777885 87.1435597161374 94.175368329516 128.144449743249 83.6480723029527 48.0104155366312 56 59.2114853723498 57.2450871254468 68.4470598345904 65.0691939399898 63.0713881248859 91.0219753685889 74.9666592559653 133.689939786059 75.1664818918645 19.9248588451713 95.7548954362125 65.00769185258 31.5753068076939 94.1912947145329 89.3588272080604 126.81088281374 94.578010129205 76.0591874792257 41.3037528561268 34.828149534536 46.9574275274956 50.0099990001999 32.7566787083184 46.8187996428785 44.7772263544762 48.0520551069359 6.40312423743285 47.8016736108685 22.3606797749979 36.2353418639869 51.6139516022558 56.0802995712398 9.48683298050514 53.1507290636732 36.4005494464026 43.9317652729776 33.6154726279432 31.1448230047949 57.4282160614449 19.4164878389476 53.2634959423431 26.6270539113887 29.0688837074973 52.0384473250308 49.4974746830583 26.1725046566048 40.1621712560464 9.89949493661167 25.1793566240283 62.2012861603359 74.9666592559653 58.8982172905089 51.478150704935 57.8013840664737 60.1082357085949 52.1727898429823 52.3927475897189 63.7808748764079 56.2227711874824 52.4309069156733 43.0464865000618 25 48.7647413609464 93.3488082409197 105.118980208143 99.2975326984513 27.0185121722126 54.0092584655631 27.1661554144122 103.768974168583 65.299310869258 11.4017542509914 77.4661216274573 24.6981780704569 87.3670418407308 93.1450481775601 51.0392006206994 112.044633963434 78.7908624143688 47.0425339453563 62.6498204307083 67.6830850360709 92.1357693840997 40.4969134626332 11.4017542509914 57.7754273026172 86.3712915267567 103.464969917359 94.9368210969801 81.9878039710785 86.6833317310773 68.7677249878168 78.2623792124926 95.005263012109 133.689939786059 58.8982172905089 93.5574689696125 116.661904664719 80.0249960949702 99.724620831568 108.406641862941 86.0523096726636 89.0505474435727 8.24621125123532 60.5309838016862 68.9492567037528 105.190303735658 54.1202365109392 42.2965719651132 84.5990543682375 75.1065909225016 98.2344135219425 68.0073525436772 31 48.8773976393997 85.375640553966 60.8111831820431 79.1012010022604 10.295630140987 99.7647232241938 51.4198405287298 56.4358042380899 81.3941029804985 94.8683298050514 31.04834939252 26.0768096208106 12 58.2151183113115 83.4326075344646 77.8267306264371 58.0086200490927 19.6468827043885 88.4081444212014 31.8904374382039 12.0415945787923 48.8262224629348 28.4253408071038 16.2788205960997 75.1664818918645 51.478150704935 93.5574689696125 56.0089278597618 109.859000541603 10.770329614269 73.7360156233031 112.614386292338 14.3178210632764 90.448880590088 94.3663075467086 27.6586333718787 34 25.298221281347 14.560219778561 47.4341649025257 90.4433524367601 91.98369420718 99.3579387869938 25.0199920063936 51.4003891035856 105.603030259553 43.9658958739612 93.7443331620637 65.1229606206597 69.1230786351418 65.8559033041078 6 59.0084739677277 92.7200086281273 70.2637886823647 63.1585306985525 68.0073525436772 76.4852927038918 110.34491379307 70.8801805866774 34.2052627529741 37.4833296279826 54.817880294663 37.7359245282264 48.6621002423858 48.0104155366312 43.4165866921848 72.1110255092798 19.9248588451713 57.8013840664737 116.661904664719 56.0089278597618 89.2748564826626 46.2709412050371 28.1780056072107 88.9550448260243 70.0285656000464 110.208892563168 84.0119039184329 56.3560112144215 22.0227155455452 66.7083203206317 87.5556965593901 44.7213595499958 60.8769250208977 26.0192236625154 86.6833317310773 95.5196314900764 61.2209114600559 71.175838597097 51.0783711564885 60.0166643524946 111.39569111954 24.1660919471891 64.8151216923952 83.2946576918352 31.04834939252 33 92.9569792968769 91.2195154558497 117.1537451386 66.2419806467168 83.4865258589672 34.2052627529741 58.2408791142441 104.694794521982 36.6742416417845 79.2590688817374 97.9081201943945 61.0327780786685 81.5414005275848 122.024587686253 95.7548954362125 60.1082357085949 80.0249960949702 109.859000541603 89.2748564826626 107.912001186152 64.2806347199528 6.08276253029822 116.180893437777 72 20.8806130178211 84.9588135510378 94.5568612000208 47.8016736108685 33.2415402771893 78.873316146844 79.227520471109 98.7623410010111 75.2396172239067 21.3775583264319 48.3838816136118 90.8019823572151 57.4282160614449 83.2165848854662 21.0237960416286 95.6713123146118 54.0370243444252 47.2969343615419 78.2368199762746 96.1041102138717 38.4707681233427 32.310988842807 22.3606797749979 62.2012861603359 90.1387818865997 77.4919350642375 53.0377224247045 9.05538513813742 83.4505841801003 28.6530975637888 13.1529464379659 47.5394572960189 27.2029410174709 26.0192236625154 65.00769185258 52.1727898429823 99.724620831568 10.770329614269 46.2709412050371 107.912001186152 66.1891229734916 110.136279218067 25 95.9009906101079 93.9840411984928 31.2569992161756 24.3310501211929 21.0237960416286 34.2052627529741 20.0997512422418 81.4002456998749 72.4499827467198 97.1699542039616 46.0434577328854 46.8187996428785 97.0051545022222 31.0644491340181 83.868945385047 80.7774721070176 42.190046219458 61.8465843842649 23.0217288664427 36.7695526217005 74.9466476902069 77.1038261048049 71 85.0705589496155 71.5541752799933 104.623133197205 54.2033209314706 23.4093998214393 58.8302643203309 28.0178514522438 45.2769256906871 63.3245607959503 43.3243580448689 51.1566222497147 89.8109124772708 31.5753068076939 52.3927475897189 108.406641862941 73.7360156233031 28.1780056072107 64.2806347199528 66.1891229734916 63 86.1278120005379 100.895986045036 63.5609943282828 63.0079360080935 43.6004587131833 67.3572564761956 88.2326470191165 43.0464865000618 66.4906008395172 32.0624390837628 92.1791733527699 96.7729300992793 64.3816744112795 77.1038261048049 52.8393792544916 65.7647321898295 114.629839047257 21.3775583264319 69.065186599328 83.0240928887513 32.2024843762092 39.0128184062623 97.0051545022222 94.9210198006743 120.341181646185 71.1125867902441 89.3588272080604 38.5875627631495 59.2368128784795 106.470653233649 35.0142828000232 81.5414005275848 100.603180864225 63.8905313798532 84.2021377400835 125.2557383915 94.1912947145329 63.7808748764079 86.0523096726636 112.614386292338 88.9550448260243 6.08276253029822 110.136279218067 63 119.519872824564 78.0064099930256 26.4764045897475 88.3911760301898 95.6347217280419 65.7875368135941 56.0357029044876 95.2575456328789 74.2159012611179 101.71037311897 62.2896460095897 45.0998891351187 55.1543289325507 82.2192191643779 69.6347614342147 78.1024967590665 5.3851648071345 108.600184161906 53.7121960079831 70.1141925718324 89.4986033410578 97.4935895328508 27.6586333718787 25.9422435421457 3.60555127546399 58.1893461039046 78.2304288624318 82.8009661779378 68.425141578224 33.9558536926993 98.2700361249552 42.0475920832573 22.8035085019828 55.9732078766261 37.2155881318568 6.32455532033676 89.3588272080604 56.2227711874824 89.0505474435727 14.3178210632764 70.0285656000464 116.180893437777 25 86.1278120005379 119.519872824564 87.1435597161374 99.0454441153151 31.2409987036266 48.0936586256442 86.4522989862039 99.1261822123701 91.3016976841066 19.8494332412792 46.0108682813094 27.3130005674953 98.488578017961 58.821764679411 5.09901951359278 70.0927956355002 17.0293863659264 85 84.8999411071645 45.1774279923061 105.422957651548 70.6823881882892 39 60.00833275471 64.3816744112795 90.0499861188218 34.928498393146 14.2126704035519 49.6588360717405 79.1959594928933 99.040395798886 86.8158971617526 76.4852927038918 82.7647267862342 62.2012861603359 73.1641988953614 93.2630687893123 126.81088281374 52.4309069156733 8.24621125123532 90.448880590088 110.208892563168 72 95.9009906101079 100.895986045036 78.0064099930256 87.1435597161374 52.3450093132096 64.7610994347687 99.7446740432791 59.2114853723498 79.0063288604147 47.2016948848238 40.024992192379 9.21954445729289 65.8027355054484 84.8528137423857 45.6946386351835 51.0098029794274 41 39.319206502675 94.578010129205 34 46.0108682813094 78.0896920214186 26.8328157299975 14.3178210632764 74.2765104188397 73.4098086089318 100.404183179786 46.0434577328854 63.0713881248859 16.5529453572468 50.1597448159378 92.1791733527699 40.3608721412211 65.8027355054484 82.7647267862342 46.4865571966778 66.8505796534331 105.118980208143 94.578010129205 43.0464865000618 60.5309838016862 94.3663075467086 84.0119039184329 20.8806130178211 93.9840411984928 63.5609943282828 26.4764045897475 99.0454441153151 52.3450093132096 67.955868032128 84.4807670419723 42.0475920832573 42.190046219458 67.7200118133481 48.0416485978573 71.1125867902441 46.0434577328854 36.7967389859482 24.2074368738204 59.6657355607052 40.3112887414927 52.0384473250308 26.6270539113887 78.5493475466219 23.7697286480094 53.851648071345 59.0762219509677 67.4166151627327 14.3178210632764 8.06225774829855 32.4499614791759 31.0161248385416 59.9332962550868 51.6139516022558 41.5932686861708 34.5398320783411 69.462219947249 18.9736659610103 18.1107702762748 25.5538646783613 13 37.2021504754766 76.0591874792257 25 68.9492567037528 27.6586333718787 56.3560112144215 84.9588135510378 31.2569992161756 63.0079360080935 88.3911760301898 31.2409987036266 64.7610994347687 67.955868032128 38.8973006775534 28.6530975637888 9.4339811320566 59.0338885725818 80.7774721070176 91.0494371207203 84.504437753292 3 42.9534631898291 94.8103369891701 43.9317652729776 84.504437753292 43.2897216438267 78.390050389064 54.6260011349907 23.0867927612304 63.5688603012513 90.0888450364417 51.6139516022558 44.407206622349 46 64.8459713474939 97.3498844375277 69.0289794216893 36.4005494464026 15.8113883008419 64.8999229583518 23.259406699226 27.5136329843952 40.4474968323134 27.2029410174709 50.0899191454728 41.3037528561268 48.7647413609464 105.190303735658 34 22.0227155455452 94.5568612000208 24.3310501211929 43.6004587131833 95.6347217280419 48.0936586256442 99.7446740432791 84.4807670419723 38.8973006775534
Deviation Vector:
32.5424496911231 3.30434997020176 90.7478354459345 27.9359101416615 81.4370030586145 11.1182755596157 2.38522119062667 113.396878491652 10.9972295028361 58.7021495105432 5.50692885893941 53.4774632041323 26.1860940304662 7.0835395878366 13.7313432666789 93.7736611672771 45.682326009245 79.1278987090984 11.0511144372197 70.7226981271682 93.3117266672672 68.3065824272533 14.0958041767376 54.5762563374615 25.3239128888137 28.1242609128979 65.558204830746 8.85974944282748 29.5333041012138 94.0241744698272 49.1108228074725 31.7532750194475 135.546990112152 51.5744119371077 33.6270346576022 57.2329250016016 63.1326124926419 29.6986885672468 41.308093416343 18.6206564672575 54.3799624776654 41.7104928446052 57.108913079335 35.1422933422001 22.2179057601766 5.85342731307887 78.8905669540383 21.5554881787539 6.25112572698786 14.0222791644315 63.3169137287036 106.766212723136 39.2245353425037 123.554062362412 41.4815533463881 7.10727983063349 54.8847574967252 10.0232360870686 25.7491981166732 31.5929088541841 23.9458488297154 2.24565404271534 69.4018211844757 16.4217386272928 97.9855081243966 63.163720318059 32.7243009500816 17.3902433818212 43.3935668958888 2.38279221554888 33.4278088787378 52.6961440664109 23.627894973754 41.469649340929 34.4145439232912 11.3201041064588 86.7068586971031 15.3188270693852 7.15335308635722 78.5635266738104 50.6158510586405 14.364098521241 35.528790977163 52.0118030530395 27.6421072947949 96.0745008772926 43.4310074820441 12.2045273047818 9.29485245768664 74.5773280926567 2.58177780942096 40.9915573476165 142.333477784943 80.1676870096183 45.2896055047511 79.6234252897792 18.9064310324669 34.8430177940802 143.57538195522 31.8170110692629 33.4391247143439 39.5808910861445 25.7645213967088 82.3240483146425 2.35282801809569 44.1699584903573 152.771980780956 57.2904037298827 92.2083728735188 19.8874939280889 3.35375406899747 61.3319766438617 7.21409136027617 28.0900857280853 10.5140939260864 50.9561239692032 6.82743295099815 117.155951511934 43.0220746613509 20.793576419415 102.475250066951 74.1384574928307 54.1975402753288 41.8924471087321 44.57237962584 9.99146900793933 9.21883191503296 117.786012474742 87.9802210868354 8.73092807252067 71.1360408818711 90.2679889118558 75.4094656708949 50.6536429634915 92.8341462706971 42.5937605876227 31.7075653582542 100.050228336851 15.219628143036 8.41812898295354 5.22947540349913 2.05633773210026 98.3213571358908 69.2472630853499 27.3445182718145 130.535863574933 29.0131391767037 34.7920678062398 49.9192398686899 68.4585751673496 120.773906984222 8.13181611653736 15.7526076474327 35.5242637088214 84.0265818250999 97.8255353700195 110.000250449747 0.119465153685134 53.6923161813396 39.2760579338408 10.2534238930798 19.0137870704861 88.5897019732757 43.21468569425 23.5624870595862 35.5604388823995 77.2680924260704 28.3237758276438 8.10238963167198 101.214956558691 66.7684254190439 15.2831384913605 2.60349269485237 30.3713913675536 57.8607234009757 94.74432086827 43.9835543450595 10.6656267397517 39.7989938067731 3.77249111121451 94.6366862163744 59.6601938356902 29.279084667086 23.6516551308262 5.75449703206917 12.9323908376093 9.41268391835332 3.45294108998453 17.7855145277894 78.2453861004027 36.0732969201659 3.94152691585083 86.7686240460554 15.7821084261647 25.8729434378692 17.9461301158287 39.4484410245492 24.3276056592644 49.5182651040672 76.5691614135415 35.7824515212514 16.6248945176899 86.0952748457746 44.1699777346339 71.0182568167957 61.2836107931879 41.2430556214582 1.09186517566888 37.3589284224671 108.559881965223 11.6070503389553 14.9853497295373 13.1305519534086 51.1908039843344 35.1697884492163 25.621919581648 49.4554143846979 11.0028507764316 23.661847256977 131.587795517103 37.5229500773289 115.531692764938 34.9822066337386 42.127571600527 96.9352035501945 51.7726621610156 19.4242300203504 14.0543595895611 7.0035963721375 34.4540605042102 84.5771137889295 76.9221867568592 52.0764728214824 71.7050837947752 4.00216808363867 46.9297861960177 48.7634280532485 19.4451647197762 56.5069100091467 9.95100270591198 24.9250171644839 55.5258120466625 70.8144595651961 5.16196605311279 6.27747255504449 26.7446027707051 19.805363214981 61.9188673069809 93.1484425146794 44.2128769464842 113.63657321342 21.1574834010428 9.82804577305257 91.0817234860013 46.3456164595924 24.5039960437314 25.5502910417404 82.6728579082488 81.6025124155914 27.6901509931649 12.6866149539008 42.4706792607866 58.5317724251359 26.3382580676448 42.1878829044778 16.003667125564 70.1750607694005 86.6497957930747 13.7553676540392 32.0287769492085 62.3810025497251 7.69654728078269 61.45908113388 67.0581150667786 5.91436503319177 115.564515364589 65.9523167871687 12.0213967094182 62.2739551735291 110.698375508028 54.7200912988628 12.6164641110985 3.27083296341373 93.6818915360903 1.26861201889311 37.5318228437093 4.89352805657121 4.58690961150541 92.8104234891311 22.4787821043909 19.6937785039433 9.28472878472829 0.883307326555238 20.8285704406602 24.0522815570091 68.7152856922701 14.567956884443 2.1075676699859 22.2855084341886 27.817108335926 9.74071881482194 33.8279805464906 36.1463462828927 9.28986191953208 151.467317667475 44.143357873961 0.940199562088535 3.43378458170762 28.1225345407599 40.2794548155734 34.5450125507237 18.3469931816802 65.0538635934681 41.6537605703904 13.4319499956593 70.6148353923774 24.6392220142225 19.0096463010082 1.4708255007347 61.8888646394073 22.3211944898804 38.6496761393979 47.7619477188541 72.2388346569934 44.5566096857264 8.85004665090227 72.7958763433459 36.0956336706221 20.84023680228 16.4698456114718 1.73629587568433 38.1715987779323 60.5260171029025 9.41210132965857 37.5523180785599 4.36697100526034 20.5099093767042 63.1390447065618 50.0549959695634 2.08010761726528 26.1216659295135 72.2204801057716 40.8071944965637 3.86961829347077 32.6813756239131 51.9923883101548 87.9443614601608 22.9360660913103 91.6045802495904 63.7556684245496 37.5110886975633 59.8465902841684 48.8792818323841 121.548130209464 111.345340970378 3.7195746696918 71.2930993455923 21.8782681262796 1.97079430872114 15.9368564993717 99.2960672820509 1.27783743017506 87.9783543675109 97.3475643725436 21.8863041251658 48.9250350209455 51.5819282578022 57.9073434316639 83.7135510777472 88.3906648923802 17.8159307008436 8.86259728382443 16.971291843632 46.972167129837 26.9241050537157 36.7218495361855 40.912406280179 7.05487975193649 62.6504293088457 24.1122693270926 101.812195882086 64.4950568793882 22.6929326573091 22.1351315378795 4.46892348486898 123.724245178788 74.0470728261618 23.9149720327772 69.0869084486616 70.0626242274168 48.5768280697351 52.40989135577 4.16845402858596 5.27014474397545 11.1748892379485 128.983156595863 10.9888933617128 36.0487154038842 35.0579056931467 24.4138493246536 39.3004167283823 97.047288118577 34.8077071014344 9.51485070667906 54.9185120343604 60.4341021864716 59.162517873513 51.4958244609041 39.3201260997392 3.78625130823072 2.30432672829546 53.872603848232 43.6209243863307 14.2433155480731 109.454927787258 49.8722132098083 8.74955418845659 17.3037318689484 15.3322977452619 47.2137192201241 39.7933657026092 16.2911256868138 74.0333295104804 8.5060315754306 21.671145894755 5.84758380087382 16.7380974619941 27.9949013558048 79.5177856150118 93.3504747236848 4.81714073869251 10.8579944583269 78.2776401154554 27.6242179763909 39.1203818704881 39.5488338868762 28.1461300596076 1.33743280270235 10.4919825631445 0.546968119683619 9.1627147181829 30.8632809675357 83.4388657323876 3.84140716839677 23.4248547593003 29.4146562183492 46.3155451933648 33.4409386622983 1.00563373656369 25.7511357457254 2.96477225129848 100.604673989824 31.4553689650544 138.255336641662 20.1134525894525 2.34359291909572 0.42849356622946 35.1880939570307 107.60504023078 21.7591754107313 13.690186118873 48.4301332062355 77.6495653011914 26.0389599286101 49.9297825301541 22.1829755375162 61.2171974313991 50.7851130072435 23.1367816521603 95.6616642197111 123.345840889973 19.0501612369045 37.1557923319751 48.4348247160812 139.31214758889 32.718400377719 3.71359846861364 34.7642801069254 87.5450482472122 9.33959142422881 15.321122028742 53.8926958405815 81.1507275868034 26.9529871742289 78.5880425265129 15.4356647155307 36.1346500315003 93.2302556682552 93.8596855049053 6.74700288633581 28.9476720526147 76.9230781067249 124.422228920489 21.8533392243397 15.7510197594208 65.7947463173818 34.8050615440125 70.4119473037004 10.0367751254244 102.411566957148 14.7563868410004 27.4575063902502 9.45086695856235 25.6455747803347 17.3836003713559 115.833585121233 63.8825004706578 8.05736353298499 24.9801352422958 26.3257723731327 6.82118080290091 59.5081428693204 14.744684788495 3.44068045794677 125.819878472225 7.05864367394707 54.7207813265004 2.70749722741153 94.1827126515064 176.974837494691 7.85411140763325 43.4572090864476 171.163600705432 1.62843482110076 74.5703410024939 7.233422928077 24.9938232514168 68.3190458061809 57.6592790343602 74.2583933876884 23.1270446621385 8.50750646282497 28.693314070585 96.8984217921788 47.1956806965071 49.023030742632 74.1226013241513 62.6181855288806 81.6817208599149 120.396146758449 44.200255657375 98.7616548844118 13.9134503461046 55.8890743963801 22.9883218665992 48.7695176971449 140.840127848465 60.7082843717709 77.9716061613872 41.2233625305129 36.1944578229374 109.317716802719 0.363377447404246 48.374410057397 132.229310188766 47.8419080961312 56.5682332117554 93.2008918270233 62.4028995805877 18.0484639913029 23.2750101017074 27.4432922568822 30.7252142524037 22.2699932806981 125.947164740352 43.6666955892518 4.13069412427963 63.6064091891487 85.930776636999 46.3167251784157 9.71201204052929 6.33119671706505 56.78169364643 44.888604775947 73.2014949557862 40.7501894165011 67.1017401671324 31.9968917077611 43.2924824067188 9.17893938486968 15.8328078660994 0.910969195892882 5.38188901997548 20.7644950321406 47.1362393401148 3.62123834828976 58.3108975510444 67.1145905643196 24.8189884455963 15.2535845075356 12.5103778143777 11.9840325570401 36.7150093914205 20.5110858031812 16.2615538370752 28.508023807293 4.57673964169793 19.3261378585166 45.3089099262839 20.582382385414 10.0709543174658 73.3395270079032 97.9835280867325 0.197980595317486 21.8019333344626 40.2692178577775 103.612907921142 12.8438632526073 3.35953095643779 46.7785300042851 55.2171910290918 24.4355328968933 35.4655644965948 45.0167519982494 20.752816250763 83.3680498442434 20.4315424033086 8.02640389326327 59.7484379043609 24.6874816833478 96.1587496293956 2.78380054192662 36.7551509677702 14.6933135941541 70.5450809588947 8.1130719969004 73.5777702129299 50.5879833843124 52.4167853662677 18.5780167351779 12.8509179001277 102.584257465151 103.744357503744 86.3037902369989 82.0524101401429 23.5345203207035 60.553838206203 74.7414757918315 14.9265029890348 24.6230505303967 13.599525915502 46.2438541121088 52.2674768206815 45.9760816365897 27.6171401123071 24.3292630658721 21.6217184862998 4.61958446782489 101.09184212393 43.2131320855287 2.25184413424974 32.6882850867487 37.5926642341655 3.79207646364498 58.6735899021779 104.751208606207 39.7110811566743 119.87936023275 34.7650915802106 27.806461275726 7.52325035722584 50.1856681318604 16.1052455013829 5.84323458024631 24.2220830462426 24.9170501966525 28.189394778397 43.6119865825335 100.230548130769 19.9905346712716 13.7827966629917 10.9489503781459 12.9669250884757 59.2110005226731 63.1918694674827 52.1061532986025 3.45801160512925 35.0365161406412 127.822616772286 47.6282243846467 100.751404115552 3.57779613950872 36.5674148989148 34.3338717450097 5.41040535102763 21.1536776008122 22.8688111220674 23.9094817360328 17.6832488663288 92.5775243270289 19.6993532719842 19.8086231553257 18.6706017882869 85.2352598457776 38.5975803699271 28.3370024079241 107.863819343318 40.0906618612309 17.1604933802697 110.183657769847 30.0160151482036 21.0943701724802 80.3950539787942 68.8423001872355 33.7908689218597 79.5430067378255 47.5666699644404 16.526015660787 10.2849182154913 32.7463016426294 135.221174209007 54.1358737765743 28.9741629066734 59.5058614883502 44.7136207301388 102.017072171558 0.894699276351531 12.5989644760314 15.3158908923182 13.7433941420066 89.6672059416667 33.3268086487258 89.0002535556529 60.8917943663992 76.8631387733264 33.8573010586093 45.989791590962 121.005310322773 54.5784462208613 91.3356052812438 73.028243533104 72.0003535024542 33.0423673998877 62.728595673015 94.1305973873696 43.032370749507 72.0314445382503 5.6953431471762 141.869853501937 44.8588704843856 62.0657488620485 105.383083211783 33.3471933289376 136.664554157945 39.0010334438173 11.6298993449973 58.4024774725713 91.7599801752019 61.8168846416372 58.2709981857349 110.466299719797 34.2632308522164 114.32056406124 23.6893799519194 29.9580144088689 48.9751239451017 31.0269980418581 73.4037447651932 52.1472419997241 39.4896345181787 97.2612833413573 7.84605391316398 94.5869432192036 109.244626865403 62.6396750120345 4.75900796244248 27.8073182030411 24.2902743863721 37.7222465522277 48.3612707389197 28.6674458057186 60.3742618117615 49.151799744907 45.6947712031976 30.1296532137857 59.8673117504405 15.2486190137726 12.9435789871433 89.583768844098 1.13297104688208 89.186514373878 22.9339453349206 54.0609657426003 121.342858385512 53.0475789553254 106.268930803122 104.160504336071 8.75915162797237 68.805796050332 35.7344410203762 3.84670347787415 31.3468549553956 37.9325870433449 1.61640149916397 41.3711175484369 0.698084238883596 52.5393509062661 62.9424939472607 33.6507010994243 44.3497148942172 39.232294430121 63.537443386726 61.4759498825005 27.976014719875 91.9004919596576 18.5452431974115 75.668058956102 0.22042954079652 75.0350247613655 4.38409299056594 1.03139909594428 27.7079737352966 77.9294572476081 46.2764395397803 26.0602734792409 41.1568228314854 43.1331237359193 42.3266429973268 27.925228861744 2.60197578885464 9.24778176441255 1.87370588375849 56.9362000602291 37.7447181291835 6.1821077948526 32.1400250568402 77.4355708526323 71.5570214234134 34.6222883072373 28.4486653949559 54.2191163559179 2.76880218574155 6.12741508088842 7.1514613209679 11.0497837961662 51.7028536026774 49.7169557729744 53.363573052182 110.800062933161 14.3541692741437 164.536035835826 78.8921619537473 44.4211283734345 73.4503301801329 32.7370110200788 108.766234674524 63.2799820650283 5.49889482054305 166.57267190074 31.8678748427897 69.8392037719928 32.1365982904476 62.8459996561457 2.45850127399443 43.7135747050956 43.7656487426626 106.931085017157 98.2528172989147 102.726537140809 23.8309542328262 154.110451222523 18.8974224892975 18.9854426802122 2.17473535154701 20.4924479494388 3.04936538482147 104.810518750325 75.5592604467448 146.853200330707 8.9279914161489 102.207818507622 182.701519512742 7.2066163054014 77.3799722318584 149.872597825535 2.54914363764032 75.7495190122615 40.5758002177111 0.769463962877199 34.2746154664421 53.0497158685765 67.5694412279727 73.9523372773512 27.4427657415649 51.7864697132492 27.1374790995737 45.0816361128559 20.8483419158477 17.6168585197292 24.1641876603121 33.0688163133517 29.1166901565068 71.8179134538649 8.63422182683098 41.0821515134918 79.8511992021204 57.7489687824977 4.50668274389439 42.0962287222703 83.9902180290925 30.2333046220324 38.21160562706 63.9886037833105 78.236345845485 28.9744403223246 39.1747619185173 14.3806615242258 37.5624294372821 51.517736835436 20.4280073851528 38.128576740228 13.5594943594591 55.1570900974962 87.7467270316596 52.277589240435 57.1173722482568 57.6130221998678 99.6581030352077 3.548431833052 88.1055018217722 12.501054076332 74.7203350995369 12.9934290618003 90.9666820389793 71.2404584149329 96.9558550499986 133.789097674209 14.9540684518723 65.6546051863437 16.4957964021816 35.2034625023886 23.7090132975262 7.16330126005024 4.72617265791856 38.7841060656062 77.6541199765996 94.4761954526011 12.3417707564582 71.1761086688992 56.5226420052707 30.1599213032589 56.3674172616751 82.4118864650765 26.8046647554813 32.5030996280856 27.5604357632521 97.5198854781246 24.2393148490255 23.2693900978636 92.370831711674 11.1601754511336 38.2264018340917 86.877144315266 47.3782144055897 48.9530987383432 22.3876112076896 17.6945003004722 10.6696367901704 113.081521275194 88.5018028796726 104.459181586809 145.696322317646 130.304874028735 7.73179979859794 20.7053035759356 90.9676900091336 66.5296338448426 81.4395718191585 4.23975549053932 9.94491274974744 65.4298987166872 22.3547478072527 27.1005776752879 76.3549806880937 70.2836740233903 16.3566889958343 10.0612320656062 15.6484111179872 27.4150032312092 36.1878216745667 7.26551057806569 29.4528903087014 69.5818478701166 30.1532011978512 33.318994272966 85.2608077641017 13.0959855136355 121.973196629506 51.9060148227787 71.7617499270195 32.4637771581585 84.318680837545 37.8772176829233 35.4622818021519 80.0730816555092 25.5624826897188 26.8097390004821 61.5540426095751 5.01434678730377 16.6593051411894 48.9805358149531 126.253249233434 93.0142151270017 15.460873711809 105.071796826332 38.0436022288813 39.0904582870306 130.064046501196 63.7140681605746 3.38355401140985 21.006876943965 102.116594979772 10.5639394901809 43.4087982166304 34.5398784609663 63.3243192439977 75.1652400983456 111.875964824125 33.466062997633 29.2733405934934 85.6657285258372 1.46873838834397 45.7265525164336 33.7398213027197 37.0607123089668 12.2249893062435 39.4103763666987 38.044869793561 59.1514466021682 79.667546517828 19.7535048809361 15.8089718477495 69.6857057536514 6.85775584488668 25.1004313820296 56.1786816553424 23.9465800134851 1.87179593972453 51.6334615715233 8.81380280701049 8.63884515657273 111.170057823541 14.179195975645 41.9129250451385 118.357912262354 91.8021855943983 30.1458220974436 60.7361746061709 78.0532183890175 3.4080568279692 39.5105950467708 67.5641749279297 23.3400599189755 70.3067953158929 63.322889591782 42.2457293437293 3.87954762605188 32.1229293039507 67.940239783435 89.8353347996256 107.358629892301 106.62698893448 17.3662698450578 43.2779040294632 132.905564820144 21.1272388298945 39.0109058062599 17.0592771082037 42.180369520611 87.1450584143811 39.5242342406266 54.9687775084969 140.298452539679 57.9715849318827 20.791911899069 38.0267110705492 81.8113147609309 135.659071573611 47.6457813221894 53.4345455081223 123.391069201094 34.2739685997897 8.44022008451613 11.4986778429378 28.9050010433119 12.9758787639196 79.0240343655029 60.5103277808226 2.54679583626916 14.0983858600207 23.9954392541813 117.653890609782 3.82046147442467 20.5720182627127 43.741118275902 7.13083674457469 73.6233744162987 80.0125734931518 27.0712408323387 19.0985521984259 29.6097524274481 9.79391516578385 2.59073211012671 45.3046731367226 73.6233758292644 79.4839412216315 15.9061729499697 52.455458409026 57.6544213093001 25.2570205481475 43.2597028815934 59.7514678762617 7.65248860994075 63.1957699411416 43.8087877934637 25.9181801178756 78.4150327793129 55.3398372800434 88.1261587956729 145.483494438266 90.8921099917215 14.5235649359137 36.3882884390788 5.82931737073809 39.3251534134402 78.6924168671275 30.7400471580464 55.2344321160531 38.5686348898629 122.264554251248 49.0964790992503 71.5298539162753 128.97797709609 101.714659375744 25.9231978155655 44.6404416571069 33.4468453840413 19.9400085589126 25.111796582034 106.887925951249 136.995319180809 53.6855108826839 7.23098003931724 31.549505714494 19.2408052227977 24.0208751675141 24.7051815253147 35.7936541665609 3.5013155278019 99.8608620160543 10.5585755953888 30.3768165872085 9.52003148977261 42.3293209456588 0.600380428742628 23.3724210933654 82.8234753268843 12.9004584965235 9.03149876247911 11.2180731030633 110.544300848728 36.1582396920291 1.16361768536786 55.3595506652316 25.4513091813229 38.4555646144151 45.4774631876042 26.7554191111303 32.5272007016298 0.566148803101391 9.48115916794728 22.9151039933399 8.1517406903944 26.9696650583997 2.28795876394365 13.20624122757 129.177522504243 16.0741429812685 42.4969543202122 128.776005102067 13.8257488410159 72.5859235847823 117.687081946303 25.8831709291802 109.602061016131 95.6157200718947 23.7714695717758 23.8752437935034 10.2431532183632 51.7432855876509 91.4476073241457 13.7192043043818 84.6142363511036 81.1173714039684 37.9308503898355 58.8279458701363 14.4536399947783 40.4313778483766 68.0882992060438 24.7055468604869 73.6145303592762 59.5330295325916 46.5272701701709 38.3099284389222 33.3199468495738 26.6237271590633 20.8466207677621 7.59275808606118 74.2506987836478 43.0133778245249 22.8167297713981 17.0783681990947 9.50041265590392 12.3752357323677 19.6846622304836 12.55178191607 26.4814551825396 16.3882486521902 93.547268654114 9.07747187565882 42.9815729529111 11.9454385529595 21.0953353193758 143.795737274522 8.69763270393003 21.7162788252901 143.568652042338 19.3229828284827 96.9609055780026 63.8810323946242 11.512269661755 10.5588430925244 14.7664255788685 60.4697780242659 40.6443842120741 41.9133407686619 51.0752466370547 19.8496143566375 53.5031489724266 3.14540806447543 53.2227869732808 0.796812274259811 56.8311388983068 74.2146946373352 11.3221795583119 11.3006153142775 7.40227757415264 6.78339739075645 60.5326371521058 57.4550568488562 14.1661330572746 4.4794176334885 26.385386297313 54.3781160010237 46.564792166076 31.1761713862915 55.268866767966 59.7050283375918 15.2557373009783 27.6512835604617 10.1739849328404 87.445978525554 73.7424535444117 10.7384712954231 96.2170607845871 21.6347059582893 21.4143940881449 46.3269967471632 38.5005352467847 6.65130312446494 0.324865982865974 5.99333803452026 12.7893716871685 57.9282297352225 39.9720535264883 16.9571554213258 6.59415890530852 3.20347025345731 36.1373419168913 78.3018507015226 1.45462266990634 60.1979866909332 38.5246356306699 19.573772152736 19.361951186157 46.659817163709 50.5993232583125 47.4902217102665 82.5533583225724 0.614230539007082 24.9865942355084 1.01335334144348 99.6276747018785 3.22527192023914 22.5143267315959 45.2241847623115 21.4976922473806 108.768862064753 17.5315305674424 43.0448901260026 2.08231461732252 21.5791230388538 8.9939688073777 4.63633900490314 32.9368011707728 59.7781874915192 44.2711485326062 4.83245520644896 119.381617459622 37.6079539278625 70.3488132609978 126.040773296714 20.2858653142494 76.8147906015822 70.9929423136384 38.3251130610957 95.4296300563948 5.2721437658701 11.5947563842598 22.5603588512369 7.00766649044456 88.029804437608 84.7167942675499 124.25818519327 175.042305971697 22.2030262984355 53.3321252058072 33.9326502142891 22.0463782205089 110.780294810511 25.5385799034989 3.47146636042762 23.6626190755635 9.2807629041146 44.2871175614734 17.1850476671317 163.03062377598 44.5219621549729 12.0104661995874 7.35183918526624 65.0212560810329 30.8581065571779 123.429794729039 9.29688450075139 8.48935803277146 62.5784105838718 53.9741185861417 41.4963979984061 42.1670377630906 17.8353382006479 68.2181610210567 48.8720619728028 28.4820251448229 26.0121015256743 50.657716952568 36.0622141374301 7.74115477094723 18.7320483919222 106.834368217612 3.45962605290753 5.87437226376747 121.465627837369 32.4991659917695 13.5656528165002 52.8863090661704 51.1308912086923 23.1162330427058 134.270337504736 120.55771308433 97.3344770486138 48.6815557726193 37.6861837627396 145.909291502141 49.769752126911 74.3981963589447 121.301449883809 107.296009008118 17.3236590147914 30.4290137744312 35.928637758811 66.2003056496397 42.9848182201716 109.071029227237 81.0051385281993 42.2623242038523 49.9973460338533 102.47658645824 35.8291514832852 33.5292180023745 26.7444281771596 74.0347065055758 45.2930045522396 104.578070263392 34.0920421831899 84.8824671194823 96.7949294854438 53.0774578456181 104.062050547033 18.3334416433748 149.82568125997 37.8939041638743 12.4124841694763 45.9198953326867 13.2563826147389 159.253566584532 110.083933318712 120.347653672585 45.3823579840027 47.7526887229709 61.5150397322391 0.0353170159756291 12.2678516796487 7.53167110935305 58.8694979288145 62.6634446137055 3.90353980673337 3.75424693770568 20.187682662844 49.1318340117387 34.9567883265422 75.960596112018 9.70367589175084 71.168676068111 48.6068871192882 68.68240679696 21.6887278985397 31.1498475954777 19.1845712853134 7.83020496420814 15.6565272665926 7.25308285040392 28.6674492252823 35.7531250579251 37.6137570224766 29.6937597324439 12.7130013129162 2.94525371019042 27.4576891355406 88.0327514865726 3.16843461352317 45.5963958431426 72.8927773435354 24.0904088016181 56.2026617011316 57.617985833287 4.95151744484687 98.5194350152479 66.5062806090764 52.2908274130753 54.8506263531826 5.84587261293086 35.3778290018745 62.6118536359219 165.33450424277 43.1415973300185 16.4211156941397 31.9565882423637 38.9733624878403 97.7332025406417 64.9704176614023 1.1655841624883 94.0616710118444 8.76310953269604 68.9571115637222 32.3955514985238 76.0151403162635 123.901453473667 50.8447183452844 44.8544314445245 56.0568649542815 46.5373295579083 9.33306892800196 27.7166488058068 12.5915963551233 59.8739015059233 14.0298731392657 124.040401203349 90.6295787607671 110.301738625474 49.3961888053637 41.4327788138905 123.590239544906 123.062799691815 170.218489215623 89.8589272577273 9.67837996808495 29.709179754047 39.2927743047936 153.38422542342 129.708008438706 127.871112869692 1.2432076475232 6.46815661886306 12.9797737397477 55.3828906690011 119.093939883235 4.19077214420994 11.9580018755696 12.7865378889934 77.4289766098125 115.669348561828 57.0391101064321 35.0987614013161 11.5131310133103 27.0410449078913 32.9714425790456 31.4813281536152 15.603994835607 149.330249036996 6.01538316789923 25.9093848172462 38.4979323706683 6.62353610494111 3.9765280108665 3.1258163395793 19.1457940451227 13.4781880229301 31.2480221253978 35.8114645107632 8.31008567348532 30.8657463275522 28.2700484647864 5.01371075651338 8.77902966272033 26.0829370650096 27.3013472805218 3.823718460624 45.9743641217352 63.9964034385192 36.1161728453978 0.907873444841347 87.262476920346 13.190979641475 84.6804718658537 115.977573692088 22.0706623996516 5.8136642312356 134.741180085125 39.5720444701307 53.0773952486784 39.0816604159513 3.83631943356576 19.3406214418842 146.034944389085 36.0166610224398 52.4218134033316 39.6265060118489 32.0264870442911 95.2682718256234 18.3597895997311 71.8395389010199 55.1471196752547 50.9685300702331 60.8213171170427 9.45524420809222 75.0327238234962 23.8906018655315 12.9578789276619 16.2220599880843 102.068152856228 43.6310010248074 30.1303560576424 47.4052160864279 5.77575249463665 53.281941732479 3.96480264859949 3.16951570245813 72.3001719224311 72.0242383332389 65.7640714194751 102.434695584528 28.2668416346861 8.77749786704708 23.5545223294917 78.8036087647278 48.5129419132374 33.7551065954024 38.4469473000807 103.765145486723 0.371152325959166 17.1570035894036 25.7478726467195 48.0218203578414 19.6670824515049 82.0532581658575 70.1884773527464 24.0712300037291 90.5662528295337 25.6565508092192 68.9215497611129 130.115757491004 95.2910161685324 76.0266073712677 20.6689051110714 5.94290857215207 96.1667856289328 11.5266855457116 11.8620080726533 60.1973638230879 10.8921175577386 2.35585878856066 48.0468434708492 13.0569792146788 26.1540873427137 47.6131440196071 129.414216276671 26.2237000771225 84.3494384910172 134.868514738349 11.2516942253824 115.209858493471 141.367931468069 37.430174078254 55.3956020003454 86.7075284577778 20.7754239304508 89.0202545639437 99.937080108551 8.60341993224545 75.0547150582846 45.0611888227705 92.5963789093227 4.68908211537028 172.612901153121 15.7541160555808 18.1640729384086 61.3971662292229 65.7912276213793 50.3310655979627 48.0464430126947 82.5485204456524 89.075814903472 33.1742481811407 89.5151531206581 28.8073246201723 51.0293065081288 101.108887444723 28.0169922119626 72.9489860316976 16.3012332280601 76.0263658438005 38.0342933045359 28.0427601441786 110.152902190541 132.932330959649 50.1459868473113 52.5023384027686 27.6795120226657 57.5959382149255 6.92935355732494 35.044554224072 71.2579853905914 13.740426015955 102.069678696009 34.4672068465304 1.4446904873529 22.1852831021978 8.14015328629492 20.9616744528883 98.7847287091253 6.17026385895762 22.5251283115004 10.9592799294954 21.0146749698852 152.761047750064 48.8970694402052 166.17818431003 22.5692920811038 117.633008593584 71.3443963112535 1.61900878323912 9.60894973281935 30.7571407015019 22.0523142261208 3.54804367711105 99.2947962501291 23.3174882202577 17.0127831756827 38.2784091520692 58.4206448017121 24.4411305679356 39.8739783437405 80.9328254636806 11.5501805707155 37.142361190973 33.493623159088 5.8204785086502 49.5296657623396 63.014974592893 81.6103923888072 88.0590966212364 81.5880859866042 91.8985525018618 66.0660524256791 76.6017280354631 25.1319408520104 80.6100972743544 36.3034386028437 15.8473492564007 61.4550978923686 18.5641194757501 20.5550414650258 122.62813214869 8.37105281803125 54.8296062886498 167.15493806722 109.494149851899 38.5574849532463 5.82783685639092 45.6676048152216 62.3581227640829 29.5090621914846 35.0310377739197 20.8770819824546 30.5970998037679 53.5220879689261 58.6019741308128 65.1538550102809 40.8184709772091 5.61642205808736 5.46776601875134 51.8199058658227 100.985758143082 93.666081521731 92.0335922824236 43.8787162462839 59.3259677637459 107.465606068799 10.6844318549152 86.4767517618001 23.3823765915107 29.8931846039556 1.07534263974706 2.00718297795245 113.278939751526 129.255479105731 111.121719668457 94.0058854073481 31.490674976664 1.59545837581592 12.3096265499179 6.28679416089133 30.1338688604 46.5606335531544 32.4568287203324 72.006306546264 8.01975393295202 129.797874510472 101.640729365524 87.1080578032012 164.697809941245 12.2563974458762 9.5769062491963 96.8847971862429 100.336205234441 136.458237213144 6.53322403802524 22.991753425426 40.030208713371 55.8075501805442 32.5085362048384 41.1587421108621 144.013900113577 38.7190388771431 76.8117509207765 67.2039031601275 71.9696512888468 38.1376695456624 41.4839136968661 54.6995867831769 56.1092615826261 3.33970538446382 104.806855490099 58.4366388879969 75.9324398022548 131.838384706324 30.8833324028198 31.7247148069308 31.7729202962943 1.02404846976801 31.0109975130542 82.9949742752469 34.925602374815 32.9139065611609 10.6702684295742 38.138055781918 68.2323400234546 9.07561028986347 70.3292718478639 16.7198750931769 6.20780959823308 11.1054877916783 66.5553919247455 77.2097163758077 9.2491380516229 21.8933916890088 37.1291503629851 15.3856388876548 86.4815453872865 98.5002753929792 122.083494029948 9.52489897982307 45.1213980021731 35.5735294629504 102.370365945812 89.3065050529599 53.5396717140654 29.7919823392121 19.3982506520091 5.04783514709568 15.6176030154493 56.1473776812113 6.35194226505357 40.6800785171158 24.4466158756425 132.596413665126 82.2229657957638 64.6918108507135 34.9586796759685 42.310792236672 9.94012466135436 78.7996379680695 46.5404917798712 129.550861823279 19.3445133615693 19.4553261251108 6.20460093398672 69.1707272423295 35.4517006392311 98.019629848436 5.44573477070967 10.9707264016407 76.2101716959154 110.880381350591 81.3463893334509 99.292720668463 41.4252676427988 12.0281628667882 59.4747706994441 133.539455607136 1.23104004420494 78.2670944370947 54.4719746987815 98.5077540334127 121.695854389709 18.2732026714989 77.4820157536846 73.6736110007218 9.15977027030061 120.724230833982 63.1193551826036 16.3930691924994 11.2001952361268 28.5429239400889 18.8271609706931 6.5031672543567 8.99258847423521 14.2198156023519 39.9377084922715 50.5276688475809 50.1797974889918 50.0105949123186 52.069931015943 28.8385521322967 13.9754098155876 114.313151576511 16.9871914465013 14.039706577436 63.1396224877 56.0675256245507 22.371734460341 69.6419276292828 7.25742810199332 10.6981651030805 67.4394665746355 122.097032835459 28.5499225243618 39.7731573419151 61.7581059617924 72.7163231955735 21.3787304769504 18.0616929459623 111.20324240768 7.1518501918596 15.2877945425225 131.605971425981 14.4567548630443 24.0523295963784 11.9627517789823 65.0741239630782 98.0390648846229 134.886793808518 29.5914839651532 20.3836200547503 70.7715172696729 2.57027828267513 28.147364706758 58.7727618678915 7.1140214098707 3.40776503938749 32.164045839457 62.2752506288628 79.575956486518 16.4502575158076 14.4197768428459 22.0512706056554 25.1318690772524 47.1268981126194 102.652582215008 15.0937581982774 12.630176680932 12.7514477690303 41.9518325451629 67.0447448297292 24.6759213032953 19.0658695003265 30.8306589215271 49.0079039755174 25.9338193671514 18.3533125251046 8.23766805376742 15.3812613999309 36.595881505347 78.0463509291618 0.999162170515599 27.7464501512317 29.8610234988042 24.5588557707953 4.46336482186766 39.7889257999759 36.3274816586004 52.2927734328379 37.2228300131577 31.04547982965 82.1864148218376 53.4857246392688 40.3174475516404 0.469341960097704 32.2581580497775 105.285600180826 100.513475127383 41.1257404094518 0.210043999236114 35.6590939769806 152.201465878705 24.0790414305472 108.889719513122 37.7309652652582 98.2724445399157 56.2131463480161 5.97112955783398 100.184461345285 52.7815330483125 64.122165438024 43.3316623059569 28.7890816632409 1.19410818744389 41.7691308302816 73.2832485771781 2.58262490447767 1.19655625971964 0.768328072303078 15.4106693919974 34.8639170086278 19.8687550202031 6.68157229063002 50.8840846361098 11.2332320256659 14.4036236422121 164.337694046435 53.5625591441397 30.8166849124732 39.9609940582638 0.463225615438452 26.2975164290359 38.4062756005961 27.2758080307885 26.4692605591944 107.559662297465 7.56272219452636
