Instancenumber:
28
Instancename:
A-n45-k6
Customers:
44
Depot:
0
Dimension:
1980
Vehicles:
44
Capacity:
100
Demands:
0 19 2 12 20 6 17 8 14 2 8 5 7 22 14 17 23 15 21 2 24 10 20 6 21 10 6 13 21 24 11 16 8 11 11 22 17 22 17 8 23 5 3 18 12
Uncertainty:budgeted
Gamma:
44
Mean Vector:
20.8806130178211 31.1448230047949 66.6033032213869 66.9103878332804 78.8923316932641 30.2324329156619 28.6006992921502 82.0731381147328 18.6815416922694 69.656299069072 60.4069532421558 49.7393204617835 43.8292140016223 19.6977156035922 35.6931365951495 67.446274915669 56.2227711874824 50.0099990001999 65 54.2033209314706 88.090862182181 45.6070170039655 9.05538513813742 41.7252920900501 36.4005494464026 24.3310501211929 43.081318457076 25 30.1496268633627 69.8569967862919 40.3608721412211 34.828149534536 93.3488082409197 54.1202365109392 25.298221281347 66.7083203206317 47.8016736108685 21.0237960416286 67.3572564761956 65.7875368135941 86.4522989862039 59.2114853723498 42.0475920832573 28.6530975637888 20.8806130178211 50.2195181179589 79.6492310069595 86.1452262171271 86.278618440492 12.0830459735946 40.7185461430047 94.339811320566 38.0131556174964 83.1865373723417 51 70.2139587261678 54.0832691319598 14.142135623731 56.5154846037792 85.842879728024 55.9016994374947 48.7544869729956 54.230987451825 64.6374504447692 98.0815986819138 64.2806347199528 29.4278779391243 25.0798724079689 56.4358042380899 24.0831891575846 34.2344855372474 37.6961536499415 29.4108823397055 58.5491246732178 34.4818792991333 46.9574275274956 105.118980208143 42.2965719651132 14.560219778561 87.5556965593901 33.2415402771893 34.2052627529741 88.2326470191165 56.0357029044876 99.1261822123701 79.0063288604147 42.190046219458 9.4339811320566 31.1448230047949 50.2195181179589 73.0068489937759 56.4003546088143 92.9623579735368 60.9590026165127 46.1735855224608 88.102213366067 28.1602556806574 74.6860093993514 89.8943824718764 22.0907220343745 59.1354377678901 41.7851648315524 21.2602916254693 60.1414998150196 80.6039701255465 75.690157880665 94.8946784598589 67.0820393249937 97.4987179402888 41.8807831827438 26.8328157299975 72.8354309385206 8.06225774829855 53.2353266168247 73.0616178304313 43.4165866921848 58.1807528311554 99.8498873309329 51.1566222497147 50.0099990001999 99.2975326984513 84.5990543682375 47.4341649025257 44.7213595499958 78.873316146844 20.0997512422418 43.0464865000618 95.2575456328789 91.3016976841066 47.2016948848238 67.7200118133481 59.0338885725818 66.6033032213869 79.6492310069595 73.0068489937759 36.6742416417845 26 79.7119815335185 39.1152144312159 15.6204993518133 50.4479930225178 4 71.1969100453102 69.3541635375988 26.2488094968134 85.6037382361308 53.160135440008 30.0166620396073 46.5725240887801 49.3659801887899 76.6876782801514 17.0293863659264 24.738633753706 32.5576411921994 59.4138031100518 81.3941029804985 69.2603782836912 57.5847201955519 66.1211010192662 42.4381903478459 54.817880294663 80.5232885567896 106.962610289764 32.7566787083184 27.0185121722126 75.1065909225016 90.4433524367601 60.8769250208977 79.227520471109 81.4002456998749 66.4906008395172 74.2159012611179 19.8494332412792 40.024992192379 48.0416485978573 80.7774721070176 66.9103878332804 86.1452262171271 56.4003546088143 36.6742416417845 62.6498204307083 91.1975876873944 50.4479930225178 45.3982378512647 48.3735464897913 35.1140997321589 97.5294827218929 42.7200187265877 48.0208288141719 86.1220064791805 35.8468966578698 7.07106781186548 75.8023746329889 75.8023746329889 103.353761421634 45.9673797382448 57.8705451849211 22.0227155455452 57.8705451849211 97.6729235765982 49.5782210249622 71.1969100453102 86.9770084562581 51.7880295048962 71.5681493403316 107.912001186152 103.247275993122 46.8187996428785 54.0092584655631 98.2344135219425 91.98369420718 26.0192236625154 98.7623410010111 72.4499827467198 32.0624390837628 101.71037311897 46.0108682813094 9.21954445729289 71.1125867902441 91.0494371207203 78.8923316932641 86.278618440492 92.9623579735368 26 62.6498204307083 82.6196102629394 50.5371150739731 23.3238075793812 66.7308024828115 27.7848879788996 61 93.0483745156249 35.3411940941446 95.603347221737 75.1664818918645 55.9016994374947 37 42.9534631898291 65.4904573201318 25.9615099714943 16 56.1426753904728 73.824115301167 80.1311425102625 90.6697303403953 62.2253967444162 62.6099033699941 54.1202365109392 57.3846669416143 68.1175454637056 118.004237212059 44.7772263544762 27.1661554144122 68.0073525436772 99.3579387869938 86.6833317310773 75.2396172239067 97.1699542039616 92.1791733527699 62.2896460095897 27.3130005674953 65.8027355054484 46.0434577328854 84.504437753292 30.2324329156619 12.0830459735946 60.9590026165127 79.7119815335185 91.1975876873944 82.6196102629394 42.4264068711929 93.5200513259055 44.6430285710994 83.4865258589672 40.3112887414927 79.9249648107523 53.4883164812653 25.9615099714943 64.621977685614 90.0055553840984 49.2036584005702 42.0119030752 43 63.5609943282828 95.7183368012629 69.1809222257119 37.5765884561119 13 66.6108099335236 22.1359436211787 24.6981780704569 40.1123422402632 25.5538646783613 47.0956473572665 44.2831796509691 48.0520551069359 103.768974168583 31 25.0199920063936 95.5196314900764 21.3775583264319 46.0434577328854 96.7729300992793 45.0998891351187 98.488578017961 84.8528137423857 36.7967389859482 3 28.6006992921502 40.7185461430047 46.1735855224608 39.1152144312159 50.4479930225178 50.5371150739731 42.4264068711929 54.2033209314706 18.0277563773199 42.5440947723653 50.2493781056044 54.5893762558247 15.2643375224737 46.7546789102438 34.9857113690718 48.2597140480546 35.1140997321589 31.3847096529504 55.9732078766261 25.6124969497314 59.5482997238376 29.1547594742265 23.4093998214393 47.3814309619285 46.5725240887801 21.0237960416286 37.1214223865412 3.60555127546399 21.1896201004171 60.8769250208977 68.6221538571911 6.40312423743285 65.299310869258 48.8773976393997 51.4003891035856 61.2209114600559 48.3838816136118 46.8187996428785 64.3816744112795 55.1543289325507 58.821764679411 45.6946386351835 24.2074368738204 42.9534631898291 82.0731381147328 94.339811320566 88.102213366067 15.6204993518133 45.3982378512647 23.3238075793812 93.5200513259055 54.2033209314706 66.0681466366357 13.4164078649987 80.0062497558784 82.7647267862342 40.3112887414927 100.895986045036 67.7790528113222 38.3275357934736 55 59.3043000127309 85.0940655980192 29.9666481275434 12.6491106406735 46.8187996428785 75.0066663703967 93.962758580195 83.9344982709732 71.5541752799933 77.6659513557904 57.6281181368956 68.1542368455549 88.3628881374981 122.429571591181 47.8016736108685 11.4017542509914 85.375640553966 105.603030259553 71.175838597097 90.8019823572151 97.0051545022222 77.1038261048049 82.2192191643779 5.09901951359278 51.0098029794274 59.6657355607052 94.8103369891701 18.6815416922694 38.0131556174964 28.1602556806574 50.4479930225178 48.3735464897913 66.7308024828115 44.6430285710994 18.0277563773199 66.0681466366357 53.0754180388624 64.4049687524185 39.0512483795333 31.7804971641414 38.2753184180093 20.8086520466848 48.7647413609464 52.6307894677631 48.1040538832228 69.8140387028282 40.853396431631 73.5730929076656 26.9258240356725 9.8488578017961 53.665631459995 29.1547594742265 29.0688837074973 48.7954915950234 15.2970585407784 32.649655434629 74.8131004570724 57.6888204074238 22.3606797749979 77.4661216274573 60.8111831820431 43.9658958739612 51.0783711564885 57.4282160614449 31.0644491340181 52.8393792544916 69.6347614342147 70.0927956355002 41 40.3112887414927 43.9317652729776 69.656299069072 83.1865373723417 74.6860093993514 4 35.1140997321589 27.7848879788996 83.4865258589672 42.5440947723653 13.4164078649987 53.0754180388624 75.1332150250473 69.8713102782537 30.0832179129826 88.8144132446981 54.4242592967511 28.2311884269862 50.4479930225178 53.3385414123783 80.6039701255465 21.0237960416286 24.0831891575846 33.5261092284804 62.2414652783817 85.3287759199674 70.5761999543756 61.3514466007119 70.1141925718324 45.7930125674212 58.6941223633168 84.4037913840368 109.98636279103 36.2353418639869 24.6981780704569 79.1012010022604 93.7443331620637 60.0166643524946 83.2165848854662 83.868945385047 65.7647321898295 78.1024967590665 17.0293863659264 39.319206502675 52.0384473250308 84.504437753292 60.4069532421558 51 89.8943824718764 71.1969100453102 97.5294827218929 61 40.3112887414927 50.2493781056044 80.0062497558784 64.4049687524185 75.1332150250473 103.40696301507 49.6588360717405 65.0307619515564 84.3860177991591 93.5200513259055 25.0199920063936 22.1359436211787 5.8309518948453 54.817880294663 76.791926658992 78.2368199762746 63.0634601017102 29.732137494637 92.9623579735368 36.6742416417845 17.464249196573 50.9313263129874 31.9061122670876 10.6301458127346 84.5931439302264 51.6139516022558 87.3670418407308 10.295630140987 65.1229606206597 111.39569111954 21.0237960416286 80.7774721070176 114.629839047257 5.3851648071345 85 94.578010129205 26.6270539113887 43.2897216438267 49.7393204617835 70.2139587261678 22.0907220343745 69.3541635375988 42.7200187265877 93.0483745156249 79.9249648107523 54.5893762558247 82.7647267862342 39.0512483795333 69.8713102782537 103.40696301507 63.6003144646314 63.3245607959503 19.6977156035922 48.3011387029333 89.4706655837543 85.9592926913664 108.853112036358 68.7313611097583 93.9042065085478 37.0135110466435 42.8018691180654 90.8019823572151 14.3178210632764 67.8969807870718 87.783825389419 53 71.7007670809734 113.850779531806 73.0273921210391 56.0802995712398 93.1450481775601 99.7647232241938 69.1230786351418 24.1660919471891 95.6713123146118 42.190046219458 21.3775583264319 108.600184161906 84.8999411071645 34 78.5493475466219 78.390050389064 43.8292140016223 54.0832691319598 59.1354377678901 26.2488094968134 48.0208288141719 35.3411940941446 53.4883164812653 15.2643375224737 40.3112887414927 31.7804971641414 30.0832179129826 49.6588360717405 63.6003144646314 61.5223536610881 44.1474801092882 43.8634243989226 28.2842712474619 27.7848879788996 55.4616984954482 10.6301458127346 44.5533388198909 30.6104557300279 38.4837628097877 55.4436651025164 58.1377674149945 31.3847096529504 41.194659848092 18.8679622641132 28.6356421265527 59.9416382825828 83.6301381082203 9.48683298050514 51.0392006206994 51.4198405287298 65.8559033041078 64.8151216923952 54.0370243444252 61.8465843842649 69.065186599328 53.7121960079831 45.1774279923061 46.0108682813094 23.7697286480094 54.6260011349907 19.6977156035922 14.142135623731 41.7851648315524 85.6037382361308 86.1220064791805 95.603347221737 25.9615099714943 46.7546789102438 100.895986045036 38.2753184180093 88.8144132446981 65.0307619515564 63.3245607959503 61.5223536610881 53.0094331227943 86.9770084562581 68.0073525436772 61.0327780786685 68.3593446428504 72.1248916810278 106.075444849409 65.1459898996093 28.4604989415154 38.8973006775534 49.0407993409569 34.928498393146 48.0416485978573 43.2781700167648 40.853396431631 72.691127381545 22.4722050542442 53.1507290636732 112.044633963434 56.4358042380899 6 83.2946576918352 47.2969343615419 23.0217288664427 83.0240928887513 70.1141925718324 105.422957651548 78.0896920214186 53.851648071345 23.0867927612304 35.6931365951495 56.5154846037792 21.2602916254693 53.160135440008 35.8468966578698 75.1664818918645 64.621977685614 34.9857113690718 67.7790528113222 20.8086520466848 54.4242592967511 84.3860177991591 19.6977156035922 44.1474801092882 53.0094331227943 39.0512483795333 69.778220097678 66.3701740241805 89.9388681271896 50.0399840127872 77.884529914483 21.0237960416286 27.2029410174709 74.3034319530397 16.1554944214035 49.8196748283246 69.3541635375988 33.6005952328229 53.0377224247045 94.9210198006743 68.0073525436772 36.4005494464026 78.7908624143688 81.3941029804985 59.0084739677277 31.04834939252 78.2368199762746 36.7695526217005 32.2024843762092 89.4986033410578 70.6823881882892 26.8328157299975 59.0762219509677 63.5688603012513 67.446274915669 85.842879728024 60.1414998150196 30.0166620396073 7.07106781186548 55.9016994374947 90.0055553840984 48.2597140480546 38.3275357934736 48.7647413609464 28.2311884269862 93.5200513259055 48.3011387029333 43.8634243989226 86.9770084562581 39.0512483795333 71.0211236182588 71.5541752799933 99.3176721434811 40.6078810084939 50.8035431835222 21.8403296678416 58.5234995535981 95.6347217280419 53.8144961882948 69.2603782836912 83.9344982709732 50.0399840127872 69.0507060065283 103.754517973918 105.118980208143 43.9317652729776 47.0425339453563 94.8683298050514 92.7200086281273 33 96.1041102138717 74.9466476902069 39.0128184062623 97.4935895328508 39 14.3178210632764 67.4166151627327 90.0888450364417 56.2227711874824 55.9016994374947 80.6039701255465 46.5725240887801 75.8023746329889 37 49.2036584005702 35.1140997321589 55 52.6307894677631 50.4479930225178 25.0199920063936 89.4706655837543 28.2842712474619 68.0073525436772 69.778220097678 71.0211236182588 7.21110255092798 30.2654919008431 30.8706980808663 52.3927475897189 58.7962583843564 55.145262715849 44.2040722106007 81.6088230524127 33.2415402771893 26.4007575648882 37.3630833845388 27.2029410174709 33.9558536926993 90.0777441991084 33.6154726279432 62.6498204307083 31.04834939252 70.2637886823647 92.9569792968769 38.4707681233427 77.1038261048049 97.0051545022222 27.6586333718787 60.00833275471 74.2765104188397 14.3178210632764 51.6139516022558 50.0099990001999 48.7544869729956 75.690157880665 49.3659801887899 75.8023746329889 42.9534631898291 42.0119030752 31.3847096529504 59.3043000127309 48.1040538832228 53.3385414123783 22.1359436211787 85.9592926913664 27.7848879788996 61.0327780786685 66.3701740241805 71.5541752799933 7.21110255092798 27.8567765543682 32.7566787083184 57.8705451849211 57.3846669416143 49.6487663492256 37.4432904536981 77.2528316633119 26.4764045897475 19.723082923316 33.1058907144937 20.3960780543711 32.2024843762092 83.0060238777885 31.1448230047949 67.6830850360709 26.0768096208106 63.1585306985525 91.2195154558497 32.310988842807 71 94.9210198006743 25.9422435421457 64.3816744112795 73.4098086089318 8.06225774829855 44.407206622349 65 54.230987451825 94.8946784598589 76.6876782801514 103.353761421634 65.4904573201318 43 55.9732078766261 85.0940655980192 69.8140387028282 80.6039701255465 5.8309518948453 108.853112036358 55.4616984954482 68.3593446428504 89.9388681271896 99.3176721434811 30.2654919008431 27.8567765543682 60.4400529450463 81.3941029804985 84.0535543567314 68.0955211449329 31.4006369362152 98.1835016690686 41.6773319683494 21.9317121994613 56.5685424949238 37.2021504754766 5 87.1435597161374 57.4282160614449 92.1357693840997 12 68.0073525436772 117.1537451386 22.3606797749979 85.0705589496155 120.341181646185 3.60555127546399 90.0499861188218 100.404183179786 32.4499614791759 46 54.2033209314706 64.6374504447692 67.0820393249937 17.0293863659264 45.9673797382448 25.9615099714943 63.5609943282828 25.6124969497314 29.9666481275434 40.853396431631 21.0237960416286 54.817880294663 68.7313611097583 10.6301458127346 72.1248916810278 50.0399840127872 40.6078810084939 30.8706980808663 32.7566787083184 60.4400529450463 33.9705755029261 32.8937684067971 48.3735464897913 64.5368112010502 65.1229606206597 41.5932686861708 49.0917508345343 29.2061637330205 38.2753184180093 64.5135644651572 94.175368329516 19.4164878389476 40.4969134626332 58.2151183113115 76.4852927038918 66.2419806467168 62.2012861603359 71.5541752799933 71.1125867902441 58.1893461039046 34.928498393146 46.0434577328854 31.0161248385416 64.8459713474939 88.090862182181 98.0815986819138 97.4987179402888 24.738633753706 57.8705451849211 16 95.7183368012629 59.5482997238376 12.6491106406735 73.5730929076656 24.0831891575846 76.791926658992 93.9042065085478 44.5533388198909 106.075444849409 77.884529914483 50.8035431835222 52.3927475897189 57.8705451849211 81.3941029804985 33.9705755029261 57.2712842531054 81.8413098624405 94.4298681562142 93.962758580195 74.4043009509531 77.2528316633119 63.1268564083465 70.178344238091 84.0951841665146 128.144449743249 53.2634959423431 11.4017542509914 83.4326075344646 110.34491379307 83.4865258589672 90.1387818865997 104.623133197205 89.3588272080604 78.2304288624318 14.2126704035519 63.0713881248859 59.9332962550868 97.3498844375277 45.6070170039655 64.2806347199528 41.8807831827438 32.5576411921994 22.0227155455452 56.1426753904728 69.1809222257119 29.1547594742265 46.8187996428785 26.9258240356725 33.5261092284804 78.2368199762746 37.0135110466435 30.6104557300279 65.1459898996093 21.0237960416286 21.8403296678416 58.7962583843564 57.3846669416143 84.0535543567314 32.8937684067971 57.2712842531054 36.6878726556883 75.9275970909129 37.1618083521241 49.4772675074119 66.2117814289874 30.0832179129826 50.3289181286465 88.8144132446981 83.6480723029527 26.6270539113887 57.7754273026172 77.8267306264371 70.8801805866774 34.2052627529741 77.4919350642375 54.2033209314706 38.5875627631495 82.8009661779378 49.6588360717405 16.5529453572468 51.6139516022558 69.0289794216893 9.05538513813742 29.4278779391243 26.8328157299975 59.4138031100518 57.8705451849211 73.824115301167 37.5765884561119 23.4093998214393 75.0066663703967 9.8488578017961 62.2414652783817 63.0634601017102 42.8018691180654 38.4837628097877 28.4604989415154 27.2029410174709 58.5234995535981 55.145262715849 49.6487663492256 68.0955211449329 48.3735464897913 81.8413098624405 36.6878726556883 48.0104155366312 30.4795013082563 26.4196896272458 46.3249392876019 19.9248588451713 31.3847096529504 73.0616178304313 48.0104155366312 29.0688837074973 86.3712915267567 58.0086200490927 34.2052627529741 58.2408791142441 53.0377224247045 23.4093998214393 59.2368128784795 68.425141578224 79.1959594928933 50.1597448159378 41.5932686861708 36.4005494464026 41.7252920900501 25.0798724079689 72.8354309385206 81.3941029804985 97.6729235765982 80.1311425102625 13 47.3814309619285 93.962758580195 53.665631459995 85.3287759199674 29.732137494637 90.8019823572151 55.4436651025164 38.8973006775534 74.3034319530397 95.6347217280419 44.2040722106007 37.4432904536981 31.4006369362152 64.5368112010502 94.4298681562142 75.9275970909129 48.0104155366312 77.987178433381 26.4764045897475 17.8044938147649 45.8911756223351 27.0185121722126 35.0570962859162 56 52.0384473250308 103.464969917359 19.6468827043885 37.4833296279826 104.694794521982 9.05538513813742 58.8302643203309 106.470653233649 33.9558536926993 99.040395798886 92.1791733527699 34.5398320783411 15.8113883008419 36.4005494464026 56.4358042380899 8.06225774829855 69.2603782836912 49.5782210249622 90.6697303403953 66.6108099335236 46.5725240887801 83.9344982709732 29.1547594742265 70.5761999543756 92.9623579735368 14.3178210632764 58.1377674149945 49.0407993409569 16.1554944214035 53.8144961882948 81.6088230524127 77.2528316633119 98.1835016690686 65.1229606206597 93.962758580195 37.1618083521241 30.4795013082563 77.987178433381 56.6127194188726 76.6093989011792 44.2718872423573 61.057350089895 103.174609279609 59.2114853723498 49.4974746830583 94.9368210969801 88.4081444212014 54.817880294663 36.6742416417845 83.4505841801003 28.0178514522438 35.0142828000232 98.2700361249552 86.8158971617526 40.3608721412211 69.462219947249 64.8999229583518 24.3310501211929 24.0831891575846 53.2353266168247 57.5847201955519 71.1969100453102 62.2253967444162 22.1359436211787 21.0237960416286 71.5541752799933 29.0688837074973 61.3514466007119 36.6742416417845 67.8969807870718 31.3847096529504 34.928498393146 49.8196748283246 69.2603782836912 33.2415402771893 26.4764045897475 41.6773319683494 41.5932686861708 74.4043009509531 49.4772675074119 26.4196896272458 26.4764045897475 56.6127194188726 20 19.4164878389476 6.08276253029822 46.6476151587624 57.2450871254468 26.1725046566048 81.9878039710785 31.8904374382039 37.7359245282264 79.2590688817374 28.6530975637888 45.2769256906871 81.5414005275848 42.0475920832573 76.4852927038918 65.8027355054484 18.9736659610103 23.259406699226 43.081318457076 34.2344855372474 73.0616178304313 66.1211010192662 86.9770084562581 62.6099033699941 24.6981780704569 37.1214223865412 77.6659513557904 48.7954915950234 70.1141925718324 17.464249196573 87.783825389419 41.194659848092 48.0416485978573 69.3541635375988 83.9344982709732 26.4007575648882 19.723082923316 21.9317121994613 49.0917508345343 77.2528316633119 66.2117814289874 46.3249392876019 17.8044938147649 76.6093989011792 20 36.8917334913934 16.4012194668567 26.8328157299975 68.4470598345904 40.1621712560464 86.6833317310773 12.0415945787923 48.6621002423858 97.9081201943945 13.1529464379659 63.3245607959503 100.603180864225 22.8035085019828 82.7647267862342 82.7647267862342 18.1107702762748 27.5136329843952 25 37.6961536499415 43.4165866921848 42.4381903478459 51.7880295048962 54.1202365109392 40.1123422402632 3.60555127546399 57.6281181368956 15.2970585407784 45.7930125674212 50.9313263129874 53 18.8679622641132 43.2781700167648 33.6005952328229 50.0399840127872 37.3630833845388 33.1058907144937 56.5685424949238 29.2061637330205 63.1268564083465 30.0832179129826 19.9248588451713 45.8911756223351 44.2718872423573 19.4164878389476 36.8917334913934 20.591260281974 61.5223536610881 65.0691939399898 9.89949493661167 68.7677249878168 48.8262224629348 48.0104155366312 61.0327780786685 47.5394572960189 43.3243580448689 63.8905313798532 55.9732078766261 62.2012861603359 46.4865571966778 25.5538646783613 40.4474968323134 30.1496268633627 29.4108823397055 58.1807528311554 54.817880294663 71.5681493403316 57.3846669416143 25.5538646783613 21.1896201004171 68.1542368455549 32.649655434629 58.6941223633168 31.9061122670876 71.7007670809734 28.6356421265527 40.853396431631 53.0377224247045 69.0507060065283 27.2029410174709 20.3960780543711 37.2021504754766 38.2753184180093 70.178344238091 50.3289181286465 31.3847096529504 27.0185121722126 61.057350089895 6.08276253029822 16.4012194668567 20.591260281974 42.2018956920184 63.0713881248859 25.1793566240283 78.2623792124926 28.4253408071038 43.4165866921848 81.5414005275848 27.2029410174709 51.1566222497147 84.2021377400835 37.2155881318568 73.1641988953614 66.8505796534331 13 27.2029410174709 69.8569967862919 58.5491246732178 99.8498873309329 80.5232885567896 107.912001186152 68.1175454637056 47.0956473572665 60.8769250208977 88.3628881374981 74.8131004570724 84.4037913840368 10.6301458127346 113.850779531806 59.9416382825828 72.691127381545 94.9210198006743 103.754517973918 33.9558536926993 32.2024843762092 5 64.5135644651572 84.0951841665146 88.8144132446981 73.0616178304313 35.0570962859162 103.174609279609 46.6476151587624 26.8328157299975 61.5223536610881 42.2018956920184 91.0219753685889 62.2012861603359 95.005263012109 16.2788205960997 72.1110255092798 122.024587686253 26.0192236625154 89.8109124772708 125.2557383915 6.32455532033676 93.2630687893123 105.118980208143 37.2021504754766 50.0899191454728 40.3608721412211 34.4818792991333 51.1566222497147 106.962610289764 103.247275993122 118.004237212059 44.2831796509691 68.6221538571911 122.429571591181 57.6888204074238 109.98636279103 84.5931439302264 73.0273921210391 83.6301381082203 22.4722050542442 68.0073525436772 105.118980208143 90.0777441991084 83.0060238777885 87.1435597161374 94.175368329516 128.144449743249 83.6480723029527 48.0104155366312 56 59.2114853723498 57.2450871254468 68.4470598345904 65.0691939399898 63.0713881248859 91.0219753685889 74.9666592559653 133.689939786059 75.1664818918645 19.9248588451713 95.7548954362125 65.00769185258 31.5753068076939 94.1912947145329 89.3588272080604 126.81088281374 94.578010129205 76.0591874792257 41.3037528561268 34.828149534536 46.9574275274956 50.0099990001999 32.7566787083184 46.8187996428785 44.7772263544762 48.0520551069359 6.40312423743285 47.8016736108685 22.3606797749979 36.2353418639869 51.6139516022558 56.0802995712398 9.48683298050514 53.1507290636732 36.4005494464026 43.9317652729776 33.6154726279432 31.1448230047949 57.4282160614449 19.4164878389476 53.2634959423431 26.6270539113887 29.0688837074973 52.0384473250308 49.4974746830583 26.1725046566048 40.1621712560464 9.89949493661167 25.1793566240283 62.2012861603359 74.9666592559653 58.8982172905089 51.478150704935 57.8013840664737 60.1082357085949 52.1727898429823 52.3927475897189 63.7808748764079 56.2227711874824 52.4309069156733 43.0464865000618 25 48.7647413609464 93.3488082409197 105.118980208143 99.2975326984513 27.0185121722126 54.0092584655631 27.1661554144122 103.768974168583 65.299310869258 11.4017542509914 77.4661216274573 24.6981780704569 87.3670418407308 93.1450481775601 51.0392006206994 112.044633963434 78.7908624143688 47.0425339453563 62.6498204307083 67.6830850360709 92.1357693840997 40.4969134626332 11.4017542509914 57.7754273026172 86.3712915267567 103.464969917359 94.9368210969801 81.9878039710785 86.6833317310773 68.7677249878168 78.2623792124926 95.005263012109 133.689939786059 58.8982172905089 93.5574689696125 116.661904664719 80.0249960949702 99.724620831568 108.406641862941 86.0523096726636 89.0505474435727 8.24621125123532 60.5309838016862 68.9492567037528 105.190303735658 54.1202365109392 42.2965719651132 84.5990543682375 75.1065909225016 98.2344135219425 68.0073525436772 31 48.8773976393997 85.375640553966 60.8111831820431 79.1012010022604 10.295630140987 99.7647232241938 51.4198405287298 56.4358042380899 81.3941029804985 94.8683298050514 31.04834939252 26.0768096208106 12 58.2151183113115 83.4326075344646 77.8267306264371 58.0086200490927 19.6468827043885 88.4081444212014 31.8904374382039 12.0415945787923 48.8262224629348 28.4253408071038 16.2788205960997 75.1664818918645 51.478150704935 93.5574689696125 56.0089278597618 109.859000541603 10.770329614269 73.7360156233031 112.614386292338 14.3178210632764 90.448880590088 94.3663075467086 27.6586333718787 34 25.298221281347 14.560219778561 47.4341649025257 90.4433524367601 91.98369420718 99.3579387869938 25.0199920063936 51.4003891035856 105.603030259553 43.9658958739612 93.7443331620637 65.1229606206597 69.1230786351418 65.8559033041078 6 59.0084739677277 92.7200086281273 70.2637886823647 63.1585306985525 68.0073525436772 76.4852927038918 110.34491379307 70.8801805866774 34.2052627529741 37.4833296279826 54.817880294663 37.7359245282264 48.6621002423858 48.0104155366312 43.4165866921848 72.1110255092798 19.9248588451713 57.8013840664737 116.661904664719 56.0089278597618 89.2748564826626 46.2709412050371 28.1780056072107 88.9550448260243 70.0285656000464 110.208892563168 84.0119039184329 56.3560112144215 22.0227155455452 66.7083203206317 87.5556965593901 44.7213595499958 60.8769250208977 26.0192236625154 86.6833317310773 95.5196314900764 61.2209114600559 71.175838597097 51.0783711564885 60.0166643524946 111.39569111954 24.1660919471891 64.8151216923952 83.2946576918352 31.04834939252 33 92.9569792968769 91.2195154558497 117.1537451386 66.2419806467168 83.4865258589672 34.2052627529741 58.2408791142441 104.694794521982 36.6742416417845 79.2590688817374 97.9081201943945 61.0327780786685 81.5414005275848 122.024587686253 95.7548954362125 60.1082357085949 80.0249960949702 109.859000541603 89.2748564826626 107.912001186152 64.2806347199528 6.08276253029822 116.180893437777 72 20.8806130178211 84.9588135510378 94.5568612000208 47.8016736108685 33.2415402771893 78.873316146844 79.227520471109 98.7623410010111 75.2396172239067 21.3775583264319 48.3838816136118 90.8019823572151 57.4282160614449 83.2165848854662 21.0237960416286 95.6713123146118 54.0370243444252 47.2969343615419 78.2368199762746 96.1041102138717 38.4707681233427 32.310988842807 22.3606797749979 62.2012861603359 90.1387818865997 77.4919350642375 53.0377224247045 9.05538513813742 83.4505841801003 28.6530975637888 13.1529464379659 47.5394572960189 27.2029410174709 26.0192236625154 65.00769185258 52.1727898429823 99.724620831568 10.770329614269 46.2709412050371 107.912001186152 66.1891229734916 110.136279218067 25 95.9009906101079 93.9840411984928 31.2569992161756 24.3310501211929 21.0237960416286 34.2052627529741 20.0997512422418 81.4002456998749 72.4499827467198 97.1699542039616 46.0434577328854 46.8187996428785 97.0051545022222 31.0644491340181 83.868945385047 80.7774721070176 42.190046219458 61.8465843842649 23.0217288664427 36.7695526217005 74.9466476902069 77.1038261048049 71 85.0705589496155 71.5541752799933 104.623133197205 54.2033209314706 23.4093998214393 58.8302643203309 28.0178514522438 45.2769256906871 63.3245607959503 43.3243580448689 51.1566222497147 89.8109124772708 31.5753068076939 52.3927475897189 108.406641862941 73.7360156233031 28.1780056072107 64.2806347199528 66.1891229734916 63 86.1278120005379 100.895986045036 63.5609943282828 63.0079360080935 43.6004587131833 67.3572564761956 88.2326470191165 43.0464865000618 66.4906008395172 32.0624390837628 92.1791733527699 96.7729300992793 64.3816744112795 77.1038261048049 52.8393792544916 65.7647321898295 114.629839047257 21.3775583264319 69.065186599328 83.0240928887513 32.2024843762092 39.0128184062623 97.0051545022222 94.9210198006743 120.341181646185 71.1125867902441 89.3588272080604 38.5875627631495 59.2368128784795 106.470653233649 35.0142828000232 81.5414005275848 100.603180864225 63.8905313798532 84.2021377400835 125.2557383915 94.1912947145329 63.7808748764079 86.0523096726636 112.614386292338 88.9550448260243 6.08276253029822 110.136279218067 63 119.519872824564 78.0064099930256 26.4764045897475 88.3911760301898 95.6347217280419 65.7875368135941 56.0357029044876 95.2575456328789 74.2159012611179 101.71037311897 62.2896460095897 45.0998891351187 55.1543289325507 82.2192191643779 69.6347614342147 78.1024967590665 5.3851648071345 108.600184161906 53.7121960079831 70.1141925718324 89.4986033410578 97.4935895328508 27.6586333718787 25.9422435421457 3.60555127546399 58.1893461039046 78.2304288624318 82.8009661779378 68.425141578224 33.9558536926993 98.2700361249552 42.0475920832573 22.8035085019828 55.9732078766261 37.2155881318568 6.32455532033676 89.3588272080604 56.2227711874824 89.0505474435727 14.3178210632764 70.0285656000464 116.180893437777 25 86.1278120005379 119.519872824564 87.1435597161374 99.0454441153151 31.2409987036266 48.0936586256442 86.4522989862039 99.1261822123701 91.3016976841066 19.8494332412792 46.0108682813094 27.3130005674953 98.488578017961 58.821764679411 5.09901951359278 70.0927956355002 17.0293863659264 85 84.8999411071645 45.1774279923061 105.422957651548 70.6823881882892 39 60.00833275471 64.3816744112795 90.0499861188218 34.928498393146 14.2126704035519 49.6588360717405 79.1959594928933 99.040395798886 86.8158971617526 76.4852927038918 82.7647267862342 62.2012861603359 73.1641988953614 93.2630687893123 126.81088281374 52.4309069156733 8.24621125123532 90.448880590088 110.208892563168 72 95.9009906101079 100.895986045036 78.0064099930256 87.1435597161374 52.3450093132096 64.7610994347687 99.7446740432791 59.2114853723498 79.0063288604147 47.2016948848238 40.024992192379 9.21954445729289 65.8027355054484 84.8528137423857 45.6946386351835 51.0098029794274 41 39.319206502675 94.578010129205 34 46.0108682813094 78.0896920214186 26.8328157299975 14.3178210632764 74.2765104188397 73.4098086089318 100.404183179786 46.0434577328854 63.0713881248859 16.5529453572468 50.1597448159378 92.1791733527699 40.3608721412211 65.8027355054484 82.7647267862342 46.4865571966778 66.8505796534331 105.118980208143 94.578010129205 43.0464865000618 60.5309838016862 94.3663075467086 84.0119039184329 20.8806130178211 93.9840411984928 63.5609943282828 26.4764045897475 99.0454441153151 52.3450093132096 67.955868032128 84.4807670419723 42.0475920832573 42.190046219458 67.7200118133481 48.0416485978573 71.1125867902441 46.0434577328854 36.7967389859482 24.2074368738204 59.6657355607052 40.3112887414927 52.0384473250308 26.6270539113887 78.5493475466219 23.7697286480094 53.851648071345 59.0762219509677 67.4166151627327 14.3178210632764 8.06225774829855 32.4499614791759 31.0161248385416 59.9332962550868 51.6139516022558 41.5932686861708 34.5398320783411 69.462219947249 18.9736659610103 18.1107702762748 25.5538646783613 13 37.2021504754766 76.0591874792257 25 68.9492567037528 27.6586333718787 56.3560112144215 84.9588135510378 31.2569992161756 63.0079360080935 88.3911760301898 31.2409987036266 64.7610994347687 67.955868032128 38.8973006775534 28.6530975637888 9.4339811320566 59.0338885725818 80.7774721070176 91.0494371207203 84.504437753292 3 42.9534631898291 94.8103369891701 43.9317652729776 84.504437753292 43.2897216438267 78.390050389064 54.6260011349907 23.0867927612304 63.5688603012513 90.0888450364417 51.6139516022558 44.407206622349 46 64.8459713474939 97.3498844375277 69.0289794216893 36.4005494464026 15.8113883008419 64.8999229583518 23.259406699226 27.5136329843952 40.4474968323134 27.2029410174709 50.0899191454728 41.3037528561268 48.7647413609464 105.190303735658 34 22.0227155455452 94.5568612000208 24.3310501211929 43.6004587131833 95.6347217280419 48.0936586256442 99.7446740432791 84.4807670419723 38.8973006775534
Deviation Vector:
27.0283858915852 47.7083727664879 9.59629473553567 16.9927252894796 90.5541689204848 33.8561323376615 25.1632396007591 95.7164995048859 28.9362746317203 21.9484653883979 74.7345371632245 80.8065065771972 14.3293169412295 5.38526048315746 45.1662789361124 55.1817530026184 29.1804425465329 32.7522660518622 70.8581265903333 44.14233313681 52.0492021312676 47.3924776102573 5.31870104904578 42.2873945372257 38.5185980120868 28.9661145472813 60.9628629207106 40.6331663810846 43.8939414733655 74.181461582573 7.80615598738885 39.1450800332621 90.3040004635839 18.2650583781543 34.8587202517426 32.610797646249 69.6638497537902 13.2739696047498 1.93619203722278 90.7821535906527 81.8249381094529 74.9575639398264 57.9493142475596 36.4871488553938 32.1420421790069 51.0854758575836 37.0546800311481 37.214195598727 3.95261363223684 18.7933456037319 50.7507000537243 60.0633592488931 36.8024960980576 17.2516130674891 1.21360831147225 28.0851085990078 75.602171743488 20.3485698408208 22.5482256277093 105.364339667314 48.8815700696692 28.8813437216977 39.318174141701 13.9265897575113 91.2034953930477 30.6348241970808 20.7264517995367 19.0827671386827 62.5284846773376 17.654389364531 17.6123938387061 16.1372370508862 10.9597442711326 15.591738170553 2.59137448754305 13.4120523384059 134.924969292849 22.8560143427635 10.4486355779773 116.392819125139 15.6028428049005 11.5493262360323 29.9710601494534 80.5529713768056 54.0269726046375 28.7170977211144 8.90956982318897 2.98652831189594 5.48130265731959 30.6415069108197 112.721155660801 59.2437294142761 111.790456551094 39.1751825225633 58.4498078761252 44.5852452425261 31.5177294668791 25.6799638746757 113.891010860326 13.2729785355737 63.6828129426722 6.47922389256894 21.8752796991252 87.1775167018977 33.9634664681341 83.5678670665126 10.3260641540896 5.27009051556096 1.76549571102576 34.6115896435575 37.7784401960014 35.5062339055923 9.38510436565598 6.45510001127008 21.8212812352615 3.59340188664075 28.202212043698 50.9081273089094 20.4287328208016 33.04302751568 111.213035062064 26.8155296274365 4.02227252317385 31.1344301601516 75.688411814062 27.1480920022046 51.7526270824761 43.1042103574686 6.22325850868293 39.7837884502811 71.3322854432513 67.5972918552506 66.4639023099666 36.3138614435127 70.6891464799029 52.0506216173576 40.560018035997 85.8553584885141 58.5879835446593 24.6508440528084 13.981932293688 5.11761925668434 31.2731517499399 99.9555994422298 36.7656775234132 63.1685634369909 81.0160436710274 7.77580310319878 58.1115608641024 14.6612698835241 70.5356376773397 12.6258811949988 15.1886143288218 32.7065900953249 85.4135385616687 128.080405005704 50.483709029118 58.3625997004525 26.4312187936703 33.8257359306873 12.6086303320542 117.00684832104 33.7758379097877 40.2224644624362 7.63698674462402 96.4388161126934 92.3281962330584 13.168449396164 58.2124278788425 72.6355167915306 11.1754502599587 75.0994759611108 10.8255779751026 24.3081528303861 39.7205548561238 25.8245501062185 90.0107069999278 62.4077815041114 32.6416750362103 35.4515937917978 63.9930253802228 136.662087936021 4.12329718798798 0.411200555825779 42.4118346285644 53.3501831581139 154.354156081615 68.5935760503543 43.5309176171732 30.6624422500824 27.8303632503781 8.03634071864017 13.8544133969621 82.7867914118715 76.2834528458289 21.3944935408087 43.3925052408372 2.91967255383545 39.4526882874107 145.002323146044 50.812769497161 60.5042757103223 75.6813203081859 81.3220054455601 104.284841423 7.61629458586707 27.2201190962836 55.0606613343512 42.9388334449076 82.7516419931413 47.4961291655627 4.94681539350007 70.5727424728915 43.3314227083998 6.38617072812504 161.854580603712 22.595004878041 1.43340475379696 111.692040476725 127.248916846158 40.3541772988169 62.177425301591 84.3861244737223 18.0512716440319 11.6812333071403 1.60947532187401 58.6082671299083 21.8374514674122 10.146822224379 5.97659088194656 48.4643613629631 109.513942661719 37.6354824399019 3.65991733877675 84.2539021273408 50.0718813808837 4.0278595088123 59.4706724430039 29.1697698073565 23.4663061586591 9.60929999432656 53.9957052891345 80.7643130752368 105.384682928228 141.430824430153 80.4692044148544 80.1491406029872 22.9783822714149 83.1310821616237 83.4049154636589 23.1070136150646 14.9478728285628 8.65892098200424 75.0502084502914 102.150617436884 43.7917316187673 84.4971570101941 54.5579238854857 132.873059071835 79.4253289929077 21.210491901915 40.1144797648212 38.0184646669744 18.1806170278746 19.5875787679396 3.86971548084817 67.7167333337954 60.3228859831958 7.15460085584644 128.577748707188 1.45536705081135 63.5031912430371 39.807070098392 94.1989517704087 14.8281016063031 65.9521179683537 42.5315947340755 0.561535073327562 80.7616827581156 55.576162299331 61.3105059995868 60.7311796572493 40.9060020618797 99.4599342623643 88.3274836347794 24.4252950831715 16.6705377734579 5.45324731956503 60.9177904350916 5.72792060266261 1.68520058925218 2.59762653996682 22.1904211223764 42.1006860894001 12.394982303487 72.8602645160218 125.996288180811 43.1135504980998 16.1802484977985 123.473608626617 28.2328273746585 31.3554162318424 33.4194612460736 26.4287744745367 18.0198403034983 60.515233900638 51.9268496990155 2.93436145727342 21.016033908252 42.127033958195 73.6743553808616 13.8670725586858 43.073303861673 46.5220454731332 12.4295867366854 8.14436371131141 22.9604405887169 31.3383957623699 28.628898300821 30.6685076386387 15.1936765370096 29.8279959109685 21.9207304530668 11.4570264722701 53.7915777910812 28.4491437660183 7.12738960066922 28.6799165448687 39.9497150472576 22.5666155625535 18.4013955565673 17.3041512261541 67.7641706390327 23.7864826765061 35.310448680805 0.0419787571421862 4.62444125339037 44.808461524243 67.9196893292114 6.102492883907 9.42237943011438 46.8740591110309 67.2094992979598 61.1052798714815 12.2517399532675 74.935177987108 73.9337933252116 84.2115897116305 41.8105249654267 4.1928404270486 11.1909415913785 3.42878151182547 59.8909001513685 102.722461401899 27.948579418101 9.92352492621745 16.7508333806931 10.3689429790008 12.0365544698145 56.363572560679 80.5102002182124 12.2729846026639 112.413913488087 86.6772095538933 16.9241409846032 73.6473518539107 71.7722664172226 24.45592456873 80.6290887551576 25.0461545569748 135.395415481479 48.2546542091478 17.4727964362219 59.5698400706572 73.6598699290243 0.772345717701948 104.62764291365 36.0680097171076 119.22152578242 19.0745532089649 40.6079014160817 32.7829125765574 50.2964376560318 63.3634868635709 16.6449546319591 62.1575969784601 35.3234253556956 14.4123177198625 106.475598077663 44.93260686393 95.7894376158739 62.8862609229307 7.02630815628112 52.0841745274571 11.0851530217552 16.2564713956086 2.32865192704583 47.3150791341193 22.7968593893937 80.2442582123188 1.96831989518294 51.6710637231502 70.2934119573643 25.6361159085936 27.7700381904287 49.3742087584797 92.1155641876595 1.58226945259907 45.5837476547241 51.2493192929551 7.73065619384427 19.6916335165611 4.40113299039054 37.6332917954131 7.19173878638105 63.0564769661647 111.123281409407 11.780191384551 1.17817143597682 56.705623860844 26.2597927859696 39.5909094776446 9.52303329340035 9.97873423937685 24.7055095296103 28.5000312981027 47.5236657213247 19.7072504516631 125.932993243473 0.424945518851721 37.1785616963235 2.04297624697651 44.8691809786527 24.6603120277107 77.2529028263996 83.6754370635849 6.85248405824255 51.9036508154167 50.0727039608782 67.3075888959863 68.1630284381296 134.234999001318 23.1195862820115 4.24874033985519 27.0254939607701 11.4632087990372 81.7601383380335 27.8102958693502 11.4049560951561 58.327047460729 6.3099134488161 8.69430388076148 25.1065403876149 24.7921139203667 42.2747708558277 44.9230139478413 33.3004631818531 85.3713598595921 68.210644675901 13.8631288353277 38.7148019231942 2.19667698433771 43.5315992891463 65.0638772738847 60.6507100213297 32.8282903485794 23.6842642150867 43.8297719634654 10.2528622209869 133.353473713925 94.9046181414646 41.7882358603523 38.7085512173749 92.7408864530662 55.2233558224268 42.6457863609823 131.898558920236 131.540565563258 89.7193680012601 63.1640592746029 17.7277112845341 56.9432723551017 48.5605102241502 21.0611335683008 6.10291585909066 4.26277268374851 19.250009357088 54.1897430413464 5.6367049470924 64.6834559508388 57.263262908185 1.95942103930204 90.0795090391897 31.7889926247763 60.2194199542558 37.1153671340431 51.082339190058 74.0893877304902 111.0564858636 112.537223055325 27.3443102148261 12.2319638158287 4.25804244560663 56.6716165425503 7.57717889254356 103.22041775622 7.44378548498893 1.70452044120871 117.262113643057 54.3616369701768 15.1251249230411 34.4323752068543 41.6109540068591 1.83776666827531 78.2728555652345 72.5278605641817 22.4067040351272 11.7311121418943 35.1649716478704 35.007344205063 12.0564167391545 26.9925364334678 40.4935800522026 0.39325473987338 70.3578173851753 109.214629945693 11.5015770707322 9.95919385756664 33.2113951658361 8.54211525328546 31.6650108375615 9.31162230297597 28.8036377623431 49.9958544195665 93.3586072585096 42.1928777757725 19.0605297077897 50.224380865207 58.0101623866912 154.251260606051 72.6349224049318 4.43015339582478 10.6643548238068 39.600945216518 21.7272377352309 126.075345616292 65.1735339808184 34.318142518335 92.0042778273194 42.147553798871 34.8222976813192 141.036602565761 21.0882386283524 79.2238741341745 142.759166711211 35.7357749554845 49.8489699115215 49.1679854906167 66.0400576514147 76.4343796039617 51.5578118617555 70.9707370876771 103.49157017087 29.670256037528 119.463948031088 43.8329168340464 8.00230526134504 160.618496748337 59.3203339205568 40.9555498616812 105.596622566533 16.8080857445358 55.8618443335751 14.0286487156968 61.163314751161 39.8293267663623 4.78915771685392 0.235925605524222 20.8785896902782 16.4778251335391 46.1718614472956 38.2608206236683 30.2753070090269 49.2567878446286 47.343305425769 61.9098134305014 1.75786881623553 63.1468441493777 40.6773436370666 26.2327433698301 65.235370446877 3.88359034372482 1.29973588640433 32.0517613635288 61.3085356193432 70.8494644586318 26.7247441583162 10.704942615458 46.5708756914152 21.8564276720173 44.2610476489631 50.8602888334556 114.80782238741 11.3258717694541 56.545647254945 40.14608621951 71.4459246366715 78.2718725276259 42.5501873220797 91.2374340094032 45.6362087608662 16.4608470483612 47.5621225039809 1.8776915016474 30.8618468677789 9.33161800227562 20.6256278729972 18.9248044630162 67.292982823875 73.5270442944535 56.4940771903481 110.931407929142 31.7836573019393 32.0339605072002 58.6275856747975 45.5865364617439 29.9009931842255 67.6807088346469 97.0198351803618 90.2641110804754 30.3633729079417 126.240307427223 46.8793080247265 19.484756715272 69.6532295561316 12.3238412642497 116.683157206729 31.104911468619 39.2323860333366 10.1554056316723 16.0040229729057 14.4223267319999 27.2658643359725 59.6860528473772 18.5359928834437 17.4145007636665 34.8308724884584 79.7700683761408 176.77889266414 86.5758771043884 4.40043030118979 50.591997505665 50.5151867084742 7.62756356689433 107.311603753408 1.59632690521022 160.489238212967 0.223207707828466 57.272124799261 32.9701439661776 52.4701312850312 0.563060481789615 26.6427904547763 28.3351842070614 11.8012871813805 48.5390223866036 45.4863583711837 50.0021111148476 76.13066994588 9.48923766273433 3.48054842941441 122.32253290359 17.1160083696695 27.8790693584025 63.7353476435739 51.651267407506 60.7815043913407 74.7293393352109 107.668983720973 41.1566660503038 80.5062353522019 6.39532607980921 38.8964371235017 35.3208358979544 10.2670562889041 54.604932618257 34.5471775372293 17.8589159397458 58.2836791248361 148.232803293608 22.6638449835196 34.3111037826638 123.828234981171 129.125823212657 87.0737400400659 8.52198273278731 47.3986197779035 20.3391623268552 2.49067552186664 9.19221089956456 71.3309664137407 3.79137904837698 91.7020770592359 16.0043523173621 52.1221371103546 96.8531954396644 94.6878269325112 0.525780662250637 4.43966382017344 64.0190198645961 75.6039372083119 1.69773433396971 55.5519948731047 31.3804897507459 14.4131096205151 42.8855755171919 5.46835227693055 44.2435220439507 86.1139230283566 47.3349417811235 67.0413473740596 94.6899771030643 52.4771306559029 36.1095199149096 65.2019946042895 8.24789423597228 68.1037387784982 25.1427434881917 50.0903945898633 85.9551228088814 30.6874423653672 15.6939291923549 95.4515234977306 30.247898837557 59.4334104626418 23.2306286745772 66.7907344986934 48.7114403016858 50.653419808641 13.9033044607978 3.10657596303643 103.898317658884 17.8090152509569 144.458863757422 15.7349100552764 13.8457612835461 21.1655886727525 46.5464708682987 19.6414137444166 72.8974353614846 8.25795904516778 60.2328640258194 75.8793920653155 23.3406207625477 27.3666869425114 23.1080534518411 55.4659997914947 4.92337534032847 46.4620300019679 7.82936981570859 119.40654406347 36.3905564706729 42.6101655811043 76.0989217472316 112.080834285883 8.59523146808051 49.011078144341 42.3417172337942 4.14228660239897 31.7106549987494 9.18441138352354 4.92377331021806 24.4241039757304 20.7108357126357 42.0594195744236 26.2566031807284 43.2545997590689 9.53210866912769 109.842137996491 10.5241611034942 99.2842777212614 41.0417530943074 112.870920608258 89.1847878155152 12.5548525199464 41.3457481836855 156.906300859255 36.9193128987464 37.7920627582189 67.7511592984254 0.306394658920776 17.4467237220037 28.62585925701 31.5905608551986 108.131423966167 25.8771975204742 16.1876285552921 61.0640238960715 11.3191855348986 9.18356238791272 19.8442695262556 20.9722840975793 21.5487681959408 14.0319825891613 91.0324617824201 10.3017604797029 81.5789886341825 67.8796566489543 46.6167655063266 6.70424477310598 37.2115918765975 19.9780724690593 36.1825014321181 75.5102392850959 77.9144611145252 35.6302708838482 17.4398277947255 41.3156963373486 13.0183109325071 28.3230913825629 17.2606821340403 21.9445149081835 99.0721443371397 44.1844528966808 89.9782968964121 25.9676575173877 19.991101385888 140.747733238399 25.5612475965523 41.6024958184338 19.8596994971077 29.2036627237488 65.7934437133132 45.0166097157211 1.07448314115019 20.1875516541414 63.9594693226044 79.7149669689344 140.192101697819 0.700568208461489 79.9215348366019 77.7251809108648 26.6182232201086 78.2792629671002 74.5706688128807 39.2352093364837 58.3368867250904 6.42618830972925 54.0044999240189 76.7479887619301 22.645186016984 120.733690879193 43.5915322991188 46.1494436398561 31.6098909284077 8.58070425839411 72.7898630325321 121.982850119135 3.98912256298677 1.85402874080093 40.3393383807069 11.1613848518884 25.9838761882244 81.0505427685802 32.7761381272268 6.59018003091463 22.7479472891189 13.7066386523792 107.025450607466 1.34446204837094 16.8528769929811 36.1468052661478 29.0432895500291 73.7423998798623 9.71262687707494 1.97887792417763 128.666487533523 80.7707627266574 0.79757436085624 13.7361136432986 30.4575063901137 23.0009433478087 0.983612999871214 17.0433898357206 11.6904424641231 29.8399464465351 72.6370471531812 29.4187585873495 29.1964373257295 49.0802117517548 25.3894683002354 75.9312237173826 100.978656718997 8.14344675165858 85.9435472852288 36.2220041575422 18.5887220322807 44.843805462528 31.5294666313575 97.874645955375 53.1528032620713 39.8128129721042 14.5876874534435 79.8437584577698 29.359881190912 15.8999590774713 7.83887445499476 7.39868340636137 45.4224135856463 11.8870519718315 51.9788948577742 2.37454224400941 21.8724676343298 32.9846917381394 85.9019676925367 52.6241193540622 5.5761146373641 45.763522520038 22.5203922619729 61.9102070624725 7.49541676249157 70.1858980662769 25.5186019128983 3.72386634534355 58.4981227829089 38.0557175020212 76.1745353097824 27.7524714838913 12.4009826201873 1.87963962874001 106.711480783809 9.08793911975318 16.7957752947034 104.209826808426 33.4707256235995 11.6965359682381 16.1833588690902 69.0342522877994 43.0285232083327 105.850339699582 5.45555401291125 50.1701431326969 85.7272687376802 52.7016558913932 51.777207598469 56.0190242399232 118.007794057788 152.39322556208 152.003485281297 9.84002364643089 81.2253908418421 13.0007755185323 2.122574711411 20.8413077791102 33.7498081451761 36.9814400922409 7.24958382410048 87.1587674692082 20.9426636572603 70.9734731366789 104.753721022595 136.49569432546 89.6030879755879 67.5609890042444 15.5587272933846 48.3242960070178 60.8880262698838 123.346903529424 31.4375003959532 91.379462301437 41.8711185894378 25.9386109232974 16.578767300943 47.9899935317388 99.9100846612462 18.96912318516 9.67161048487063 33.9198012118129 21.3934918212791 15.4853376746318 51.5228269391431 1.93432352811202 26.3108920575146 29.9010091066164 6.79281372865796 39.2317450160067 28.1306258011483 79.5862876333853 2.81452650318865 38.9447183248747 6.25988425450905 94.7350388049302 13.315087238531 58.0545930622614 32.1108560758975 43.7111724332992 15.7628883352791 133.301714161492 91.4867491118558 26.6938941038005 74.884282493477 36.3554986640835 12.2525422824563 14.4546068378781 102.438154036737 87.649384682647 41.4129384384878 126.560909053009 62.0960124014085 1.40681195280462 5.16547206425196 70.1408543434134 1.3418289022695 14.8303214773375 21.7884538827872 27.2829246357351 67.7782050617414 96.1351855935691 52.8347097272874 29.4201838981621 26.6932187956921 15.5284908400145 54.6557674267143 45.0385519520585 48.0961471410382 52.4570874021027 15.392610279775 39.0876372920578 72.4317759605959 0.452510390484656 40.3671659395079 61.7921979304607 22.9938631391946 80.6887798954621 48.7955455174253 8.20566261501033 29.7668950206117 20.525262710359 3.38469365093457 11.9694003193035 27.0498933854225 12.6501199189181 77.6248888544602 29.3613597939365 58.4818292599587 46.5517135718364 50.2565362553563 12.9269273970449 25.3716635647012 29.237675570144 87.5949102101193 57.0835449030619 94.9801391730924 36.6418600087099 64.4041137992286 25.3585319978373 19.4963242546337 11.6100237493279 36.9419104452371 6.39445119206235 46.0164249220109 105.793280419521 12.8179441343307 44.8449783811608 63.878105227188 37.0114955763243 95.3448031749559 0.894883692435586 133.166659793011 66.0026764448725 24.5373966378364 52.1682035663036 130.40644831148 27.464605734406 3.21311020600268 13.0105820795606 91.8881836730503 146.845619858771 48.3125476268664 13.2429515132552 91.8456547966937 12.9383894695031 19.7644672906678 34.4487503276185 32.9404173410969 36.1846672697354 81.0495954641307 3.12690170147331 154.689008074025 6.44743075575082 5.1970599153795 35.5824064310543 0.199868003547957 66.1631980869965 136.956963131596 23.8334567112474 18.6164752992774 71.6574459842151 25.2829350648999 0.445629125553249 12.4297499752439 76.9117722167415 5.88771271785736 5.45181892846678 17.7384469788211 73.9949860810648 32.8428710521348 7.23047258877521 62.5164268984069 32.9260375790103 30.4244727115672 27.5336251106828 23.1666639820683 89.6001796173168 51.3379742717907 19.5621056906761 50.9616922974865 70.8210119537294 98.1846595524023 80.0910706229758 77.8855181814404 132.450105727977 42.9440504938585 37.1254968301817 70.8047268027378 46.1725468078454 22.4923524353226 48.5162620485853 97.2617588304685 105.814991067756 66.5569493195099 15.2493460901311 72.3479853729759 20.1561730804298 21.203454437742 41.0697091327284 87.1293860549945 24.6516276059918 44.6468352848104 15.9749713524572 33.2385508387722 3.22260526148953 31.8652615079421 24.3080645282881 39.4409906429335 36.2592753702823 84.399863787493 54.2250733906176 53.1876224098444 76.5383258164573 2.90069677934036 6.65782208962675 72.5039873233427 37.4010863284075 94.1578039529124 10.8126878310439 32.3106103331933 6.33910135907874 48.5751057365097 22.0446483442989 85.0220980454616 29.5321284083631 19.8724511068058 15.1409955882755 46.4347397990777 84.6252394810426 73.3818396832062 14.1117694680619 10.349070186295 64.079962757958 13.9340065726164 15.0233420419091 7.37075855033116 53.8986450703858 65.7338679972236 31.5748858177752 84.8312668627862 35.313991158663 19.6878166617806 12.3157121728869 20.3730830077824 29.5552476947073 38.4929089230681 4.11872684388044 23.9442645264682 25.0345569595201 7.45256201244553 18.3501388646085 25.0918152553761 5.3796118588976 89.9697489095248 12.1435037667082 90.9388537700351 22.2671755981091 13.5085796319121 19.882428522346 115.956793944389 19.7008544615629 75.0042085181625 4.49797099814485 134.80468612968 5.7713029471214 49.5450903907448 77.7490294929917 108.740583791108 14.6058845553447 13.8280942179477 15.4372264083236 1.68116390295021 94.4677218154872 56.8932985009009 34.5246265859944 4.43792907639885 101.992260398275 16.8644954507758 20.7448134038719 1.4011770464986 33.1656092129294 92.4890983668216 26.8227242509534 120.762833224602 11.5157071379634 41.4365526040013 79.5360835857882 17.2563611252399 88.5570117416282 135.609019049243 26.8773763992036 14.5550089901247 65.4964918522619 26.0107606337401 2.3430125696845 23.2863970695723 31.7082308175453 52.3691594602157 25.490553561221 72.2127247854923 15.2060699039562 52.3276825332979 5.15101898459107 86.6615437482192 8.22132900327921 25.0744616960466 6.45401365427451 12.8486727200007 26.2412909775094 29.8202153782736 11.016259551015 50.0624680834293 15.4660930255923 32.9641800376767 43.4023920499731 40.0202690728403 13.9440777819149 47.5196752890356 21.0386416924695 74.3139715754967 57.6075277185707 11.8091950193773 6.22977981845722 9.6003327108574 25.7202126498669 16.5291884529769 13.836417706188 86.5934081738363 71.2973421746157 17.859631779044 62.6965629262657 5.4598662148016 2.17391092281396 53.0004246248133 90.6013540870701 36.5508851022566 64.0171680876859 3.04167808069957 33.5734627501721 34.4173501905193 23.7659346455445 67.3680467328123 28.2671235037526 87.4567443880256 30.2579811651139 32.7832655127373 20.4676648869557 50.9911711581167 40.3605302413288 23.2124916848552 23.6481616863658 65.3226964248325 28.7412181560825 37.1784789677877 73.0477605632292 98.1728246687349 31.666155058934 23.4274047911178 39.2341318206077 38.1969258846209 106.714450967108 22.9265793196843 34.9249371246084 42.4405582154315 78.4639121991008 6.72212879795053 8.72663938244832 21.3294828480265 51.661080428221 85.9109908594416 13.875263441443 31.7636984452217 25.4033560368095 46.3130061876429 0.124151951896694 38.6545719961767 37.0003059122276 81.4614752263294 20.2005429514431 24.3709636621587 91.112913123922 16.6917083328124 33.8444184971863 51.7133922023311 33.2370609229193 99.3585593271585 43.1346523128923 11.3743134490794 35.2410724620322 74.8961710591239 67.1688887561778 36.3727382989412 31.3832376007355 49.7822768389409 3.78517232569531 8.9063624845552 4.11058645326678 64.5607449768309 105.749575658057 134.125302516298 21.1860450858803 1.24917144751304 0.361168804390852 97.9068203848516 92.9675147399443 6.55062466370832 95.8744338431795 7.0967073520075 107.42619921272 10.6679863985894 14.369842485874 47.8518342155547 63.8375683872372 13.9566161783362 94.4259657651201 43.1326957909092 18.6947882767505 30.8205821711306 68.2613872971145 1.02575260350306 35.148236396392 4.56140157394597 2.85270332472978 75.6220537628317 65.8284083130754 30.0270111276484 44.5337002483269 28.0428991880964 2.3770813203928 19.276283434164 38.6323494974496 71.5365490003329 49.0425967556354 19.1927713136472 40.0847155336209 186.228078679874 29.2578249410376 29.6998190463026 8.2216899438448 113.073715539934 41.7084325804401 14.2186896081827 47.5931981394056 40.4760573179041 70.806130087275 49.1021851442565 73.1180798266373 29.0174917230261 130.573329597007 116.978482671707 16.6857682014392 78.9774958838441 84.9611808019061 45.7157409182603 40.7132388275468 28.2893994603378 101.275482319431 135.066477140263 84.6795505514084 6.45980897850086 17.6154315326877 29.7027644890124 70.9721445308239 42.2519130237751 9.40323321420409 124.833814336496 48.6747054748704 102.078914903646 150.885410210276 48.8225163959077 30.027749013495 16.290286826226 59.853111664016 71.3553859698495 27.934348114367 20.3350517656033 17.5538568762881 3.14697024329576 4.75404480798659 67.4472378890496 32.7349361851268 39.4965885386268 61.6759628459771 71.3611692160829 2.48795020206524 8.6856510476657 2.94462525174495 10.6154607829234 0.70453080122651 37.6994967806678 16.6515715430003 4.95723792523724 57.2503384352861 27.456222502571 26.3149924482772 71.43081906746 36.1389322251263 37.9494491107478 22.1405524216539 6.92098564255097 11.7217446256937 79.5104642034974 87.4754812577013 6.70316876287456 55.5322423380635 22.7330622741752 32.9480015617516 76.7347001765339 24.037112279706 82.3156997015856 70.5829195836206 15.5401154453525 32.4681494873887 20.6004268955921 76.5057457247855 94.8900725526116 103.797901602271 2.32591597049866 33.9932331847771 54.4624537750925 33.5198191702369 160.644804822492 82.5188573027569 7.78041239315937 73.8170816267644 13.4017123781635 37.4539368671966 5.27816762199888 18.6929946100631 109.80096006562 59.5494433949757 39.1289327614391 39.5888244870345 20.0547762068997 87.1223958994267 3.41447588289916 7.862652783308 86.3009846896295 134.315525177338 118.81785566478 109.935667949247 97.0870159852972 125.238305129037 19.6606856827803 29.883362687186 131.801578247 174.119209189622 80.6474525464253 131.984504152325 108.98684829541 60.1238688790382 101.546378049827 92.7924059571926 33.4459360676233 6.61730964113283 1.50506123143155 56.3718573833942 34.6818895410136 25.1595845269066 70.2230142899488 62.7250199629844 84.1737606580464 37.7763048355545 47.9916377090245 87.8163261693403 44.9052468005458 27.9997340072939 30.2683634149084 80.0240147523228 39.6775926222774 15.4734970656236 84.5590307300166 3.05557079657868 74.5716106582023 92.2589440691668 41.8615581263492 33.6041075498332 21.1104678637503 2.21018533542507 50.4551426807662 9.79624021698264 72.8065736706116 15.0024209000366 19.1239036262819 117.067019035601 10.6173975644672 13.918837618484 30.7170281152144 23.7618674170145 22.7102268212462 22.5725503383129 35.6524882285593 71.4503421813539 44.9902904237025 129.756351183884 4.61655877463453 46.1204570286523 14.3727542581802 11.2132640511181 28.4984109747742 59.3784406805067 18.2475518476512 39.5305086374702 17.4218085847345 5.16522165744382 31.7714414938183 102.19348308626 132.186483888523 146.985195087967 32.8787497301063 34.8196732969791 168.623253500977 27.4017118942632 87.7488594562506 61.4630997794849 22.1932920352305 83.5696922816708 2.84011027863991 56.0685806876174 44.373197966473 17.0097572506259 78.9784288612183 79.6466160146789 76.9281148016788 47.161811533406 51.4532485912315 49.0649305236543 39.4656098444252 46.7896234718088 22.3113312152531 66.567897020744 71.1888952073088 54.3137472570598 65.208434002628 10.8608829279587 92.8139716051644 183.63506312256 2.72559098721097 126.454112833888 66.032508937831 38.3999332963587 41.5894314651857 97.8651626542993 39.6384244804473 117.917222758976 40.292216179308 14.9916444030614 69.7909088373379 104.043339212247 0.20430345863545 92.8240354662087 37.2177569096204 108.791704303181 102.166218935506 49.5790593934569 3.99335952381128 8.64024224387602 37.0854610652204 123.536692397369 24.714742507823 78.372403005759 70.8509460040951 27.2957825072067 27.5158494649152 11.9485791126829 129.917574838894 95.2703191271876 5.05242724710406 122.966766096182 20.6367309670912 87.5567779321809 126.608524752121 39.2727395330411 101.016785906239 153.615578761324 51.7610107546646 29.609879022737 76.0660776558777 25.6575053715545 93.2541573106257 50.2505096600932 18.2790149888931 121.010842348289 27.6942271276354 79.4489110152705 3.27848314749923 36.3347248170176 101.169085199393 24.1567542103164 120.788710842698 75.7858026027888 35.3599306152233 21.4738049829264 4.28094937051598 124.667294080358 76.4945822109136 111.24224936769 16.2554366225778 41.1652082859437 120.317555122257 78.3158689229129 60.5662474020269 19.0900121538367 77.323993174232 20.3169991532127 40.2331647159843 2.34439263238247 71.0314968628904 56.7065811784242 9.62593277199365 14.8519981781567 29.5833648576284 41.8515517825717 30.4808501212241 38.8365594142816 0.669421998081772 77.8027766456023 29.9421084380556 19.4538848449419 22.0048093624616 22.8606374085213 17.0215103859171 78.1780062157748 77.5479039650394 70.6515088661974 12.3835728258393 29.3613697702226 60.4983573480004 18.7869570399103 163.591724621781 6.48338642496904 2.03401488418995 55.1523081467951 36.4880061131218 20.1810250049193 20.2419052604352 13.3968236807123 17.2737333649124 6.1517035381669 17.3395640304757 112.456293728407 34.061802443108 33.4725613318422 157.305185854934 35.1996647447948 121.373676693239 5.58951599744313 18.5253639597343 53.5482429375833 35.6433444725361 33.1649554806598 5.98463360578251 44.418907977323 33.9535156643309 133.239103908635 91.9155021658871 0.173549441503254 31.1358108703611 5.12289837301769 16.7958247646715 12.1439999857382 21.6502862329953 19.4220140671247 44.2022939524785 0.981387090463588 102.037849327853 11.2637931186059 21.5252298462801 40.0232595497231 31.8761851945992 18.3206405848006 98.1251047335546 77.578716167061 86.002162021437 131.067781056696 68.4930596950214 75.3802034629165 100.244289524346 48.7427599739985 28.6557194331895 133.485507263377 16.9415359019672 33.5964211732448 14.8329716785183 80.3601684237873 43.0788476388858 7.77989907289401 67.345648332073 53.8739829173802 22.33894089207 132.848807971247 31.0619793769563 56.4852719695869 121.683702656631 27.273468045876 32.6552288656579 94.6225673119338 114.253078493546 150.171610940948 95.620415600415 0.859677550578245 10.4846940183722 73.7379686456007 125.816053573925 0.366943749361222 92.9764768097709 23.5612280938781 76.4405801370026 93.0323852038364 169.363429657666 152.765030608744 63.232689339706 10.2711363931945 56.3966647392589 129.343557324624 6.02887826817412 104.183237028002 99.2170066925212 28.4740504255433 26.4584454199429 7.63068963179401 123.497884520286 15.8615423415286 72.7650712122592 69.2865790613792 96.4761034663412 23.5082202458392 59.5580325241622 36.7578253962722 70.5649385990763 16.7588398927631 49.3094830464002 14.6234934500674 120.95368956792 0.835148888148067 23.9444520507047 57.071579772307 27.2942554286912 126.811744026703 52.750680015963 3.18291056176657 36.6415211553416 5.52541129099671 13.6417701962573 22.4424123145421 112.622613153359 83.8604216635605 41.8615961644691 128.604830844515 61.5499392297406 35.8472774236318 89.3833531581955 45.9480318948096 0.705295345489634 96.2047283891023 47.4953787373485 100.120352534455 19.9499629563874 100.164392021878 10.2326271241366 33.29142216074 9.28838242869337 82.206580129899 134.345711158724 2.98640592178587 26.3327268257983 6.53095913141134 94.4660837104899 122.140598897766 141.765039382221 0.147255410022909 61.9882025426263 36.5664002063942 151.661771810626 93.0377323750752 8.28930660048299 89.2776846231023 20.1103834501463 104.732351952567 81.16855010755 46.0083677925409 124.167879174803 65.4942484672525 24.4409879519118 77.3701723894202 24.2632009927943 132.505241991101 27.4987683119517 2.04499398944932 63.3375517502349 69.325165406114 146.138279760588 120.092255349555 119.559453308136 115.11383592563 87.9183990735778 57.0471240186957 142.380335344282 111.568251246498 20.2142632470563 11.9818859424576 80.2479571196902 11.7313720686689 83.9133023196674 76.794185051031 6.23436262536306 90.8605954945295 39.0513558527817 65.0497908388109 49.9038299902829 140.059101918136 37.5850579618907 25.4435661107269 33.2502855090368 50.4895898452146 14.8560832485011 71.1521640719506 93.895510354962 35.2904409552603 62.4962007082023 30.982774045957 0.838565623465835 101.612416704503 17.4294132092064 72.9040514261468 65.5084587365463 8.04270881362604 10.5646099325363 54.9048037793107 86.5893907863877 112.794595966772 26.0544370743736 27.7771224447705 20.3576735570958 5.26592791503143 114.410296975573 52.131798945018 83.554132593485 5.21037537686675 42.210203500002 27.676453324428 154.223241305762 145.911965054988 31.6843381797242 33.0023768998895 111.151656407629 60.5786498508063 0.00342321333891734 61.8507084614451 94.920878949301 32.442707317892 140.028012866247 79.2874913405782 45.7598039577805 25.3492658228409 61.9302325829788 63.8024338055344 40.6180343527659 28.0745377516637 44.4533192184275 7.04383960110344 2.99668581087371 28.8305258038551 35.405055646709 52.8598274152303 67.4398081956906 5.54421695467416 76.7103005992298 22.3288659551935 14.603032004189 15.2564686528039 91.2407798630967 1.60296887238794 1.40826181492231 15.0272813932367 20.3828920454832 81.0626458883683 61.1193370807989 27.3407011820391 13.2736628756025 73.0186885364317 4.86358249761045 3.11016192883307 24.0094940268151 12.0862120396365 17.5515866444215 59.7885218623411 20.3906433771825 73.8848679548048 37.9049965387536 81.1942223385996 104.037645750029 45.3819414904309 63.3462892771686 16.9366460763984 35.5160880234435 43.7128098865567 27.1706305015356 18.9462545932247 46.2566454121084 6.3301926619175 44.0000013313766 108.355676282756 71.2876378341481 77.7447594785994 0.534464653946763 61.8584033615312 61.2674045277992 59.8490340549128 39.8113300965136 44.6105054368073 61.7064866238648 39.7376060764862 27.7558725717466 6.3817376983286 2.77578009136804 2.46117368106593 39.3656490592585 38.9361167163445 72.5799890375018 61.3871119759483 45.6163712448613 26.1169420158465 7.21210579199536 2.58650209231094 21.1450736456793 43.8285541297218 28.9134605475533 35.6066179034348 22.7265147857707 29.0308285951598 17.2421781951152 126.128325511363 14.2094759521559 25.0295665813027 46.5892418036221 14.5032681214868 41.4341513506843 108.920446289274 15.9696454543095 141.780055394526 45.8803466692963 43.5348496390583
