Instancenumber:
30
Instancename:
A-n45-k6
Customers:
44
Depot:
0
Dimension:
1980
Vehicles:
44
Capacity:
100
Demands:
0 19 2 12 20 6 17 8 14 2 8 5 7 22 14 17 23 15 21 2 24 10 20 6 21 10 6 13 21 24 11 16 8 11 11 22 17 22 17 8 23 5 3 18 12
Uncertainty:budgeted
Gamma:
44
Mean Vector:
20.8806130178211 31.1448230047949 66.6033032213869 66.9103878332804 78.8923316932641 30.2324329156619 28.6006992921502 82.0731381147328 18.6815416922694 69.656299069072 60.4069532421558 49.7393204617835 43.8292140016223 19.6977156035922 35.6931365951495 67.446274915669 56.2227711874824 50.0099990001999 65 54.2033209314706 88.090862182181 45.6070170039655 9.05538513813742 41.7252920900501 36.4005494464026 24.3310501211929 43.081318457076 25 30.1496268633627 69.8569967862919 40.3608721412211 34.828149534536 93.3488082409197 54.1202365109392 25.298221281347 66.7083203206317 47.8016736108685 21.0237960416286 67.3572564761956 65.7875368135941 86.4522989862039 59.2114853723498 42.0475920832573 28.6530975637888 20.8806130178211 50.2195181179589 79.6492310069595 86.1452262171271 86.278618440492 12.0830459735946 40.7185461430047 94.339811320566 38.0131556174964 83.1865373723417 51 70.2139587261678 54.0832691319598 14.142135623731 56.5154846037792 85.842879728024 55.9016994374947 48.7544869729956 54.230987451825 64.6374504447692 98.0815986819138 64.2806347199528 29.4278779391243 25.0798724079689 56.4358042380899 24.0831891575846 34.2344855372474 37.6961536499415 29.4108823397055 58.5491246732178 34.4818792991333 46.9574275274956 105.118980208143 42.2965719651132 14.560219778561 87.5556965593901 33.2415402771893 34.2052627529741 88.2326470191165 56.0357029044876 99.1261822123701 79.0063288604147 42.190046219458 9.4339811320566 31.1448230047949 50.2195181179589 73.0068489937759 56.4003546088143 92.9623579735368 60.9590026165127 46.1735855224608 88.102213366067 28.1602556806574 74.6860093993514 89.8943824718764 22.0907220343745 59.1354377678901 41.7851648315524 21.2602916254693 60.1414998150196 80.6039701255465 75.690157880665 94.8946784598589 67.0820393249937 97.4987179402888 41.8807831827438 26.8328157299975 72.8354309385206 8.06225774829855 53.2353266168247 73.0616178304313 43.4165866921848 58.1807528311554 99.8498873309329 51.1566222497147 50.0099990001999 99.2975326984513 84.5990543682375 47.4341649025257 44.7213595499958 78.873316146844 20.0997512422418 43.0464865000618 95.2575456328789 91.3016976841066 47.2016948848238 67.7200118133481 59.0338885725818 66.6033032213869 79.6492310069595 73.0068489937759 36.6742416417845 26 79.7119815335185 39.1152144312159 15.6204993518133 50.4479930225178 4 71.1969100453102 69.3541635375988 26.2488094968134 85.6037382361308 53.160135440008 30.0166620396073 46.5725240887801 49.3659801887899 76.6876782801514 17.0293863659264 24.738633753706 32.5576411921994 59.4138031100518 81.3941029804985 69.2603782836912 57.5847201955519 66.1211010192662 42.4381903478459 54.817880294663 80.5232885567896 106.962610289764 32.7566787083184 27.0185121722126 75.1065909225016 90.4433524367601 60.8769250208977 79.227520471109 81.4002456998749 66.4906008395172 74.2159012611179 19.8494332412792 40.024992192379 48.0416485978573 80.7774721070176 66.9103878332804 86.1452262171271 56.4003546088143 36.6742416417845 62.6498204307083 91.1975876873944 50.4479930225178 45.3982378512647 48.3735464897913 35.1140997321589 97.5294827218929 42.7200187265877 48.0208288141719 86.1220064791805 35.8468966578698 7.07106781186548 75.8023746329889 75.8023746329889 103.353761421634 45.9673797382448 57.8705451849211 22.0227155455452 57.8705451849211 97.6729235765982 49.5782210249622 71.1969100453102 86.9770084562581 51.7880295048962 71.5681493403316 107.912001186152 103.247275993122 46.8187996428785 54.0092584655631 98.2344135219425 91.98369420718 26.0192236625154 98.7623410010111 72.4499827467198 32.0624390837628 101.71037311897 46.0108682813094 9.21954445729289 71.1125867902441 91.0494371207203 78.8923316932641 86.278618440492 92.9623579735368 26 62.6498204307083 82.6196102629394 50.5371150739731 23.3238075793812 66.7308024828115 27.7848879788996 61 93.0483745156249 35.3411940941446 95.603347221737 75.1664818918645 55.9016994374947 37 42.9534631898291 65.4904573201318 25.9615099714943 16 56.1426753904728 73.824115301167 80.1311425102625 90.6697303403953 62.2253967444162 62.6099033699941 54.1202365109392 57.3846669416143 68.1175454637056 118.004237212059 44.7772263544762 27.1661554144122 68.0073525436772 99.3579387869938 86.6833317310773 75.2396172239067 97.1699542039616 92.1791733527699 62.2896460095897 27.3130005674953 65.8027355054484 46.0434577328854 84.504437753292 30.2324329156619 12.0830459735946 60.9590026165127 79.7119815335185 91.1975876873944 82.6196102629394 42.4264068711929 93.5200513259055 44.6430285710994 83.4865258589672 40.3112887414927 79.9249648107523 53.4883164812653 25.9615099714943 64.621977685614 90.0055553840984 49.2036584005702 42.0119030752 43 63.5609943282828 95.7183368012629 69.1809222257119 37.5765884561119 13 66.6108099335236 22.1359436211787 24.6981780704569 40.1123422402632 25.5538646783613 47.0956473572665 44.2831796509691 48.0520551069359 103.768974168583 31 25.0199920063936 95.5196314900764 21.3775583264319 46.0434577328854 96.7729300992793 45.0998891351187 98.488578017961 84.8528137423857 36.7967389859482 3 28.6006992921502 40.7185461430047 46.1735855224608 39.1152144312159 50.4479930225178 50.5371150739731 42.4264068711929 54.2033209314706 18.0277563773199 42.5440947723653 50.2493781056044 54.5893762558247 15.2643375224737 46.7546789102438 34.9857113690718 48.2597140480546 35.1140997321589 31.3847096529504 55.9732078766261 25.6124969497314 59.5482997238376 29.1547594742265 23.4093998214393 47.3814309619285 46.5725240887801 21.0237960416286 37.1214223865412 3.60555127546399 21.1896201004171 60.8769250208977 68.6221538571911 6.40312423743285 65.299310869258 48.8773976393997 51.4003891035856 61.2209114600559 48.3838816136118 46.8187996428785 64.3816744112795 55.1543289325507 58.821764679411 45.6946386351835 24.2074368738204 42.9534631898291 82.0731381147328 94.339811320566 88.102213366067 15.6204993518133 45.3982378512647 23.3238075793812 93.5200513259055 54.2033209314706 66.0681466366357 13.4164078649987 80.0062497558784 82.7647267862342 40.3112887414927 100.895986045036 67.7790528113222 38.3275357934736 55 59.3043000127309 85.0940655980192 29.9666481275434 12.6491106406735 46.8187996428785 75.0066663703967 93.962758580195 83.9344982709732 71.5541752799933 77.6659513557904 57.6281181368956 68.1542368455549 88.3628881374981 122.429571591181 47.8016736108685 11.4017542509914 85.375640553966 105.603030259553 71.175838597097 90.8019823572151 97.0051545022222 77.1038261048049 82.2192191643779 5.09901951359278 51.0098029794274 59.6657355607052 94.8103369891701 18.6815416922694 38.0131556174964 28.1602556806574 50.4479930225178 48.3735464897913 66.7308024828115 44.6430285710994 18.0277563773199 66.0681466366357 53.0754180388624 64.4049687524185 39.0512483795333 31.7804971641414 38.2753184180093 20.8086520466848 48.7647413609464 52.6307894677631 48.1040538832228 69.8140387028282 40.853396431631 73.5730929076656 26.9258240356725 9.8488578017961 53.665631459995 29.1547594742265 29.0688837074973 48.7954915950234 15.2970585407784 32.649655434629 74.8131004570724 57.6888204074238 22.3606797749979 77.4661216274573 60.8111831820431 43.9658958739612 51.0783711564885 57.4282160614449 31.0644491340181 52.8393792544916 69.6347614342147 70.0927956355002 41 40.3112887414927 43.9317652729776 69.656299069072 83.1865373723417 74.6860093993514 4 35.1140997321589 27.7848879788996 83.4865258589672 42.5440947723653 13.4164078649987 53.0754180388624 75.1332150250473 69.8713102782537 30.0832179129826 88.8144132446981 54.4242592967511 28.2311884269862 50.4479930225178 53.3385414123783 80.6039701255465 21.0237960416286 24.0831891575846 33.5261092284804 62.2414652783817 85.3287759199674 70.5761999543756 61.3514466007119 70.1141925718324 45.7930125674212 58.6941223633168 84.4037913840368 109.98636279103 36.2353418639869 24.6981780704569 79.1012010022604 93.7443331620637 60.0166643524946 83.2165848854662 83.868945385047 65.7647321898295 78.1024967590665 17.0293863659264 39.319206502675 52.0384473250308 84.504437753292 60.4069532421558 51 89.8943824718764 71.1969100453102 97.5294827218929 61 40.3112887414927 50.2493781056044 80.0062497558784 64.4049687524185 75.1332150250473 103.40696301507 49.6588360717405 65.0307619515564 84.3860177991591 93.5200513259055 25.0199920063936 22.1359436211787 5.8309518948453 54.817880294663 76.791926658992 78.2368199762746 63.0634601017102 29.732137494637 92.9623579735368 36.6742416417845 17.464249196573 50.9313263129874 31.9061122670876 10.6301458127346 84.5931439302264 51.6139516022558 87.3670418407308 10.295630140987 65.1229606206597 111.39569111954 21.0237960416286 80.7774721070176 114.629839047257 5.3851648071345 85 94.578010129205 26.6270539113887 43.2897216438267 49.7393204617835 70.2139587261678 22.0907220343745 69.3541635375988 42.7200187265877 93.0483745156249 79.9249648107523 54.5893762558247 82.7647267862342 39.0512483795333 69.8713102782537 103.40696301507 63.6003144646314 63.3245607959503 19.6977156035922 48.3011387029333 89.4706655837543 85.9592926913664 108.853112036358 68.7313611097583 93.9042065085478 37.0135110466435 42.8018691180654 90.8019823572151 14.3178210632764 67.8969807870718 87.783825389419 53 71.7007670809734 113.850779531806 73.0273921210391 56.0802995712398 93.1450481775601 99.7647232241938 69.1230786351418 24.1660919471891 95.6713123146118 42.190046219458 21.3775583264319 108.600184161906 84.8999411071645 34 78.5493475466219 78.390050389064 43.8292140016223 54.0832691319598 59.1354377678901 26.2488094968134 48.0208288141719 35.3411940941446 53.4883164812653 15.2643375224737 40.3112887414927 31.7804971641414 30.0832179129826 49.6588360717405 63.6003144646314 61.5223536610881 44.1474801092882 43.8634243989226 28.2842712474619 27.7848879788996 55.4616984954482 10.6301458127346 44.5533388198909 30.6104557300279 38.4837628097877 55.4436651025164 58.1377674149945 31.3847096529504 41.194659848092 18.8679622641132 28.6356421265527 59.9416382825828 83.6301381082203 9.48683298050514 51.0392006206994 51.4198405287298 65.8559033041078 64.8151216923952 54.0370243444252 61.8465843842649 69.065186599328 53.7121960079831 45.1774279923061 46.0108682813094 23.7697286480094 54.6260011349907 19.6977156035922 14.142135623731 41.7851648315524 85.6037382361308 86.1220064791805 95.603347221737 25.9615099714943 46.7546789102438 100.895986045036 38.2753184180093 88.8144132446981 65.0307619515564 63.3245607959503 61.5223536610881 53.0094331227943 86.9770084562581 68.0073525436772 61.0327780786685 68.3593446428504 72.1248916810278 106.075444849409 65.1459898996093 28.4604989415154 38.8973006775534 49.0407993409569 34.928498393146 48.0416485978573 43.2781700167648 40.853396431631 72.691127381545 22.4722050542442 53.1507290636732 112.044633963434 56.4358042380899 6 83.2946576918352 47.2969343615419 23.0217288664427 83.0240928887513 70.1141925718324 105.422957651548 78.0896920214186 53.851648071345 23.0867927612304 35.6931365951495 56.5154846037792 21.2602916254693 53.160135440008 35.8468966578698 75.1664818918645 64.621977685614 34.9857113690718 67.7790528113222 20.8086520466848 54.4242592967511 84.3860177991591 19.6977156035922 44.1474801092882 53.0094331227943 39.0512483795333 69.778220097678 66.3701740241805 89.9388681271896 50.0399840127872 77.884529914483 21.0237960416286 27.2029410174709 74.3034319530397 16.1554944214035 49.8196748283246 69.3541635375988 33.6005952328229 53.0377224247045 94.9210198006743 68.0073525436772 36.4005494464026 78.7908624143688 81.3941029804985 59.0084739677277 31.04834939252 78.2368199762746 36.7695526217005 32.2024843762092 89.4986033410578 70.6823881882892 26.8328157299975 59.0762219509677 63.5688603012513 67.446274915669 85.842879728024 60.1414998150196 30.0166620396073 7.07106781186548 55.9016994374947 90.0055553840984 48.2597140480546 38.3275357934736 48.7647413609464 28.2311884269862 93.5200513259055 48.3011387029333 43.8634243989226 86.9770084562581 39.0512483795333 71.0211236182588 71.5541752799933 99.3176721434811 40.6078810084939 50.8035431835222 21.8403296678416 58.5234995535981 95.6347217280419 53.8144961882948 69.2603782836912 83.9344982709732 50.0399840127872 69.0507060065283 103.754517973918 105.118980208143 43.9317652729776 47.0425339453563 94.8683298050514 92.7200086281273 33 96.1041102138717 74.9466476902069 39.0128184062623 97.4935895328508 39 14.3178210632764 67.4166151627327 90.0888450364417 56.2227711874824 55.9016994374947 80.6039701255465 46.5725240887801 75.8023746329889 37 49.2036584005702 35.1140997321589 55 52.6307894677631 50.4479930225178 25.0199920063936 89.4706655837543 28.2842712474619 68.0073525436772 69.778220097678 71.0211236182588 7.21110255092798 30.2654919008431 30.8706980808663 52.3927475897189 58.7962583843564 55.145262715849 44.2040722106007 81.6088230524127 33.2415402771893 26.4007575648882 37.3630833845388 27.2029410174709 33.9558536926993 90.0777441991084 33.6154726279432 62.6498204307083 31.04834939252 70.2637886823647 92.9569792968769 38.4707681233427 77.1038261048049 97.0051545022222 27.6586333718787 60.00833275471 74.2765104188397 14.3178210632764 51.6139516022558 50.0099990001999 48.7544869729956 75.690157880665 49.3659801887899 75.8023746329889 42.9534631898291 42.0119030752 31.3847096529504 59.3043000127309 48.1040538832228 53.3385414123783 22.1359436211787 85.9592926913664 27.7848879788996 61.0327780786685 66.3701740241805 71.5541752799933 7.21110255092798 27.8567765543682 32.7566787083184 57.8705451849211 57.3846669416143 49.6487663492256 37.4432904536981 77.2528316633119 26.4764045897475 19.723082923316 33.1058907144937 20.3960780543711 32.2024843762092 83.0060238777885 31.1448230047949 67.6830850360709 26.0768096208106 63.1585306985525 91.2195154558497 32.310988842807 71 94.9210198006743 25.9422435421457 64.3816744112795 73.4098086089318 8.06225774829855 44.407206622349 65 54.230987451825 94.8946784598589 76.6876782801514 103.353761421634 65.4904573201318 43 55.9732078766261 85.0940655980192 69.8140387028282 80.6039701255465 5.8309518948453 108.853112036358 55.4616984954482 68.3593446428504 89.9388681271896 99.3176721434811 30.2654919008431 27.8567765543682 60.4400529450463 81.3941029804985 84.0535543567314 68.0955211449329 31.4006369362152 98.1835016690686 41.6773319683494 21.9317121994613 56.5685424949238 37.2021504754766 5 87.1435597161374 57.4282160614449 92.1357693840997 12 68.0073525436772 117.1537451386 22.3606797749979 85.0705589496155 120.341181646185 3.60555127546399 90.0499861188218 100.404183179786 32.4499614791759 46 54.2033209314706 64.6374504447692 67.0820393249937 17.0293863659264 45.9673797382448 25.9615099714943 63.5609943282828 25.6124969497314 29.9666481275434 40.853396431631 21.0237960416286 54.817880294663 68.7313611097583 10.6301458127346 72.1248916810278 50.0399840127872 40.6078810084939 30.8706980808663 32.7566787083184 60.4400529450463 33.9705755029261 32.8937684067971 48.3735464897913 64.5368112010502 65.1229606206597 41.5932686861708 49.0917508345343 29.2061637330205 38.2753184180093 64.5135644651572 94.175368329516 19.4164878389476 40.4969134626332 58.2151183113115 76.4852927038918 66.2419806467168 62.2012861603359 71.5541752799933 71.1125867902441 58.1893461039046 34.928498393146 46.0434577328854 31.0161248385416 64.8459713474939 88.090862182181 98.0815986819138 97.4987179402888 24.738633753706 57.8705451849211 16 95.7183368012629 59.5482997238376 12.6491106406735 73.5730929076656 24.0831891575846 76.791926658992 93.9042065085478 44.5533388198909 106.075444849409 77.884529914483 50.8035431835222 52.3927475897189 57.8705451849211 81.3941029804985 33.9705755029261 57.2712842531054 81.8413098624405 94.4298681562142 93.962758580195 74.4043009509531 77.2528316633119 63.1268564083465 70.178344238091 84.0951841665146 128.144449743249 53.2634959423431 11.4017542509914 83.4326075344646 110.34491379307 83.4865258589672 90.1387818865997 104.623133197205 89.3588272080604 78.2304288624318 14.2126704035519 63.0713881248859 59.9332962550868 97.3498844375277 45.6070170039655 64.2806347199528 41.8807831827438 32.5576411921994 22.0227155455452 56.1426753904728 69.1809222257119 29.1547594742265 46.8187996428785 26.9258240356725 33.5261092284804 78.2368199762746 37.0135110466435 30.6104557300279 65.1459898996093 21.0237960416286 21.8403296678416 58.7962583843564 57.3846669416143 84.0535543567314 32.8937684067971 57.2712842531054 36.6878726556883 75.9275970909129 37.1618083521241 49.4772675074119 66.2117814289874 30.0832179129826 50.3289181286465 88.8144132446981 83.6480723029527 26.6270539113887 57.7754273026172 77.8267306264371 70.8801805866774 34.2052627529741 77.4919350642375 54.2033209314706 38.5875627631495 82.8009661779378 49.6588360717405 16.5529453572468 51.6139516022558 69.0289794216893 9.05538513813742 29.4278779391243 26.8328157299975 59.4138031100518 57.8705451849211 73.824115301167 37.5765884561119 23.4093998214393 75.0066663703967 9.8488578017961 62.2414652783817 63.0634601017102 42.8018691180654 38.4837628097877 28.4604989415154 27.2029410174709 58.5234995535981 55.145262715849 49.6487663492256 68.0955211449329 48.3735464897913 81.8413098624405 36.6878726556883 48.0104155366312 30.4795013082563 26.4196896272458 46.3249392876019 19.9248588451713 31.3847096529504 73.0616178304313 48.0104155366312 29.0688837074973 86.3712915267567 58.0086200490927 34.2052627529741 58.2408791142441 53.0377224247045 23.4093998214393 59.2368128784795 68.425141578224 79.1959594928933 50.1597448159378 41.5932686861708 36.4005494464026 41.7252920900501 25.0798724079689 72.8354309385206 81.3941029804985 97.6729235765982 80.1311425102625 13 47.3814309619285 93.962758580195 53.665631459995 85.3287759199674 29.732137494637 90.8019823572151 55.4436651025164 38.8973006775534 74.3034319530397 95.6347217280419 44.2040722106007 37.4432904536981 31.4006369362152 64.5368112010502 94.4298681562142 75.9275970909129 48.0104155366312 77.987178433381 26.4764045897475 17.8044938147649 45.8911756223351 27.0185121722126 35.0570962859162 56 52.0384473250308 103.464969917359 19.6468827043885 37.4833296279826 104.694794521982 9.05538513813742 58.8302643203309 106.470653233649 33.9558536926993 99.040395798886 92.1791733527699 34.5398320783411 15.8113883008419 36.4005494464026 56.4358042380899 8.06225774829855 69.2603782836912 49.5782210249622 90.6697303403953 66.6108099335236 46.5725240887801 83.9344982709732 29.1547594742265 70.5761999543756 92.9623579735368 14.3178210632764 58.1377674149945 49.0407993409569 16.1554944214035 53.8144961882948 81.6088230524127 77.2528316633119 98.1835016690686 65.1229606206597 93.962758580195 37.1618083521241 30.4795013082563 77.987178433381 56.6127194188726 76.6093989011792 44.2718872423573 61.057350089895 103.174609279609 59.2114853723498 49.4974746830583 94.9368210969801 88.4081444212014 54.817880294663 36.6742416417845 83.4505841801003 28.0178514522438 35.0142828000232 98.2700361249552 86.8158971617526 40.3608721412211 69.462219947249 64.8999229583518 24.3310501211929 24.0831891575846 53.2353266168247 57.5847201955519 71.1969100453102 62.2253967444162 22.1359436211787 21.0237960416286 71.5541752799933 29.0688837074973 61.3514466007119 36.6742416417845 67.8969807870718 31.3847096529504 34.928498393146 49.8196748283246 69.2603782836912 33.2415402771893 26.4764045897475 41.6773319683494 41.5932686861708 74.4043009509531 49.4772675074119 26.4196896272458 26.4764045897475 56.6127194188726 20 19.4164878389476 6.08276253029822 46.6476151587624 57.2450871254468 26.1725046566048 81.9878039710785 31.8904374382039 37.7359245282264 79.2590688817374 28.6530975637888 45.2769256906871 81.5414005275848 42.0475920832573 76.4852927038918 65.8027355054484 18.9736659610103 23.259406699226 43.081318457076 34.2344855372474 73.0616178304313 66.1211010192662 86.9770084562581 62.6099033699941 24.6981780704569 37.1214223865412 77.6659513557904 48.7954915950234 70.1141925718324 17.464249196573 87.783825389419 41.194659848092 48.0416485978573 69.3541635375988 83.9344982709732 26.4007575648882 19.723082923316 21.9317121994613 49.0917508345343 77.2528316633119 66.2117814289874 46.3249392876019 17.8044938147649 76.6093989011792 20 36.8917334913934 16.4012194668567 26.8328157299975 68.4470598345904 40.1621712560464 86.6833317310773 12.0415945787923 48.6621002423858 97.9081201943945 13.1529464379659 63.3245607959503 100.603180864225 22.8035085019828 82.7647267862342 82.7647267862342 18.1107702762748 27.5136329843952 25 37.6961536499415 43.4165866921848 42.4381903478459 51.7880295048962 54.1202365109392 40.1123422402632 3.60555127546399 57.6281181368956 15.2970585407784 45.7930125674212 50.9313263129874 53 18.8679622641132 43.2781700167648 33.6005952328229 50.0399840127872 37.3630833845388 33.1058907144937 56.5685424949238 29.2061637330205 63.1268564083465 30.0832179129826 19.9248588451713 45.8911756223351 44.2718872423573 19.4164878389476 36.8917334913934 20.591260281974 61.5223536610881 65.0691939399898 9.89949493661167 68.7677249878168 48.8262224629348 48.0104155366312 61.0327780786685 47.5394572960189 43.3243580448689 63.8905313798532 55.9732078766261 62.2012861603359 46.4865571966778 25.5538646783613 40.4474968323134 30.1496268633627 29.4108823397055 58.1807528311554 54.817880294663 71.5681493403316 57.3846669416143 25.5538646783613 21.1896201004171 68.1542368455549 32.649655434629 58.6941223633168 31.9061122670876 71.7007670809734 28.6356421265527 40.853396431631 53.0377224247045 69.0507060065283 27.2029410174709 20.3960780543711 37.2021504754766 38.2753184180093 70.178344238091 50.3289181286465 31.3847096529504 27.0185121722126 61.057350089895 6.08276253029822 16.4012194668567 20.591260281974 42.2018956920184 63.0713881248859 25.1793566240283 78.2623792124926 28.4253408071038 43.4165866921848 81.5414005275848 27.2029410174709 51.1566222497147 84.2021377400835 37.2155881318568 73.1641988953614 66.8505796534331 13 27.2029410174709 69.8569967862919 58.5491246732178 99.8498873309329 80.5232885567896 107.912001186152 68.1175454637056 47.0956473572665 60.8769250208977 88.3628881374981 74.8131004570724 84.4037913840368 10.6301458127346 113.850779531806 59.9416382825828 72.691127381545 94.9210198006743 103.754517973918 33.9558536926993 32.2024843762092 5 64.5135644651572 84.0951841665146 88.8144132446981 73.0616178304313 35.0570962859162 103.174609279609 46.6476151587624 26.8328157299975 61.5223536610881 42.2018956920184 91.0219753685889 62.2012861603359 95.005263012109 16.2788205960997 72.1110255092798 122.024587686253 26.0192236625154 89.8109124772708 125.2557383915 6.32455532033676 93.2630687893123 105.118980208143 37.2021504754766 50.0899191454728 40.3608721412211 34.4818792991333 51.1566222497147 106.962610289764 103.247275993122 118.004237212059 44.2831796509691 68.6221538571911 122.429571591181 57.6888204074238 109.98636279103 84.5931439302264 73.0273921210391 83.6301381082203 22.4722050542442 68.0073525436772 105.118980208143 90.0777441991084 83.0060238777885 87.1435597161374 94.175368329516 128.144449743249 83.6480723029527 48.0104155366312 56 59.2114853723498 57.2450871254468 68.4470598345904 65.0691939399898 63.0713881248859 91.0219753685889 74.9666592559653 133.689939786059 75.1664818918645 19.9248588451713 95.7548954362125 65.00769185258 31.5753068076939 94.1912947145329 89.3588272080604 126.81088281374 94.578010129205 76.0591874792257 41.3037528561268 34.828149534536 46.9574275274956 50.0099990001999 32.7566787083184 46.8187996428785 44.7772263544762 48.0520551069359 6.40312423743285 47.8016736108685 22.3606797749979 36.2353418639869 51.6139516022558 56.0802995712398 9.48683298050514 53.1507290636732 36.4005494464026 43.9317652729776 33.6154726279432 31.1448230047949 57.4282160614449 19.4164878389476 53.2634959423431 26.6270539113887 29.0688837074973 52.0384473250308 49.4974746830583 26.1725046566048 40.1621712560464 9.89949493661167 25.1793566240283 62.2012861603359 74.9666592559653 58.8982172905089 51.478150704935 57.8013840664737 60.1082357085949 52.1727898429823 52.3927475897189 63.7808748764079 56.2227711874824 52.4309069156733 43.0464865000618 25 48.7647413609464 93.3488082409197 105.118980208143 99.2975326984513 27.0185121722126 54.0092584655631 27.1661554144122 103.768974168583 65.299310869258 11.4017542509914 77.4661216274573 24.6981780704569 87.3670418407308 93.1450481775601 51.0392006206994 112.044633963434 78.7908624143688 47.0425339453563 62.6498204307083 67.6830850360709 92.1357693840997 40.4969134626332 11.4017542509914 57.7754273026172 86.3712915267567 103.464969917359 94.9368210969801 81.9878039710785 86.6833317310773 68.7677249878168 78.2623792124926 95.005263012109 133.689939786059 58.8982172905089 93.5574689696125 116.661904664719 80.0249960949702 99.724620831568 108.406641862941 86.0523096726636 89.0505474435727 8.24621125123532 60.5309838016862 68.9492567037528 105.190303735658 54.1202365109392 42.2965719651132 84.5990543682375 75.1065909225016 98.2344135219425 68.0073525436772 31 48.8773976393997 85.375640553966 60.8111831820431 79.1012010022604 10.295630140987 99.7647232241938 51.4198405287298 56.4358042380899 81.3941029804985 94.8683298050514 31.04834939252 26.0768096208106 12 58.2151183113115 83.4326075344646 77.8267306264371 58.0086200490927 19.6468827043885 88.4081444212014 31.8904374382039 12.0415945787923 48.8262224629348 28.4253408071038 16.2788205960997 75.1664818918645 51.478150704935 93.5574689696125 56.0089278597618 109.859000541603 10.770329614269 73.7360156233031 112.614386292338 14.3178210632764 90.448880590088 94.3663075467086 27.6586333718787 34 25.298221281347 14.560219778561 47.4341649025257 90.4433524367601 91.98369420718 99.3579387869938 25.0199920063936 51.4003891035856 105.603030259553 43.9658958739612 93.7443331620637 65.1229606206597 69.1230786351418 65.8559033041078 6 59.0084739677277 92.7200086281273 70.2637886823647 63.1585306985525 68.0073525436772 76.4852927038918 110.34491379307 70.8801805866774 34.2052627529741 37.4833296279826 54.817880294663 37.7359245282264 48.6621002423858 48.0104155366312 43.4165866921848 72.1110255092798 19.9248588451713 57.8013840664737 116.661904664719 56.0089278597618 89.2748564826626 46.2709412050371 28.1780056072107 88.9550448260243 70.0285656000464 110.208892563168 84.0119039184329 56.3560112144215 22.0227155455452 66.7083203206317 87.5556965593901 44.7213595499958 60.8769250208977 26.0192236625154 86.6833317310773 95.5196314900764 61.2209114600559 71.175838597097 51.0783711564885 60.0166643524946 111.39569111954 24.1660919471891 64.8151216923952 83.2946576918352 31.04834939252 33 92.9569792968769 91.2195154558497 117.1537451386 66.2419806467168 83.4865258589672 34.2052627529741 58.2408791142441 104.694794521982 36.6742416417845 79.2590688817374 97.9081201943945 61.0327780786685 81.5414005275848 122.024587686253 95.7548954362125 60.1082357085949 80.0249960949702 109.859000541603 89.2748564826626 107.912001186152 64.2806347199528 6.08276253029822 116.180893437777 72 20.8806130178211 84.9588135510378 94.5568612000208 47.8016736108685 33.2415402771893 78.873316146844 79.227520471109 98.7623410010111 75.2396172239067 21.3775583264319 48.3838816136118 90.8019823572151 57.4282160614449 83.2165848854662 21.0237960416286 95.6713123146118 54.0370243444252 47.2969343615419 78.2368199762746 96.1041102138717 38.4707681233427 32.310988842807 22.3606797749979 62.2012861603359 90.1387818865997 77.4919350642375 53.0377224247045 9.05538513813742 83.4505841801003 28.6530975637888 13.1529464379659 47.5394572960189 27.2029410174709 26.0192236625154 65.00769185258 52.1727898429823 99.724620831568 10.770329614269 46.2709412050371 107.912001186152 66.1891229734916 110.136279218067 25 95.9009906101079 93.9840411984928 31.2569992161756 24.3310501211929 21.0237960416286 34.2052627529741 20.0997512422418 81.4002456998749 72.4499827467198 97.1699542039616 46.0434577328854 46.8187996428785 97.0051545022222 31.0644491340181 83.868945385047 80.7774721070176 42.190046219458 61.8465843842649 23.0217288664427 36.7695526217005 74.9466476902069 77.1038261048049 71 85.0705589496155 71.5541752799933 104.623133197205 54.2033209314706 23.4093998214393 58.8302643203309 28.0178514522438 45.2769256906871 63.3245607959503 43.3243580448689 51.1566222497147 89.8109124772708 31.5753068076939 52.3927475897189 108.406641862941 73.7360156233031 28.1780056072107 64.2806347199528 66.1891229734916 63 86.1278120005379 100.895986045036 63.5609943282828 63.0079360080935 43.6004587131833 67.3572564761956 88.2326470191165 43.0464865000618 66.4906008395172 32.0624390837628 92.1791733527699 96.7729300992793 64.3816744112795 77.1038261048049 52.8393792544916 65.7647321898295 114.629839047257 21.3775583264319 69.065186599328 83.0240928887513 32.2024843762092 39.0128184062623 97.0051545022222 94.9210198006743 120.341181646185 71.1125867902441 89.3588272080604 38.5875627631495 59.2368128784795 106.470653233649 35.0142828000232 81.5414005275848 100.603180864225 63.8905313798532 84.2021377400835 125.2557383915 94.1912947145329 63.7808748764079 86.0523096726636 112.614386292338 88.9550448260243 6.08276253029822 110.136279218067 63 119.519872824564 78.0064099930256 26.4764045897475 88.3911760301898 95.6347217280419 65.7875368135941 56.0357029044876 95.2575456328789 74.2159012611179 101.71037311897 62.2896460095897 45.0998891351187 55.1543289325507 82.2192191643779 69.6347614342147 78.1024967590665 5.3851648071345 108.600184161906 53.7121960079831 70.1141925718324 89.4986033410578 97.4935895328508 27.6586333718787 25.9422435421457 3.60555127546399 58.1893461039046 78.2304288624318 82.8009661779378 68.425141578224 33.9558536926993 98.2700361249552 42.0475920832573 22.8035085019828 55.9732078766261 37.2155881318568 6.32455532033676 89.3588272080604 56.2227711874824 89.0505474435727 14.3178210632764 70.0285656000464 116.180893437777 25 86.1278120005379 119.519872824564 87.1435597161374 99.0454441153151 31.2409987036266 48.0936586256442 86.4522989862039 99.1261822123701 91.3016976841066 19.8494332412792 46.0108682813094 27.3130005674953 98.488578017961 58.821764679411 5.09901951359278 70.0927956355002 17.0293863659264 85 84.8999411071645 45.1774279923061 105.422957651548 70.6823881882892 39 60.00833275471 64.3816744112795 90.0499861188218 34.928498393146 14.2126704035519 49.6588360717405 79.1959594928933 99.040395798886 86.8158971617526 76.4852927038918 82.7647267862342 62.2012861603359 73.1641988953614 93.2630687893123 126.81088281374 52.4309069156733 8.24621125123532 90.448880590088 110.208892563168 72 95.9009906101079 100.895986045036 78.0064099930256 87.1435597161374 52.3450093132096 64.7610994347687 99.7446740432791 59.2114853723498 79.0063288604147 47.2016948848238 40.024992192379 9.21954445729289 65.8027355054484 84.8528137423857 45.6946386351835 51.0098029794274 41 39.319206502675 94.578010129205 34 46.0108682813094 78.0896920214186 26.8328157299975 14.3178210632764 74.2765104188397 73.4098086089318 100.404183179786 46.0434577328854 63.0713881248859 16.5529453572468 50.1597448159378 92.1791733527699 40.3608721412211 65.8027355054484 82.7647267862342 46.4865571966778 66.8505796534331 105.118980208143 94.578010129205 43.0464865000618 60.5309838016862 94.3663075467086 84.0119039184329 20.8806130178211 93.9840411984928 63.5609943282828 26.4764045897475 99.0454441153151 52.3450093132096 67.955868032128 84.4807670419723 42.0475920832573 42.190046219458 67.7200118133481 48.0416485978573 71.1125867902441 46.0434577328854 36.7967389859482 24.2074368738204 59.6657355607052 40.3112887414927 52.0384473250308 26.6270539113887 78.5493475466219 23.7697286480094 53.851648071345 59.0762219509677 67.4166151627327 14.3178210632764 8.06225774829855 32.4499614791759 31.0161248385416 59.9332962550868 51.6139516022558 41.5932686861708 34.5398320783411 69.462219947249 18.9736659610103 18.1107702762748 25.5538646783613 13 37.2021504754766 76.0591874792257 25 68.9492567037528 27.6586333718787 56.3560112144215 84.9588135510378 31.2569992161756 63.0079360080935 88.3911760301898 31.2409987036266 64.7610994347687 67.955868032128 38.8973006775534 28.6530975637888 9.4339811320566 59.0338885725818 80.7774721070176 91.0494371207203 84.504437753292 3 42.9534631898291 94.8103369891701 43.9317652729776 84.504437753292 43.2897216438267 78.390050389064 54.6260011349907 23.0867927612304 63.5688603012513 90.0888450364417 51.6139516022558 44.407206622349 46 64.8459713474939 97.3498844375277 69.0289794216893 36.4005494464026 15.8113883008419 64.8999229583518 23.259406699226 27.5136329843952 40.4474968323134 27.2029410174709 50.0899191454728 41.3037528561268 48.7647413609464 105.190303735658 34 22.0227155455452 94.5568612000208 24.3310501211929 43.6004587131833 95.6347217280419 48.0936586256442 99.7446740432791 84.4807670419723 38.8973006775534
Deviation Vector:
10.9108051789406 3.7056419580709 81.2304816408497 37.0244873721991 13.1486113032366 14.5037269520376 40.0347356027578 105.540538438223 20.7425440467055 30.2493201463685 22.7779371909467 77.9144841935574 20.7802672468094 25.3346597159063 54.7206781648932 80.1908151014928 54.4659326136849 18.0263837804956 17.2558468200176 71.6747303326522 137.378101553747 31.1678504599033 7.53878427915312 17.7695646724264 46.5738105947966 3.80752781585779 67.4132984403428 40.2883503922509 47.5736468362302 33.6384214822143 44.575107739513 16.5122160201161 56.0572285361233 37.7588611212777 25.9926536408174 51.1772131601248 56.2829023075287 16.8376629945727 28.7457896238252 43.5120531415607 106.781673799163 47.5966076253679 25.2921997259676 2.37605374681701 9.68166538307701 25.524314996676 101.30452258693 123.396133533697 74.951139051507 18.5759651520422 45.9470211297929 75.6482111371257 22.5954966464684 27.8324770140969 62.6147289099064 17.3813199911572 26.5585374824523 16.4923618792055 13.1532073840256 37.9975091776775 1.19479247316861 65.1920737237272 49.7160224665733 40.1971703459573 40.0652875557324 20.4315941692208 40.8772515964581 39.7745380998439 63.1367585190895 4.56342712068066 21.2586491897677 27.4255207927453 29.214617494076 71.5754502560985 27.9464069995571 68.4167124433932 10.9738625220278 19.287411080945 18.3905585169602 85.2008993576583 12.2001883558938 26.1714177966064 13.1139290566061 53.8743433567014 109.009805794477 108.741843798225 51.0067876085721 15.0073416202004 28.535175434881 72.4021401015919 29.71887097228 52.8799777950846 107.140771976087 80.698459836608 72.0062779323036 137.528183852028 0.431404065840191 98.749021247554 136.69126124429 25.0521043296365 89.3935636634587 21.5278174675734 5.00151555562081 52.8437023776314 8.97462429114422 79.1505584736215 67.3092782966829 14.4720708328667 146.415978775169 14.4919335401451 31.8999795469727 17.654786487084 8.95843116176263 71.2007073378107 87.9531623266674 25.3777995034331 63.2712317271085 78.5272368196353 28.0823236484269 18.8716670484373 59.7592902854469 80.8781844671787 62.373092253613 5.72400732804869 51.5427095407264 25.0857699512173 2.69704465654966 63.7089034656901 86.1803225531198 74.7311613748078 11.9537182068917 48.9530572712478 31.4425718900167 32.7970268222244 5.95350046817534 21.3968339787916 37.8946425668019 63.0403990884495 31.2595643650761 20.8199817051261 57.3533382971431 1.44665131786462 112.153330000589 43.1168946220111 1.91060532842984 98.6781429905704 64.1222891593826 34.8278069191189 14.5697037056146 6.3589508233854 117.918068611301 15.5760906080125 26.8372121417456 39.9233190127339 61.9479342754152 9.11383567266393 58.7295525216996 63.6487634989935 51.6259401232989 7.02414110458877 58.2270773372049 77.0845712340821 106.401180716435 50.2578713915772 36.9900628545791 80.8370969200294 44.4404714616813 73.0647474519475 19.078379285512 105.049367738731 60.2884543941358 102.246165678731 0.513030631358574 34.2466417376428 17.921040545004 7.96743560434593 25.5609422068926 136.044106087288 71.0033568466204 25.4833383496699 5.11900362994444 106.720475534631 81.1968580331949 52.9587785153357 37.2525167651642 36.0208424772054 124.692408388819 69.1233016945757 24.2401278420741 37.2859100068118 5.63596138663728 11.080186157059 105.383361013289 87.3223869337598 152.437285789258 52.0790327724278 34.833844007897 7.48606857700184 40.9037701801246 82.3120942450708 0.203674466726072 114.87881086868 51.6705870591657 1.55127181498121 60.3192331457657 104.362034123391 13.2764258827169 57.3455319725352 49.6884591574828 136.30078733802 26.9834947120982 26.063641277026 91.9844287825744 20.0339685940715 17.3746263385505 7.64118486431299 59.9219839964923 1.7891816845067 4.7528387024773 16.4601128526386 49.46603527665 19.3314612728392 11.2866997526898 10.1633881609887 86.2082098950659 131.88729238074 77.0112785110577 8.20098291524029 20.6797912771844 16.7911098558138 72.8551182531177 29.2178296723175 20.904886688105 15.4946633246073 25.8543483071544 80.1819570366264 41.7794943788405 20.2976489150709 67.6406867718404 10.977275163964 3.73935439331597 74.4554932354901 105.165106097802 93.3592829644348 145.31682414501 21.1622387632552 77.6493055183428 69.2037337888946 30.6522527468171 89.0325914177588 172.225486172231 51.993566478924 41.5941545290764 107.512627483681 154.209531148397 111.023077037709 116.68693943981 140.85472277697 0.558409199681499 14.6021957459512 11.6776846869197 78.9898713972826 25.2516597372996 86.115646076957 41.1909782308817 10.7828152282627 50.4167165754115 68.9752868272664 124.479408829418 19.2955227741311 54.650949321059 149.505975261465 69.6310747880342 90.6935485912773 45.8495396561566 122.771893061376 76.2965710358017 19.5035723868242 76.7998140773531 30.0820255882115 21.2533917632963 42.9188266356505 64.301556903753 21.4012269289251 93.4343841797851 98.3130041943468 60.7798688359334 11.7086347047157 82.8855016399368 35.938830490685 28.0346137689865 1.82631091644328 30.6035469903418 2.69263428496833 47.1437159923215 44.868135749637 98.5354770244347 8.22461815397408 4.32097751013594 65.7329980764259 10.6643400730883 67.2619509510101 63.915436923109 19.4940336270588 90.6898787900466 14.5530752560837 12.5839365090276 2.16265874075762 26.3915577121825 62.3169818313652 48.718227759571 52.9896377722065 46.6984001308569 46.7038643830633 2.76046335965417 14.9312431616303 12.9602285491446 2.39149499668046 59.0998775312369 18.3902665806014 0.815381529103651 32.0210759759062 13.379008953749 60.3741937019318 26.056347360615 45.4139878011325 31.2566352415006 1.67168353976376 5.11964346384806 21.315696596863 17.6373548761634 27.7101497770886 26.3420245277402 29.7255157420687 37.7551853229552 5.35939668218451 33.5941982070785 82.7352599605635 39.8674020941723 5.64641462829488 82.4824715071039 0.475801561744729 31.3636323658319 34.435115137585 45.1849515494282 31.6142786443337 53.948006128312 1.45844150537552 43.0257489420936 17.717014354901 8.79520423364319 33.7131894591884 88.0316957816186 70.3529761502177 36.0829890891222 2.9413866210585 25.713763027206 22.5769705225351 23.7139972117612 35.361111940603 4.80687985407203 13.5103457910067 98.9845716095847 52.8344672064884 32.0295247630644 63.3563828328804 33.784670632881 28.884296273792 19.8357390234302 64.0144148633344 0.773809222495893 48.6596752676567 13.7768726513296 28.993775608627 41.9978740858756 37.2746695834614 108.655212515171 100.022883152187 32.8635025663584 23.030383594317 10.8530862422773 69.4943772543122 145.019671013617 58.8841856997511 17.4698330474672 136.095030442469 149.971782542712 33.6138253436732 84.9640817971364 4.59535192352656 86.7143258335782 82.9151008289767 5.37627342287172 37.518144225666 1.22240270396956 21.1031776054884 25.4712752868012 19.726565729585 27.4900541697835 4.93130693681962 77.3185021314962 65.7494607026924 4.24997646077588 19.1306067703112 106.010990918878 34.7708206104159 93.8941578577068 49.7024240738451 13.558757706339 9.74737868595083 0.958051656221309 28.5703208504712 54.7955213849426 59.194736061514 13.3609202005495 38.687784183445 88.1614453636586 43.3916462796334 13.9780425812015 27.2431188564871 0.949043785194558 26.6722476389878 73.9792977332626 16.6267690976122 0.872272312945756 114.95757066709 75.5440287541412 31.0849725229705 33.2478160159189 40.0966949972774 65.41740794223 20.4931232698616 1.05164037941988 49.178491334828 77.2714916386763 113.009045169759 42.8888737096268 53.0503216736695 51.1665423333159 45.6242247281578 107.868013609367 109.417475683969 121.320359386058 3.85344029384976 32.2887212379052 5.26352856130763 23.7106007665315 20.9093764633405 2.34274934942555 4.08228070611094 75.0671698558375 14.47525052499 29.916795410857 78.9457680759222 70.4302194758351 28.829239474796 40.3147995328757 52.125593553588 63.2741722501867 25.824107665126 0.247519486918899 21.6768972125778 0.198634619086591 2.43954513918285 42.5809991137634 89.9152016331843 1.76175829569041 55.6486184781385 66.5086923443711 109.253338235434 69.0054298042299 38.2416977569163 24.288035472186 49.4746138931071 36.7838340860133 16.5997344585285 67.8130488755212 56.728093723918 50.5113150105485 77.2837069240033 12.8283125435735 5.53756743256578 62.2737141781187 10.2611019529895 62.2022986013452 44.0862916906676 102.714295676786 14.4181636423642 21.0030661272324 18.3772218181819 57.6789490492753 11.3376983816868 75.832609182385 92.3586562107144 19.1002590340229 160.401495250995 63.2286238210775 18.1660547946439 96.2036380197471 72.9508095280788 39.3754187809044 3.12330794293105 1.21913436381095 51.0248372085524 58.8653410136699 47.0566646134269 76.1423099231259 47.0200261995223 118.7923366371 12.8032389116625 16.4971750037648 20.6176641403872 15.6321864410332 5.47416926459139 44.5162795286295 78.4358721651615 120.514413644043 0.437616221915825 6.24071023532384 177.648786593509 7.22737089274129 123.320403832555 22.2424983158707 6.95550333814657 113.419975921511 42.3951769052139 32.3898461551157 42.4787902861238 36.1904159222269 51.2648265566729 2.98173995834541 46.8150582032337 37.2185208952291 32.0139301039265 128.34517486412 0.623981415352837 78.2558102364245 46.3486433515474 111.296967365225 61.7370435699595 97.6884457990256 57.6991216054191 19.734015971204 19.2997814389812 127.596934290626 131.3529060466 31.8820461878033 81.0473006585041 147.484793806604 14.387898686708 49.1193600959548 26.152160526731 4.1384638876883 91.0930391235604 138.664879657846 86.039962221389 11.7264206554364 133.171058096189 71.4439583530402 49.9758687673861 25.4729037418686 111.067496548748 108.257992922514 27.6628128094609 139.426695441378 65.2105399825132 24.7151466088629 84.3309549940195 93.9128824046253 38.1706192806671 107.891979729711 79.6276906028935 17.859731775602 40.5112857168739 83.6979454381796 5.44060511048785 31.2515240529625 2.89462559766444 74.1594148238872 9.08278672250293 18.9715133430891 28.8475689159876 26.5648725708211 37.7242376276876 39.6232143638708 51.4522697628243 33.4071971042505 34.5007804220571 10.7387161211757 3.01993284440004 2.84811823848196 6.9430437290311 54.4434694358506 49.5128916305426 6.59982500755093 58.3816019906916 89.3465917664524 41.6670356636713 8.36955211652234 19.1815868769908 23.5941032082374 94.5116275015651 33.9592473288142 11.6823372619944 35.6986444987892 10.0309472607426 94.7466917480372 87.5151159833215 14.9674159562011 74.1423958343234 22.025880475792 40.1557632691758 21.693245094287 55.30325150417 35.8275882112715 60.2624363882858 8.11414517411912 9.0177393420682 11.0056596469924 67.7642838234632 64.2763177236995 30.0901646551341 37.5079141743552 15.9891033027674 30.8650632270367 61.8623772216443 123.893287942675 14.0708506183619 83.4316145810495 98.321276975796 65.3603286959649 44.8035969992501 105.310809362145 0.775934337094444 8.21685328353478 44.8336367270135 22.0417050415052 101.555946669731 9.83288541680619 18.856523662256 55.482984482922 23.2067299801848 59.2059013868922 69.7446159750982 9.80570425224476 80.9284371886428 24.4582830733354 34.6518874704957 13.9634724096083 76.2880060375503 8.66135599814898 72.5466833910607 1.89945163319757 29.0526070378777 100.703500635233 24.2644092654505 131.975441219167 76.6501685659272 30.2884335418666 21.7718710169119 34.0283815647746 9.55624793084278 31.0010008552103 46.5435368715222 6.51711615996708 118.640166802759 96.7485178555322 13.630325133303 102.408563895775 4.50075552878552 47.5871622384626 85.7307757706424 17.3477634539256 21.209131776488 53.0694835277343 43.7655548468929 111.207976666624 30.7404438139611 13.1607990196498 4.6043482777945 14.6880118350444 33.4255194559567 26.1958284646845 16.9966996524752 19.7987011866574 27.3796632334912 39.8659546364148 28.5950969896502 81.2082355132707 107.949795993915 11.4067573872945 31.237303340998 102.928436525422 132.338079381112 6.33418813072355 46.2047287734821 123.450850160145 58.9963585969975 8.09587929010176 130.89031359396 13.7432250498761 30.2078343358033 50.3373494000206 68.3451446017712 108.331867708495 19.4744743898193 34.251246797512 47.2337439596612 4.8792375232462 40.0167571143215 3.53289345238944 42.4017286146193 26.0391813785362 48.8734747898945 31.2621617036473 26.0499152440641 74.9539516832741 2.44907127649817 98.2473553251431 56.8820697102282 84.7348157836746 92.8277150894451 68.3712458170085 35.4546379475068 65.8847720480938 17.3795159910288 43.0092696487868 119.392366662373 41.6468883353122 68.3123008876012 91.0319602932065 48.4553953804197 33.541057478307 32.1938396197047 43.8476022379244 20.4543970260514 25.2689161720079 93.6003736529917 38.277903681268 40.4969001997995 7.31645245459836 33.8822710742684 18.7046415557189 73.6579890145869 56.7182837265487 22.7196787156737 69.7131764219498 124.30228524519 0.916409476801264 30.0358754831651 97.5331723247428 56.3244734375132 15.7865445041997 10.0674578607013 22.4439843981947 52.8506919734055 58.7315755957122 62.6859336025926 56.8643834740189 5.38926722829311 49.2998050184491 16.5576733800386 80.5024787366698 72.3433884329345 63.6129609022535 11.5439334683856 45.4695564398082 44.2328055808437 50.3570017707448 16.9829522472123 57.0022416849885 45.8517788356563 60.4663689549672 50.2985366928276 4.39429063849174 21.2558088133816 40.085941624798 40.7643703813004 29.034535712774 50.0832938307919 6.98315670388685 47.5771524888827 75.388499072801 29.7204424533979 6.85182693355182 117.897912648569 19.2545595801242 34.4613182067567 65.6362102069221 98.4667570926773 20.9233482192169 0.952573982470426 14.2395893940824 49.6679715508266 79.8695776284552 58.272864824985 75.2904329278092 39.9994811648139 41.4624328305154 10.2956057923364 72.3555404673582 18.9650136439077 72.8241919700325 7.40792914557175 24.1568932420843 42.559943958049 55.1464600168027 8.51330572196529 79.133990739177 8.83996316070012 45.076671073582 39.8777990875604 65.5033014322102 61.1002029807095 76.3159631253124 49.0506502026922 74.7407408705838 2.8928510447745 18.334664318563 14.3984653888652 29.2671434239939 24.622303366359 37.6330468736538 2.90671558585392 10.6262198030305 39.3393388258885 80.448467310675 104.924882824025 26.2842622990368 45.0374340782859 140.32091568878 10.5637934439035 66.2216935161952 89.3592607532931 5.98107007671467 58.1559880637476 72.9746067512829 1.03416589705112 136.44687934591 46.1868261601024 128.670469301387 93.6310277592709 8.31278842669112 42.0078928492255 73.8694709890792 7.26708788900662 34.9944391870386 1.22000156464526 23.2241975797148 75.6362895751015 44.0336783308918 1.97395250597075 49.8594972287638 33.2172064354918 3.2112380060392 39.8312057842158 79.748035431257 116.753017830203 12.4560625311768 5.24103237553513 38.9803975489314 1.45312682169352 12.5912764054897 80.6438662990201 46.5820058222788 6.5798661305663 96.6297469154059 42.9834539255141 123.005202461736 11.0446614054506 91.8605598794488 111.723581378874 16.1831503165056 131.354489464252 9.3629844041793 5.73940452135121 1.96414075375751 51.4025700424012 5.66924683690412 10.8176000808553 13.516576035933 52.9288576754157 17.2476599065976 12.7956840517615 13.3323440341811 9.66779786214533 89.6469650413011 32.5231537682167 4.04775585423922 65.0928976903771 30.2053984892923 29.1681074588263 0.127114096185799 4.08720051102033 23.8979440510729 62.7492146228116 3.00982000036558 44.4599223051404 12.3200700579404 85.1698249915094 24.9425894982612 3.30607320078382 35.625454841963 94.092959793967 1.18700825028617 33.8681217577555 69.8797655672768 1.16938141062033 50.7617131834866 103.102975681694 25.9174453000415 30.5924978668527 32.019755355559 30.9888977265682 53.5883987037738 71.5884202099231 56.2739184607294 34.6822743911763 51.4983817756549 60.5042365426394 15.7766031778108 24.6129751347022 48.7534139955076 29.4097405043635 80.9600074808196 27.1557248167018 7.91379343530254 24.5696751178312 5.25008847403561 7.31642919838908 74.2761505243245 49.1250999072817 7.05547671506632 111.275792037063 15.8127848306161 44.2330401531041 65.7682507510472 20.2137096197271 65.3478258097331 31.1737614289862 21.6174617304283 46.6952735981987 20.2260070084271 98.9900761507604 48.3595444697578 60.1429230368222 54.8784902654819 66.2834039994632 144.217848167723 103.773800635194 8.91258559610709 22.736888862102 21.2600089594965 5.12111117532713 104.27242210841 65.0876578733598 3.85111700819599 74.6620212437301 64.9731134454625 35.7728543610829 121.881606425456 142.790177417043 112.006716598154 22.1856671368571 17.778795719648 17.8929349897975 51.5189867886233 31.6330744381048 33.6301687274636 94.8560966440378 30.3718696963254 37.8613179331407 16.3092482132245 60.3366776416626 52.0751053899495 15.6791601041411 23.3390762711489 38.3231350009215 41.5631010067765 31.8418282547173 44.1078324681831 41.4799963527205 49.9780895042268 31.4223970508621 30.9256669906323 92.9498663220019 62.564157592264 10.7091564013741 27.940402173321 3.0200249203978 20.3946155565272 43.6752740959323 52.6782361953307 9.05426636621909 56.8637696514764 31.3498130458126 23.4880978285744 8.17770429810051 114.350690041819 32.061159455036 90.5763977717806 36.2592995592643 52.4965308689893 23.3263273545481 119.384101038634 80.945917145762 47.0668775548945 34.1763223421174 64.0755663678441 13.7905888497105 42.310308402452 59.0638412626996 5.08791988144527 46.6995760871372 19.4243759771778 20.8845565668219 89.2046232348285 13.8654455406682 17.9961386817209 17.8969278876888 18.0427947970716 10.1917378658327 83.3874756703629 2.00166961922284 52.1246601599644 22.0208869476938 30.5621248718974 1.58209584398504 38.8765016464832 44.9181955925001 62.6687143117414 41.2437779634911 61.939467587088 30.8159683914864 47.2402864868125 57.3578341286958 7.4236843689189 23.2763629290078 74.4649467646738 30.5623164431528 2.75550446834895 58.51127367917 36.640177672878 18.8850197817208 65.7647350453502 86.2631794361016 34.2454405829444 39.4013845892279 2.57481604795108 34.6481009091266 85.3628194478209 19.7814414363021 70.3705293405664 57.90638314847 13.3446453739397 17.4733276116546 4.18530419361389 34.9784031560715 39.1991714295319 62.2335165650383 56.931380035993 13.9495295783499 17.8135132233988 11.2281255050533 51.7374851214972 55.358857662169 122.162542799738 23.6126721798379 25.9901732999823 78.3292300921299 27.2947494828945 27.7914758714417 56.1638068743928 64.7538663497679 38.3303685802837 42.3498235687048 85.5509150933323 37.6322152329358 30.2853994605244 65.9740458899764 19.6736832654764 5.65456346611862 0.657192535615458 52.3540432887996 36.9615749376926 12.5416155561717 90.7681330658126 76.4088552829954 13.0451676098587 10.4659366410265 22.7360661729475 74.2245004035489 6.40021850436201 20.6193836126469 100.714197373882 42.6961862185258 136.877867850923 69.2502524938324 14.6876260351364 0.662882056575887 19.5719544841308 63.6003598656892 3.35350542785446 77.9149587765447 47.8672556832643 130.531988157258 56.4396526798629 30.9594676212647 17.7787585617052 36.3319847751992 29.1178853206797 43.1424577472155 20.9003922120226 26.1320735967589 78.7063403228522 19.4093786507469 43.4408695264848 130.527554857962 80.6040759030503 91.6362861438112 32.9382817805176 2.21746068831433 0.592050661681882 36.9585867196509 29.1741260741796 54.4538256192996 64.6299198634556 5.74578050296153 5.29837418013468 130.914800510524 10.1671032245661 30.9091905399269 73.0511678805145 51.9538816269635 6.74651966695448 3.98338640821404 33.4600336269788 27.18785683888 27.0791212501643 60.2172555924159 51.2393867933135 47.8658673313191 74.8009853050957 27.4921613033087 0.221097047753371 25.4180836654276 86.508412577113 47.0075952618793 73.226899741346 64.8421942278939 2.72917540751509 32.2567751503371 76.2519133459218 4.04706516751019 68.7458069504955 52.801432653975 74.7606081353603 10.602010793285 54.821171983502 59.1790905412882 111.278891023459 3.81906359015771 4.92408715581302 31.2496802216707 29.2212568319134 22.99477736996 42.4720668825952 29.1542329713366 33.8746519000891 0.30818587601126 1.79863414793206 4.72383284146136 7.24694887766575 54.4279827992579 38.17665153254 31.4195184003103 48.8543298062947 21.2253701169842 14.7341096892401 128.747279373198 2.32891090748111 23.2607807559601 124.949002591342 48.2257472346929 49.9424469454858 67.5476416801405 18.2209516933848 2.97048733460866 58.776936230734 30.9311475188567 96.1181897454406 88.9100287762758 88.5771029375149 94.0123564386984 11.5614442431723 3.51164545818693 14.3109929395951 64.7284379528103 84.0040163888294 25.562270551753 116.925310008652 53.0601468999329 3.87386357827616 62.2116684395136 69.5379901794774 19.7354594104119 9.29246497727688 31.2384865851325 69.3718206548002 66.5610245811753 94.1791249267877 69.227294448504 24.4873127648087 101.76676495037 20.2994368164226 14.8292552903534 11.9492147570951 9.36343764937465 36.254909503539 18.7371094395013 108.567681687081 2.63602058385324 8.99494881376634 63.1031874577288 1.23797217146706 41.3480413557303 74.3571422316552 6.34814764582264 29.2270079980454 25.7291137237822 2.09596752982088 1.61661173508773 39.9726278271891 7.40224184884808 41.4963117901652 33.9946356441493 48.8827108166772 77.2251188025444 24.029120288019 2.63443085076124 38.1597159254127 6.04374865304569 27.4162335468905 20.9414706735765 5.14796756767199 30.4466816502912 35.191108107825 27.743606450456 16.8274468625759 50.1717361861848 42.7802335520209 89.8728875526566 45.6120056023698 93.2427398745938 18.2578643930155 0.587803473305218 23.1143723015537 59.59107503753 5.97805897796605 31.6092635368731 0.629065150027102 26.0618624682361 59.5752917886313 0.0307836743215023 42.6347599653889 11.9621143798249 38.6074982171442 95.4480583468394 2.16616706335023 60.7924767191715 42.6913962554931 39.6143375156615 10.6949235871538 58.8935887268176 28.5924292070147 10.8832895675506 37.8142753270525 8.99091380738353 63.6939588141322 87.1878585563993 1.58669275775154 43.6489914933801 39.6825446418507 33.562148215618 41.6669278328654 17.4174263324461 94.6969041502333 35.5765972528388 18.1506122767817 8.44570516820986 14.1150993145671 15.0464842396005 49.6165895943558 34.3049338490845 5.84966927010083 49.7963837017012 57.6452359799831 76.5612063618089 64.2232936168024 48.6975751661694 23.4466746753642 19.4114623763459 3.85054473327421 17.0530189672854 32.6333759560334 5.300063319369 82.5486485580921 30.5347937929662 33.7536654274275 22.0929509002273 51.0946514654951 36.9756731492936 41.8344747997175 56.4461516201479 34.6078362609173 19.4593810702209 0.769500632780541 26.610549389166 0.150502565513719 7.17236426548382 48.4106844795626 20.9069123885021 54.6533715977109 113.662639768292 174.618636737896 56.8208634700931 52.9232339354685 91.1863412273223 26.3997753753771 57.8653298845151 120.120806797043 12.4007643819209 124.255260491307 25.7658193616887 42.1580264322869 99.6536144650394 57.6290681250912 8.91098173897108 20.4873564585819 4.9336261369056 67.0718976823889 15.7009888404433 127.909107542335 69.4944590633459 45.2272893561806 23.1985550289114 68.7613163311423 34.8993273804479 38.3227437892282 62.696641933648 142.384082639295 81.8509565267691 20.5566062864943 7.89998568616372 79.4020897000216 25.4037442954582 34.3310974718751 53.7520699138151 9.98539598767762 10.2345009232786 127.953933019653 157.982100710269 43.0963426776128 41.9257262824162 12.3662193501592 3.86377642519633 13.3274205088469 92.1833716388178 38.6641240041076 105.817481984143 9.84006003757568 97.0410962981676 132.644004415462 2.07945956560139 81.2762904549726 63.2070823961319 19.0523839547708 49.0641245210791 9.47124181026539 60.1049865869974 46.8799140178866 32.374087676821 47.5923562144867 57.718958596989 79.54935806567 6.16676460056887 72.8180577473313 25.8199799993363 36.2110671579005 56.2656481842752 30.321041752629 26.8482540690241 53.798671846929 3.89540922535916 111.889466480907 84.9509452041135 23.2372207584626 111.981493421445 7.34560630932536 52.5019396042387 49.4162569281564 18.6569973740652 31.656380597187 19.4128161805034 79.5001746637395 101.676376934082 73.3541297683466 36.670002318848 1.23247695994978 65.078278232943 7.26487989905094 15.7676697907335 5.56935792016984 32.1782052197308 54.9571723705776 6.17036733440068 36.6520459445816 8.67334973946471 54.4055189485815 72.9500524746377 75.042892837426 3.84002400506697 9.52893839368323 19.6045722500436 20.4957490829267 47.3487092511342 1.41448701071082 36.7741730357146 24.6972517936136 22.0554471250121 31.6501239574516 11.7957964872076 52.2962920462602 75.4703543870572 16.3063440842498 0.222035411208995 9.63655295699674 39.9714283056244 55.5669788808786 75.6283321545846 79.3372049900591 53.4657150978908 86.1346764783441 88.1173372601765 6.82905735198549 52.7877262436394 51.2340064084174 50.4681143081262 73.1632827344667 29.2020943613136 17.1169600629361 53.9928131726315 101.111616243524 90.8185759053261 1.93069180936652 41.8704568147142 34.8982648713395 1.76199529593274 58.494549508757 19.0530957742266 5.46077666627641 9.76069671607961 17.2286759138301 129.643663876205 2.27137610931136 67.4024744749856 166.882096595469 78.619430455119 60.295577550061 47.3896321022979 25.7402053293402 92.3570129878702 6.83122767862678 2.78365714924655 48.6488423320316 25.8749584459124 129.505208045241 1.80090426357915 98.1577395687339 88.4827810671231 47.9554884239934 20.0004577621802 47.6568599658682 20.6107299767539 65.9375143917621 48.749697509595 9.04336021675571 11.1494092314044 58.4313292647003 69.5122332342081 37.0975849103613 94.8271326503828 6.32663370162596 68.3197320946912 63.6001525798446 83.2688964518223 44.5371784445233 33.2239259507226 13.7964995942161 35.924182792558 151.469620271396 36.9542338662475 45.9020286895622 4.11839401358472 67.2357710000917 42.3488140380703 30.3620397640006 4.25070362265423 71.3684863201486 81.2979343720595 80.9077075351391 114.987284259827 19.9481970419094 9.59088134812351 40.8595101946621 15.9574651338218 48.316706187501 1.50702420930898 114.336249673059 82.1341250375338 12.9528017039241 24.2125412970393 27.2477696367383 17.1773018859253 68.4810248729388 4.27779450611295 9.63305845287547 45.0345443803693 48.1831138067213 70.6204606096001 60.3462587782444 93.5521988339413 13.9822675738169 68.707587837267 105.387444421848 6.57766569415466 0.168040921093749 124.531788508178 24.1257666195177 24.3856776435403 32.2395386819669 9.89435445805907 23.8879763960515 134.276915062279 90.9211485008622 44.1296151156277 29.726134554262 9.87253975433757 48.810842591541 45.3227948156378 150.737744987632 73.034805998831 90.1872880722694 55.0581076101076 5.52985532302442 63.7843406258979 91.4711950367193 106.336981046145 3.39289759406425 20.1422336990828 49.0948480916177 124.817789046821 81.3522579743231 10.732293848386 16.3659612358517 25.0640257504998 29.176117942013 21.3372402072754 7.22756617132388 0.828775517632002 83.3389572353385 28.3913555887961 40.382125954142 3.84524188308678 71.8722141562715 5.42245783907843 22.0762553956887 23.809780846407 22.4887442715175 65.7791649592404 27.4965059559876 19.6950027062715 24.4846758295172 34.2283490530566 71.4092662233794 118.734881609139 45.1157544888953 26.217007439071 32.3460035285329 92.1044445886552 69.4268397813535 15.8377537124134 40.3818973440157 12.6792344028125 34.3571342781428 111.838348401245 17.0480791302557 87.2168798844444 120.148489200073 26.5772679485231 45.0355753521834 90.3364406876768 59.7097275859205 51.1967462295496 66.5579341092119 26.0022186656377 17.025453726147 86.3058833261846 121.072366518844 27.5259954415969 62.9991932163486 137.651573651258 60.116371245882 100.240136802137 162.75757745744 41.0893416583325 57.6484342586847 57.3205467834801 94.4529758299336 51.4124468796368 16.4540669534078 101.987570145916 5.07659981189282 83.6305760580227 15.0108528306097 29.3800201521597 8.27998906782063 86.4191654372367 53.8403476880265 51.1889863833632 11.3253537259518 68.5077579488068 87.441580319421 60.0533298589224 27.8271945050723 12.7635614929574 100.755250604585 9.94078678017071 9.93026031628455 13.448945030826 88.3671193056818 49.3996666981697 19.830729685149 22.0856805347134 49.7004431551924 4.87600037682919 22.9861096110938 33.0094893000301 52.4374647956315 141.623143370728 32.9939798308652 52.7993356943798 13.867605062782 105.177857351458 2.54985226764754 1.49363886025997 49.4915761243067 5.07196977770707 26.734696649306 35.1720997716777 5.218004344758 116.786209746131 15.1403012514034 45.5948123348879 37.0032899710444 71.5568846599169 137.580633521915 36.3129388025204 120.278704658577 128.618637532923 14.5617930737611 13.4186799257528 13.7990098676547 30.2769435018578 16.7591125731037 95.5235199399399 73.312147040899 150.146940085659 47.1203090412387 10.7019891438332 144.539752123813 45.0173818164728 102.663011188884 112.692372768807 45.6992516422678 81.2094482941085 34.731865053598 18.3073277542867 112.384617051967 70.149683606833 73.7646604067025 136.073946836232 32.5249149894032 85.6167677263415 51.9584465592334 18.667871746913 16.065762897356 16.2902514733339 28.2357735962209 96.7145498290042 14.0195078232067 55.7349838168206 40.6342413788919 30.9420985487046 18.2487024738585 139.436867276087 38.8665907774546 38.3278928335929 77.4641303426204 102.625724602798 100.093718297067 92.0506980737912 138.56121275826 75.4171586477357 52.7703762802938 36.1943990312438 58.8207638200515 63.5124828095511 57.1670990708405 49.6317831954219 0.105556347911 68.2701994677342 69.6421247840454 29.4766163898959 120.201777145882 2.74148023708279 82.5540524573804 23.5794792232063 13.538563448364 17.4439318043921 8.85359379844556 30.814602809599 52.357891875936 54.2337378376359 29.4731578511672 7.70535335530636 15.5718464336368 74.8475326541 54.9577671443601 84.3572111649143 81.1043574068765 48.5535648118585 70.6548341037862 51.1783526613134 60.4957279937327 6.53949511712337 167.699032095709 18.2528741450556 50.8648634157868 89.5408014713739 105.883791283849 71.2339711383727 0.941724742246893 3.69312779941053 79.2935579695944 10.4499750394607 6.66296621963933 23.4998208389212 25.9104597236411 68.7348656265957 75.0075269452088 22.4015531636837 4.694170596362 63.5192613835796 97.5253827864978 22.4106085107713 41.4874128830423 64.9623347650572 98.4482337295302 49.9831496907737 76.192902386967 1.79215423512561 51.9242937021318 11.5854451543294 59.0017760670624 127.53450329381 28.6006327867925 15.323359514379 41.9946268588875 3.933126738492 92.7861961351058 72.9625142135994 21.9665726997684 8.41830614919038 32.8079390738234 149.755828827272 8.84943628388741 23.9803869774894 43.9474742613142 18.7416357809638 0.910652792527584 26.714209769403 50.7899225103134 17.2104054308031 16.5345872498097 16.51816295236 64.2534032340226 11.2095155058819 121.759395575985 14.8309500087515 101.62427702134 75.5628040727769 14.2734630680505 0.863217169148135 84.6026795764875 128.704657912015 131.742636424605 25.2477730335804 10.4013915294332 39.2041450229779 72.5340720596102 11.4275766606924 3.78184945315897 70.2165511883155 5.40349345555831 6.93005099784032 76.3540471370418 23.8431303784699 119.458922473928 4.11003590349292 40.2231503467805 76.6382257908144 22.9908437040554 27.7701982073627 51.3585836940309 21.488533791813 27.0275157215436 31.448128682863 33.0758262248542 28.7902591945719 39.862629528672 124.158165023385 68.0814676458722 71.559176981115 141.581030793317 56.6583981311699 34.0858204657456 11.0060062888106 8.35867763730676 96.5620672323791 82.3459997254617 79.4909115973122 108.003879557107 20.2060426266603 17.8038820906749 72.6418806113766 22.0550758566188 110.082887932738 17.1223414215808 116.431634764842 54.8386801647485 52.8544218006164 10.3672016455168 99.947578934153 0.218610565279895 44.2565038823891 71.6422167617781 22.4204535361599 53.6950895181547 10.6018897762122 29.8677966690341 11.9837418900696 125.898589820807 9.30169580641727 17.7328695595532 111.709455268913 58.2468791982347 26.3341137453082 55.8183077952378 55.872512045862 18.8447692258204 36.5988080273703 8.14873680144534 23.5124794949298 65.0575565024386 24.2257535597927 15.9896313217603 88.8602048002856 146.783207057937 59.8806592351683 50.6480921882908 56.402901657013 30.8884501762323 56.6850092416367 17.2130082536801 31.0054607259559 1.07466387755224 15.9516995281571 86.8372676686323 72.3684130953026 48.5601861613645 10.8862487734765 0.699523114050617 29.5528252501057 32.2018415820618 60.2996575005003 41.1095468828197 58.4274255609312 55.8366535682783 3.97102636514127 31.5320559083453 41.5022205141612 46.5060634488653 16.4256842438274 126.629376500253 6.08544446223764 48.9826932807757 19.4784074402873 106.872370398089 9.73029407612346 7.7627582070234 36.8468569247687 49.9792403036204 77.3245387033748 9.49067191984834 33.6657318955667 55.957221186617 13.9470158445774 26.7887434123056 15.7649554184121 40.4597686968422 6.50168089081661 37.177400589975 121.690863584075 30.0149608983161 101.689751365534 33.9857603226514 8.58549144250422 94.9385964166187 35.0030566652478 19.9347930674215 1.73237768484109 16.3404412997804 78.3655957360444 43.2524495817549 19.7909015823722 42.0079800700073 14.5855413279504 49.500823676256 115.107550700656 54.5670118924374 14.7900883168886 2.80244344837295 25.1003584135107 138.915923516147 49.1168491931667 117.779333003179 63.1566933131526 103.381698622048 64.421001018734 16.2313751375427 81.0998161083266 4.78316943852436 3.92513897065563 55.4816067841173 57.6698481213087 100.569432432201 82.9221554831223 97.0572436614729 37.9300162602134 5.45961716302025 6.23532701331716 24.6925739745006 23.891223501618 52.8304199853132 1.95179974475719 68.980837851108 47.3296022654213 78.8922751467075 61.9896891727944 32.1144005983489 13.0105839773577 72.2727739700537 6.13978022232724 51.2367249027628 57.6853183710642 65.9060714918325 94.0154739720659 36.8140735738598 41.3414183228757
