Instancenumber:
31
Instancename:
A-n45-k6
Customers:
44
Depot:
0
Dimension:
1980
Vehicles:
44
Capacity:
100
Demands:
0 19 2 12 20 6 17 8 14 2 8 5 7 22 14 17 23 15 21 2 24 10 20 6 21 10 6 13 21 24 11 16 8 11 11 22 17 22 17 8 23 5 3 18 12
Uncertainty:budgeted
Gamma:
13
Mean Vector:
20.8806130178211 31.1448230047949 66.6033032213869 66.9103878332804 78.8923316932641 30.2324329156619 28.6006992921502 82.0731381147328 18.6815416922694 69.656299069072 60.4069532421558 49.7393204617835 43.8292140016223 19.6977156035922 35.6931365951495 67.446274915669 56.2227711874824 50.0099990001999 65 54.2033209314706 88.090862182181 45.6070170039655 9.05538513813742 41.7252920900501 36.4005494464026 24.3310501211929 43.081318457076 25 30.1496268633627 69.8569967862919 40.3608721412211 34.828149534536 93.3488082409197 54.1202365109392 25.298221281347 66.7083203206317 47.8016736108685 21.0237960416286 67.3572564761956 65.7875368135941 86.4522989862039 59.2114853723498 42.0475920832573 28.6530975637888 20.8806130178211 50.2195181179589 79.6492310069595 86.1452262171271 86.278618440492 12.0830459735946 40.7185461430047 94.339811320566 38.0131556174964 83.1865373723417 51 70.2139587261678 54.0832691319598 14.142135623731 56.5154846037792 85.842879728024 55.9016994374947 48.7544869729956 54.230987451825 64.6374504447692 98.0815986819138 64.2806347199528 29.4278779391243 25.0798724079689 56.4358042380899 24.0831891575846 34.2344855372474 37.6961536499415 29.4108823397055 58.5491246732178 34.4818792991333 46.9574275274956 105.118980208143 42.2965719651132 14.560219778561 87.5556965593901 33.2415402771893 34.2052627529741 88.2326470191165 56.0357029044876 99.1261822123701 79.0063288604147 42.190046219458 9.4339811320566 31.1448230047949 50.2195181179589 73.0068489937759 56.4003546088143 92.9623579735368 60.9590026165127 46.1735855224608 88.102213366067 28.1602556806574 74.6860093993514 89.8943824718764 22.0907220343745 59.1354377678901 41.7851648315524 21.2602916254693 60.1414998150196 80.6039701255465 75.690157880665 94.8946784598589 67.0820393249937 97.4987179402888 41.8807831827438 26.8328157299975 72.8354309385206 8.06225774829855 53.2353266168247 73.0616178304313 43.4165866921848 58.1807528311554 99.8498873309329 51.1566222497147 50.0099990001999 99.2975326984513 84.5990543682375 47.4341649025257 44.7213595499958 78.873316146844 20.0997512422418 43.0464865000618 95.2575456328789 91.3016976841066 47.2016948848238 67.7200118133481 59.0338885725818 66.6033032213869 79.6492310069595 73.0068489937759 36.6742416417845 26 79.7119815335185 39.1152144312159 15.6204993518133 50.4479930225178 4 71.1969100453102 69.3541635375988 26.2488094968134 85.6037382361308 53.160135440008 30.0166620396073 46.5725240887801 49.3659801887899 76.6876782801514 17.0293863659264 24.738633753706 32.5576411921994 59.4138031100518 81.3941029804985 69.2603782836912 57.5847201955519 66.1211010192662 42.4381903478459 54.817880294663 80.5232885567896 106.962610289764 32.7566787083184 27.0185121722126 75.1065909225016 90.4433524367601 60.8769250208977 79.227520471109 81.4002456998749 66.4906008395172 74.2159012611179 19.8494332412792 40.024992192379 48.0416485978573 80.7774721070176 66.9103878332804 86.1452262171271 56.4003546088143 36.6742416417845 62.6498204307083 91.1975876873944 50.4479930225178 45.3982378512647 48.3735464897913 35.1140997321589 97.5294827218929 42.7200187265877 48.0208288141719 86.1220064791805 35.8468966578698 7.07106781186548 75.8023746329889 75.8023746329889 103.353761421634 45.9673797382448 57.8705451849211 22.0227155455452 57.8705451849211 97.6729235765982 49.5782210249622 71.1969100453102 86.9770084562581 51.7880295048962 71.5681493403316 107.912001186152 103.247275993122 46.8187996428785 54.0092584655631 98.2344135219425 91.98369420718 26.0192236625154 98.7623410010111 72.4499827467198 32.0624390837628 101.71037311897 46.0108682813094 9.21954445729289 71.1125867902441 91.0494371207203 78.8923316932641 86.278618440492 92.9623579735368 26 62.6498204307083 82.6196102629394 50.5371150739731 23.3238075793812 66.7308024828115 27.7848879788996 61 93.0483745156249 35.3411940941446 95.603347221737 75.1664818918645 55.9016994374947 37 42.9534631898291 65.4904573201318 25.9615099714943 16 56.1426753904728 73.824115301167 80.1311425102625 90.6697303403953 62.2253967444162 62.6099033699941 54.1202365109392 57.3846669416143 68.1175454637056 118.004237212059 44.7772263544762 27.1661554144122 68.0073525436772 99.3579387869938 86.6833317310773 75.2396172239067 97.1699542039616 92.1791733527699 62.2896460095897 27.3130005674953 65.8027355054484 46.0434577328854 84.504437753292 30.2324329156619 12.0830459735946 60.9590026165127 79.7119815335185 91.1975876873944 82.6196102629394 42.4264068711929 93.5200513259055 44.6430285710994 83.4865258589672 40.3112887414927 79.9249648107523 53.4883164812653 25.9615099714943 64.621977685614 90.0055553840984 49.2036584005702 42.0119030752 43 63.5609943282828 95.7183368012629 69.1809222257119 37.5765884561119 13 66.6108099335236 22.1359436211787 24.6981780704569 40.1123422402632 25.5538646783613 47.0956473572665 44.2831796509691 48.0520551069359 103.768974168583 31 25.0199920063936 95.5196314900764 21.3775583264319 46.0434577328854 96.7729300992793 45.0998891351187 98.488578017961 84.8528137423857 36.7967389859482 3 28.6006992921502 40.7185461430047 46.1735855224608 39.1152144312159 50.4479930225178 50.5371150739731 42.4264068711929 54.2033209314706 18.0277563773199 42.5440947723653 50.2493781056044 54.5893762558247 15.2643375224737 46.7546789102438 34.9857113690718 48.2597140480546 35.1140997321589 31.3847096529504 55.9732078766261 25.6124969497314 59.5482997238376 29.1547594742265 23.4093998214393 47.3814309619285 46.5725240887801 21.0237960416286 37.1214223865412 3.60555127546399 21.1896201004171 60.8769250208977 68.6221538571911 6.40312423743285 65.299310869258 48.8773976393997 51.4003891035856 61.2209114600559 48.3838816136118 46.8187996428785 64.3816744112795 55.1543289325507 58.821764679411 45.6946386351835 24.2074368738204 42.9534631898291 82.0731381147328 94.339811320566 88.102213366067 15.6204993518133 45.3982378512647 23.3238075793812 93.5200513259055 54.2033209314706 66.0681466366357 13.4164078649987 80.0062497558784 82.7647267862342 40.3112887414927 100.895986045036 67.7790528113222 38.3275357934736 55 59.3043000127309 85.0940655980192 29.9666481275434 12.6491106406735 46.8187996428785 75.0066663703967 93.962758580195 83.9344982709732 71.5541752799933 77.6659513557904 57.6281181368956 68.1542368455549 88.3628881374981 122.429571591181 47.8016736108685 11.4017542509914 85.375640553966 105.603030259553 71.175838597097 90.8019823572151 97.0051545022222 77.1038261048049 82.2192191643779 5.09901951359278 51.0098029794274 59.6657355607052 94.8103369891701 18.6815416922694 38.0131556174964 28.1602556806574 50.4479930225178 48.3735464897913 66.7308024828115 44.6430285710994 18.0277563773199 66.0681466366357 53.0754180388624 64.4049687524185 39.0512483795333 31.7804971641414 38.2753184180093 20.8086520466848 48.7647413609464 52.6307894677631 48.1040538832228 69.8140387028282 40.853396431631 73.5730929076656 26.9258240356725 9.8488578017961 53.665631459995 29.1547594742265 29.0688837074973 48.7954915950234 15.2970585407784 32.649655434629 74.8131004570724 57.6888204074238 22.3606797749979 77.4661216274573 60.8111831820431 43.9658958739612 51.0783711564885 57.4282160614449 31.0644491340181 52.8393792544916 69.6347614342147 70.0927956355002 41 40.3112887414927 43.9317652729776 69.656299069072 83.1865373723417 74.6860093993514 4 35.1140997321589 27.7848879788996 83.4865258589672 42.5440947723653 13.4164078649987 53.0754180388624 75.1332150250473 69.8713102782537 30.0832179129826 88.8144132446981 54.4242592967511 28.2311884269862 50.4479930225178 53.3385414123783 80.6039701255465 21.0237960416286 24.0831891575846 33.5261092284804 62.2414652783817 85.3287759199674 70.5761999543756 61.3514466007119 70.1141925718324 45.7930125674212 58.6941223633168 84.4037913840368 109.98636279103 36.2353418639869 24.6981780704569 79.1012010022604 93.7443331620637 60.0166643524946 83.2165848854662 83.868945385047 65.7647321898295 78.1024967590665 17.0293863659264 39.319206502675 52.0384473250308 84.504437753292 60.4069532421558 51 89.8943824718764 71.1969100453102 97.5294827218929 61 40.3112887414927 50.2493781056044 80.0062497558784 64.4049687524185 75.1332150250473 103.40696301507 49.6588360717405 65.0307619515564 84.3860177991591 93.5200513259055 25.0199920063936 22.1359436211787 5.8309518948453 54.817880294663 76.791926658992 78.2368199762746 63.0634601017102 29.732137494637 92.9623579735368 36.6742416417845 17.464249196573 50.9313263129874 31.9061122670876 10.6301458127346 84.5931439302264 51.6139516022558 87.3670418407308 10.295630140987 65.1229606206597 111.39569111954 21.0237960416286 80.7774721070176 114.629839047257 5.3851648071345 85 94.578010129205 26.6270539113887 43.2897216438267 49.7393204617835 70.2139587261678 22.0907220343745 69.3541635375988 42.7200187265877 93.0483745156249 79.9249648107523 54.5893762558247 82.7647267862342 39.0512483795333 69.8713102782537 103.40696301507 63.6003144646314 63.3245607959503 19.6977156035922 48.3011387029333 89.4706655837543 85.9592926913664 108.853112036358 68.7313611097583 93.9042065085478 37.0135110466435 42.8018691180654 90.8019823572151 14.3178210632764 67.8969807870718 87.783825389419 53 71.7007670809734 113.850779531806 73.0273921210391 56.0802995712398 93.1450481775601 99.7647232241938 69.1230786351418 24.1660919471891 95.6713123146118 42.190046219458 21.3775583264319 108.600184161906 84.8999411071645 34 78.5493475466219 78.390050389064 43.8292140016223 54.0832691319598 59.1354377678901 26.2488094968134 48.0208288141719 35.3411940941446 53.4883164812653 15.2643375224737 40.3112887414927 31.7804971641414 30.0832179129826 49.6588360717405 63.6003144646314 61.5223536610881 44.1474801092882 43.8634243989226 28.2842712474619 27.7848879788996 55.4616984954482 10.6301458127346 44.5533388198909 30.6104557300279 38.4837628097877 55.4436651025164 58.1377674149945 31.3847096529504 41.194659848092 18.8679622641132 28.6356421265527 59.9416382825828 83.6301381082203 9.48683298050514 51.0392006206994 51.4198405287298 65.8559033041078 64.8151216923952 54.0370243444252 61.8465843842649 69.065186599328 53.7121960079831 45.1774279923061 46.0108682813094 23.7697286480094 54.6260011349907 19.6977156035922 14.142135623731 41.7851648315524 85.6037382361308 86.1220064791805 95.603347221737 25.9615099714943 46.7546789102438 100.895986045036 38.2753184180093 88.8144132446981 65.0307619515564 63.3245607959503 61.5223536610881 53.0094331227943 86.9770084562581 68.0073525436772 61.0327780786685 68.3593446428504 72.1248916810278 106.075444849409 65.1459898996093 28.4604989415154 38.8973006775534 49.0407993409569 34.928498393146 48.0416485978573 43.2781700167648 40.853396431631 72.691127381545 22.4722050542442 53.1507290636732 112.044633963434 56.4358042380899 6 83.2946576918352 47.2969343615419 23.0217288664427 83.0240928887513 70.1141925718324 105.422957651548 78.0896920214186 53.851648071345 23.0867927612304 35.6931365951495 56.5154846037792 21.2602916254693 53.160135440008 35.8468966578698 75.1664818918645 64.621977685614 34.9857113690718 67.7790528113222 20.8086520466848 54.4242592967511 84.3860177991591 19.6977156035922 44.1474801092882 53.0094331227943 39.0512483795333 69.778220097678 66.3701740241805 89.9388681271896 50.0399840127872 77.884529914483 21.0237960416286 27.2029410174709 74.3034319530397 16.1554944214035 49.8196748283246 69.3541635375988 33.6005952328229 53.0377224247045 94.9210198006743 68.0073525436772 36.4005494464026 78.7908624143688 81.3941029804985 59.0084739677277 31.04834939252 78.2368199762746 36.7695526217005 32.2024843762092 89.4986033410578 70.6823881882892 26.8328157299975 59.0762219509677 63.5688603012513 67.446274915669 85.842879728024 60.1414998150196 30.0166620396073 7.07106781186548 55.9016994374947 90.0055553840984 48.2597140480546 38.3275357934736 48.7647413609464 28.2311884269862 93.5200513259055 48.3011387029333 43.8634243989226 86.9770084562581 39.0512483795333 71.0211236182588 71.5541752799933 99.3176721434811 40.6078810084939 50.8035431835222 21.8403296678416 58.5234995535981 95.6347217280419 53.8144961882948 69.2603782836912 83.9344982709732 50.0399840127872 69.0507060065283 103.754517973918 105.118980208143 43.9317652729776 47.0425339453563 94.8683298050514 92.7200086281273 33 96.1041102138717 74.9466476902069 39.0128184062623 97.4935895328508 39 14.3178210632764 67.4166151627327 90.0888450364417 56.2227711874824 55.9016994374947 80.6039701255465 46.5725240887801 75.8023746329889 37 49.2036584005702 35.1140997321589 55 52.6307894677631 50.4479930225178 25.0199920063936 89.4706655837543 28.2842712474619 68.0073525436772 69.778220097678 71.0211236182588 7.21110255092798 30.2654919008431 30.8706980808663 52.3927475897189 58.7962583843564 55.145262715849 44.2040722106007 81.6088230524127 33.2415402771893 26.4007575648882 37.3630833845388 27.2029410174709 33.9558536926993 90.0777441991084 33.6154726279432 62.6498204307083 31.04834939252 70.2637886823647 92.9569792968769 38.4707681233427 77.1038261048049 97.0051545022222 27.6586333718787 60.00833275471 74.2765104188397 14.3178210632764 51.6139516022558 50.0099990001999 48.7544869729956 75.690157880665 49.3659801887899 75.8023746329889 42.9534631898291 42.0119030752 31.3847096529504 59.3043000127309 48.1040538832228 53.3385414123783 22.1359436211787 85.9592926913664 27.7848879788996 61.0327780786685 66.3701740241805 71.5541752799933 7.21110255092798 27.8567765543682 32.7566787083184 57.8705451849211 57.3846669416143 49.6487663492256 37.4432904536981 77.2528316633119 26.4764045897475 19.723082923316 33.1058907144937 20.3960780543711 32.2024843762092 83.0060238777885 31.1448230047949 67.6830850360709 26.0768096208106 63.1585306985525 91.2195154558497 32.310988842807 71 94.9210198006743 25.9422435421457 64.3816744112795 73.4098086089318 8.06225774829855 44.407206622349 65 54.230987451825 94.8946784598589 76.6876782801514 103.353761421634 65.4904573201318 43 55.9732078766261 85.0940655980192 69.8140387028282 80.6039701255465 5.8309518948453 108.853112036358 55.4616984954482 68.3593446428504 89.9388681271896 99.3176721434811 30.2654919008431 27.8567765543682 60.4400529450463 81.3941029804985 84.0535543567314 68.0955211449329 31.4006369362152 98.1835016690686 41.6773319683494 21.9317121994613 56.5685424949238 37.2021504754766 5 87.1435597161374 57.4282160614449 92.1357693840997 12 68.0073525436772 117.1537451386 22.3606797749979 85.0705589496155 120.341181646185 3.60555127546399 90.0499861188218 100.404183179786 32.4499614791759 46 54.2033209314706 64.6374504447692 67.0820393249937 17.0293863659264 45.9673797382448 25.9615099714943 63.5609943282828 25.6124969497314 29.9666481275434 40.853396431631 21.0237960416286 54.817880294663 68.7313611097583 10.6301458127346 72.1248916810278 50.0399840127872 40.6078810084939 30.8706980808663 32.7566787083184 60.4400529450463 33.9705755029261 32.8937684067971 48.3735464897913 64.5368112010502 65.1229606206597 41.5932686861708 49.0917508345343 29.2061637330205 38.2753184180093 64.5135644651572 94.175368329516 19.4164878389476 40.4969134626332 58.2151183113115 76.4852927038918 66.2419806467168 62.2012861603359 71.5541752799933 71.1125867902441 58.1893461039046 34.928498393146 46.0434577328854 31.0161248385416 64.8459713474939 88.090862182181 98.0815986819138 97.4987179402888 24.738633753706 57.8705451849211 16 95.7183368012629 59.5482997238376 12.6491106406735 73.5730929076656 24.0831891575846 76.791926658992 93.9042065085478 44.5533388198909 106.075444849409 77.884529914483 50.8035431835222 52.3927475897189 57.8705451849211 81.3941029804985 33.9705755029261 57.2712842531054 81.8413098624405 94.4298681562142 93.962758580195 74.4043009509531 77.2528316633119 63.1268564083465 70.178344238091 84.0951841665146 128.144449743249 53.2634959423431 11.4017542509914 83.4326075344646 110.34491379307 83.4865258589672 90.1387818865997 104.623133197205 89.3588272080604 78.2304288624318 14.2126704035519 63.0713881248859 59.9332962550868 97.3498844375277 45.6070170039655 64.2806347199528 41.8807831827438 32.5576411921994 22.0227155455452 56.1426753904728 69.1809222257119 29.1547594742265 46.8187996428785 26.9258240356725 33.5261092284804 78.2368199762746 37.0135110466435 30.6104557300279 65.1459898996093 21.0237960416286 21.8403296678416 58.7962583843564 57.3846669416143 84.0535543567314 32.8937684067971 57.2712842531054 36.6878726556883 75.9275970909129 37.1618083521241 49.4772675074119 66.2117814289874 30.0832179129826 50.3289181286465 88.8144132446981 83.6480723029527 26.6270539113887 57.7754273026172 77.8267306264371 70.8801805866774 34.2052627529741 77.4919350642375 54.2033209314706 38.5875627631495 82.8009661779378 49.6588360717405 16.5529453572468 51.6139516022558 69.0289794216893 9.05538513813742 29.4278779391243 26.8328157299975 59.4138031100518 57.8705451849211 73.824115301167 37.5765884561119 23.4093998214393 75.0066663703967 9.8488578017961 62.2414652783817 63.0634601017102 42.8018691180654 38.4837628097877 28.4604989415154 27.2029410174709 58.5234995535981 55.145262715849 49.6487663492256 68.0955211449329 48.3735464897913 81.8413098624405 36.6878726556883 48.0104155366312 30.4795013082563 26.4196896272458 46.3249392876019 19.9248588451713 31.3847096529504 73.0616178304313 48.0104155366312 29.0688837074973 86.3712915267567 58.0086200490927 34.2052627529741 58.2408791142441 53.0377224247045 23.4093998214393 59.2368128784795 68.425141578224 79.1959594928933 50.1597448159378 41.5932686861708 36.4005494464026 41.7252920900501 25.0798724079689 72.8354309385206 81.3941029804985 97.6729235765982 80.1311425102625 13 47.3814309619285 93.962758580195 53.665631459995 85.3287759199674 29.732137494637 90.8019823572151 55.4436651025164 38.8973006775534 74.3034319530397 95.6347217280419 44.2040722106007 37.4432904536981 31.4006369362152 64.5368112010502 94.4298681562142 75.9275970909129 48.0104155366312 77.987178433381 26.4764045897475 17.8044938147649 45.8911756223351 27.0185121722126 35.0570962859162 56 52.0384473250308 103.464969917359 19.6468827043885 37.4833296279826 104.694794521982 9.05538513813742 58.8302643203309 106.470653233649 33.9558536926993 99.040395798886 92.1791733527699 34.5398320783411 15.8113883008419 36.4005494464026 56.4358042380899 8.06225774829855 69.2603782836912 49.5782210249622 90.6697303403953 66.6108099335236 46.5725240887801 83.9344982709732 29.1547594742265 70.5761999543756 92.9623579735368 14.3178210632764 58.1377674149945 49.0407993409569 16.1554944214035 53.8144961882948 81.6088230524127 77.2528316633119 98.1835016690686 65.1229606206597 93.962758580195 37.1618083521241 30.4795013082563 77.987178433381 56.6127194188726 76.6093989011792 44.2718872423573 61.057350089895 103.174609279609 59.2114853723498 49.4974746830583 94.9368210969801 88.4081444212014 54.817880294663 36.6742416417845 83.4505841801003 28.0178514522438 35.0142828000232 98.2700361249552 86.8158971617526 40.3608721412211 69.462219947249 64.8999229583518 24.3310501211929 24.0831891575846 53.2353266168247 57.5847201955519 71.1969100453102 62.2253967444162 22.1359436211787 21.0237960416286 71.5541752799933 29.0688837074973 61.3514466007119 36.6742416417845 67.8969807870718 31.3847096529504 34.928498393146 49.8196748283246 69.2603782836912 33.2415402771893 26.4764045897475 41.6773319683494 41.5932686861708 74.4043009509531 49.4772675074119 26.4196896272458 26.4764045897475 56.6127194188726 20 19.4164878389476 6.08276253029822 46.6476151587624 57.2450871254468 26.1725046566048 81.9878039710785 31.8904374382039 37.7359245282264 79.2590688817374 28.6530975637888 45.2769256906871 81.5414005275848 42.0475920832573 76.4852927038918 65.8027355054484 18.9736659610103 23.259406699226 43.081318457076 34.2344855372474 73.0616178304313 66.1211010192662 86.9770084562581 62.6099033699941 24.6981780704569 37.1214223865412 77.6659513557904 48.7954915950234 70.1141925718324 17.464249196573 87.783825389419 41.194659848092 48.0416485978573 69.3541635375988 83.9344982709732 26.4007575648882 19.723082923316 21.9317121994613 49.0917508345343 77.2528316633119 66.2117814289874 46.3249392876019 17.8044938147649 76.6093989011792 20 36.8917334913934 16.4012194668567 26.8328157299975 68.4470598345904 40.1621712560464 86.6833317310773 12.0415945787923 48.6621002423858 97.9081201943945 13.1529464379659 63.3245607959503 100.603180864225 22.8035085019828 82.7647267862342 82.7647267862342 18.1107702762748 27.5136329843952 25 37.6961536499415 43.4165866921848 42.4381903478459 51.7880295048962 54.1202365109392 40.1123422402632 3.60555127546399 57.6281181368956 15.2970585407784 45.7930125674212 50.9313263129874 53 18.8679622641132 43.2781700167648 33.6005952328229 50.0399840127872 37.3630833845388 33.1058907144937 56.5685424949238 29.2061637330205 63.1268564083465 30.0832179129826 19.9248588451713 45.8911756223351 44.2718872423573 19.4164878389476 36.8917334913934 20.591260281974 61.5223536610881 65.0691939399898 9.89949493661167 68.7677249878168 48.8262224629348 48.0104155366312 61.0327780786685 47.5394572960189 43.3243580448689 63.8905313798532 55.9732078766261 62.2012861603359 46.4865571966778 25.5538646783613 40.4474968323134 30.1496268633627 29.4108823397055 58.1807528311554 54.817880294663 71.5681493403316 57.3846669416143 25.5538646783613 21.1896201004171 68.1542368455549 32.649655434629 58.6941223633168 31.9061122670876 71.7007670809734 28.6356421265527 40.853396431631 53.0377224247045 69.0507060065283 27.2029410174709 20.3960780543711 37.2021504754766 38.2753184180093 70.178344238091 50.3289181286465 31.3847096529504 27.0185121722126 61.057350089895 6.08276253029822 16.4012194668567 20.591260281974 42.2018956920184 63.0713881248859 25.1793566240283 78.2623792124926 28.4253408071038 43.4165866921848 81.5414005275848 27.2029410174709 51.1566222497147 84.2021377400835 37.2155881318568 73.1641988953614 66.8505796534331 13 27.2029410174709 69.8569967862919 58.5491246732178 99.8498873309329 80.5232885567896 107.912001186152 68.1175454637056 47.0956473572665 60.8769250208977 88.3628881374981 74.8131004570724 84.4037913840368 10.6301458127346 113.850779531806 59.9416382825828 72.691127381545 94.9210198006743 103.754517973918 33.9558536926993 32.2024843762092 5 64.5135644651572 84.0951841665146 88.8144132446981 73.0616178304313 35.0570962859162 103.174609279609 46.6476151587624 26.8328157299975 61.5223536610881 42.2018956920184 91.0219753685889 62.2012861603359 95.005263012109 16.2788205960997 72.1110255092798 122.024587686253 26.0192236625154 89.8109124772708 125.2557383915 6.32455532033676 93.2630687893123 105.118980208143 37.2021504754766 50.0899191454728 40.3608721412211 34.4818792991333 51.1566222497147 106.962610289764 103.247275993122 118.004237212059 44.2831796509691 68.6221538571911 122.429571591181 57.6888204074238 109.98636279103 84.5931439302264 73.0273921210391 83.6301381082203 22.4722050542442 68.0073525436772 105.118980208143 90.0777441991084 83.0060238777885 87.1435597161374 94.175368329516 128.144449743249 83.6480723029527 48.0104155366312 56 59.2114853723498 57.2450871254468 68.4470598345904 65.0691939399898 63.0713881248859 91.0219753685889 74.9666592559653 133.689939786059 75.1664818918645 19.9248588451713 95.7548954362125 65.00769185258 31.5753068076939 94.1912947145329 89.3588272080604 126.81088281374 94.578010129205 76.0591874792257 41.3037528561268 34.828149534536 46.9574275274956 50.0099990001999 32.7566787083184 46.8187996428785 44.7772263544762 48.0520551069359 6.40312423743285 47.8016736108685 22.3606797749979 36.2353418639869 51.6139516022558 56.0802995712398 9.48683298050514 53.1507290636732 36.4005494464026 43.9317652729776 33.6154726279432 31.1448230047949 57.4282160614449 19.4164878389476 53.2634959423431 26.6270539113887 29.0688837074973 52.0384473250308 49.4974746830583 26.1725046566048 40.1621712560464 9.89949493661167 25.1793566240283 62.2012861603359 74.9666592559653 58.8982172905089 51.478150704935 57.8013840664737 60.1082357085949 52.1727898429823 52.3927475897189 63.7808748764079 56.2227711874824 52.4309069156733 43.0464865000618 25 48.7647413609464 93.3488082409197 105.118980208143 99.2975326984513 27.0185121722126 54.0092584655631 27.1661554144122 103.768974168583 65.299310869258 11.4017542509914 77.4661216274573 24.6981780704569 87.3670418407308 93.1450481775601 51.0392006206994 112.044633963434 78.7908624143688 47.0425339453563 62.6498204307083 67.6830850360709 92.1357693840997 40.4969134626332 11.4017542509914 57.7754273026172 86.3712915267567 103.464969917359 94.9368210969801 81.9878039710785 86.6833317310773 68.7677249878168 78.2623792124926 95.005263012109 133.689939786059 58.8982172905089 93.5574689696125 116.661904664719 80.0249960949702 99.724620831568 108.406641862941 86.0523096726636 89.0505474435727 8.24621125123532 60.5309838016862 68.9492567037528 105.190303735658 54.1202365109392 42.2965719651132 84.5990543682375 75.1065909225016 98.2344135219425 68.0073525436772 31 48.8773976393997 85.375640553966 60.8111831820431 79.1012010022604 10.295630140987 99.7647232241938 51.4198405287298 56.4358042380899 81.3941029804985 94.8683298050514 31.04834939252 26.0768096208106 12 58.2151183113115 83.4326075344646 77.8267306264371 58.0086200490927 19.6468827043885 88.4081444212014 31.8904374382039 12.0415945787923 48.8262224629348 28.4253408071038 16.2788205960997 75.1664818918645 51.478150704935 93.5574689696125 56.0089278597618 109.859000541603 10.770329614269 73.7360156233031 112.614386292338 14.3178210632764 90.448880590088 94.3663075467086 27.6586333718787 34 25.298221281347 14.560219778561 47.4341649025257 90.4433524367601 91.98369420718 99.3579387869938 25.0199920063936 51.4003891035856 105.603030259553 43.9658958739612 93.7443331620637 65.1229606206597 69.1230786351418 65.8559033041078 6 59.0084739677277 92.7200086281273 70.2637886823647 63.1585306985525 68.0073525436772 76.4852927038918 110.34491379307 70.8801805866774 34.2052627529741 37.4833296279826 54.817880294663 37.7359245282264 48.6621002423858 48.0104155366312 43.4165866921848 72.1110255092798 19.9248588451713 57.8013840664737 116.661904664719 56.0089278597618 89.2748564826626 46.2709412050371 28.1780056072107 88.9550448260243 70.0285656000464 110.208892563168 84.0119039184329 56.3560112144215 22.0227155455452 66.7083203206317 87.5556965593901 44.7213595499958 60.8769250208977 26.0192236625154 86.6833317310773 95.5196314900764 61.2209114600559 71.175838597097 51.0783711564885 60.0166643524946 111.39569111954 24.1660919471891 64.8151216923952 83.2946576918352 31.04834939252 33 92.9569792968769 91.2195154558497 117.1537451386 66.2419806467168 83.4865258589672 34.2052627529741 58.2408791142441 104.694794521982 36.6742416417845 79.2590688817374 97.9081201943945 61.0327780786685 81.5414005275848 122.024587686253 95.7548954362125 60.1082357085949 80.0249960949702 109.859000541603 89.2748564826626 107.912001186152 64.2806347199528 6.08276253029822 116.180893437777 72 20.8806130178211 84.9588135510378 94.5568612000208 47.8016736108685 33.2415402771893 78.873316146844 79.227520471109 98.7623410010111 75.2396172239067 21.3775583264319 48.3838816136118 90.8019823572151 57.4282160614449 83.2165848854662 21.0237960416286 95.6713123146118 54.0370243444252 47.2969343615419 78.2368199762746 96.1041102138717 38.4707681233427 32.310988842807 22.3606797749979 62.2012861603359 90.1387818865997 77.4919350642375 53.0377224247045 9.05538513813742 83.4505841801003 28.6530975637888 13.1529464379659 47.5394572960189 27.2029410174709 26.0192236625154 65.00769185258 52.1727898429823 99.724620831568 10.770329614269 46.2709412050371 107.912001186152 66.1891229734916 110.136279218067 25 95.9009906101079 93.9840411984928 31.2569992161756 24.3310501211929 21.0237960416286 34.2052627529741 20.0997512422418 81.4002456998749 72.4499827467198 97.1699542039616 46.0434577328854 46.8187996428785 97.0051545022222 31.0644491340181 83.868945385047 80.7774721070176 42.190046219458 61.8465843842649 23.0217288664427 36.7695526217005 74.9466476902069 77.1038261048049 71 85.0705589496155 71.5541752799933 104.623133197205 54.2033209314706 23.4093998214393 58.8302643203309 28.0178514522438 45.2769256906871 63.3245607959503 43.3243580448689 51.1566222497147 89.8109124772708 31.5753068076939 52.3927475897189 108.406641862941 73.7360156233031 28.1780056072107 64.2806347199528 66.1891229734916 63 86.1278120005379 100.895986045036 63.5609943282828 63.0079360080935 43.6004587131833 67.3572564761956 88.2326470191165 43.0464865000618 66.4906008395172 32.0624390837628 92.1791733527699 96.7729300992793 64.3816744112795 77.1038261048049 52.8393792544916 65.7647321898295 114.629839047257 21.3775583264319 69.065186599328 83.0240928887513 32.2024843762092 39.0128184062623 97.0051545022222 94.9210198006743 120.341181646185 71.1125867902441 89.3588272080604 38.5875627631495 59.2368128784795 106.470653233649 35.0142828000232 81.5414005275848 100.603180864225 63.8905313798532 84.2021377400835 125.2557383915 94.1912947145329 63.7808748764079 86.0523096726636 112.614386292338 88.9550448260243 6.08276253029822 110.136279218067 63 119.519872824564 78.0064099930256 26.4764045897475 88.3911760301898 95.6347217280419 65.7875368135941 56.0357029044876 95.2575456328789 74.2159012611179 101.71037311897 62.2896460095897 45.0998891351187 55.1543289325507 82.2192191643779 69.6347614342147 78.1024967590665 5.3851648071345 108.600184161906 53.7121960079831 70.1141925718324 89.4986033410578 97.4935895328508 27.6586333718787 25.9422435421457 3.60555127546399 58.1893461039046 78.2304288624318 82.8009661779378 68.425141578224 33.9558536926993 98.2700361249552 42.0475920832573 22.8035085019828 55.9732078766261 37.2155881318568 6.32455532033676 89.3588272080604 56.2227711874824 89.0505474435727 14.3178210632764 70.0285656000464 116.180893437777 25 86.1278120005379 119.519872824564 87.1435597161374 99.0454441153151 31.2409987036266 48.0936586256442 86.4522989862039 99.1261822123701 91.3016976841066 19.8494332412792 46.0108682813094 27.3130005674953 98.488578017961 58.821764679411 5.09901951359278 70.0927956355002 17.0293863659264 85 84.8999411071645 45.1774279923061 105.422957651548 70.6823881882892 39 60.00833275471 64.3816744112795 90.0499861188218 34.928498393146 14.2126704035519 49.6588360717405 79.1959594928933 99.040395798886 86.8158971617526 76.4852927038918 82.7647267862342 62.2012861603359 73.1641988953614 93.2630687893123 126.81088281374 52.4309069156733 8.24621125123532 90.448880590088 110.208892563168 72 95.9009906101079 100.895986045036 78.0064099930256 87.1435597161374 52.3450093132096 64.7610994347687 99.7446740432791 59.2114853723498 79.0063288604147 47.2016948848238 40.024992192379 9.21954445729289 65.8027355054484 84.8528137423857 45.6946386351835 51.0098029794274 41 39.319206502675 94.578010129205 34 46.0108682813094 78.0896920214186 26.8328157299975 14.3178210632764 74.2765104188397 73.4098086089318 100.404183179786 46.0434577328854 63.0713881248859 16.5529453572468 50.1597448159378 92.1791733527699 40.3608721412211 65.8027355054484 82.7647267862342 46.4865571966778 66.8505796534331 105.118980208143 94.578010129205 43.0464865000618 60.5309838016862 94.3663075467086 84.0119039184329 20.8806130178211 93.9840411984928 63.5609943282828 26.4764045897475 99.0454441153151 52.3450093132096 67.955868032128 84.4807670419723 42.0475920832573 42.190046219458 67.7200118133481 48.0416485978573 71.1125867902441 46.0434577328854 36.7967389859482 24.2074368738204 59.6657355607052 40.3112887414927 52.0384473250308 26.6270539113887 78.5493475466219 23.7697286480094 53.851648071345 59.0762219509677 67.4166151627327 14.3178210632764 8.06225774829855 32.4499614791759 31.0161248385416 59.9332962550868 51.6139516022558 41.5932686861708 34.5398320783411 69.462219947249 18.9736659610103 18.1107702762748 25.5538646783613 13 37.2021504754766 76.0591874792257 25 68.9492567037528 27.6586333718787 56.3560112144215 84.9588135510378 31.2569992161756 63.0079360080935 88.3911760301898 31.2409987036266 64.7610994347687 67.955868032128 38.8973006775534 28.6530975637888 9.4339811320566 59.0338885725818 80.7774721070176 91.0494371207203 84.504437753292 3 42.9534631898291 94.8103369891701 43.9317652729776 84.504437753292 43.2897216438267 78.390050389064 54.6260011349907 23.0867927612304 63.5688603012513 90.0888450364417 51.6139516022558 44.407206622349 46 64.8459713474939 97.3498844375277 69.0289794216893 36.4005494464026 15.8113883008419 64.8999229583518 23.259406699226 27.5136329843952 40.4474968323134 27.2029410174709 50.0899191454728 41.3037528561268 48.7647413609464 105.190303735658 34 22.0227155455452 94.5568612000208 24.3310501211929 43.6004587131833 95.6347217280419 48.0936586256442 99.7446740432791 84.4807670419723 38.8973006775534
Deviation Vector:
10.3468857844342 35.4685839101091 47.4394372839214 36.7083685432902 95.8443702873847 10.1371127649205 5.03276858400555 93.5163639608574 22.176876779264 110.196461788169 33.5318552251481 76.2204106304082 2.26742801945652 31.845610749835 27.640522142752 91.5840374283416 3.49255436656478 26.2646378925849 57.0327432744981 2.9046585737733 98.1770587029931 8.92175486155065 5.83500393099843 10.5349438934584 16.3062023050777 4.69989923220671 36.8632730387051 4.79973734261908 34.2417154820693 90.215836224239 50.6458169239641 0.170879928673141 75.0447813679052 18.441339637171 14.0032295082451 26.1795441330532 32.3164872716639 15.3367094187053 103.182906310472 15.5790721975888 59.2328014354061 27.2745154873645 6.00695170819785 21.1139907854946 9.41713852724808 46.0640526198735 37.3092203791855 44.2027580434526 124.451877564161 16.2619180100416 23.0754961012355 87.7920394555916 58.5960753822241 100.745190502971 60.336935352159 25.4938850330292 75.9459075595918 5.83219990824917 31.3705050911926 78.4278354795882 4.33177531132901 8.94923204787504 49.8126325084825 56.9719070852416 51.424640927955 94.6245245906181 37.4868508979027 30.1048291500488 32.4619108569063 28.4033420727649 49.2006734012188 47.5103753024802 0.401981735021246 92.5092442899668 12.7889326924133 21.8195636748206 91.5519221688906 35.4998341671301 14.2367790090001 60.1535898201149 18.5756356653149 52.8297979908541 142.727427121222 26.5570365262821 111.935597339639 92.7816830551642 35.3138786761463 8.55773464123337 49.4192476768881 69.9104530898893 14.1920351680853 2.13757171079096 146.476543469797 67.8425126506852 42.4477031494488 41.7263911862713 26.9952120014764 42.3332633051396 4.28130766198856 33.8833840869914 7.08770745836388 62.0423198651541 24.8284887525151 8.03029090500105 115.946811020843 116.466139941306 56.7650685292761 45.8214442562544 73.2882634317419 66.0031182101647 36.7635882883107 95.4502707870895 12.0460118739142 72.4734280969248 11.5493857410422 43.2864070867512 52.9090231893433 99.3602766331542 14.2099834817564 43.4987624076708 75.5503476275043 39.9449052588999 43.0560519430865 31.7591836601588 125.021115209183 4.03327109720941 50.9571549328494 87.3864229063006 70.0721583244595 58.1239942358202 55.8590696470284 52.3828207106263 72.5871925169699 29.1788184398243 74.5296286924546 33.0791875690519 7.2466752627212 129.057544871349 61.9991436261407 16.0954040860342 79.1367010807951 5.31516611065559 50.8737060903383 99.6242852008446 27.9241243327421 74.7001066277454 42.9062461925428 10.4118586198353 11.2415651801744 53.5565230036814 93.3036441293852 17.0672905340675 38.5194019705413 16.2145611080174 5.11179415047323 123.376899652848 48.3914660016468 73.1215101798274 53.3478947668271 62.2215281987741 47.9578748734605 0.429080363060526 77.7786561055317 11.083431416766 10.0419743432645 9.13820877159861 112.179576904221 39.5936474035536 9.06145162715948 97.6007825655785 3.62011321448974 4.20847250407804 17.89365120816 30.7790125859677 71.7340108001867 27.3793577114568 1.02211867343482 58.0559004432648 38.6803356237938 9.41257458495015 8.29936090262449 25.1835072860682 63.5079375540324 2.86831350250531 37.4492777642449 47.2255326486295 153.996878656654 62.9205025668726 47.4627513324974 65.4056278236147 47.0555127212333 1.67507290638754 57.9722753332298 31.3436800980083 59.4539895622446 52.2397174387105 30.9701124012858 4.16739322156517 9.287919158834 63.4419289112403 68.8272019628054 15.303081381545 61.4266649165466 34.3550549675936 70.4184134108814 61.8397960315224 103.487453851383 46.7818607034501 67.3489075847114 6.07067882312634 115.519063638149 35.8924890671763 33.3757589295262 64.364445254444 46.2546077351048 113.112988161525 27.9271831100214 12.8637877662915 68.1699932897137 145.255509941555 41.6852266539295 55.6458500736722 19.1403158551631 33.6222381753162 66.3115355618891 64.5375362078061 40.5949150533449 37.1690357858597 64.7537176698545 26.7780774980693 37.6246851261337 68.1375945252149 41.6568190348368 126.486897234924 104.906830017149 29.9797368724483 9.98076524118254 33.1446252696535 100.560915555525 39.3768243992824 13.3350116956444 65.4075555501205 93.7458054142191 93.8638869021656 38.7229200843215 67.586077512608 41.1435622999062 55.9628069776009 49.0683369740741 110.061747041232 118.363910619149 61.9474439157545 17.2334418119979 82.2168872684465 104.353270677015 5.76214432506461 27.3673730841541 22.0770004331008 3.10986381023384 83.1011424123603 32.5287994026799 42.8070010146422 20.2611587217852 62.8140677345013 10.4975490031627 2.52968664348779 78.0041484626597 49.1805764887962 89.464715322158 98.2161941789083 21.525948752894 17.5903115996951 32.4757523082916 12.5963888085752 54.8019758419095 92.275822172769 66.1665828972718 10.1318830215268 36.3324745782176 41.9210413720301 18.6817452386233 65.7603454215506 9.58356968877112 64.4542676008148 109.872633814651 88.0776797910983 40.6025294770309 19.6509386401356 99.939508792263 24.6652952230058 30.1163040111611 42.7183635820027 3.53803839130871 1.55755465741124 8.05711110465686 23.3380278587525 25.1567657762198 45.3084135586612 27.5885611851291 116.861508078905 21.8904474611338 74.1314472478607 136.596980137649 5.64201428703139 13.2531997338735 97.1263205274597 47.0862501434806 4.1147836823266 43.8995055693285 8.77551418504408 9.74306806169633 11.2748297871035 7.79167713871781 21.92720907568 55.2519288925696 70.5902939335166 1.45461486558837 32.1838483069734 59.675619675023 86.3078354867835 3.73061952496933 36.4975031742184 35.6735194731593 18.4764802161243 28.5719667435656 37.7120198492146 48.6148218434594 27.0498651666685 61.7409275107282 10.0540896023668 15.291100050472 20.5856843536039 15.3008896006838 9.2163776673563 20.771950587377 1.66974823256638 33.5436569428266 12.9578487574845 14.2976864801727 9.55082113243423 27.9722397016633 20.4973898131862 7.88938016857316 35.680728482886 41.2833843599977 68.1583018349214 16.6618388730143 51.5105115288452 34.4651854575079 66.092134425503 21.5113523223942 35.6654091788147 49.2979361682722 26.5981534202868 106.884010247492 22.0928202250735 67.3503164938733 10.6210474378426 78.9423410134725 48.4588599928468 52.8694540236983 20.0887297502437 106.287300406065 93.421931903598 12.4706314912824 26.4054499441702 107.895433845758 10.1964944000054 26.1009554361408 10.3117190141169 11.1709625779429 27.0578583073994 7.50397689421455 13.3324273306861 111.44128377185 135.916012241928 9.5861687553857 8.45798791043603 58.5660810131958 40.3475112724307 106.633508516972 1.4453370868314 187.37387913085 25.7605152911895 3.40110563379595 95.3901082223507 34.5222994069935 11.0675460345203 142.801784273975 113.595793026748 80.921695958069 61.3810066496024 5.31322083281875 38.3419179210868 14.855126629245 128.12352542545 18.9312662638336 8.1536997779933 45.5464642687526 75.063096179361 18.787070700376 8.16348484308304 34.130358993301 17.6963404206416 26.8964163353563 33.1149863040421 51.6372539446901 20.3578544541507 23.5851715466877 59.5500996477062 25.4166672761787 33.1781963920902 82.7457243887733 54.1441947791629 85.1226305328065 9.97408898666361 45.3590891810861 41.6322522079914 3.93599039272057 30.2053950609655 31.8039316307801 42.1253249602354 63.892686387657 7.74839753528262 18.7561648948009 116.586477706113 13.3578246471829 35.5050681546294 11.3504142204363 13.5369583539837 63.7250310907553 27.3216111407737 19.8093450534888 18.2531940078539 80.1315657665481 52.3682719665708 84.9184267893419 28.3689456813389 51.3305137402356 14.3786886328191 43.2854983037167 72.2437487287958 75.2587462928548 2.26904867367103 12.9105164821325 16.687595290098 67.7414358755535 41.871500277451 6.98239679983967 64.2767138178663 116.233709991393 112.583850870606 31.1016710326081 109.2494274281 26.748760470068 45.4048413036105 58.6261629751833 38.5656645746174 126.533024474936 27.5124104926012 22.7740752036944 46.6980252885642 13.5177392974114 110.123865946007 24.993207931914 6.58600818243014 29.1870996290151 71.6956085967033 46.9127076634781 5.34168065569521 29.3218704746434 51.4791801966985 23.0123304454696 100.795821238018 33.898547103785 77.9865726489676 20.6808363735732 98.3792773005856 43.2245519007562 60.0573316017058 12.9033579535113 22.7245245327632 39.232447565947 13.9618399987347 10.9753885117524 63.515333983661 13.232147157439 95.6745303227274 33.3637352581413 5.53040131430786 41.3629312712462 64.7076676017221 118.693082520056 80.072782002931 71.5244238104277 21.8532894053251 67.0701735554428 88.9781825455182 12.7112706243131 48.9622259123218 35.8169890303668 9.23573407834625 1.853613459546 40.3970073195036 5.00272108103605 53.161797586802 25.8560775415439 9.32592054769336 21.0248153834258 39.140998783402 18.9071452532708 50.1101143732421 0.601922381352581 2.23431967184555 97.2056680439266 10.351500039913 127.17022721744 13.3461521389417 100.573162714538 19.0853051923115 29.1590633607856 76.2620440891553 167.251772923584 6.6999917939058 47.6871303735649 74.2136765282659 38.7554134754699 12.35049643146 26.1919369289999 112.772221089279 17.868002786385 23.0098615345875 16.9600555045575 104.841192162561 85.4161732001053 25.2285520905743 14.8886639106273 57.7452949631194 54.2072782601743 41.989042669209 58.4881963211911 14.6970200466812 27.3784918296915 45.3299717635826 39.5708598966329 78.4535876355209 123.988358559052 18.6617808245836 54.7114379425443 39.1253247047102 18.9546635742007 31.166866016238 5.36646276086774 18.7097385903596 139.347796116175 49.5992593092533 76.0202247695637 161.274374305099 89.1762072526899 88.9897318818596 130.060164416782 40.2684894835488 20.2015446299138 4.03520293165517 146.412804739501 57.4189334870329 13.4492462033396 9.1136122164197 103.010722509981 47.7681357884855 38.4872306734779 39.7119849872774 0.468531305549236 13.7134573694271 85.4555163846257 11.8898551392477 56.0040488875381 33.8490382484658 38.7514884133786 1.87033423096039 15.660459205326 37.0983828510634 14.0118483402158 37.9045000658155 91.7684116168937 26.2590431412118 3.2133927153401 38.4589969600562 6.13817488501695 35.951459784758 46.4364736359168 17.149995506831 3.17265691232843 34.5752974795941 5.92527393830301 88.7976551423031 50.239134434316 24.5772831532775 2.4369429692569 8.5115814194085 16.0845522620997 32.9158686230271 80.0932209322366 5.43013855451838 40.9688532463927 39.9245930274083 67.5256314647443 22.2052208409921 5.82931510364774 7.63766795563199 32.1237987204868 26.6608271019637 58.3161763408315 42.83117137728 29.9418404142435 60.4913220366598 26.7438574593726 18.843693924995 14.9514168765325 134.802852601534 86.1242567597305 114.254358032145 40.5446399609812 50.0853155773541 70.4523941306703 3.41965994436488 92.9419977913217 101.604514040631 55.2469489822938 68.0210234603459 20.5238880117865 124.737034854893 1.93259113321301 82.0818775839737 25.9888068754517 59.9438089426345 52.5051847304738 91.5648746879194 33.4042146728271 23.4494690946265 74.984722271894 0.4359688230833 52.8083623282132 51.6528089964849 38.5400415315147 53.2489796774939 15.1582655664192 35.8630447130584 49.1475180550269 58.261522567303 3.73876562219103 119.833395893361 28.4298175144233 12.8577089007132 73.3567082174279 91.1035593238503 68.297938539181 23.7148987777702 66.5294617911566 35.0985743198269 50.3030151167485 91.7017625226869 28.2353774249081 76.4302602841724 48.0754071889853 6.15719678743694 41.5197515724733 7.33880125636315 100.817794989709 3.95074927342427 44.2263297860189 117.307485159416 3.98568787085454 12.6039496240784 50.7454557331149 44.741674372872 71.0366011449498 0.363669659641625 17.4583549999562 72.8920601553818 80.8308837853418 17.1815118054941 34.5205098148907 0.934466376980916 22.2258303682939 26.2157539354334 90.9882308626783 13.3476914995809 44.0160493818943 87.4233597113675 19.8029319462028 22.308958037959 72.2718125804024 131.798910445635 25.0352294030881 19.6240280793247 5.85501452253354 39.2245458155985 27.1084718793002 139.82230349243 88.821461499026 0.753709161877303 78.3391209667214 92.7450951595404 21.1501772394927 56.3999751677173 58.8389450934433 39.970774277938 4.68453597472261 65.5422496131929 104.581981149518 3.57013799703735 13.9263478352507 39.2362996709958 2.44352112994851 10.5443622603218 64.2799639012098 61.3425630027908 44.3578772036727 20.8678922355467 49.2287219737556 57.3280272825074 113.94181937356 65.395638289691 40.3434229481732 34.3223218347124 36.0574512622626 83.101174970937 54.4566417801359 100.976939219529 67.5574265150199 32.1364226057094 102.610822241378 52.3551191145304 49.9146796766444 7.61167417835231 54.6455340319264 137.860918042706 139.532565029143 6.52632850619746 96.0360184009547 77.9809030592233 10.6015435701551 132.848904910211 8.53100868981385 5.13006230459645 99.4659488923973 139.598120408834 7.33389821101146 20.0710606346676 36.8833221594598 38.3571127991401 87.947854475682 59.3788243806995 39.740388576448 11.5169496101519 85.2499260230953 74.9352238719757 60.382717518602 23.4083450831093 112.319439449773 10.6198143729101 107.302036174294 77.8064137413596 62.5037604064043 3.07405524136429 38.9914656476066 12.8220492948198 13.2622199471175 68.6063868437757 33.8103573198029 55.3621663927169 47.413867442397 29.414095444657 26.1029353344447 29.8805015917079 33.8175721475113 28.447052660983 65.1215469844437 46.1742882479739 74.9797962915877 36.6536681588325 40.1105227524202 67.922533320412 44.5884918180666 106.28975745203 102.696863917189 29.9453305977451 70.5681598473294 46.7391422913148 5.61137956838505 41.5494553889498 50.2463394312924 16.7408609155132 22.2310887617179 12.7587898315816 58.3424674632077 67.9534972049366 28.3076204009249 32.1001638934875 66.5708545527324 61.9058020830186 34.6099385598722 1.7083161673703 46.8846426017034 0.312484568688983 53.52007934002 10.7679975966818 60.7503791114634 11.5367213009057 42.7836561013872 13.740594743434 66.7852107823989 27.5649771334883 57.1041457305036 25.713131827558 17.9641005022507 15.4222708503302 2.82142900461548 46.6299498498733 24.7149446553944 17.2272947415455 48.7384723712806 18.3794982166104 59.4486627332015 22.9705308312385 53.5952685580725 1.97566734491649 27.0300836629718 108.089207912988 99.1407007206127 8.63213801838705 76.1604345852945 4.91713868406964 3.30486719669348 4.53108498392465 5.08485937450878 69.7858161349671 25.0784256505113 71.1079567516975 130.260390693013 11.3805758997441 57.9087693201178 44.1088260245388 55.6624930900922 60.775382504424 118.871240274106 5.17010348015847 158.166133026136 89.7264222584932 45.7207108136871 93.3950199118911 52.2839065671235 38.0133632969559 0.0616279402426906 84.9043490500509 41.5542067067928 71.5123876192384 97.1333570410285 42.2995158214312 73.3266922715203 35.1980505792984 1.17312474236593 17.1651359056892 33.9104699802221 2.31704104817641 35.3344915579445 56.8394439516372 11.4145241378838 8.03701104334969 19.7658645436643 162.166950155982 18.8618033324284 0.936883827889168 65.6957415093247 5.39986992673931 79.3831526904549 39.5917218183042 24.596236484636 32.5782741099492 20.9109150168925 92.2249256624723 8.07034108546021 15.5345068747669 48.562447438844 3.1807485380526 43.8978704468732 40.1344106850979 29.1669395011325 20.0477439472871 27.0729916048703 5.1419672826988 91.7743118642714 14.2573724037212 28.6509290514751 31.0465358860925 7.23971056502987 24.7803729354749 52.7442227671865 18.2632598832781 50.0205153243145 9.02867199561157 2.90479429317448 44.5075426723029 18.5921318251589 25.2039243694058 27.5382476575617 34.0847072503188 38.2862286708144 85.0888094399747 23.4417467609328 26.9126433317081 45.3317041891546 21.4942700377178 51.3938110332555 36.3996768383285 30.5868169020156 97.498671955448 34.8548016328136 85.2504572983395 7.92750511744792 6.97654017472125 48.3495975962114 101.303990914441 131.49688971163 32.3422608309739 54.2398889064846 1.10530569213197 65.5362816408902 8.64240839829602 33.1999825001953 58.2730053804879 10.3043479656788 29.9368944992631 1.00870265635284 84.4805620091495 95.1119703153506 26.8584805847007 67.9747909687796 30.125822419787 15.0084925531577 46.6154736308946 8.47960661506036 115.157093908111 42.7673532648305 46.8748776440802 27.6589918095104 11.7420297044427 52.1221412663583 61.6137766394176 122.785592081209 49.3446503856875 68.7477627878383 127.985069282013 91.9505297336448 45.0615037780539 2.56893091932808 106.282096557318 98.2831488219805 113.355806794598 16.9165742012124 129.475432523837 63.445834360251 78.4105759334923 0.257186695496171 47.4231269155164 28.5330522368535 100.363569239017 61.7854141374071 71.7947618865432 59.3768304109013 0.775242624353912 8.37483086451432 87.8231740983667 99.525071964865 0.375768260487609 35.4142451176171 4.04515838968368 4.60096598102844 102.577970539254 36.2113431049006 3.06989058866133 30.3873643819377 6.97143106368824 35.4292995733943 69.615005780046 67.5766523964225 18.5893461803587 27.3520245578119 25.3112107160346 57.9277446301953 77.3852981980007 1.97509294814183 32.7836748239547 26.1639658232634 2.14325041518009 71.19009340322 77.3783041752084 92.1970144860864 30.4316877073447 20.9023378243663 69.5470612174414 82.6957230655127 25.3826114114498 64.4387276038352 53.0635339829862 29.1319187726784 131.485017646335 56.0750268787675 14.7683968876459 65.6911716381748 33.2158835901209 8.98729261138091 3.32079678650669 21.8093016395221 58.7205052698676 75.0493748463722 26.8754663085668 45.4485744947613 11.7522141892722 60.4553852225294 11.445166431956 94.6834769838929 54.1808849331314 8.48914049114232 11.1617699670199 26.4794398232492 43.8737883959772 67.9618367490966 22.4026739607507 56.0719742974728 103.713582373929 62.8789567890167 54.8111527181464 23.4355561779908 24.2486610383808 0.681252996651048 36.8221325415063 21.6193869034328 22.9446028369818 20.7008572844239 8.26217466226296 0.307196158422547 0.747622603585968 19.5138909858211 47.5196878701311 34.6858477278321 88.6880209174912 62.7558491152427 13.9800046890268 23.6037186281598 24.8304596911141 10.5276131515054 14.7141787242687 50.8283742039702 12.0582983892705 24.341900706167 13.1940377482531 23.1437403222 9.6300215544332 91.063311183045 115.959926738759 0.195366213499461 28.7058493951826 46.0892980127023 35.0871408133704 94.79317249501 15.2483407278416 38.2460619393728 87.4683054352282 1.48075049728544 80.3061905879244 6.15373740933339 1.96561095901138 41.4312291929285 9.11486881643288 55.7372140509997 46.6682352700147 14.176482034557 20.1900516818426 85.1157317003598 15.4933092875155 13.9483940065735 56.1863067292038 23.7363189535157 13.2904227185738 87.1138720607007 76.0752854600107 93.6553167162884 4.85303807849102 59.2318648561194 22.108627806243 0.613904158606002 93.8488051858376 86.9884568289513 18.9575662277386 61.6736144216807 27.8002598247241 36.9976030870989 16.5057399173762 9.20390170918884 62.6000496546082 4.01787575242607 21.9691768410231 57.198023317432 145.51242750448 40.4642986905964 18.2097120004738 39.678119013846 23.1542430446876 57.2748245022488 145.405577201111 19.7494038902563 92.7269234881207 56.9916000051354 10.2027307891977 18.7120478029388 89.0666866452826 36.084253146221 123.014358878487 87.1604820077804 39.5551479092347 54.4076642144623 42.8600618199886 30.4046796878776 37.0670240847488 25.9052999250974 44.8288003030331 58.3913823436305 145.404532752972 25.4697279687209 59.8517171795721 84.7012630260376 82.0873679744326 83.6731453557403 15.3860368821978 75.6914526911089 14.2193968574013 28.3801057942124 135.587927887958 113.007907982101 65.4678014092603 91.5190274822372 68.4505084768936 38.7026007483947 20.5506042911762 3.18859426158311 17.9684703190071 22.6660565234322 32.7921096008234 34.641377745185 0.639341004182411 67.8301659276498 40.773965416455 88.137694617219 49.0636461376581 29.2682656269344 4.65766575551291 25.2902183557303 69.1200857517066 107.887650267909 38.3675614247302 25.6886544531785 34.3234060788122 18.9816820293539 64.7529970661371 61.5043728946581 36.0202223357302 36.4791296059234 24.1887619278073 22.3357670721893 20.4484379414243 2.57290386113989 37.6903170343951 27.5641483817906 10.136723176486 2.8655807803878 17.2657178792606 26.3902289861623 28.0029116231044 30.6128700668346 28.8835997589876 31.2889816107013 16.3988267199543 31.6842967248724 12.7641994904821 1.92551941430219 19.6616926016203 14.7502809628 28.2619587255333 44.3032491801853 18.1004968678826 30.7377022707732 98.7125941943588 27.1012763837723 30.0596135227031 63.730283919286 34.8417605401978 38.33875730694 9.98992192176467 100.188007948349 1.53438880700489 78.0758172023119 108.489783544881 70.9436857222385 12.6812069167288 6.4148383120226 19.3038124757751 50.1591201091871 79.1520834710797 81.6713516785226 21.4851950332645 0.644011424283692 123.893153648477 17.075991813817 16.6169494581801 3.03154883674021 25.6329427576737 88.6900676116864 21.1742636322231 13.3907029828279 3.32087095864916 38.9767247202498 49.7254510343839 2.97344454251589 17.2191998952489 132.559108899719 23.8669719054734 81.6023986294732 19.7064666448833 29.3151290773486 13.7819743237018 6.88373782450808 60.972813151926 19.0535994480168 47.5552300297562 24.416522423888 41.3533008339552 15.0184132066282 5.38385504078928 9.3553374471712 24.5960713066951 15.1419356423351 10.1104331015359 84.734043922634 22.3483463210108 28.0847551715241 5.283584163353 25.6904158956999 11.894057919533 22.659851271461 37.7807815418489 17.351980134636 93.7706903368057 35.3704906719698 16.3421159231423 6.01205464588867 38.3860554990124 4.6692312693106 41.2067015614274 22.7565311734022 14.3217437235094 105.273977244482 13.6662959537778 15.3987917655012 21.0141759155891 41.9963937003658 42.4418937783703 56.7852928139414 54.1183550527984 35.9232313276903 75.9459830424893 76.5507326115221 41.5088977363426 39.7449097268976 48.6625320422661 13.5985970731761 16.9973941407885 79.1462113743205 52.8682691128729 64.1440918824982 24.0137993761249 0.15243726432388 31.5807213114862 18.9167304665279 38.5827581525612 40.1601663680331 13.0357025266951 30.2883571229784 26.4795420961034 62.3229770792746 81.0194748682021 79.9258462377649 41.2684725391053 26.1424865538609 51.3917829376474 12.2902321859444 37.2036679945905 22.6716259685089 47.5662996767625 4.13190224111382 61.8346943640297 7.57954881054552 22.6930928296874 5.75131169856059 49.5898886290556 60.5725228125236 18.3896268125542 9.91163292916561 19.738135571167 2.97119421157521 83.4096853664694 30.2729519125503 3.80604618848319 74.6833294285248 51.7450563461767 91.9030206412529 105.034358274114 2.2442203731371 1.42004084342883 60.7435290434213 4.20465708000427 157.741237389005 32.2649152217724 171.458507903818 84.137367719237 7.3358331563796 17.2664319324211 12.2792435733997 45.3542255155701 14.5909888007643 3.10285849176955 184.320440583389 85.0536720239663 3.5741548049923 25.8116741936988 100.398978488275 34.2801127928104 32.2756898874258 5.47152529539226 5.00554426431393 90.0413720991015 43.5964699147599 86.9758278538481 40.1441509727493 142.156499692969 44.5257445407344 20.7922713404816 81.3731453314221 47.5676603741957 75.2828141663139 35.1969283026157 113.907442230994 12.7059804499896 69.6986084673112 141.729982617161 10.130732146271 100.795717752022 181.009021787382 3.34138575295674 9.53134599815622 170.081127720457 30.5136446473846 4.74942710026559 56.9323460249625 29.9778877771906 18.7614829696906 80.424749487311 26.0786873004237 161.550068525165 9.73589507001115 22.6572352558004 99.5819424245717 41.0009987315896 167.247312992898 28.0970675639432 33.7536838524444 70.9840747364856 24.8773098158532 10.7805268591255 36.7480529076744 27.7226960650898 60.127516226648 134.945689817584 102.489760949485 8.2749959610553 90.6482531340046 70.9422036584713 66.4656100766491 53.435766350918 21.7311407315293 88.2340369078984 58.1781943223265 75.6747966725358 125.965532048682 50.8524646189764 59.2063261705551 9.34340059947628 28.4971373221362 66.5925253979217 97.0774144859219 0.749600990676992 96.6046177059985 60.7959771730188 93.1384137877107 87.0017957415102 77.010032165321 49.4270790535394 4.95725636507423 23.1585363349119 67.7731933370908 16.1136682457265 37.4993134563157 20.2940505914848 19.8992738668179 1.68329376347574 24.7516169002132 33.4919424539499 4.13744789606035 4.04335543553092 43.4014246452128 4.68458375873777 72.6795197218134 1.51671864426413 2.95575372937876 37.8167223402202 22.4243310221368 29.296633832337 24.256676423155 27.9040319811843 32.1013441275844 32.4483963006829 28.4976434468785 29.9393986616933 4.4564183663844 51.4916685719329 15.0943711381379 29.7814473542538 53.021681532482 3.05495925389364 2.92184120985785 29.9226141319689 30.7891206777163 51.1252975172182 53.9722728473003 49.6049344479693 71.0161947740525 87.2739868477286 42.901573731073 52.8448542483079 0.107044515683796 77.6415341581523 8.87521510300603 144.192188567998 0.743467711545221 4.38662798224348 47.0063447417631 19.7630833045048 69.7846282064722 32.2105463349534 14.2678788145495 19.5017568423124 39.7525624809093 15.0845191893781 79.7892420045962 7.8324555500616 162.996999197748 59.4893828868019 62.8597381114392 42.6536261755841 53.8608363474362 127.685461330564 51.1109210041219 15.1466702359774 35.24582121993 57.8894487116851 67.137938566872 9.22247823005993 48.8797210740641 127.177021514516 91.1011619087961 46.9937891341974 136.139203625959 189.818603191661 20.3683942930542 134.765055924031 184.582287532079 97.3233798029525 54.0104246339187 68.1176180143003 7.15026705462999 14.8381226117487 7.2574775764928 4.01203661695764 23.3932903553713 11.6093960870536 11.8923978310997 7.0926154778979 73.2115655771683 116.863774398438 83.3532464340754 2.36861975908703 40.7794765228875 23.6694831903106 116.39088082175 18.1928837098614 91.322480163672 3.97235779368332 39.5380922727476 6.39349406762497 12.7899872940267 7.71079054021885 68.7609127082867 1.03230231938038 39.4953128004522 12.8475272891384 85.7916405070684 122.681724293446 51.4001920522557 22.5624785994869 9.28189852559226 65.7346409697918 17.7175708908919 16.2866736288562 39.5402924650539 25.4366718963432 23.8142911303482 77.3881820002633 54.6979396545943 65.6725986125884 53.7228536136134 31.2784855505492 7.93534368278591 47.8034379244191 86.5978914763818 6.78252800592231 85.6980688212047 28.0393801742849 23.7737515528493 45.6888100001656 10.6625028586023 15.8148849186753 68.2351158020588 103.673052659189 102.968292717173 131.82344924934 14.7757506721949 49.6925460307203 123.643876568593 55.0014106149576 127.091459009088 1.10233925270476 25.4505741334761 18.7659603353152 8.21677002740601 69.512506430845 109.392351735815 84.7392778916065 36.7090228642329 41.89354772488 21.5397911129875 169.975757134605 63.8438906744637 34.8345781326486 21.0792616425912 2.37697807585222 56.3061695262928 73.4719276275282 16.3472942899817 31.490341746344 88.500545210301 15.1820884933746 10.7008783362367 121.265231330758 15.7887865720773 116.463589515674 34.2343035007564 24.5840544218269 57.3741341415408 19.9131132994272 54.786113471512 31.4504914570081 16.9791673699511 19.0563370026299 43.9816248680652 3.88748386993439 18.6473299290652 12.9534346519548 32.5348659070324 86.526202244006 79.1662575578164 93.792671711996 64.9298608807407 5.27025998280729 55.4607465200436 164.265139220051 3.54132907719069 51.1944850928635 113.122696868466 15.1216634866438 50.0003045006113 89.1493513352818 113.933463694029 8.66316977521824 24.6520799686108 127.809592774307 47.1518815599271 64.764910183336 81.3489745337644 14.5644872358765 110.675388657265 124.746913551391 47.086105129844 5.81500542517914 62.6084160672435 137.006222948917 6.95534387852697 74.4270320964494 1.89356703571522 121.961071606621 32.5774488617159 54.3834749566669 7.73618542191263 141.059270491861 68.3432561684099 11.8928573964675 90.2601327632433 103.610976728424 64.9824842814232 26.3989609477677 124.83982649561 98.8944646868043 12.5279028296938 90.6973473481747 28.2649963634931 24.1436005410581 100.790375888137 61.6970291601874 134.063497332654 5.4802103844133 140.776917848182 74.627749154957 72.5908272268514 48.2414084402914 139.577957022507 16.216352159256 13.6049658068444 35.0632375077223 84.0694737782046 39.5077794811779 101.348616730846 1.43810394549055 11.6301161622083 79.5564160646092 35.5656452648643 7.98643974556154 72.397849541189 18.4246247964595 1.99321052788328 81.6479197671662 76.7700922569917 3.29578152557374 9.45485624897523 73.9551892145739 133.64852919159 37.9724701118881 51.8700834755026 18.0537962007133 2.07951304759681 42.8225233876579 30.7199687677356 36.3298644198028 4.42212372079066 30.4858694805109 9.71642301537368 2.95933611442392 95.1113626052669 87.8876227874775 73.8735519979992 48.5984879609888 130.25587276315 39.9471920912673 89.3310779002993 80.8387478562431 25.8597836387131 42.0575932174747 37.0179349966113 18.7337292832945 101.727607245521 4.48868031568539 9.87737002894971 102.292796153497 6.53038296217319 106.399555742476 63.6568320880959 31.1288926054078 93.5798766936288 0.533053015753442 19.2683491006614 102.101972367206 20.5644087968753 72.048245671383 132.844922348578 21.6291031081177 35.276165784787 36.449227861167 53.1899128515921 10.1368517738089 79.7529913968596 46.2954105529923 88.0586070075862 82.4352733207078 36.2258341901777 53.1711276968039 20.8896635730704 42.3786446968658 102.151862640523 27.6301368697117 63.7719624443527 82.9507547645002 11.9069317323514 149.384203626573 79.7077019991497 29.7850146716704 77.9688423311661 19.6414407722512 10.9200144549661 111.827028741464 8.35317887174866 40.859883303542 79.8329105243467 27.8682495799811 14.577265238953 78.9990530371594 147.16625041828 125.991883692811 81.8226287679359 57.6737714859222 54.2810893650759 45.3138732595088 143.18802649173 41.2506472193665 7.80701743720196 7.80226762531038 24.8087333375512 35.9781577811533 131.45989530824 26.2344487308614 47.2255367937575 77.8475340960689 171.858469514047 98.900319397441 5.46775402781127 79.6715473154767 99.189279268591 33.9157333442867 85.4256255721948 3.02185988198471 111.312379078639 142.099382976831 46.4293815799772 33.31507966932 69.053793399066 80.1086882054401 143.301071368679 40.4246455500963 22.550426270814 51.4686015318467 106.424253350409 19.5230922171808 5.60698252442347 5.45468621946792 158.390472184985 8.99856770326879 76.4570507758344 19.7280301941722 57.9907695014936 14.2068847767378 12.9439195292639 4.81431365693395 82.5302190739647 31.189299021237 67.955241307822 47.2716636223479 38.1010345667028 75.5493459139939 40.9803710779373 13.4732323887523 49.4202776765012 22.6117690172987 2.84826530877052 141.962112981064 67.5866156976115 104.658175919215 14.9153002458162 68.9563714854951 22.9922040574404 38.5435109445757 25.1077970528421 178.359069789419 17.0591371595979 35.9839956283329 27.4564814264921 1.34117558996214 45.892422914493 33.9982622350511 22.671590473179 22.3436576216773 39.4143196614999 20.4100912598685 82.1948223394651 38.1511893208487 5.84322926794039 2.02724331411529 22.8098742438406 54.5429303290999 67.7260060594161 31.069198292777 129.936099736544 3.8378673705875 50.5168453544382 3.39206397579796 1.07044334712407 78.4407305020365 43.0247014542547 15.0420689565029 11.3929022445672 113.225961541583 96.4406962197752 45.2259901323019 99.0977423613838 96.7941865226292 55.0014423382366 40.1056413180311 111.672907270128 179.448844499967 46.7232265571975 11.921646392978 82.7066253015303 13.3820108834731 40.797570001939 11.7592112887532 77.6912949316629 6.72718386752693 13.2057807215375 25.2884012332397 47.1409249675697 94.6832410478438 69.3262961437857 26.3957502298396 47.3694247797721 33.6123191403656 3.60136800140628 67.1306343261146 7.17155224418806 74.1357504888771 23.0661572926161 12.8715818030031 56.059944174801 134.862737517615 28.3860003557536 50.3848321124683 75.6772147719262 2.4897108219607 0.24164880051884 40.1210222107058 110.692910519581 91.1686546457503 16.55372768945 50.2005719687034 17.0402732354198 46.4557941558381 84.6712548908788 6.98681770448298 66.6184109342847 88.5658173999533 30.5053510628456 7.61899823624574 41.3119538066299 18.9816471657327 19.2877194924967 84.5348676322762 98.1864058872134 70.4599793508451 16.5038218855347 105.731966111197 53.0582805590847 32.8990613115088 142.520467782399 33.1962074836018 70.8220150753388 54.6993478381133 4.32665759787855 16.24052358141 50.1306174667964 5.75426253517734 65.7858938049487 28.6295309378055 37.8194321651047 31.0973315443185 84.5896793477667 17.3696503692201 30.4128420391336 18.9033834011544 47.4435455639368 37.9561208024856 8.27577096057198 74.4487675437674 5.69339856916026 7.82725295741724 11.7782633008647 17.2801947308423 9.82866212434155 52.4446163089204 70.7734950251416 46.0553323985811 12.9076494200269 40.2620161687259 13.727699761162 3.37399799707002 31.017424383482 1.81147592280778 31.0182158112716 100.147487401675 13.1070406973427 108.528735108662 39.7311072036118 81.6810817931656 48.3828432446402 26.1911352879043 69.7907334452972 31.8974154828528 39.6390992834982 4.25704038068601 72.7670061123569 9.58692966894283 1.03767009459339 11.5516758123963 88.9453672823587 9.74708688593486 13.1847460263602 113.341691249683 1.95955228710636 19.8315038020272 55.9338807492016 17.4869123224191 132.585429763557 41.7165219009027 76.6397401448892 36.3887637366509 26.5488117996893 35.9247842062635 72.5654791912414 18.4460985207935 11.345635828362 61.169400626497 19.7830847107169 6.38873068066219 79.5766449979409 31.8346082296169 14.2864611491547 41.1533550664789 28.7353795410459 15.0231642154644 28.3067505759691 18.4948128486628 39.6959567645399 30.4018050159982 13.5572043610303 70.7753515780646 29.1284871153928 9.31166841310587 36.6632191591638 36.7375573226338 38.5654130999357 93.5013769256141 13.5434541829757 82.5036936195851 26.6119484124186 48.9824994740912
