Instancenumber:
33
Instancename:
A-n45-k6
Customers:
44
Depot:
0
Dimension:
1980
Vehicles:
44
Capacity:
100
Demands:
0 19 2 12 20 6 17 8 14 2 8 5 7 22 14 17 23 15 21 2 24 10 20 6 21 10 6 13 21 24 11 16 8 11 11 22 17 22 17 8 23 5 3 18 12
Uncertainty:budgeted
Gamma:
13
Mean Vector:
20.8806130178211 31.1448230047949 66.6033032213869 66.9103878332804 78.8923316932641 30.2324329156619 28.6006992921502 82.0731381147328 18.6815416922694 69.656299069072 60.4069532421558 49.7393204617835 43.8292140016223 19.6977156035922 35.6931365951495 67.446274915669 56.2227711874824 50.0099990001999 65 54.2033209314706 88.090862182181 45.6070170039655 9.05538513813742 41.7252920900501 36.4005494464026 24.3310501211929 43.081318457076 25 30.1496268633627 69.8569967862919 40.3608721412211 34.828149534536 93.3488082409197 54.1202365109392 25.298221281347 66.7083203206317 47.8016736108685 21.0237960416286 67.3572564761956 65.7875368135941 86.4522989862039 59.2114853723498 42.0475920832573 28.6530975637888 20.8806130178211 50.2195181179589 79.6492310069595 86.1452262171271 86.278618440492 12.0830459735946 40.7185461430047 94.339811320566 38.0131556174964 83.1865373723417 51 70.2139587261678 54.0832691319598 14.142135623731 56.5154846037792 85.842879728024 55.9016994374947 48.7544869729956 54.230987451825 64.6374504447692 98.0815986819138 64.2806347199528 29.4278779391243 25.0798724079689 56.4358042380899 24.0831891575846 34.2344855372474 37.6961536499415 29.4108823397055 58.5491246732178 34.4818792991333 46.9574275274956 105.118980208143 42.2965719651132 14.560219778561 87.5556965593901 33.2415402771893 34.2052627529741 88.2326470191165 56.0357029044876 99.1261822123701 79.0063288604147 42.190046219458 9.4339811320566 31.1448230047949 50.2195181179589 73.0068489937759 56.4003546088143 92.9623579735368 60.9590026165127 46.1735855224608 88.102213366067 28.1602556806574 74.6860093993514 89.8943824718764 22.0907220343745 59.1354377678901 41.7851648315524 21.2602916254693 60.1414998150196 80.6039701255465 75.690157880665 94.8946784598589 67.0820393249937 97.4987179402888 41.8807831827438 26.8328157299975 72.8354309385206 8.06225774829855 53.2353266168247 73.0616178304313 43.4165866921848 58.1807528311554 99.8498873309329 51.1566222497147 50.0099990001999 99.2975326984513 84.5990543682375 47.4341649025257 44.7213595499958 78.873316146844 20.0997512422418 43.0464865000618 95.2575456328789 91.3016976841066 47.2016948848238 67.7200118133481 59.0338885725818 66.6033032213869 79.6492310069595 73.0068489937759 36.6742416417845 26 79.7119815335185 39.1152144312159 15.6204993518133 50.4479930225178 4 71.1969100453102 69.3541635375988 26.2488094968134 85.6037382361308 53.160135440008 30.0166620396073 46.5725240887801 49.3659801887899 76.6876782801514 17.0293863659264 24.738633753706 32.5576411921994 59.4138031100518 81.3941029804985 69.2603782836912 57.5847201955519 66.1211010192662 42.4381903478459 54.817880294663 80.5232885567896 106.962610289764 32.7566787083184 27.0185121722126 75.1065909225016 90.4433524367601 60.8769250208977 79.227520471109 81.4002456998749 66.4906008395172 74.2159012611179 19.8494332412792 40.024992192379 48.0416485978573 80.7774721070176 66.9103878332804 86.1452262171271 56.4003546088143 36.6742416417845 62.6498204307083 91.1975876873944 50.4479930225178 45.3982378512647 48.3735464897913 35.1140997321589 97.5294827218929 42.7200187265877 48.0208288141719 86.1220064791805 35.8468966578698 7.07106781186548 75.8023746329889 75.8023746329889 103.353761421634 45.9673797382448 57.8705451849211 22.0227155455452 57.8705451849211 97.6729235765982 49.5782210249622 71.1969100453102 86.9770084562581 51.7880295048962 71.5681493403316 107.912001186152 103.247275993122 46.8187996428785 54.0092584655631 98.2344135219425 91.98369420718 26.0192236625154 98.7623410010111 72.4499827467198 32.0624390837628 101.71037311897 46.0108682813094 9.21954445729289 71.1125867902441 91.0494371207203 78.8923316932641 86.278618440492 92.9623579735368 26 62.6498204307083 82.6196102629394 50.5371150739731 23.3238075793812 66.7308024828115 27.7848879788996 61 93.0483745156249 35.3411940941446 95.603347221737 75.1664818918645 55.9016994374947 37 42.9534631898291 65.4904573201318 25.9615099714943 16 56.1426753904728 73.824115301167 80.1311425102625 90.6697303403953 62.2253967444162 62.6099033699941 54.1202365109392 57.3846669416143 68.1175454637056 118.004237212059 44.7772263544762 27.1661554144122 68.0073525436772 99.3579387869938 86.6833317310773 75.2396172239067 97.1699542039616 92.1791733527699 62.2896460095897 27.3130005674953 65.8027355054484 46.0434577328854 84.504437753292 30.2324329156619 12.0830459735946 60.9590026165127 79.7119815335185 91.1975876873944 82.6196102629394 42.4264068711929 93.5200513259055 44.6430285710994 83.4865258589672 40.3112887414927 79.9249648107523 53.4883164812653 25.9615099714943 64.621977685614 90.0055553840984 49.2036584005702 42.0119030752 43 63.5609943282828 95.7183368012629 69.1809222257119 37.5765884561119 13 66.6108099335236 22.1359436211787 24.6981780704569 40.1123422402632 25.5538646783613 47.0956473572665 44.2831796509691 48.0520551069359 103.768974168583 31 25.0199920063936 95.5196314900764 21.3775583264319 46.0434577328854 96.7729300992793 45.0998891351187 98.488578017961 84.8528137423857 36.7967389859482 3 28.6006992921502 40.7185461430047 46.1735855224608 39.1152144312159 50.4479930225178 50.5371150739731 42.4264068711929 54.2033209314706 18.0277563773199 42.5440947723653 50.2493781056044 54.5893762558247 15.2643375224737 46.7546789102438 34.9857113690718 48.2597140480546 35.1140997321589 31.3847096529504 55.9732078766261 25.6124969497314 59.5482997238376 29.1547594742265 23.4093998214393 47.3814309619285 46.5725240887801 21.0237960416286 37.1214223865412 3.60555127546399 21.1896201004171 60.8769250208977 68.6221538571911 6.40312423743285 65.299310869258 48.8773976393997 51.4003891035856 61.2209114600559 48.3838816136118 46.8187996428785 64.3816744112795 55.1543289325507 58.821764679411 45.6946386351835 24.2074368738204 42.9534631898291 82.0731381147328 94.339811320566 88.102213366067 15.6204993518133 45.3982378512647 23.3238075793812 93.5200513259055 54.2033209314706 66.0681466366357 13.4164078649987 80.0062497558784 82.7647267862342 40.3112887414927 100.895986045036 67.7790528113222 38.3275357934736 55 59.3043000127309 85.0940655980192 29.9666481275434 12.6491106406735 46.8187996428785 75.0066663703967 93.962758580195 83.9344982709732 71.5541752799933 77.6659513557904 57.6281181368956 68.1542368455549 88.3628881374981 122.429571591181 47.8016736108685 11.4017542509914 85.375640553966 105.603030259553 71.175838597097 90.8019823572151 97.0051545022222 77.1038261048049 82.2192191643779 5.09901951359278 51.0098029794274 59.6657355607052 94.8103369891701 18.6815416922694 38.0131556174964 28.1602556806574 50.4479930225178 48.3735464897913 66.7308024828115 44.6430285710994 18.0277563773199 66.0681466366357 53.0754180388624 64.4049687524185 39.0512483795333 31.7804971641414 38.2753184180093 20.8086520466848 48.7647413609464 52.6307894677631 48.1040538832228 69.8140387028282 40.853396431631 73.5730929076656 26.9258240356725 9.8488578017961 53.665631459995 29.1547594742265 29.0688837074973 48.7954915950234 15.2970585407784 32.649655434629 74.8131004570724 57.6888204074238 22.3606797749979 77.4661216274573 60.8111831820431 43.9658958739612 51.0783711564885 57.4282160614449 31.0644491340181 52.8393792544916 69.6347614342147 70.0927956355002 41 40.3112887414927 43.9317652729776 69.656299069072 83.1865373723417 74.6860093993514 4 35.1140997321589 27.7848879788996 83.4865258589672 42.5440947723653 13.4164078649987 53.0754180388624 75.1332150250473 69.8713102782537 30.0832179129826 88.8144132446981 54.4242592967511 28.2311884269862 50.4479930225178 53.3385414123783 80.6039701255465 21.0237960416286 24.0831891575846 33.5261092284804 62.2414652783817 85.3287759199674 70.5761999543756 61.3514466007119 70.1141925718324 45.7930125674212 58.6941223633168 84.4037913840368 109.98636279103 36.2353418639869 24.6981780704569 79.1012010022604 93.7443331620637 60.0166643524946 83.2165848854662 83.868945385047 65.7647321898295 78.1024967590665 17.0293863659264 39.319206502675 52.0384473250308 84.504437753292 60.4069532421558 51 89.8943824718764 71.1969100453102 97.5294827218929 61 40.3112887414927 50.2493781056044 80.0062497558784 64.4049687524185 75.1332150250473 103.40696301507 49.6588360717405 65.0307619515564 84.3860177991591 93.5200513259055 25.0199920063936 22.1359436211787 5.8309518948453 54.817880294663 76.791926658992 78.2368199762746 63.0634601017102 29.732137494637 92.9623579735368 36.6742416417845 17.464249196573 50.9313263129874 31.9061122670876 10.6301458127346 84.5931439302264 51.6139516022558 87.3670418407308 10.295630140987 65.1229606206597 111.39569111954 21.0237960416286 80.7774721070176 114.629839047257 5.3851648071345 85 94.578010129205 26.6270539113887 43.2897216438267 49.7393204617835 70.2139587261678 22.0907220343745 69.3541635375988 42.7200187265877 93.0483745156249 79.9249648107523 54.5893762558247 82.7647267862342 39.0512483795333 69.8713102782537 103.40696301507 63.6003144646314 63.3245607959503 19.6977156035922 48.3011387029333 89.4706655837543 85.9592926913664 108.853112036358 68.7313611097583 93.9042065085478 37.0135110466435 42.8018691180654 90.8019823572151 14.3178210632764 67.8969807870718 87.783825389419 53 71.7007670809734 113.850779531806 73.0273921210391 56.0802995712398 93.1450481775601 99.7647232241938 69.1230786351418 24.1660919471891 95.6713123146118 42.190046219458 21.3775583264319 108.600184161906 84.8999411071645 34 78.5493475466219 78.390050389064 43.8292140016223 54.0832691319598 59.1354377678901 26.2488094968134 48.0208288141719 35.3411940941446 53.4883164812653 15.2643375224737 40.3112887414927 31.7804971641414 30.0832179129826 49.6588360717405 63.6003144646314 61.5223536610881 44.1474801092882 43.8634243989226 28.2842712474619 27.7848879788996 55.4616984954482 10.6301458127346 44.5533388198909 30.6104557300279 38.4837628097877 55.4436651025164 58.1377674149945 31.3847096529504 41.194659848092 18.8679622641132 28.6356421265527 59.9416382825828 83.6301381082203 9.48683298050514 51.0392006206994 51.4198405287298 65.8559033041078 64.8151216923952 54.0370243444252 61.8465843842649 69.065186599328 53.7121960079831 45.1774279923061 46.0108682813094 23.7697286480094 54.6260011349907 19.6977156035922 14.142135623731 41.7851648315524 85.6037382361308 86.1220064791805 95.603347221737 25.9615099714943 46.7546789102438 100.895986045036 38.2753184180093 88.8144132446981 65.0307619515564 63.3245607959503 61.5223536610881 53.0094331227943 86.9770084562581 68.0073525436772 61.0327780786685 68.3593446428504 72.1248916810278 106.075444849409 65.1459898996093 28.4604989415154 38.8973006775534 49.0407993409569 34.928498393146 48.0416485978573 43.2781700167648 40.853396431631 72.691127381545 22.4722050542442 53.1507290636732 112.044633963434 56.4358042380899 6 83.2946576918352 47.2969343615419 23.0217288664427 83.0240928887513 70.1141925718324 105.422957651548 78.0896920214186 53.851648071345 23.0867927612304 35.6931365951495 56.5154846037792 21.2602916254693 53.160135440008 35.8468966578698 75.1664818918645 64.621977685614 34.9857113690718 67.7790528113222 20.8086520466848 54.4242592967511 84.3860177991591 19.6977156035922 44.1474801092882 53.0094331227943 39.0512483795333 69.778220097678 66.3701740241805 89.9388681271896 50.0399840127872 77.884529914483 21.0237960416286 27.2029410174709 74.3034319530397 16.1554944214035 49.8196748283246 69.3541635375988 33.6005952328229 53.0377224247045 94.9210198006743 68.0073525436772 36.4005494464026 78.7908624143688 81.3941029804985 59.0084739677277 31.04834939252 78.2368199762746 36.7695526217005 32.2024843762092 89.4986033410578 70.6823881882892 26.8328157299975 59.0762219509677 63.5688603012513 67.446274915669 85.842879728024 60.1414998150196 30.0166620396073 7.07106781186548 55.9016994374947 90.0055553840984 48.2597140480546 38.3275357934736 48.7647413609464 28.2311884269862 93.5200513259055 48.3011387029333 43.8634243989226 86.9770084562581 39.0512483795333 71.0211236182588 71.5541752799933 99.3176721434811 40.6078810084939 50.8035431835222 21.8403296678416 58.5234995535981 95.6347217280419 53.8144961882948 69.2603782836912 83.9344982709732 50.0399840127872 69.0507060065283 103.754517973918 105.118980208143 43.9317652729776 47.0425339453563 94.8683298050514 92.7200086281273 33 96.1041102138717 74.9466476902069 39.0128184062623 97.4935895328508 39 14.3178210632764 67.4166151627327 90.0888450364417 56.2227711874824 55.9016994374947 80.6039701255465 46.5725240887801 75.8023746329889 37 49.2036584005702 35.1140997321589 55 52.6307894677631 50.4479930225178 25.0199920063936 89.4706655837543 28.2842712474619 68.0073525436772 69.778220097678 71.0211236182588 7.21110255092798 30.2654919008431 30.8706980808663 52.3927475897189 58.7962583843564 55.145262715849 44.2040722106007 81.6088230524127 33.2415402771893 26.4007575648882 37.3630833845388 27.2029410174709 33.9558536926993 90.0777441991084 33.6154726279432 62.6498204307083 31.04834939252 70.2637886823647 92.9569792968769 38.4707681233427 77.1038261048049 97.0051545022222 27.6586333718787 60.00833275471 74.2765104188397 14.3178210632764 51.6139516022558 50.0099990001999 48.7544869729956 75.690157880665 49.3659801887899 75.8023746329889 42.9534631898291 42.0119030752 31.3847096529504 59.3043000127309 48.1040538832228 53.3385414123783 22.1359436211787 85.9592926913664 27.7848879788996 61.0327780786685 66.3701740241805 71.5541752799933 7.21110255092798 27.8567765543682 32.7566787083184 57.8705451849211 57.3846669416143 49.6487663492256 37.4432904536981 77.2528316633119 26.4764045897475 19.723082923316 33.1058907144937 20.3960780543711 32.2024843762092 83.0060238777885 31.1448230047949 67.6830850360709 26.0768096208106 63.1585306985525 91.2195154558497 32.310988842807 71 94.9210198006743 25.9422435421457 64.3816744112795 73.4098086089318 8.06225774829855 44.407206622349 65 54.230987451825 94.8946784598589 76.6876782801514 103.353761421634 65.4904573201318 43 55.9732078766261 85.0940655980192 69.8140387028282 80.6039701255465 5.8309518948453 108.853112036358 55.4616984954482 68.3593446428504 89.9388681271896 99.3176721434811 30.2654919008431 27.8567765543682 60.4400529450463 81.3941029804985 84.0535543567314 68.0955211449329 31.4006369362152 98.1835016690686 41.6773319683494 21.9317121994613 56.5685424949238 37.2021504754766 5 87.1435597161374 57.4282160614449 92.1357693840997 12 68.0073525436772 117.1537451386 22.3606797749979 85.0705589496155 120.341181646185 3.60555127546399 90.0499861188218 100.404183179786 32.4499614791759 46 54.2033209314706 64.6374504447692 67.0820393249937 17.0293863659264 45.9673797382448 25.9615099714943 63.5609943282828 25.6124969497314 29.9666481275434 40.853396431631 21.0237960416286 54.817880294663 68.7313611097583 10.6301458127346 72.1248916810278 50.0399840127872 40.6078810084939 30.8706980808663 32.7566787083184 60.4400529450463 33.9705755029261 32.8937684067971 48.3735464897913 64.5368112010502 65.1229606206597 41.5932686861708 49.0917508345343 29.2061637330205 38.2753184180093 64.5135644651572 94.175368329516 19.4164878389476 40.4969134626332 58.2151183113115 76.4852927038918 66.2419806467168 62.2012861603359 71.5541752799933 71.1125867902441 58.1893461039046 34.928498393146 46.0434577328854 31.0161248385416 64.8459713474939 88.090862182181 98.0815986819138 97.4987179402888 24.738633753706 57.8705451849211 16 95.7183368012629 59.5482997238376 12.6491106406735 73.5730929076656 24.0831891575846 76.791926658992 93.9042065085478 44.5533388198909 106.075444849409 77.884529914483 50.8035431835222 52.3927475897189 57.8705451849211 81.3941029804985 33.9705755029261 57.2712842531054 81.8413098624405 94.4298681562142 93.962758580195 74.4043009509531 77.2528316633119 63.1268564083465 70.178344238091 84.0951841665146 128.144449743249 53.2634959423431 11.4017542509914 83.4326075344646 110.34491379307 83.4865258589672 90.1387818865997 104.623133197205 89.3588272080604 78.2304288624318 14.2126704035519 63.0713881248859 59.9332962550868 97.3498844375277 45.6070170039655 64.2806347199528 41.8807831827438 32.5576411921994 22.0227155455452 56.1426753904728 69.1809222257119 29.1547594742265 46.8187996428785 26.9258240356725 33.5261092284804 78.2368199762746 37.0135110466435 30.6104557300279 65.1459898996093 21.0237960416286 21.8403296678416 58.7962583843564 57.3846669416143 84.0535543567314 32.8937684067971 57.2712842531054 36.6878726556883 75.9275970909129 37.1618083521241 49.4772675074119 66.2117814289874 30.0832179129826 50.3289181286465 88.8144132446981 83.6480723029527 26.6270539113887 57.7754273026172 77.8267306264371 70.8801805866774 34.2052627529741 77.4919350642375 54.2033209314706 38.5875627631495 82.8009661779378 49.6588360717405 16.5529453572468 51.6139516022558 69.0289794216893 9.05538513813742 29.4278779391243 26.8328157299975 59.4138031100518 57.8705451849211 73.824115301167 37.5765884561119 23.4093998214393 75.0066663703967 9.8488578017961 62.2414652783817 63.0634601017102 42.8018691180654 38.4837628097877 28.4604989415154 27.2029410174709 58.5234995535981 55.145262715849 49.6487663492256 68.0955211449329 48.3735464897913 81.8413098624405 36.6878726556883 48.0104155366312 30.4795013082563 26.4196896272458 46.3249392876019 19.9248588451713 31.3847096529504 73.0616178304313 48.0104155366312 29.0688837074973 86.3712915267567 58.0086200490927 34.2052627529741 58.2408791142441 53.0377224247045 23.4093998214393 59.2368128784795 68.425141578224 79.1959594928933 50.1597448159378 41.5932686861708 36.4005494464026 41.7252920900501 25.0798724079689 72.8354309385206 81.3941029804985 97.6729235765982 80.1311425102625 13 47.3814309619285 93.962758580195 53.665631459995 85.3287759199674 29.732137494637 90.8019823572151 55.4436651025164 38.8973006775534 74.3034319530397 95.6347217280419 44.2040722106007 37.4432904536981 31.4006369362152 64.5368112010502 94.4298681562142 75.9275970909129 48.0104155366312 77.987178433381 26.4764045897475 17.8044938147649 45.8911756223351 27.0185121722126 35.0570962859162 56 52.0384473250308 103.464969917359 19.6468827043885 37.4833296279826 104.694794521982 9.05538513813742 58.8302643203309 106.470653233649 33.9558536926993 99.040395798886 92.1791733527699 34.5398320783411 15.8113883008419 36.4005494464026 56.4358042380899 8.06225774829855 69.2603782836912 49.5782210249622 90.6697303403953 66.6108099335236 46.5725240887801 83.9344982709732 29.1547594742265 70.5761999543756 92.9623579735368 14.3178210632764 58.1377674149945 49.0407993409569 16.1554944214035 53.8144961882948 81.6088230524127 77.2528316633119 98.1835016690686 65.1229606206597 93.962758580195 37.1618083521241 30.4795013082563 77.987178433381 56.6127194188726 76.6093989011792 44.2718872423573 61.057350089895 103.174609279609 59.2114853723498 49.4974746830583 94.9368210969801 88.4081444212014 54.817880294663 36.6742416417845 83.4505841801003 28.0178514522438 35.0142828000232 98.2700361249552 86.8158971617526 40.3608721412211 69.462219947249 64.8999229583518 24.3310501211929 24.0831891575846 53.2353266168247 57.5847201955519 71.1969100453102 62.2253967444162 22.1359436211787 21.0237960416286 71.5541752799933 29.0688837074973 61.3514466007119 36.6742416417845 67.8969807870718 31.3847096529504 34.928498393146 49.8196748283246 69.2603782836912 33.2415402771893 26.4764045897475 41.6773319683494 41.5932686861708 74.4043009509531 49.4772675074119 26.4196896272458 26.4764045897475 56.6127194188726 20 19.4164878389476 6.08276253029822 46.6476151587624 57.2450871254468 26.1725046566048 81.9878039710785 31.8904374382039 37.7359245282264 79.2590688817374 28.6530975637888 45.2769256906871 81.5414005275848 42.0475920832573 76.4852927038918 65.8027355054484 18.9736659610103 23.259406699226 43.081318457076 34.2344855372474 73.0616178304313 66.1211010192662 86.9770084562581 62.6099033699941 24.6981780704569 37.1214223865412 77.6659513557904 48.7954915950234 70.1141925718324 17.464249196573 87.783825389419 41.194659848092 48.0416485978573 69.3541635375988 83.9344982709732 26.4007575648882 19.723082923316 21.9317121994613 49.0917508345343 77.2528316633119 66.2117814289874 46.3249392876019 17.8044938147649 76.6093989011792 20 36.8917334913934 16.4012194668567 26.8328157299975 68.4470598345904 40.1621712560464 86.6833317310773 12.0415945787923 48.6621002423858 97.9081201943945 13.1529464379659 63.3245607959503 100.603180864225 22.8035085019828 82.7647267862342 82.7647267862342 18.1107702762748 27.5136329843952 25 37.6961536499415 43.4165866921848 42.4381903478459 51.7880295048962 54.1202365109392 40.1123422402632 3.60555127546399 57.6281181368956 15.2970585407784 45.7930125674212 50.9313263129874 53 18.8679622641132 43.2781700167648 33.6005952328229 50.0399840127872 37.3630833845388 33.1058907144937 56.5685424949238 29.2061637330205 63.1268564083465 30.0832179129826 19.9248588451713 45.8911756223351 44.2718872423573 19.4164878389476 36.8917334913934 20.591260281974 61.5223536610881 65.0691939399898 9.89949493661167 68.7677249878168 48.8262224629348 48.0104155366312 61.0327780786685 47.5394572960189 43.3243580448689 63.8905313798532 55.9732078766261 62.2012861603359 46.4865571966778 25.5538646783613 40.4474968323134 30.1496268633627 29.4108823397055 58.1807528311554 54.817880294663 71.5681493403316 57.3846669416143 25.5538646783613 21.1896201004171 68.1542368455549 32.649655434629 58.6941223633168 31.9061122670876 71.7007670809734 28.6356421265527 40.853396431631 53.0377224247045 69.0507060065283 27.2029410174709 20.3960780543711 37.2021504754766 38.2753184180093 70.178344238091 50.3289181286465 31.3847096529504 27.0185121722126 61.057350089895 6.08276253029822 16.4012194668567 20.591260281974 42.2018956920184 63.0713881248859 25.1793566240283 78.2623792124926 28.4253408071038 43.4165866921848 81.5414005275848 27.2029410174709 51.1566222497147 84.2021377400835 37.2155881318568 73.1641988953614 66.8505796534331 13 27.2029410174709 69.8569967862919 58.5491246732178 99.8498873309329 80.5232885567896 107.912001186152 68.1175454637056 47.0956473572665 60.8769250208977 88.3628881374981 74.8131004570724 84.4037913840368 10.6301458127346 113.850779531806 59.9416382825828 72.691127381545 94.9210198006743 103.754517973918 33.9558536926993 32.2024843762092 5 64.5135644651572 84.0951841665146 88.8144132446981 73.0616178304313 35.0570962859162 103.174609279609 46.6476151587624 26.8328157299975 61.5223536610881 42.2018956920184 91.0219753685889 62.2012861603359 95.005263012109 16.2788205960997 72.1110255092798 122.024587686253 26.0192236625154 89.8109124772708 125.2557383915 6.32455532033676 93.2630687893123 105.118980208143 37.2021504754766 50.0899191454728 40.3608721412211 34.4818792991333 51.1566222497147 106.962610289764 103.247275993122 118.004237212059 44.2831796509691 68.6221538571911 122.429571591181 57.6888204074238 109.98636279103 84.5931439302264 73.0273921210391 83.6301381082203 22.4722050542442 68.0073525436772 105.118980208143 90.0777441991084 83.0060238777885 87.1435597161374 94.175368329516 128.144449743249 83.6480723029527 48.0104155366312 56 59.2114853723498 57.2450871254468 68.4470598345904 65.0691939399898 63.0713881248859 91.0219753685889 74.9666592559653 133.689939786059 75.1664818918645 19.9248588451713 95.7548954362125 65.00769185258 31.5753068076939 94.1912947145329 89.3588272080604 126.81088281374 94.578010129205 76.0591874792257 41.3037528561268 34.828149534536 46.9574275274956 50.0099990001999 32.7566787083184 46.8187996428785 44.7772263544762 48.0520551069359 6.40312423743285 47.8016736108685 22.3606797749979 36.2353418639869 51.6139516022558 56.0802995712398 9.48683298050514 53.1507290636732 36.4005494464026 43.9317652729776 33.6154726279432 31.1448230047949 57.4282160614449 19.4164878389476 53.2634959423431 26.6270539113887 29.0688837074973 52.0384473250308 49.4974746830583 26.1725046566048 40.1621712560464 9.89949493661167 25.1793566240283 62.2012861603359 74.9666592559653 58.8982172905089 51.478150704935 57.8013840664737 60.1082357085949 52.1727898429823 52.3927475897189 63.7808748764079 56.2227711874824 52.4309069156733 43.0464865000618 25 48.7647413609464 93.3488082409197 105.118980208143 99.2975326984513 27.0185121722126 54.0092584655631 27.1661554144122 103.768974168583 65.299310869258 11.4017542509914 77.4661216274573 24.6981780704569 87.3670418407308 93.1450481775601 51.0392006206994 112.044633963434 78.7908624143688 47.0425339453563 62.6498204307083 67.6830850360709 92.1357693840997 40.4969134626332 11.4017542509914 57.7754273026172 86.3712915267567 103.464969917359 94.9368210969801 81.9878039710785 86.6833317310773 68.7677249878168 78.2623792124926 95.005263012109 133.689939786059 58.8982172905089 93.5574689696125 116.661904664719 80.0249960949702 99.724620831568 108.406641862941 86.0523096726636 89.0505474435727 8.24621125123532 60.5309838016862 68.9492567037528 105.190303735658 54.1202365109392 42.2965719651132 84.5990543682375 75.1065909225016 98.2344135219425 68.0073525436772 31 48.8773976393997 85.375640553966 60.8111831820431 79.1012010022604 10.295630140987 99.7647232241938 51.4198405287298 56.4358042380899 81.3941029804985 94.8683298050514 31.04834939252 26.0768096208106 12 58.2151183113115 83.4326075344646 77.8267306264371 58.0086200490927 19.6468827043885 88.4081444212014 31.8904374382039 12.0415945787923 48.8262224629348 28.4253408071038 16.2788205960997 75.1664818918645 51.478150704935 93.5574689696125 56.0089278597618 109.859000541603 10.770329614269 73.7360156233031 112.614386292338 14.3178210632764 90.448880590088 94.3663075467086 27.6586333718787 34 25.298221281347 14.560219778561 47.4341649025257 90.4433524367601 91.98369420718 99.3579387869938 25.0199920063936 51.4003891035856 105.603030259553 43.9658958739612 93.7443331620637 65.1229606206597 69.1230786351418 65.8559033041078 6 59.0084739677277 92.7200086281273 70.2637886823647 63.1585306985525 68.0073525436772 76.4852927038918 110.34491379307 70.8801805866774 34.2052627529741 37.4833296279826 54.817880294663 37.7359245282264 48.6621002423858 48.0104155366312 43.4165866921848 72.1110255092798 19.9248588451713 57.8013840664737 116.661904664719 56.0089278597618 89.2748564826626 46.2709412050371 28.1780056072107 88.9550448260243 70.0285656000464 110.208892563168 84.0119039184329 56.3560112144215 22.0227155455452 66.7083203206317 87.5556965593901 44.7213595499958 60.8769250208977 26.0192236625154 86.6833317310773 95.5196314900764 61.2209114600559 71.175838597097 51.0783711564885 60.0166643524946 111.39569111954 24.1660919471891 64.8151216923952 83.2946576918352 31.04834939252 33 92.9569792968769 91.2195154558497 117.1537451386 66.2419806467168 83.4865258589672 34.2052627529741 58.2408791142441 104.694794521982 36.6742416417845 79.2590688817374 97.9081201943945 61.0327780786685 81.5414005275848 122.024587686253 95.7548954362125 60.1082357085949 80.0249960949702 109.859000541603 89.2748564826626 107.912001186152 64.2806347199528 6.08276253029822 116.180893437777 72 20.8806130178211 84.9588135510378 94.5568612000208 47.8016736108685 33.2415402771893 78.873316146844 79.227520471109 98.7623410010111 75.2396172239067 21.3775583264319 48.3838816136118 90.8019823572151 57.4282160614449 83.2165848854662 21.0237960416286 95.6713123146118 54.0370243444252 47.2969343615419 78.2368199762746 96.1041102138717 38.4707681233427 32.310988842807 22.3606797749979 62.2012861603359 90.1387818865997 77.4919350642375 53.0377224247045 9.05538513813742 83.4505841801003 28.6530975637888 13.1529464379659 47.5394572960189 27.2029410174709 26.0192236625154 65.00769185258 52.1727898429823 99.724620831568 10.770329614269 46.2709412050371 107.912001186152 66.1891229734916 110.136279218067 25 95.9009906101079 93.9840411984928 31.2569992161756 24.3310501211929 21.0237960416286 34.2052627529741 20.0997512422418 81.4002456998749 72.4499827467198 97.1699542039616 46.0434577328854 46.8187996428785 97.0051545022222 31.0644491340181 83.868945385047 80.7774721070176 42.190046219458 61.8465843842649 23.0217288664427 36.7695526217005 74.9466476902069 77.1038261048049 71 85.0705589496155 71.5541752799933 104.623133197205 54.2033209314706 23.4093998214393 58.8302643203309 28.0178514522438 45.2769256906871 63.3245607959503 43.3243580448689 51.1566222497147 89.8109124772708 31.5753068076939 52.3927475897189 108.406641862941 73.7360156233031 28.1780056072107 64.2806347199528 66.1891229734916 63 86.1278120005379 100.895986045036 63.5609943282828 63.0079360080935 43.6004587131833 67.3572564761956 88.2326470191165 43.0464865000618 66.4906008395172 32.0624390837628 92.1791733527699 96.7729300992793 64.3816744112795 77.1038261048049 52.8393792544916 65.7647321898295 114.629839047257 21.3775583264319 69.065186599328 83.0240928887513 32.2024843762092 39.0128184062623 97.0051545022222 94.9210198006743 120.341181646185 71.1125867902441 89.3588272080604 38.5875627631495 59.2368128784795 106.470653233649 35.0142828000232 81.5414005275848 100.603180864225 63.8905313798532 84.2021377400835 125.2557383915 94.1912947145329 63.7808748764079 86.0523096726636 112.614386292338 88.9550448260243 6.08276253029822 110.136279218067 63 119.519872824564 78.0064099930256 26.4764045897475 88.3911760301898 95.6347217280419 65.7875368135941 56.0357029044876 95.2575456328789 74.2159012611179 101.71037311897 62.2896460095897 45.0998891351187 55.1543289325507 82.2192191643779 69.6347614342147 78.1024967590665 5.3851648071345 108.600184161906 53.7121960079831 70.1141925718324 89.4986033410578 97.4935895328508 27.6586333718787 25.9422435421457 3.60555127546399 58.1893461039046 78.2304288624318 82.8009661779378 68.425141578224 33.9558536926993 98.2700361249552 42.0475920832573 22.8035085019828 55.9732078766261 37.2155881318568 6.32455532033676 89.3588272080604 56.2227711874824 89.0505474435727 14.3178210632764 70.0285656000464 116.180893437777 25 86.1278120005379 119.519872824564 87.1435597161374 99.0454441153151 31.2409987036266 48.0936586256442 86.4522989862039 99.1261822123701 91.3016976841066 19.8494332412792 46.0108682813094 27.3130005674953 98.488578017961 58.821764679411 5.09901951359278 70.0927956355002 17.0293863659264 85 84.8999411071645 45.1774279923061 105.422957651548 70.6823881882892 39 60.00833275471 64.3816744112795 90.0499861188218 34.928498393146 14.2126704035519 49.6588360717405 79.1959594928933 99.040395798886 86.8158971617526 76.4852927038918 82.7647267862342 62.2012861603359 73.1641988953614 93.2630687893123 126.81088281374 52.4309069156733 8.24621125123532 90.448880590088 110.208892563168 72 95.9009906101079 100.895986045036 78.0064099930256 87.1435597161374 52.3450093132096 64.7610994347687 99.7446740432791 59.2114853723498 79.0063288604147 47.2016948848238 40.024992192379 9.21954445729289 65.8027355054484 84.8528137423857 45.6946386351835 51.0098029794274 41 39.319206502675 94.578010129205 34 46.0108682813094 78.0896920214186 26.8328157299975 14.3178210632764 74.2765104188397 73.4098086089318 100.404183179786 46.0434577328854 63.0713881248859 16.5529453572468 50.1597448159378 92.1791733527699 40.3608721412211 65.8027355054484 82.7647267862342 46.4865571966778 66.8505796534331 105.118980208143 94.578010129205 43.0464865000618 60.5309838016862 94.3663075467086 84.0119039184329 20.8806130178211 93.9840411984928 63.5609943282828 26.4764045897475 99.0454441153151 52.3450093132096 67.955868032128 84.4807670419723 42.0475920832573 42.190046219458 67.7200118133481 48.0416485978573 71.1125867902441 46.0434577328854 36.7967389859482 24.2074368738204 59.6657355607052 40.3112887414927 52.0384473250308 26.6270539113887 78.5493475466219 23.7697286480094 53.851648071345 59.0762219509677 67.4166151627327 14.3178210632764 8.06225774829855 32.4499614791759 31.0161248385416 59.9332962550868 51.6139516022558 41.5932686861708 34.5398320783411 69.462219947249 18.9736659610103 18.1107702762748 25.5538646783613 13 37.2021504754766 76.0591874792257 25 68.9492567037528 27.6586333718787 56.3560112144215 84.9588135510378 31.2569992161756 63.0079360080935 88.3911760301898 31.2409987036266 64.7610994347687 67.955868032128 38.8973006775534 28.6530975637888 9.4339811320566 59.0338885725818 80.7774721070176 91.0494371207203 84.504437753292 3 42.9534631898291 94.8103369891701 43.9317652729776 84.504437753292 43.2897216438267 78.390050389064 54.6260011349907 23.0867927612304 63.5688603012513 90.0888450364417 51.6139516022558 44.407206622349 46 64.8459713474939 97.3498844375277 69.0289794216893 36.4005494464026 15.8113883008419 64.8999229583518 23.259406699226 27.5136329843952 40.4474968323134 27.2029410174709 50.0899191454728 41.3037528561268 48.7647413609464 105.190303735658 34 22.0227155455452 94.5568612000208 24.3310501211929 43.6004587131833 95.6347217280419 48.0936586256442 99.7446740432791 84.4807670419723 38.8973006775534
Deviation Vector:
31.1808630473126 45.6260036732495 13.1917032968454 44.9928775821118 15.463133020755 13.7120611023553 10.749825828943 41.1252963401502 9.69910437772453 106.480755608777 83.0985246240324 70.7659364041915 23.510806916491 19.3969292645843 12.2219326939095 83.3809967070377 2.1514842311972 56.7568887122979 22.4878356330008 17.143402757017 15.9793946720179 54.8509624151286 6.69284101196756 23.7472825168588 39.5399373585924 39.5043592791047 66.639337261043 34.1962859939206 24.8560286230716 16.4504275269098 40.3924925860548 24.0791148618116 6.91754594674579 64.8818963496373 34.5018206281143 18.018402192429 1.24553545496906 2.38236308381567 51.9451311023673 35.8698300620909 1.3513573293485 30.8188540581146 14.3646417312253 15.817939007647 31.4298674353579 34.3524128516118 12.9001708073914 132.963846480848 16.6181478788985 6.13732920395329 9.50447248140941 35.2837500404024 3.2033797535432 80.9005218965759 48.1001913188279 82.186555958493 52.4495743734589 12.2134621717098 51.5433514319071 14.4104274896699 61.4420820618105 13.9661908458355 46.5973874593788 75.833539446718 145.681269746031 38.3561106342515 42.4738719477131 37.9047951915508 40.0702796381523 14.1648569160583 14.7295596208149 27.3540805385868 32.6064170913703 45.1930854568052 44.0573710053156 46.3715633214627 153.045692667081 60.8926243299447 13.172087685543 1.94311648266686 10.6785788799845 38.9283752201436 34.957767882976 22.7231663596473 48.00237552027 105.816409848113 66.4927028158353 13.7174636335734 17.9586507042152 43.2743778312441 118.411125585065 2.78512300896195 106.736029357197 52.1084621219191 56.4515928314824 88.7299600686005 40.8748744474501 77.6413559283818 80.1986234575798 11.8224898161066 0.0821010015918082 55.2566101339781 26.8055163326418 66.7594582615351 37.7174510263121 69.0427585823178 44.7160523844639 19.9581175723796 70.7342663369352 57.6229486824639 8.57874555559756 76.2391176196446 7.15619104699906 38.1117501951911 106.103258652295 59.5619788228968 24.9540869790029 139.982162679328 61.3661621942637 50.286241573012 63.280814245464 101.10827263838 50.0385400968733 7.11531257131647 33.4117305704099 13.0880416618795 50.2020366210321 23.6978249051918 5.87792071961413 20.392340987393 53.0894636610858 3.88250836866904 8.5304054692145 33.3280383442993 85.8419822128164 21.8583326637229 34.5958945465944 1.64839223672028 34.9506670509755 6.71298653776809 70.4536366909461 4.85296894359397 105.12124947208 45.6232780443468 7.94833719528736 111.488939911916 21.4424775218356 21.9636044793389 50.2035280351867 79.1302352036268 8.50404264685454 1.51397666826437 28.9870365959951 37.9555989257178 14.7350389378807 129.851602538866 13.2014274819656 81.4383517396671 14.399513811562 10.8210961063049 12.0552985605012 80.6626088523192 34.3085047185009 11.3991034092274 38.3707545696466 112.40148679645 85.3791103055048 68.4519061602858 120.207077270968 17.1910923171282 103.338760909123 95.5494900518166 28.2742151224021 56.2081581028819 15.3223019055712 8.15014910948262 72.287636839258 62.2221993729657 46.9595031023446 19.5101041354953 43.7846517323032 86.0451038379701 31.3225342020792 11.0892021460742 23.3621653246458 30.5104521834235 20.7994831601673 28.7744571782261 31.5393337203566 37.1218926319074 33.2854193155441 6.19920442798138 108.607261866995 94.6996240298671 126.576644441753 56.3830520086435 64.7866677073841 11.944108640017 41.9372688229381 98.6890691709708 37.3594789625367 46.4569961341659 58.4060204374141 28.5680875819543 30.8097407453231 106.881324697989 67.3720765114084 70.7366553459296 4.66626728641945 145.891988728923 38.3110548773178 20.4322893085536 79.2368006773858 75.1585938917026 33.0096181862374 130.723363430858 12.880050790284 11.4580982505946 23.6424137964942 85.2877756026894 3.74723277442591 108.798071489027 17.3908138197427 38.486933075892 55.3798837389506 116.639628950337 54.6058278896253 8.79596332250525 21.8727096090816 4.96898320333285 84.6391696652421 100.615207045754 29.3809666488223 41.3668802813022 0.496914580705709 70.5393906862732 52.6562436355635 28.3124370872331 75.0757364819365 39.18991867208 8.28700594363355 87.7431299629972 49.3492312330576 105.791986121045 88.3032631579738 4.4594729611927 61.3039257321352 67.8578524657529 75.4305203884907 89.3433528701744 66.5790437755336 60.985228021428 25.7064768013503 51.0927434985852 120.808405202732 17.6731769126609 40.381397431027 65.1091765378649 53.5566421647025 53.8481053361209 23.1857941419815 22.51688400357 14.7088185531756 4.55466053023956 23.426521576911 3.93987020757213 80.2065308625212 45.5694733771864 89.8486026490032 69.0502749660006 19.2985103876789 140.574288976022 34.4767180781448 93.7838031361614 48.2540625809825 9.57741355871065 63.9189144241297 14.2744536231408 88.7689598707482 79.4868879146825 11.5673566548642 13.0879049975378 26.6065634428327 75.0884088051935 101.730514511027 14.4105595518901 52.0526666848767 20.7936957479937 58.5080795172129 7.52405677002287 20.6883965536824 4.04748632843992 17.4300329125068 54.4945533255706 6.85513548217819 70.0104199771058 153.907008275949 45.5869787392072 10.0655764695332 80.4306154672132 14.5359578641553 39.4671442608535 69.5635451808911 65.4958155731889 34.8813638271993 24.566846056174 57.8470131058829 4.64752087373179 24.0061247078441 53.7235849045746 37.2141164511076 42.0271802537402 0.230622098464306 72.0011601165442 26.7057322797858 57.8556827425116 0.120341709507539 16.5222757467911 52.2870949786399 48.3133711661202 11.1163871775674 11.7754078799532 34.4936809740363 68.0630218341016 49.474326624228 35.8017462669864 69.4612618903215 32.4198681569807 58.6515376285152 0.493565160128992 11.270921389219 1.82695332017471 40.7090779433664 25.2349167341024 55.3405189959776 4.42858085161603 31.5688393752528 87.4509683110483 78.9906429521716 4.50033669668756 73.7597360144268 16.1642892351668 7.75810622137769 69.4327941354797 6.24557392802564 36.5371535187296 37.030554452472 7.4877036808467 68.7480211502394 73.8299408235667 24.7107484986785 11.6259803736802 19.7988265120631 35.8851907634603 4.81633666804662 0.372507307221685 69.0562016579836 30.2192813225269 120.606313280977 47.6835149286331 86.7190766810221 1.94208986144678 73.4676727051348 46.3751694786724 54.2209978930088 78.9739062762204 10.9969497090929 46.3202628360336 32.6095625989847 77.8868509400098 24.254053161299 2.88037367629737 0.223986801732178 20.4111778464113 92.2772941753119 13.7929326956002 102.094236929147 12.8140114644397 21.9445621353987 43.7260204567112 11.4812639780373 115.167083229012 126.032241032583 19.584056890507 0.654219989320628 92.5552252821727 45.7832745272619 112.351035593786 68.4092569952622 9.39264311086907 64.1403435927173 36.1447207592426 1.23182653206473 6.31493013012407 59.6621138970874 150.42972858488 16.9352717105998 44.1783697057695 32.9145612373412 75.6430045960919 41.0779989678501 97.0170254101861 71.2299504703482 15.6280966538985 17.407124735529 63.6615085712269 65.2861775798845 57.7891443837411 43.8105274207846 49.6137279334454 12.7399859201831 75.4388115839647 51.2218396596385 0.737219603743341 23.0626050003146 42.1038552013975 80.8876992699281 20.5682241518133 9.67908795825847 12.1533042720526 25.0938191404179 5.4732834903774 32.5015773790108 16.8618245541082 10.1894690075344 2.96792320752769 61.299265585573 27.2489334579332 93.1032390238916 36.794996814474 47.9970937898427 21.6927296483482 24.8423376716248 32.9559127555066 68.2465942462657 48.4694824057 44.4385877408163 27.835824864083 22.1524930492679 16.9658284893627 24.2968056529393 96.6444862219838 22.9163054480772 5.28815774748975 41.3330136134178 17.7039385424623 60.6364541667834 27.6613143551486 18.7972374633074 4.39035439946586 65.8650319895322 44.3982328366183 8.15272785043039 137.015842478631 6.06150266001537 16.461348593814 79.8284989499834 62.617305922167 14.1342798612364 24.3435347372432 3.67711346853695 42.4790501243491 98.503273421866 49.9399052683747 49.515316822609 76.5567357113848 89.8385412869369 61.1603745566138 17.632658763647 17.261217850164 10.4952755132624 23.5249251540368 33.7448239000657 31.8191497411702 32.3342780725825 55.0381785872416 86.4984334902309 89.8422674861521 103.068339850732 63.5875535734593 19.6509116255552 32.1444692588982 75.4340929763872 120.414354147419 44.3327288135752 79.6089022335659 34.3120019825351 49.1221273041837 108.118562730374 33.9798687972125 8.92918145659248 63.3773770650161 15.8208574918493 11.4485639108971 16.5425208835636 92.9971784216806 70.7935446355601 97.643257223021 51.3547483285256 9.32101621534066 1.99297682609194 15.5835455436168 4.3667684722132 79.2635498695029 84.9511895379347 85.5765626359201 46.4554478963074 15.4411896447136 50.0779789437853 24.8478473312816 23.2885519455079 3.37606419906587 47.7013761479879 12.2962814967283 126.148147227384 31.1030820861594 95.3480325880973 2.53870160955251 84.1751669948807 63.8940789080226 16.8953012352291 122.302195181209 23.8990602887458 5.39255755101523 5.5655097588901 40.5422701052901 7.30537402173555 64.5482101044536 15.1114336921827 61.9939040157679 35.1406696352506 26.5951025756611 67.7933080815468 66.3706972646203 16.2300239233091 58.2374360028877 14.9606530233466 36.6969188760608 110.827824643836 74.396361769416 102.856997496139 81.8991553174123 15.4772583188961 71.7730421468369 73.6983261498794 55.9274237491456 50.3133947517655 19.8440841201328 84.251544016792 4.75347841029711 36.9079297642225 6.76377405522716 0.231133472458439 72.7031465350532 94.4432885794469 4.32584134978617 107.511787972915 153.723731213139 114.84976919296 9.92161702096334 56.5207916686661 153.347573283225 38.735608917405 13.7113513019741 59.7026248071355 32.2100672058256 0.168058399876811 87.4014461844674 6.52184478303717 54.1970925595647 119.729024863239 5.30801045549648 55.2690875521532 36.9737815044686 91.8764875740864 12.0319189200919 64.0728622692609 13.76646038584 39.9610732802292 9.23697055971303 20.8794592011999 51.1474130707232 20.4452570239412 26.522719691629 67.0243521465857 7.94498553142456 27.1824134391272 40.658860066005 41.8426470662666 15.6169722131584 61.2219653528933 4.88794746151638 21.0654283450415 1.16015828412105 39.5304892925647 60.8135299345768 46.588847074826 32.4850768150753 11.3411864121864 16.569288689684 28.7143085225094 10.3827259408195 79.1043554059386 6.04701918772636 43.7334177649721 44.8997965542732 72.1643321520079 36.6066793795151 68.2341708599198 13.3925624825369 80.8007538042822 8.28994151951749 9.01721393192204 10.2695290400329 16.3640015865556 68.4699976237143 6.94024811416146 18.4435661167109 23.1501925399962 17.5789923396022 20.6588262755197 3.01567921373367 17.2688827742128 33.3216989505827 7.00665890029558 2.52716944159807 16.270739978801 56.6285864485281 69.7258315786005 28.2084001186339 6.50011502080104 41.5304996179436 42.9616343220872 65.2138412516031 76.213836148117 107.363657855971 33.451894093743 38.0677880980115 12.1532110857646 61.3834192752632 39.2763220457315 55.7787324682489 5.09644353811306 43.2992160625302 7.91709266861894 57.7547421569717 14.1029505403866 29.0272332154495 52.9224959090332 66.68466193185 4.50890143688963 59.3235089450045 57.3780728440183 32.6138722560322 118.301439746739 89.9277680997016 156.308739601302 125.576365955373 28.3820476786361 22.1038326380863 15.7144450002812 36.7160333984141 30.5066374200235 56.986900166208 3.29156459804456 69.4136877975566 60.3711327316044 14.2455628451084 102.198055919958 28.3255723399889 19.5342898703768 57.581385418346 26.2341071445648 20.5290202251503 2.99490822092706 59.5776689654275 87.8879424601837 45.4018919905853 40.0599098477107 5.28027148103803 18.639883389826 25.1633021315742 22.2447615339402 107.923718823889 15.9488125389804 30.7035186296432 76.8941646528994 28.3435564806122 31.719299653913 0.893505818069992 11.8755090744939 37.7953044685251 51.9291979635856 131.006452475511 28.5575568861538 23.3141826087283 70.9336357221225 52.1457229930655 37.2931037823667 70.5355547637947 81.5018292584188 40.7055887172181 86.8701667222439 54.5777220514913 23.9887607831675 131.079815346914 45.5778039758513 48.4830545359289 4.13444458792659 67.2640259362502 8.49474052365299 39.7672553346361 29.6580811641926 44.4789973551107 18.3545972340111 12.5940852869032 73.8237943281797 5.81299798343847 85.0818233286294 19.5300373403923 10.0806031857027 82.4899045649894 152.793274088886 32.5275014157646 57.7137571371374 8.64966944917954 90.8234242088839 39.8151827321977 10.110251324683 75.0539906173324 101.094457795303 67.1007918104707 67.2769219473486 108.794399933703 60.2498436579163 58.4285449311537 44.6529196315416 126.269878508993 122.283146776362 50.6187618161071 87.254004229936 105.91634983682 28.5410834055946 5.39839275745627 27.2606721959398 19.7834400401227 12.8117855240881 54.1481626150606 85.1359123543228 65.3071321713708 88.7583449869125 1.3903219066224 52.6625901645725 37.4902573942998 40.8817124540791 7.17760679783111 77.5110246725259 39.8117973085054 31.3147698336439 39.961021108078 19.1234272826001 5.62383990251638 89.209429285143 82.9001188081393 88.5923054695104 1.86460725432653 26.9874334339315 17.6044891870063 83.2822483271685 34.3480354457822 26.3495986197948 38.508004282158 30.282190407796 40.2024456100036 24.4606537595969 39.9806195193611 26.2452235470223 37.913487219166 4.03224578215759 28.6641939801298 41.2521638285253 35.5792345059844 62.0120921889749 125.78860168035 20.4985557993517 6.71442594574549 151.095198677214 8.73405281662337 50.6181335146742 40.9997278394631 4.10346421651075 54.5692655661757 37.5485359596324 77.9272173821397 46.8494786433056 18.3583589453723 17.4791797528429 64.887814262691 39.5814364148724 6.08295638816032 27.7838084993667 68.3063018418415 56.8034484509232 18.5844713329381 86.2195754406712 10.1450515524956 17.2888763195275 22.6638205475202 106.020441590933 2.36550159434837 33.2661260025674 16.8300977058051 85.2992179197829 25.846048831132 11.947346019795 14.2454878724243 41.5220702781252 4.55106657970601 13.7319078866083 45.7192760408733 14.7642969895217 31.6496881845062 67.3937267146797 45.9292638436525 64.6270619540911 37.3127235388191 13.9098446578576 108.134976698568 42.4949561569986 82.5293443157783 130.920383750073 4.08164782675266 61.549479074862 60.03975661376 8.03723892877759 14.773907897077 76.894963362893 69.4248172818341 63.9749232008046 79.6274662149235 166.214018732139 15.8491091838478 66.7414132832988 81.4872104493175 58.9196671573063 11.6182855840016 16.9215697704904 7.17142433269875 36.8259901011297 50.2577307117276 67.3028350023541 95.532008110347 26.0866014332019 5.14854922181037 25.364777016041 73.5861426934869 130.311184341554 95.0460293972973 52.8828134200162 40.5015074806365 65.4706198006354 22.068476793125 31.7388440904217 91.8010286818263 50.1253943890202 4.08858961823683 28.685422340377 51.9169902386002 43.4458030157634 12.0401037896818 21.4918021896149 53.1175487064031 27.8468361748754 20.5702344701332 34.042115776859 1.12280139369318 36.7601737277857 49.4806586985836 50.0150673222881 34.3403189626696 75.8296207169447 58.1412168649094 12.2338398156203 0.601092748315173 49.1671794966128 28.3736911242759 79.6294450276085 26.7459809259142 17.9005043896641 16.4661890371365 14.8793872783891 69.2989290885272 64.0963571386946 5.61868481836523 90.9241849978567 32.705974855326 54.6695508286318 49.0789611481303 51.0227729019616 11.572749685321 32.8434277661745 8.13481851839395 31.1949000163873 37.807126225328 31.8521480683375 38.5883717517332 44.0466767217825 26.2074924294955 54.372766155605 52.396906752727 1.64906020803076 23.167929991053 3.45584926572136 11.6361451280915 93.9626779344 76.5059332660346 80.4135483898517 61.1762814781959 40.7372620011063 15.350207565435 43.9407529102748 58.9630741989523 47.3915247475895 36.5885596991791 16.1040620869653 113.997069973279 118.737332225974 37.8276290891298 65.1475090856918 18.3859012003593 9.01863181002465 27.7625987632566 17.663529124715 54.3775577088081 25.3365384594695 19.9034531494343 3.8036207028202 14.387548823859 122.677762742054 113.795159144512 57.6677609884023 61.5103833815174 59.4873761985513 99.3373588281708 46.6723982877275 36.0866156444615 61.303219623242 98.2407368973726 139.540725698583 98.3554690721765 100.749602110538 70.4962013787846 68.5050283138073 101.399673042482 7.00066521299953 61.7306971127304 8.45662081324092 106.16514393678 117.154724766992 20.1281563109562 71.6818819045555 120.937477371961 63.2047950422987 44.2250750949173 3.81872431004343 8.3892142135529 49.4152942515334 30.0995945159355 20.7940653148341 22.7986382459776 6.02746087119963 51.8009332573951 33.6660873187658 65.7912569674849 81.9902202628806 37.2090326754243 8.2219564772201 8.28940427526551 23.1420774204154 2.68593695186483 0.126617415086977 11.2670618051132 74.9875633768803 20.5944287048552 34.373435948652 70.8906820077003 29.392407169116 57.9297624608806 28.0195967790596 90.1400490796318 34.1305554187378 1.5727871562408 41.0081416695082 0.557322326771842 38.8022473374412 41.2797952416554 7.26123582103023 125.276036952561 4.6032420429206 15.9819748051001 8.02299323633918 15.4836706645066 40.0418501004776 1.40986661898812 106.226625812556 6.70679341605903 50.8382310534074 128.045159366171 21.4324924715912 6.31332349873699 81.588853817318 30.0286817758172 6.78683626429834 32.5318085945506 37.957504257581 41.4106248596382 39.6315332906908 22.1802140519326 52.0881871735851 35.9720927812235 18.6027529472238 6.79706051916469 96.9327385982764 85.2313371143899 30.0212799278267 19.8981343529263 31.2313620591743 23.0048950826571 17.6298742872867 63.5488088357647 71.7867752012313 29.9694864153262 65.3690992993987 31.4655210761148 17.6588760474851 52.6099577537062 15.4898015877493 4.55630954073757 47.0605092918613 18.7253553713235 17.3827566383171 70.8905790546509 66.0054024705045 37.8866786258588 38.8165613570082 67.4675807846279 12.7921653474755 66.0594790420971 77.6211324334013 3.13273972812984 61.8759290569567 5.8282544020053 65.2543773902833 48.93445821236 59.7568024600423 55.5240180055143 62.2802155613382 22.7651676719504 54.2400538305063 13.6354493827609 42.3656644812993 45.2132021584098 7.89923301710368 7.52154459019969 89.1434076780976 58.4397607465639 107.049008623088 43.3171642432366 114.539391755241 35.71018145779 29.9651946463665 14.0384884387817 154.389375081608 22.9346452846373 55.8757220851477 13.7357305803119 3.58510215789937 22.6549277140886 119.333938018132 72.9306682597558 29.1466740038281 26.2086500690857 28.5626169016952 54.9637547719884 9.16234940632957 49.5912377549976 61.4159936736021 10.688343380166 72.0060261498446 4.22529446842575 13.9781709580268 118.273321113976 7.0568788856322 57.6860340516034 137.181139519744 3.4521658854362 43.8912728196814 84.4953782832169 53.8330980901017 1.23707149710194 56.8111853599486 39.6518828392929 2.1540245310971 107.266524825397 60.5566792487558 12.0685237584322 23.9687116699611 59.47257255609 31.3089907901822 8.89707780489111 82.5531288326017 69.4199843274086 18.5423557692088 66.7184883502635 15.6001618593105 0.126375880607028 50.3613358157738 115.461791395963 16.4715146086603 0.533381862845718 0.230286765568167 55.0746432969293 42.1834386020411 23.8605145449201 122.181185894337 45.1330214153284 67.7613492571507 16.9783907245278 5.34381751178839 84.2667251022948 27.3404312267022 1.08394399661754 144.241358875512 64.4421010225255 86.0992628880072 40.8709497327598 71.936081539058 8.52102775694467 26.788546363411 121.367136535435 52.8965592592581 12.4485572288551 24.6900097977608 18.0424692664965 35.4265980529067 16.2212547310783 15.2160910575039 44.0817233180547 32.8947736841189 31.0531253221692 17.0655566887607 9.78786967116827 77.6488238112137 8.13133595688981 76.591119674508 37.6099003892279 73.1216880861772 15.8981870325765 49.2147938854829 58.0136059886781 91.652074281203 8.12462731258715 31.4108324209055 50.6918162724819 40.4838832881261 84.1264972978457 34.8507332055228 5.52177525971901 37.9882301688897 83.1897600942689 28.8807867392631 8.11115678716314 0.921777278776213 8.07651669449062 39.8282869335993 42.0739621961566 69.4182406044313 31.3029281115702 28.1784952794127 103.727543363751 42.4243459346375 68.7155177593347 12.0625029659481 39.5015930225995 13.0830205297292 91.8823729537227 6.42479988084558 29.0278156533825 11.9138525140419 4.15218223807091 57.4358905577811 105.783228454098 31.8073543722221 21.6727082839982 29.3855801027558 49.7065565507362 114.698767282591 13.0684310073947 108.538765571713 22.4463073122767 9.7377181804683 56.260461466534 3.68345159992128 18.2032235197265 129.163534170913 20.3925353552193 4.8062293977944 16.6506730230178 6.26675912652964 76.5122964639495 29.2374595696316 74.5031907002266 15.6989421516875 45.1616931873914 18.4275577605278 38.8393660893529 5.89608925509357 33.8092022141313 46.1641792561964 25.5445170967045 119.734048893945 17.5877162827443 29.6609791453409 11.8110415934887 2.37265180463232 10.9533208408235 146.846450699176 0.703842685138184 36.481995587097 114.32647427933 23.83626140465 15.1798209889045 28.0179895394467 52.5035575409327 35.3492472721678 43.8486270886613 27.9078528110669 57.2523435125711 6.66245246033125 2.40324481208942 24.3157037613501 9.29555907932151 29.6953254975568 66.3982582159928 63.4503075370425 29.6198021469291 31.5986771610008 52.3049216672207 60.222888083896 52.4794609552413 18.7496930018198 54.2170371311796 36.1810427990659 74.2298955210014 32.4617414633696 28.2774530760994 61.9005732136418 40.3927542822896 28.155271012246 6.02448206483698 13.7421273288512 70.126992797294 46.5258829586522 1.60125008230156 62.3259639284994 74.6655122876106 57.3717632157981 88.205301871356 45.6729060436498 58.9679429073303 31.012883356075 77.3929488059896 21.2980128295467 52.7099473679025 27.0874787666014 62.2721699669148 32.4824791653574 4.81747477658047 85.5199606900994 35.8797049017892 112.246027324269 23.5225965181202 41.2172707383612 25.0217489180584 108.078674453969 34.7939426726997 57.1509617740315 41.7429414359497 25.2178314146102 22.8350078543724 60.1201505940855 54.0500039387125 21.4712799011497 15.2413513403778 24.0844385495339 45.2852578102218 17.7270949671161 52.5970493757494 52.1478883117948 44.6881763966553 13.0826855463623 92.9017020732553 7.1789770565259 13.5575205609067 21.1900061292757 25.9071494862099 46.6634507967782 12.0888079818419 60.8634763929858 16.5835422083712 49.2619127675758 58.6868955973831 27.0211658006131 57.3590724774069 23.0901415294408 35.457806606418 41.0139751511123 83.424922604634 8.25145724337778 24.8168008599012 29.2713841240111 28.1029381566096 30.4566332633013 58.7794325226965 112.257861274736 101.213201815979 15.1128887226431 91.5235352664763 53.8123174596563 101.524327376239 109.805724802189 11.6209200962422 142.568733597365 51.2398037689935 21.3330449341099 62.1708115764402 152.385727123877 35.0874855496657 36.552461030156 3.10026756102236 104.301243510543 54.1043103229553 118.991109935199 71.8711338193889 4.84729669202193 166.523330710254 14.4667202719973 18.7519256206429 76.0158416626197 39.8746821790296 146.647939345294 1.75742838067133 135.367705430896 4.71768955753539 54.6761659238487 102.350678150494 3.88520954966373 96.9167321120627 89.6636313346827 4.79599265427229 75.5257028669994 41.0443530856739 8.37686880238833 21.8246821009958 50.260763410578 17.8839181835839 55.7957191116135 116.338194542476 160.237027491766 70.7341722284272 3.60291613372184 105.840158423168 152.15431033859 81.9835062484536 98.9570969516519 116.828135076259 102.87974934399 101.179861725425 10.1924159175646 69.2327265231207 55.5405500422746 39.4844719211616 86.8468910196108 28.483534200101 68.5731421575933 22.828748057116 97.5025798547237 42.127401976158 70.4070265420295 15.1064744091435 0.539891618636485 30.1671072659918 42.0076040558653 14.7967279762969 79.7758842432488 19.8303584077135 100.701908743029 25.6156103135673 26.9419016482688 65.0058469063195 61.1205975057733 45.26434250484 56.033769344101 49.7416395925927 155.76483265376 141.357694302238 23.6820996965038 41.7482336951137 37.5488716778831 35.9187057731289 20.1257204707334 52.6228638290305 56.33511179768 64.8690400707276 14.7514710857905 1.95331038032075 0.0243326659215075 32.9287378200685 42.8490033310992 64.9188600369832 5.68652904329766 11.3078388082543 3.83578801253898 27.190604579852 62.6710235297943 31.8881259120968 31.5031668121938 31.7840966071617 25.0356105939212 39.2730617137853 32.813460424335 17.5360823532234 28.3362836480083 9.94320454375968 30.3577528667599 5.88392615465313 0.684572609739645 37.0457378811377 71.983399713472 86.0070559539853 35.9190338174825 80.2904400165854 65.1654280350209 11.2259348931095 72.1059190460181 75.1517350794657 31.3685721028107 77.7318550175209 67.1463891482024 2.06588181330058 25.3500167489131 67.3959950931935 115.747177906085 114.17695517693 49.9170475230192 28.1033292003006 22.0594186093697 41.1351967619413 165.367142399395 4.66835692079048 7.1283463405293 92.9282432114002 16.6651263878763 102.195260794264 130.447923026759 10.6322699279592 147.476221989342 115.793717949403 2.50474998808472 53.0736261974637 67.0440893098272 61.0946409423947 31.6078850291073 5.60528437184309 49.100772200829 46.3136130785387 31.0045516452412 127.374214298327 23.9764038503946 136.987973002028 95.5641246889809 102.245050565348 126.931307934849 134.126103562883 45.1314965777319 19.8717193590683 48.6559221347856 94.0053826842132 9.99870239615036 41.664023324984 107.237692939336 64.6026511759719 13.0614165187636 17.8322805012006 18.5361886095586 142.855309720193 27.2177882172044 67.0428396648212 101.633380632005 41.7711085635794 79.1638981868105 38.4627165042213 37.796790826988 77.5375568216937 90.257675164815 26.9248416109592 39.2530309353258 13.9695773684509 15.7717277229047 40.5536342366018 73.9775354046366 125.978095310943 44.4714759146756 31.685638426132 24.1124821829673 14.8203964672756 71.7749856423307 111.944805602495 60.9685026693908 77.3365141043006 1.95927711514351 35.6491706758338 13.78639226235 0.690084417368095 34.0724798594716 19.9302292296669 23.04061568929 90.2557701650992 33.9685261012205 92.6576143470053 7.31235779762178 161.023660183641 16.7580817671901 99.5294874738865 160.56029972516 14.1286286038611 15.034781485618 27.8989764212895 19.8391485286069 11.0266521721212 27.4314255714839 5.84981018071795 11.6556310190507 140.466921231084 130.827700953497 116.287911430795 29.0677328394819 52.8845042981452 93.5418365676293 14.0173103581672 68.9693983552068 64.179459655263 49.9107588514986 76.92120648944 6.25692239444757 83.7854206712255 22.5143068640422 58.4488322974298 62.7977217864227 61.3891050920976 14.9823041925503 124.120842252706 52.5979142708034 4.29235021436091 31.7973700830855 29.6825344293757 41.9726964781462 49.369211787802 40.1905240789014 8.8228827123898 96.5454392147869 5.87977889665011 34.9687493177633 184.858561027366 12.4252930747291 35.7927797597684 52.2220686428095 38.9877965718373 127.188057147401 27.1750485875648 8.38710417799981 45.2970312705191 77.4088490693157 17.5776120277015 5.39345556731353 69.1728028922576 26.4616548927498 19.7041371213253 42.2003707831493 137.478710153419 117.140981751753 11.7195912267241 77.1892359257491 17.472759014285 19.0204323599513 34.1369731960672 21.3520197804813 92.6333452603984 110.030487880251 2.9287350826292 0.200058646677114 96.068963814317 35.5232372738134 71.5860414288142 65.6920872810045 51.0328683433717 34.6147492952968 28.7691254238408 38.5852921295856 29.905179969979 69.9084432356172 43.5350538922502 82.675081881418 51.309727722663 151.653423421143 137.451617461279 85.3110777077268 16.6584327270713 14.5869387153734 126.30940594054 18.1084551396815 87.3659816609817 9.77055033004806 145.492648515447 5.39032524537028 6.19824642287072 132.428869935876 90.6250444710524 4.76534822366907 41.664126260748 83.0336232823147 8.37849808215426 65.2332580967388 108.508510566871 15.3233467955501 1.25123286176497 38.781314847254 5.88190015428358 43.2583477018887 16.7275394199027 87.8118316870219 75.7519633714463 58.6623895252698 50.5491899488222 38.8986136584416 32.960400535304 14.7083468448888 4.4207140225254 66.2400270288914 53.0007598891678 124.958670029874 65.38160493059 2.90477571820516 132.891777821795 24.6040225041092 5.20389017875977 12.5008471086097 21.5197759563516 35.2316664233216 23.5748628292963 21.814091536306 77.8314804488811 5.04481865796566 49.9087548573566 64.3469542647082 78.4470562460901 121.643357781419 25.5847164881254 123.48378079043 152.659105796633 6.02294162012897 14.0906198057425 29.4294499793181 49.0158341131293 24.6267332254055 14.5076020186588 48.0640597375119 5.25612503787845 17.3089270483686 4.7752748265086 62.2853334581505 11.2489967536979 111.942616304991 77.7775208251884 13.8481716026302 35.0715478465975 31.2751563201492 21.737808068999 101.78924043167 83.7519739257543 67.7224784850039 12.7540198534136 17.1974566001386 148.798930689614 66.5910927968059 19.5850706597403 57.7176289958078 19.7995835376272 10.5801225926147 40.6771099522113 30.5281038056242 21.8114848512232 109.702236907113 15.0965090220884 12.2081496909522 88.9324958635078 48.3956582439677 25.2593964340311 56.210348574317 68.3245589500834 62.9002868511747 130.615842691336 140.687411695718 44.9251817723299 53.7489798777764 4.19733808871292 85.8048990002747 51.6347451683572 29.5926795590739 66.8687993946585 1.44566514458201 1.37815045900707 111.831847129763 18.3765140895537 110.812705842925 40.0420999520273 73.7922104623477 90.7787999243419 31.3071211463034 93.63439402432 119.080548018225 17.4788776644711 6.07665938918086 99.8593857701252 96.904076291844 46.7853769659519 15.8892624938102 4.54682909351558 49.5925514625492 65.0355289199267 115.32320485083 23.0137284304531 80.5694131892766 85.6314683049751 87.1512302700171 18.0853718198251 118.673390908798 95.2842084571713 51.0244780216441 0.736761727968978 44.0260912194441 75.174625563224 0.143021373553095 170.331964571986 71.222533108055 174.582765167164 52.8898041805516 16.5804347093504 55.3580725946451 49.362670124214 23.3959013043237 24.332300189373 100.871917143771 37.9531773252812 148.868592907735 28.2474148046001 40.5971858794669 3.35032422987294 41.4687212905196 38.9266097832062 90.4922825172956 8.54902019409293 132.088020782077 27.9501716014345 56.9571328224246 85.3819899877492 71.6728384591574 3.69107952750947 8.80119497712844 5.53506525635778 8.26364657994774 57.1243807245158 62.4228927136024 11.3261139863704 22.0854795352046 25.3597301494796 68.3789020901303 30.2930047491018 49.4968867062101 23.3031287480978 1.38032783493505 110.798174216726 59.6183074234286 113.734277910838 1.78926056029825 62.8646954752943 12.1208243788243 25.6282230977103 82.5487951040549 72.7511381321182 138.04760727419 48.6050299819039 17.8030738879957 56.46544471919 87.4122498228234 137.01326303853 45.808852068423 2.38019702964101 69.7369197967221 22.9700066787552 2.82838399581224 1.8428475531318 8.01157111472626 54.8552360618955 3.35231932685038 50.5979677618651 88.3528588885347 8.88801377881674 31.3486496155365 21.1072377912077 32.0931594853722 30.9408809988022 99.0541105165253 23.1383665686136 5.81391853315002 0.528240818052206 57.3386245236188 21.444616828414 105.210198286979 42.257697120214 67.2668330555314 84.4274965661838 60.8008439700974 106.039551018569 52.9563818493362 45.9364232437438 63.1898145742142 8.81971742918446 43.6104826929124 120.625608854409 20.4619635716977 48.9933250104561 113.593471187123 17.8671111320887 112.718694487857 69.2368614104503 53.3836696420382 70.6000410770863 89.9681789121219 88.6196343038778 47.5051318823543 28.6576500178629 0.100878490608163 60.4482375740901 82.5570484141619 8.10594613416696 48.7549109986194 20.5512313251697 17.6218063495678 37.0504767006401 33.5920076891363 61.0861948435559 110.249796922091 9.10007971052921 16.4746301006734 26.2424221861251 51.4884276411904 73.244260425295 65.5131635631147 74.6474870019432 3.2719618357181 4.04805849565002 6.27445668131768 53.418168089963 20.3823996622105 112.688383117454 47.4102623102675 75.8130329523344 46.5690608968307 86.3461991981737 27.0934162356681 87.7361131208775 0.246393874857971 53.7962518103299 15.4876481337829 91.6866184781183 51.976026581278 1.88440927020792 146.270780074353 66.2639464985689 31.4580152559077 70.8336895785849 40.668814035032 10.4803524675899 79.7470387659156 23.612546574404 42.789533391096 11.6322899950272 44.9286600935322 9.63999973608535 85.6905462964297 57.1880993065229 24.9226720865507 40.0536092498663 87.6477395105578 18.7466640949548 66.7464311574052 30.0907714877684 19.9822468598715 0.803478620287085 11.4670925487897 30.0421241690778 46.6965987028049 85.4006809505349 80.8346369140232 25.8267992826747 26.7386104271952 52.6195985830746 13.1318668161303 11.3119424339701 10.1471929905285 15.0153699321731 54.4288625581477 103.767508025083 35.0859158322362 69.935961650757 6.34642404152582 21.3480156118286 107.638381114777 45.3367503321657 48.9591246778428 95.1777632597752 38.8253038875932 81.3372942002501 64.8759915662494 28.4826403507771 11.985350598124 5.3564522139973 73.296913195659 57.7309370808293 56.8057602231218 87.6800797957812 0.0424317463764078 21.610460824835 79.2768776862433 69.4246303675524 94.9872425643907 69.7094912347762 55.7718488659133 10.3688289691985 14.0495404015998 70.4696581011972 121.155384769364 22.9818572347503 37.591149747126 51.6089820947419 94.6475609272392 104.745123400599 103.594602752212 40.0470556050907 14.2313738716257 42.2775127985314 12.8068768952743 14.2106045892132 11.3673554051949 40.9482859699692 62.5495647885005 28.8850110998711 21.7844842555741 90.8851987902007 48.0767634317947 23.5780987144738 26.0259602183951 34.7487875321213 68.6157712042629 106.288829646573 66.470436381279 106.870873669014 92.536835782043 18.173763454143
