Instancenumber:
35
Instancename:
A-n45-k6
Customers:
44
Depot:
0
Dimension:
1980
Vehicles:
44
Capacity:
100
Demands:
0 19 2 12 20 6 17 8 14 2 8 5 7 22 14 17 23 15 21 2 24 10 20 6 21 10 6 13 21 24 11 16 8 11 11 22 17 22 17 8 23 5 3 18 12
Uncertainty:budgeted
Gamma:
13
Mean Vector:
20.8806130178211 31.1448230047949 66.6033032213869 66.9103878332804 78.8923316932641 30.2324329156619 28.6006992921502 82.0731381147328 18.6815416922694 69.656299069072 60.4069532421558 49.7393204617835 43.8292140016223 19.6977156035922 35.6931365951495 67.446274915669 56.2227711874824 50.0099990001999 65 54.2033209314706 88.090862182181 45.6070170039655 9.05538513813742 41.7252920900501 36.4005494464026 24.3310501211929 43.081318457076 25 30.1496268633627 69.8569967862919 40.3608721412211 34.828149534536 93.3488082409197 54.1202365109392 25.298221281347 66.7083203206317 47.8016736108685 21.0237960416286 67.3572564761956 65.7875368135941 86.4522989862039 59.2114853723498 42.0475920832573 28.6530975637888 20.8806130178211 50.2195181179589 79.6492310069595 86.1452262171271 86.278618440492 12.0830459735946 40.7185461430047 94.339811320566 38.0131556174964 83.1865373723417 51 70.2139587261678 54.0832691319598 14.142135623731 56.5154846037792 85.842879728024 55.9016994374947 48.7544869729956 54.230987451825 64.6374504447692 98.0815986819138 64.2806347199528 29.4278779391243 25.0798724079689 56.4358042380899 24.0831891575846 34.2344855372474 37.6961536499415 29.4108823397055 58.5491246732178 34.4818792991333 46.9574275274956 105.118980208143 42.2965719651132 14.560219778561 87.5556965593901 33.2415402771893 34.2052627529741 88.2326470191165 56.0357029044876 99.1261822123701 79.0063288604147 42.190046219458 9.4339811320566 31.1448230047949 50.2195181179589 73.0068489937759 56.4003546088143 92.9623579735368 60.9590026165127 46.1735855224608 88.102213366067 28.1602556806574 74.6860093993514 89.8943824718764 22.0907220343745 59.1354377678901 41.7851648315524 21.2602916254693 60.1414998150196 80.6039701255465 75.690157880665 94.8946784598589 67.0820393249937 97.4987179402888 41.8807831827438 26.8328157299975 72.8354309385206 8.06225774829855 53.2353266168247 73.0616178304313 43.4165866921848 58.1807528311554 99.8498873309329 51.1566222497147 50.0099990001999 99.2975326984513 84.5990543682375 47.4341649025257 44.7213595499958 78.873316146844 20.0997512422418 43.0464865000618 95.2575456328789 91.3016976841066 47.2016948848238 67.7200118133481 59.0338885725818 66.6033032213869 79.6492310069595 73.0068489937759 36.6742416417845 26 79.7119815335185 39.1152144312159 15.6204993518133 50.4479930225178 4 71.1969100453102 69.3541635375988 26.2488094968134 85.6037382361308 53.160135440008 30.0166620396073 46.5725240887801 49.3659801887899 76.6876782801514 17.0293863659264 24.738633753706 32.5576411921994 59.4138031100518 81.3941029804985 69.2603782836912 57.5847201955519 66.1211010192662 42.4381903478459 54.817880294663 80.5232885567896 106.962610289764 32.7566787083184 27.0185121722126 75.1065909225016 90.4433524367601 60.8769250208977 79.227520471109 81.4002456998749 66.4906008395172 74.2159012611179 19.8494332412792 40.024992192379 48.0416485978573 80.7774721070176 66.9103878332804 86.1452262171271 56.4003546088143 36.6742416417845 62.6498204307083 91.1975876873944 50.4479930225178 45.3982378512647 48.3735464897913 35.1140997321589 97.5294827218929 42.7200187265877 48.0208288141719 86.1220064791805 35.8468966578698 7.07106781186548 75.8023746329889 75.8023746329889 103.353761421634 45.9673797382448 57.8705451849211 22.0227155455452 57.8705451849211 97.6729235765982 49.5782210249622 71.1969100453102 86.9770084562581 51.7880295048962 71.5681493403316 107.912001186152 103.247275993122 46.8187996428785 54.0092584655631 98.2344135219425 91.98369420718 26.0192236625154 98.7623410010111 72.4499827467198 32.0624390837628 101.71037311897 46.0108682813094 9.21954445729289 71.1125867902441 91.0494371207203 78.8923316932641 86.278618440492 92.9623579735368 26 62.6498204307083 82.6196102629394 50.5371150739731 23.3238075793812 66.7308024828115 27.7848879788996 61 93.0483745156249 35.3411940941446 95.603347221737 75.1664818918645 55.9016994374947 37 42.9534631898291 65.4904573201318 25.9615099714943 16 56.1426753904728 73.824115301167 80.1311425102625 90.6697303403953 62.2253967444162 62.6099033699941 54.1202365109392 57.3846669416143 68.1175454637056 118.004237212059 44.7772263544762 27.1661554144122 68.0073525436772 99.3579387869938 86.6833317310773 75.2396172239067 97.1699542039616 92.1791733527699 62.2896460095897 27.3130005674953 65.8027355054484 46.0434577328854 84.504437753292 30.2324329156619 12.0830459735946 60.9590026165127 79.7119815335185 91.1975876873944 82.6196102629394 42.4264068711929 93.5200513259055 44.6430285710994 83.4865258589672 40.3112887414927 79.9249648107523 53.4883164812653 25.9615099714943 64.621977685614 90.0055553840984 49.2036584005702 42.0119030752 43 63.5609943282828 95.7183368012629 69.1809222257119 37.5765884561119 13 66.6108099335236 22.1359436211787 24.6981780704569 40.1123422402632 25.5538646783613 47.0956473572665 44.2831796509691 48.0520551069359 103.768974168583 31 25.0199920063936 95.5196314900764 21.3775583264319 46.0434577328854 96.7729300992793 45.0998891351187 98.488578017961 84.8528137423857 36.7967389859482 3 28.6006992921502 40.7185461430047 46.1735855224608 39.1152144312159 50.4479930225178 50.5371150739731 42.4264068711929 54.2033209314706 18.0277563773199 42.5440947723653 50.2493781056044 54.5893762558247 15.2643375224737 46.7546789102438 34.9857113690718 48.2597140480546 35.1140997321589 31.3847096529504 55.9732078766261 25.6124969497314 59.5482997238376 29.1547594742265 23.4093998214393 47.3814309619285 46.5725240887801 21.0237960416286 37.1214223865412 3.60555127546399 21.1896201004171 60.8769250208977 68.6221538571911 6.40312423743285 65.299310869258 48.8773976393997 51.4003891035856 61.2209114600559 48.3838816136118 46.8187996428785 64.3816744112795 55.1543289325507 58.821764679411 45.6946386351835 24.2074368738204 42.9534631898291 82.0731381147328 94.339811320566 88.102213366067 15.6204993518133 45.3982378512647 23.3238075793812 93.5200513259055 54.2033209314706 66.0681466366357 13.4164078649987 80.0062497558784 82.7647267862342 40.3112887414927 100.895986045036 67.7790528113222 38.3275357934736 55 59.3043000127309 85.0940655980192 29.9666481275434 12.6491106406735 46.8187996428785 75.0066663703967 93.962758580195 83.9344982709732 71.5541752799933 77.6659513557904 57.6281181368956 68.1542368455549 88.3628881374981 122.429571591181 47.8016736108685 11.4017542509914 85.375640553966 105.603030259553 71.175838597097 90.8019823572151 97.0051545022222 77.1038261048049 82.2192191643779 5.09901951359278 51.0098029794274 59.6657355607052 94.8103369891701 18.6815416922694 38.0131556174964 28.1602556806574 50.4479930225178 48.3735464897913 66.7308024828115 44.6430285710994 18.0277563773199 66.0681466366357 53.0754180388624 64.4049687524185 39.0512483795333 31.7804971641414 38.2753184180093 20.8086520466848 48.7647413609464 52.6307894677631 48.1040538832228 69.8140387028282 40.853396431631 73.5730929076656 26.9258240356725 9.8488578017961 53.665631459995 29.1547594742265 29.0688837074973 48.7954915950234 15.2970585407784 32.649655434629 74.8131004570724 57.6888204074238 22.3606797749979 77.4661216274573 60.8111831820431 43.9658958739612 51.0783711564885 57.4282160614449 31.0644491340181 52.8393792544916 69.6347614342147 70.0927956355002 41 40.3112887414927 43.9317652729776 69.656299069072 83.1865373723417 74.6860093993514 4 35.1140997321589 27.7848879788996 83.4865258589672 42.5440947723653 13.4164078649987 53.0754180388624 75.1332150250473 69.8713102782537 30.0832179129826 88.8144132446981 54.4242592967511 28.2311884269862 50.4479930225178 53.3385414123783 80.6039701255465 21.0237960416286 24.0831891575846 33.5261092284804 62.2414652783817 85.3287759199674 70.5761999543756 61.3514466007119 70.1141925718324 45.7930125674212 58.6941223633168 84.4037913840368 109.98636279103 36.2353418639869 24.6981780704569 79.1012010022604 93.7443331620637 60.0166643524946 83.2165848854662 83.868945385047 65.7647321898295 78.1024967590665 17.0293863659264 39.319206502675 52.0384473250308 84.504437753292 60.4069532421558 51 89.8943824718764 71.1969100453102 97.5294827218929 61 40.3112887414927 50.2493781056044 80.0062497558784 64.4049687524185 75.1332150250473 103.40696301507 49.6588360717405 65.0307619515564 84.3860177991591 93.5200513259055 25.0199920063936 22.1359436211787 5.8309518948453 54.817880294663 76.791926658992 78.2368199762746 63.0634601017102 29.732137494637 92.9623579735368 36.6742416417845 17.464249196573 50.9313263129874 31.9061122670876 10.6301458127346 84.5931439302264 51.6139516022558 87.3670418407308 10.295630140987 65.1229606206597 111.39569111954 21.0237960416286 80.7774721070176 114.629839047257 5.3851648071345 85 94.578010129205 26.6270539113887 43.2897216438267 49.7393204617835 70.2139587261678 22.0907220343745 69.3541635375988 42.7200187265877 93.0483745156249 79.9249648107523 54.5893762558247 82.7647267862342 39.0512483795333 69.8713102782537 103.40696301507 63.6003144646314 63.3245607959503 19.6977156035922 48.3011387029333 89.4706655837543 85.9592926913664 108.853112036358 68.7313611097583 93.9042065085478 37.0135110466435 42.8018691180654 90.8019823572151 14.3178210632764 67.8969807870718 87.783825389419 53 71.7007670809734 113.850779531806 73.0273921210391 56.0802995712398 93.1450481775601 99.7647232241938 69.1230786351418 24.1660919471891 95.6713123146118 42.190046219458 21.3775583264319 108.600184161906 84.8999411071645 34 78.5493475466219 78.390050389064 43.8292140016223 54.0832691319598 59.1354377678901 26.2488094968134 48.0208288141719 35.3411940941446 53.4883164812653 15.2643375224737 40.3112887414927 31.7804971641414 30.0832179129826 49.6588360717405 63.6003144646314 61.5223536610881 44.1474801092882 43.8634243989226 28.2842712474619 27.7848879788996 55.4616984954482 10.6301458127346 44.5533388198909 30.6104557300279 38.4837628097877 55.4436651025164 58.1377674149945 31.3847096529504 41.194659848092 18.8679622641132 28.6356421265527 59.9416382825828 83.6301381082203 9.48683298050514 51.0392006206994 51.4198405287298 65.8559033041078 64.8151216923952 54.0370243444252 61.8465843842649 69.065186599328 53.7121960079831 45.1774279923061 46.0108682813094 23.7697286480094 54.6260011349907 19.6977156035922 14.142135623731 41.7851648315524 85.6037382361308 86.1220064791805 95.603347221737 25.9615099714943 46.7546789102438 100.895986045036 38.2753184180093 88.8144132446981 65.0307619515564 63.3245607959503 61.5223536610881 53.0094331227943 86.9770084562581 68.0073525436772 61.0327780786685 68.3593446428504 72.1248916810278 106.075444849409 65.1459898996093 28.4604989415154 38.8973006775534 49.0407993409569 34.928498393146 48.0416485978573 43.2781700167648 40.853396431631 72.691127381545 22.4722050542442 53.1507290636732 112.044633963434 56.4358042380899 6 83.2946576918352 47.2969343615419 23.0217288664427 83.0240928887513 70.1141925718324 105.422957651548 78.0896920214186 53.851648071345 23.0867927612304 35.6931365951495 56.5154846037792 21.2602916254693 53.160135440008 35.8468966578698 75.1664818918645 64.621977685614 34.9857113690718 67.7790528113222 20.8086520466848 54.4242592967511 84.3860177991591 19.6977156035922 44.1474801092882 53.0094331227943 39.0512483795333 69.778220097678 66.3701740241805 89.9388681271896 50.0399840127872 77.884529914483 21.0237960416286 27.2029410174709 74.3034319530397 16.1554944214035 49.8196748283246 69.3541635375988 33.6005952328229 53.0377224247045 94.9210198006743 68.0073525436772 36.4005494464026 78.7908624143688 81.3941029804985 59.0084739677277 31.04834939252 78.2368199762746 36.7695526217005 32.2024843762092 89.4986033410578 70.6823881882892 26.8328157299975 59.0762219509677 63.5688603012513 67.446274915669 85.842879728024 60.1414998150196 30.0166620396073 7.07106781186548 55.9016994374947 90.0055553840984 48.2597140480546 38.3275357934736 48.7647413609464 28.2311884269862 93.5200513259055 48.3011387029333 43.8634243989226 86.9770084562581 39.0512483795333 71.0211236182588 71.5541752799933 99.3176721434811 40.6078810084939 50.8035431835222 21.8403296678416 58.5234995535981 95.6347217280419 53.8144961882948 69.2603782836912 83.9344982709732 50.0399840127872 69.0507060065283 103.754517973918 105.118980208143 43.9317652729776 47.0425339453563 94.8683298050514 92.7200086281273 33 96.1041102138717 74.9466476902069 39.0128184062623 97.4935895328508 39 14.3178210632764 67.4166151627327 90.0888450364417 56.2227711874824 55.9016994374947 80.6039701255465 46.5725240887801 75.8023746329889 37 49.2036584005702 35.1140997321589 55 52.6307894677631 50.4479930225178 25.0199920063936 89.4706655837543 28.2842712474619 68.0073525436772 69.778220097678 71.0211236182588 7.21110255092798 30.2654919008431 30.8706980808663 52.3927475897189 58.7962583843564 55.145262715849 44.2040722106007 81.6088230524127 33.2415402771893 26.4007575648882 37.3630833845388 27.2029410174709 33.9558536926993 90.0777441991084 33.6154726279432 62.6498204307083 31.04834939252 70.2637886823647 92.9569792968769 38.4707681233427 77.1038261048049 97.0051545022222 27.6586333718787 60.00833275471 74.2765104188397 14.3178210632764 51.6139516022558 50.0099990001999 48.7544869729956 75.690157880665 49.3659801887899 75.8023746329889 42.9534631898291 42.0119030752 31.3847096529504 59.3043000127309 48.1040538832228 53.3385414123783 22.1359436211787 85.9592926913664 27.7848879788996 61.0327780786685 66.3701740241805 71.5541752799933 7.21110255092798 27.8567765543682 32.7566787083184 57.8705451849211 57.3846669416143 49.6487663492256 37.4432904536981 77.2528316633119 26.4764045897475 19.723082923316 33.1058907144937 20.3960780543711 32.2024843762092 83.0060238777885 31.1448230047949 67.6830850360709 26.0768096208106 63.1585306985525 91.2195154558497 32.310988842807 71 94.9210198006743 25.9422435421457 64.3816744112795 73.4098086089318 8.06225774829855 44.407206622349 65 54.230987451825 94.8946784598589 76.6876782801514 103.353761421634 65.4904573201318 43 55.9732078766261 85.0940655980192 69.8140387028282 80.6039701255465 5.8309518948453 108.853112036358 55.4616984954482 68.3593446428504 89.9388681271896 99.3176721434811 30.2654919008431 27.8567765543682 60.4400529450463 81.3941029804985 84.0535543567314 68.0955211449329 31.4006369362152 98.1835016690686 41.6773319683494 21.9317121994613 56.5685424949238 37.2021504754766 5 87.1435597161374 57.4282160614449 92.1357693840997 12 68.0073525436772 117.1537451386 22.3606797749979 85.0705589496155 120.341181646185 3.60555127546399 90.0499861188218 100.404183179786 32.4499614791759 46 54.2033209314706 64.6374504447692 67.0820393249937 17.0293863659264 45.9673797382448 25.9615099714943 63.5609943282828 25.6124969497314 29.9666481275434 40.853396431631 21.0237960416286 54.817880294663 68.7313611097583 10.6301458127346 72.1248916810278 50.0399840127872 40.6078810084939 30.8706980808663 32.7566787083184 60.4400529450463 33.9705755029261 32.8937684067971 48.3735464897913 64.5368112010502 65.1229606206597 41.5932686861708 49.0917508345343 29.2061637330205 38.2753184180093 64.5135644651572 94.175368329516 19.4164878389476 40.4969134626332 58.2151183113115 76.4852927038918 66.2419806467168 62.2012861603359 71.5541752799933 71.1125867902441 58.1893461039046 34.928498393146 46.0434577328854 31.0161248385416 64.8459713474939 88.090862182181 98.0815986819138 97.4987179402888 24.738633753706 57.8705451849211 16 95.7183368012629 59.5482997238376 12.6491106406735 73.5730929076656 24.0831891575846 76.791926658992 93.9042065085478 44.5533388198909 106.075444849409 77.884529914483 50.8035431835222 52.3927475897189 57.8705451849211 81.3941029804985 33.9705755029261 57.2712842531054 81.8413098624405 94.4298681562142 93.962758580195 74.4043009509531 77.2528316633119 63.1268564083465 70.178344238091 84.0951841665146 128.144449743249 53.2634959423431 11.4017542509914 83.4326075344646 110.34491379307 83.4865258589672 90.1387818865997 104.623133197205 89.3588272080604 78.2304288624318 14.2126704035519 63.0713881248859 59.9332962550868 97.3498844375277 45.6070170039655 64.2806347199528 41.8807831827438 32.5576411921994 22.0227155455452 56.1426753904728 69.1809222257119 29.1547594742265 46.8187996428785 26.9258240356725 33.5261092284804 78.2368199762746 37.0135110466435 30.6104557300279 65.1459898996093 21.0237960416286 21.8403296678416 58.7962583843564 57.3846669416143 84.0535543567314 32.8937684067971 57.2712842531054 36.6878726556883 75.9275970909129 37.1618083521241 49.4772675074119 66.2117814289874 30.0832179129826 50.3289181286465 88.8144132446981 83.6480723029527 26.6270539113887 57.7754273026172 77.8267306264371 70.8801805866774 34.2052627529741 77.4919350642375 54.2033209314706 38.5875627631495 82.8009661779378 49.6588360717405 16.5529453572468 51.6139516022558 69.0289794216893 9.05538513813742 29.4278779391243 26.8328157299975 59.4138031100518 57.8705451849211 73.824115301167 37.5765884561119 23.4093998214393 75.0066663703967 9.8488578017961 62.2414652783817 63.0634601017102 42.8018691180654 38.4837628097877 28.4604989415154 27.2029410174709 58.5234995535981 55.145262715849 49.6487663492256 68.0955211449329 48.3735464897913 81.8413098624405 36.6878726556883 48.0104155366312 30.4795013082563 26.4196896272458 46.3249392876019 19.9248588451713 31.3847096529504 73.0616178304313 48.0104155366312 29.0688837074973 86.3712915267567 58.0086200490927 34.2052627529741 58.2408791142441 53.0377224247045 23.4093998214393 59.2368128784795 68.425141578224 79.1959594928933 50.1597448159378 41.5932686861708 36.4005494464026 41.7252920900501 25.0798724079689 72.8354309385206 81.3941029804985 97.6729235765982 80.1311425102625 13 47.3814309619285 93.962758580195 53.665631459995 85.3287759199674 29.732137494637 90.8019823572151 55.4436651025164 38.8973006775534 74.3034319530397 95.6347217280419 44.2040722106007 37.4432904536981 31.4006369362152 64.5368112010502 94.4298681562142 75.9275970909129 48.0104155366312 77.987178433381 26.4764045897475 17.8044938147649 45.8911756223351 27.0185121722126 35.0570962859162 56 52.0384473250308 103.464969917359 19.6468827043885 37.4833296279826 104.694794521982 9.05538513813742 58.8302643203309 106.470653233649 33.9558536926993 99.040395798886 92.1791733527699 34.5398320783411 15.8113883008419 36.4005494464026 56.4358042380899 8.06225774829855 69.2603782836912 49.5782210249622 90.6697303403953 66.6108099335236 46.5725240887801 83.9344982709732 29.1547594742265 70.5761999543756 92.9623579735368 14.3178210632764 58.1377674149945 49.0407993409569 16.1554944214035 53.8144961882948 81.6088230524127 77.2528316633119 98.1835016690686 65.1229606206597 93.962758580195 37.1618083521241 30.4795013082563 77.987178433381 56.6127194188726 76.6093989011792 44.2718872423573 61.057350089895 103.174609279609 59.2114853723498 49.4974746830583 94.9368210969801 88.4081444212014 54.817880294663 36.6742416417845 83.4505841801003 28.0178514522438 35.0142828000232 98.2700361249552 86.8158971617526 40.3608721412211 69.462219947249 64.8999229583518 24.3310501211929 24.0831891575846 53.2353266168247 57.5847201955519 71.1969100453102 62.2253967444162 22.1359436211787 21.0237960416286 71.5541752799933 29.0688837074973 61.3514466007119 36.6742416417845 67.8969807870718 31.3847096529504 34.928498393146 49.8196748283246 69.2603782836912 33.2415402771893 26.4764045897475 41.6773319683494 41.5932686861708 74.4043009509531 49.4772675074119 26.4196896272458 26.4764045897475 56.6127194188726 20 19.4164878389476 6.08276253029822 46.6476151587624 57.2450871254468 26.1725046566048 81.9878039710785 31.8904374382039 37.7359245282264 79.2590688817374 28.6530975637888 45.2769256906871 81.5414005275848 42.0475920832573 76.4852927038918 65.8027355054484 18.9736659610103 23.259406699226 43.081318457076 34.2344855372474 73.0616178304313 66.1211010192662 86.9770084562581 62.6099033699941 24.6981780704569 37.1214223865412 77.6659513557904 48.7954915950234 70.1141925718324 17.464249196573 87.783825389419 41.194659848092 48.0416485978573 69.3541635375988 83.9344982709732 26.4007575648882 19.723082923316 21.9317121994613 49.0917508345343 77.2528316633119 66.2117814289874 46.3249392876019 17.8044938147649 76.6093989011792 20 36.8917334913934 16.4012194668567 26.8328157299975 68.4470598345904 40.1621712560464 86.6833317310773 12.0415945787923 48.6621002423858 97.9081201943945 13.1529464379659 63.3245607959503 100.603180864225 22.8035085019828 82.7647267862342 82.7647267862342 18.1107702762748 27.5136329843952 25 37.6961536499415 43.4165866921848 42.4381903478459 51.7880295048962 54.1202365109392 40.1123422402632 3.60555127546399 57.6281181368956 15.2970585407784 45.7930125674212 50.9313263129874 53 18.8679622641132 43.2781700167648 33.6005952328229 50.0399840127872 37.3630833845388 33.1058907144937 56.5685424949238 29.2061637330205 63.1268564083465 30.0832179129826 19.9248588451713 45.8911756223351 44.2718872423573 19.4164878389476 36.8917334913934 20.591260281974 61.5223536610881 65.0691939399898 9.89949493661167 68.7677249878168 48.8262224629348 48.0104155366312 61.0327780786685 47.5394572960189 43.3243580448689 63.8905313798532 55.9732078766261 62.2012861603359 46.4865571966778 25.5538646783613 40.4474968323134 30.1496268633627 29.4108823397055 58.1807528311554 54.817880294663 71.5681493403316 57.3846669416143 25.5538646783613 21.1896201004171 68.1542368455549 32.649655434629 58.6941223633168 31.9061122670876 71.7007670809734 28.6356421265527 40.853396431631 53.0377224247045 69.0507060065283 27.2029410174709 20.3960780543711 37.2021504754766 38.2753184180093 70.178344238091 50.3289181286465 31.3847096529504 27.0185121722126 61.057350089895 6.08276253029822 16.4012194668567 20.591260281974 42.2018956920184 63.0713881248859 25.1793566240283 78.2623792124926 28.4253408071038 43.4165866921848 81.5414005275848 27.2029410174709 51.1566222497147 84.2021377400835 37.2155881318568 73.1641988953614 66.8505796534331 13 27.2029410174709 69.8569967862919 58.5491246732178 99.8498873309329 80.5232885567896 107.912001186152 68.1175454637056 47.0956473572665 60.8769250208977 88.3628881374981 74.8131004570724 84.4037913840368 10.6301458127346 113.850779531806 59.9416382825828 72.691127381545 94.9210198006743 103.754517973918 33.9558536926993 32.2024843762092 5 64.5135644651572 84.0951841665146 88.8144132446981 73.0616178304313 35.0570962859162 103.174609279609 46.6476151587624 26.8328157299975 61.5223536610881 42.2018956920184 91.0219753685889 62.2012861603359 95.005263012109 16.2788205960997 72.1110255092798 122.024587686253 26.0192236625154 89.8109124772708 125.2557383915 6.32455532033676 93.2630687893123 105.118980208143 37.2021504754766 50.0899191454728 40.3608721412211 34.4818792991333 51.1566222497147 106.962610289764 103.247275993122 118.004237212059 44.2831796509691 68.6221538571911 122.429571591181 57.6888204074238 109.98636279103 84.5931439302264 73.0273921210391 83.6301381082203 22.4722050542442 68.0073525436772 105.118980208143 90.0777441991084 83.0060238777885 87.1435597161374 94.175368329516 128.144449743249 83.6480723029527 48.0104155366312 56 59.2114853723498 57.2450871254468 68.4470598345904 65.0691939399898 63.0713881248859 91.0219753685889 74.9666592559653 133.689939786059 75.1664818918645 19.9248588451713 95.7548954362125 65.00769185258 31.5753068076939 94.1912947145329 89.3588272080604 126.81088281374 94.578010129205 76.0591874792257 41.3037528561268 34.828149534536 46.9574275274956 50.0099990001999 32.7566787083184 46.8187996428785 44.7772263544762 48.0520551069359 6.40312423743285 47.8016736108685 22.3606797749979 36.2353418639869 51.6139516022558 56.0802995712398 9.48683298050514 53.1507290636732 36.4005494464026 43.9317652729776 33.6154726279432 31.1448230047949 57.4282160614449 19.4164878389476 53.2634959423431 26.6270539113887 29.0688837074973 52.0384473250308 49.4974746830583 26.1725046566048 40.1621712560464 9.89949493661167 25.1793566240283 62.2012861603359 74.9666592559653 58.8982172905089 51.478150704935 57.8013840664737 60.1082357085949 52.1727898429823 52.3927475897189 63.7808748764079 56.2227711874824 52.4309069156733 43.0464865000618 25 48.7647413609464 93.3488082409197 105.118980208143 99.2975326984513 27.0185121722126 54.0092584655631 27.1661554144122 103.768974168583 65.299310869258 11.4017542509914 77.4661216274573 24.6981780704569 87.3670418407308 93.1450481775601 51.0392006206994 112.044633963434 78.7908624143688 47.0425339453563 62.6498204307083 67.6830850360709 92.1357693840997 40.4969134626332 11.4017542509914 57.7754273026172 86.3712915267567 103.464969917359 94.9368210969801 81.9878039710785 86.6833317310773 68.7677249878168 78.2623792124926 95.005263012109 133.689939786059 58.8982172905089 93.5574689696125 116.661904664719 80.0249960949702 99.724620831568 108.406641862941 86.0523096726636 89.0505474435727 8.24621125123532 60.5309838016862 68.9492567037528 105.190303735658 54.1202365109392 42.2965719651132 84.5990543682375 75.1065909225016 98.2344135219425 68.0073525436772 31 48.8773976393997 85.375640553966 60.8111831820431 79.1012010022604 10.295630140987 99.7647232241938 51.4198405287298 56.4358042380899 81.3941029804985 94.8683298050514 31.04834939252 26.0768096208106 12 58.2151183113115 83.4326075344646 77.8267306264371 58.0086200490927 19.6468827043885 88.4081444212014 31.8904374382039 12.0415945787923 48.8262224629348 28.4253408071038 16.2788205960997 75.1664818918645 51.478150704935 93.5574689696125 56.0089278597618 109.859000541603 10.770329614269 73.7360156233031 112.614386292338 14.3178210632764 90.448880590088 94.3663075467086 27.6586333718787 34 25.298221281347 14.560219778561 47.4341649025257 90.4433524367601 91.98369420718 99.3579387869938 25.0199920063936 51.4003891035856 105.603030259553 43.9658958739612 93.7443331620637 65.1229606206597 69.1230786351418 65.8559033041078 6 59.0084739677277 92.7200086281273 70.2637886823647 63.1585306985525 68.0073525436772 76.4852927038918 110.34491379307 70.8801805866774 34.2052627529741 37.4833296279826 54.817880294663 37.7359245282264 48.6621002423858 48.0104155366312 43.4165866921848 72.1110255092798 19.9248588451713 57.8013840664737 116.661904664719 56.0089278597618 89.2748564826626 46.2709412050371 28.1780056072107 88.9550448260243 70.0285656000464 110.208892563168 84.0119039184329 56.3560112144215 22.0227155455452 66.7083203206317 87.5556965593901 44.7213595499958 60.8769250208977 26.0192236625154 86.6833317310773 95.5196314900764 61.2209114600559 71.175838597097 51.0783711564885 60.0166643524946 111.39569111954 24.1660919471891 64.8151216923952 83.2946576918352 31.04834939252 33 92.9569792968769 91.2195154558497 117.1537451386 66.2419806467168 83.4865258589672 34.2052627529741 58.2408791142441 104.694794521982 36.6742416417845 79.2590688817374 97.9081201943945 61.0327780786685 81.5414005275848 122.024587686253 95.7548954362125 60.1082357085949 80.0249960949702 109.859000541603 89.2748564826626 107.912001186152 64.2806347199528 6.08276253029822 116.180893437777 72 20.8806130178211 84.9588135510378 94.5568612000208 47.8016736108685 33.2415402771893 78.873316146844 79.227520471109 98.7623410010111 75.2396172239067 21.3775583264319 48.3838816136118 90.8019823572151 57.4282160614449 83.2165848854662 21.0237960416286 95.6713123146118 54.0370243444252 47.2969343615419 78.2368199762746 96.1041102138717 38.4707681233427 32.310988842807 22.3606797749979 62.2012861603359 90.1387818865997 77.4919350642375 53.0377224247045 9.05538513813742 83.4505841801003 28.6530975637888 13.1529464379659 47.5394572960189 27.2029410174709 26.0192236625154 65.00769185258 52.1727898429823 99.724620831568 10.770329614269 46.2709412050371 107.912001186152 66.1891229734916 110.136279218067 25 95.9009906101079 93.9840411984928 31.2569992161756 24.3310501211929 21.0237960416286 34.2052627529741 20.0997512422418 81.4002456998749 72.4499827467198 97.1699542039616 46.0434577328854 46.8187996428785 97.0051545022222 31.0644491340181 83.868945385047 80.7774721070176 42.190046219458 61.8465843842649 23.0217288664427 36.7695526217005 74.9466476902069 77.1038261048049 71 85.0705589496155 71.5541752799933 104.623133197205 54.2033209314706 23.4093998214393 58.8302643203309 28.0178514522438 45.2769256906871 63.3245607959503 43.3243580448689 51.1566222497147 89.8109124772708 31.5753068076939 52.3927475897189 108.406641862941 73.7360156233031 28.1780056072107 64.2806347199528 66.1891229734916 63 86.1278120005379 100.895986045036 63.5609943282828 63.0079360080935 43.6004587131833 67.3572564761956 88.2326470191165 43.0464865000618 66.4906008395172 32.0624390837628 92.1791733527699 96.7729300992793 64.3816744112795 77.1038261048049 52.8393792544916 65.7647321898295 114.629839047257 21.3775583264319 69.065186599328 83.0240928887513 32.2024843762092 39.0128184062623 97.0051545022222 94.9210198006743 120.341181646185 71.1125867902441 89.3588272080604 38.5875627631495 59.2368128784795 106.470653233649 35.0142828000232 81.5414005275848 100.603180864225 63.8905313798532 84.2021377400835 125.2557383915 94.1912947145329 63.7808748764079 86.0523096726636 112.614386292338 88.9550448260243 6.08276253029822 110.136279218067 63 119.519872824564 78.0064099930256 26.4764045897475 88.3911760301898 95.6347217280419 65.7875368135941 56.0357029044876 95.2575456328789 74.2159012611179 101.71037311897 62.2896460095897 45.0998891351187 55.1543289325507 82.2192191643779 69.6347614342147 78.1024967590665 5.3851648071345 108.600184161906 53.7121960079831 70.1141925718324 89.4986033410578 97.4935895328508 27.6586333718787 25.9422435421457 3.60555127546399 58.1893461039046 78.2304288624318 82.8009661779378 68.425141578224 33.9558536926993 98.2700361249552 42.0475920832573 22.8035085019828 55.9732078766261 37.2155881318568 6.32455532033676 89.3588272080604 56.2227711874824 89.0505474435727 14.3178210632764 70.0285656000464 116.180893437777 25 86.1278120005379 119.519872824564 87.1435597161374 99.0454441153151 31.2409987036266 48.0936586256442 86.4522989862039 99.1261822123701 91.3016976841066 19.8494332412792 46.0108682813094 27.3130005674953 98.488578017961 58.821764679411 5.09901951359278 70.0927956355002 17.0293863659264 85 84.8999411071645 45.1774279923061 105.422957651548 70.6823881882892 39 60.00833275471 64.3816744112795 90.0499861188218 34.928498393146 14.2126704035519 49.6588360717405 79.1959594928933 99.040395798886 86.8158971617526 76.4852927038918 82.7647267862342 62.2012861603359 73.1641988953614 93.2630687893123 126.81088281374 52.4309069156733 8.24621125123532 90.448880590088 110.208892563168 72 95.9009906101079 100.895986045036 78.0064099930256 87.1435597161374 52.3450093132096 64.7610994347687 99.7446740432791 59.2114853723498 79.0063288604147 47.2016948848238 40.024992192379 9.21954445729289 65.8027355054484 84.8528137423857 45.6946386351835 51.0098029794274 41 39.319206502675 94.578010129205 34 46.0108682813094 78.0896920214186 26.8328157299975 14.3178210632764 74.2765104188397 73.4098086089318 100.404183179786 46.0434577328854 63.0713881248859 16.5529453572468 50.1597448159378 92.1791733527699 40.3608721412211 65.8027355054484 82.7647267862342 46.4865571966778 66.8505796534331 105.118980208143 94.578010129205 43.0464865000618 60.5309838016862 94.3663075467086 84.0119039184329 20.8806130178211 93.9840411984928 63.5609943282828 26.4764045897475 99.0454441153151 52.3450093132096 67.955868032128 84.4807670419723 42.0475920832573 42.190046219458 67.7200118133481 48.0416485978573 71.1125867902441 46.0434577328854 36.7967389859482 24.2074368738204 59.6657355607052 40.3112887414927 52.0384473250308 26.6270539113887 78.5493475466219 23.7697286480094 53.851648071345 59.0762219509677 67.4166151627327 14.3178210632764 8.06225774829855 32.4499614791759 31.0161248385416 59.9332962550868 51.6139516022558 41.5932686861708 34.5398320783411 69.462219947249 18.9736659610103 18.1107702762748 25.5538646783613 13 37.2021504754766 76.0591874792257 25 68.9492567037528 27.6586333718787 56.3560112144215 84.9588135510378 31.2569992161756 63.0079360080935 88.3911760301898 31.2409987036266 64.7610994347687 67.955868032128 38.8973006775534 28.6530975637888 9.4339811320566 59.0338885725818 80.7774721070176 91.0494371207203 84.504437753292 3 42.9534631898291 94.8103369891701 43.9317652729776 84.504437753292 43.2897216438267 78.390050389064 54.6260011349907 23.0867927612304 63.5688603012513 90.0888450364417 51.6139516022558 44.407206622349 46 64.8459713474939 97.3498844375277 69.0289794216893 36.4005494464026 15.8113883008419 64.8999229583518 23.259406699226 27.5136329843952 40.4474968323134 27.2029410174709 50.0899191454728 41.3037528561268 48.7647413609464 105.190303735658 34 22.0227155455452 94.5568612000208 24.3310501211929 43.6004587131833 95.6347217280419 48.0936586256442 99.7446740432791 84.4807670419723 38.8973006775534
Deviation Vector:
26.335867627148 2.41582127469325 104.952189501871 65.5559257330736 41.2474186796994 24.0633558415661 13.5952242539277 29.2230620090712 4.58753342767879 24.361665585672 87.9669281042779 56.983163521781 43.8803744440581 7.49504971746747 1.27723463050743 86.4800887198636 14.5868198517058 64.2393106584268 23.0875346264196 38.2769197483676 46.0002657037695 6.51586072568352 1.36241599140114 33.2731035220155 57.1865760624358 2.38073834899954 12.1700878837156 33.1698609327538 35.2537221913386 96.2525237622977 6.76743350754271 28.0090023641556 135.861555946259 6.33791655487797 3.98743853200598 23.4749517307607 43.6454681751699 13.3072895594449 47.6866224036915 76.2226357818386 84.9570410641576 31.8473997584677 28.5044295425734 10.2442248947948 19.1759611860251 35.8412927197226 1.06629288739744 101.462606815352 32.0849666020383 4.4535715092751 10.4905707088102 84.3461439824469 19.4418245705439 33.9475821990283 3.32286574354493 32.0274209968247 27.3627594445921 4.9164470298758 8.84971498379028 4.19635708185076 5.54268570882794 15.8092436357273 46.2639148259879 100.483363261149 43.2903148998437 64.9689118695191 8.24356081280659 33.9687696798458 0.977750207379676 23.7964361171431 30.3555855308732 37.6972559455943 44.8795862603645 91.6062442437808 46.8110530424939 38.4096776826639 68.532501544285 57.9861687797878 5.37900114840326 89.6419698816447 3.76218175828505 21.4490084725946 25.7242015723631 35.0014139591384 102.611196560015 28.1818678446224 45.5976259468268 14.5386607357381 21.9368321473269 62.139451874607 116.079365222788 45.3176740790654 145.171777646888 49.7866530568008 33.7862746574658 33.1831465712379 5.66261437909273 75.5710836271887 9.41389079141821 4.8248419069156 22.0928950775714 41.4265562493302 25.9043806530132 16.4309192865826 74.9356612295911 71.8790927312495 103.546458475578 106.098884417305 67.6880998398188 61.1712295177945 26.2723089505324 58.8090145381263 3.71932639163872 67.6440450192075 104.627903488991 64.9721846206867 0.0592963097023808 88.5141269199385 72.1938815454094 35.2754732509745 49.3988316924973 116.312354522961 71.5719036715255 19.353450133181 44.5826567185578 12.3461841505362 34.8418276566597 72.9986368831365 148.465345674624 43.1480942727863 66.6865713902251 22.0402348783059 18.5952372820407 45.9443437161492 47.2028123233092 44.3344260809596 39.6885481124151 8.87832501689502 45.5361395836424 9.28456039913056 79.3034287684002 2.06767883106165 99.8042729515184 28.2246397692932 4.23222558413655 103.367441264302 14.7307428442388 4.87032731551819 21.7790452947627 3.0601024273209 66.5359576898063 16.4354044957121 35.5458042716729 24.4229566192192 83.0531582700991 30.584015421138 94.498220776629 33.4527446125449 75.5156801376568 57.8916921163764 81.9556165390106 40.2999187999294 11.8883223816631 4.84474422674871 29.1072811991077 56.9081033108374 122.71100187272 59.5038966466742 68.8548885326794 72.8190718844327 104.511848300761 60.4648926126757 28.0174789943958 53.9252537465468 58.6915224583625 127.041570028542 62.1232698285113 129.112856622297 6.12754231152677 51.2006152747552 97.7819233216072 89.0331240254466 37.072544287422 62.2535952437177 4.84053617905947 17.7816913193358 11.770288977841 62.5616107975705 52.2144107002836 108.75192673555 43.0970152307667 6.76019139134334 10.3770079114325 99.5586106967989 114.095978790237 55.8137929886447 25.737881846576 18.3749330167971 32.7144852157709 128.325341034751 5.0866076574449 36.3665204695584 43.6796550036 78.412142771367 16.5846201783416 10.5248887980184 150.791343709211 54.3185460144665 86.2157069257615 154.142669921826 85.5386767264877 39.8285958074239 90.7676959782187 2.78599386057524 40.9010749200355 103.654816749871 25.0690907017557 12.8737468307232 60.9597288961537 0.531209667772701 81.4779589473244 37.3703011952781 89.4176785632755 30.4114116370862 7.52966453856555 36.3080578612238 38.2833020896121 13.1764535455794 85.0032483852483 36.7547678239224 15.3974589787667 128.073725898239 7.32535827765327 72.1437271725777 95.0234451973702 24.5412488053442 31.5294471425818 47.1764283581648 104.731936514336 21.343349237497 16.6576057938602 50.6845572065811 53.6337205400771 26.7482922402495 85.3415531885265 23.386212195729 84.7064350703046 80.4273706562967 8.36892036155451 39.7674799683804 176.053014715415 52.775025157424 27.6264002196612 56.2723619003518 71.7301893241877 98.570076207922 95.3215072666523 143.759606098757 6.97967456661104 56.956622067155 32.1188065321262 21.5922413868197 30.5939782264825 116.888938643068 32.7341969945793 3.65253878102947 11.941259806098 24.5953410133731 127.731446563459 13.9410896382005 47.970168687855 76.2521273657897 47.8358783133625 19.2711033444245 46.3242160983912 30.8837488089793 32.4491990387295 22.7355503717218 15.9067334243336 67.7290484598656 71.8150710851392 4.69382402296758 13.1049391717081 54.035974803394 89.8959164074614 71.0282741625982 13.562383314863 7.53650972801576 58.6057370832305 9.66554859448338 36.9019177836107 17.2254703232981 19.5431076424202 25.0656282347966 8.25055354611597 10.6284564620139 86.5967020190731 11.8483084463897 13.2540637428524 58.1494808125825 11.7777896651897 1.56828849734153 137.816832737793 73.1728257926008 26.088634957065 80.3507471831286 14.0756731062907 2.61464857386763 5.61539604208979 25.5987537603806 74.9881219178914 1.15544421249609 37.3517740158516 15.2858847933716 37.3217949947909 2.88509671803973 23.9619833610625 52.7806106129233 31.805787220218 31.8064622729566 0.777091206575407 23.4113863732751 35.4083382545649 39.3649583802191 36.2713316448966 37.6112311342237 58.0372838845401 6.17581646497101 94.1218621079275 45.6742855771611 19.8955334604714 23.9367736521088 74.5475271742712 13.6165941511477 18.6092979595234 0.862521700339078 33.7893490342126 53.8050885308687 76.2234300345541 1.05401887598391 98.765822114352 54.1792493838254 9.97936510285334 38.3589047587712 68.266799982731 50.2755602100023 43.7661925028787 61.4290737717082 40.4750626258454 59.9857066186705 1.69623329889734 31.7428517893132 15.3586854945341 102.089896368001 136.972113287766 19.05842231308 29.6994641611045 22.5127462063501 136.652956715229 32.9800097435422 59.8244097241751 9.18708731051789 89.0984095091215 72.8185607809538 53.7123894283828 162.942172460292 75.847912205381 49.8531151725261 47.9842141680613 35.7884199553967 124.690279717543 22.7328212407091 1.08273575551397 1.55096012736699 103.896944174751 140.618907320903 92.9120997297749 31.384847237546 76.4202029663681 9.7224815013613 8.52081329748654 93.1372167999903 111.131326263366 14.9216096128327 5.81302552859388 71.3796922020807 161.809936903968 82.8511442917572 15.8855062243977 132.61740462041 11.267880926304 88.8331135579459 2.16981917940595 64.2612409509778 19.9237389897868 12.4800124683885 23.3218230387088 55.2319416385363 40.3351765310616 24.9456863268197 20.8051935490761 84.8362959208994 55.9416119604452 9.29677371885384 86.1824780521016 53.7076082000895 24.8529340606551 30.6576614331012 46.0984927646458 52.4312736833883 19.8467302102417 76.8313001701123 41.9746784827652 11.3113680434714 18.2466867503279 53.4103790893372 78.8122340415357 4.50368834911269 8.3228363798107 66.8757865130834 44.7344762576386 28.8129340531783 34.1692041347255 5.10265254062257 20.3940081367376 77.3699074873849 26.8369650039158 5.51581214062419 66.6827955815002 16.4920353484769 32.5856685861938 65.936757862375 88.5842912575933 11.4285966439241 9.52379747688484 84.997911790175 96.7147901119131 23.2111609867306 15.2917404850027 52.8935314716124 21.5673877975229 110.897169349606 86.1277194266049 4.428626644075 55.06797275739 39.3033573726507 65.802241654685 43.1023821803045 21.2223633751884 0.365604048416856 47.5543414023277 104.098180451835 30.0255619746237 118.406218560127 10.7259920993679 45.8111757930252 37.382835615796 35.3252233728368 19.5903211439272 33.6762688505166 22.4812708911507 32.9964626058658 78.8204172318417 72.5004858382206 95.4261864475902 88.7513456384411 31.1264650409719 50.6272262212883 22.6785796216112 69.4880354911623 75.1442095687099 25.2202211045044 13.091263292952 16.6164557221292 16.5761300209022 28.325602977703 135.195708305832 80.9335932468826 97.6662081376373 123.409797508598 16.550675231827 19.3321895254906 75.1232643846613 29.0380037740289 11.991644330951 0.731660541758965 30.5637729412075 66.8917472057737 65.9913300478625 35.5654762629275 36.8849407986765 80.9072028016242 125.389199699542 35.7461897740079 62.6181524634743 133.705045206569 18.6360786975075 83.0682105757211 65.1645282162498 71.231239865702 11.8670652172587 32.2173911567165 8.49966066911804 55.0565066406033 3.00667742577674 0.638171798290459 93.1015557839571 1.11294920242679 90.4670298965539 48.9621164241958 28.2490007071364 16.2318731617987 6.39340971734334 15.2521148722727 56.0284193476157 20.5886132029795 126.607473395045 10.319563451901 87.1623863748107 55.6341843492753 33.3303946820422 50.6543455263381 55.3887291080659 8.21917330195638 100.479119731625 124.523753171904 31.7638131000061 67.4189588489452 48.1301111639884 23.787712661897 15.3025087724328 100.005267819073 7.17169656818593 48.7616476610894 65.5351090776254 11.3016539073968 44.0476466724974 26.1615135375086 17.0809370940289 155.66478661159 24.0814166689291 14.9224512342005 3.89456045502645 27.9672639020655 3.94592200122421 73.9288158081489 106.449091764882 102.632935140839 22.1635993373102 25.5392224223767 15.6796277312087 17.7103004946116 18.8577493912272 57.6803099274886 8.33592330325062 46.2607342238931 38.704509527301 146.625540113088 58.7058416656567 84.5384277591634 0.0296253926446958 149.307883790271 91.4538472295979 4.06461042290724 37.7232557387104 21.7983484939334 8.02139554309151 100.618475610668 100.742110837629 21.0693875996732 63.2729850298023 122.698841066779 37.4887993657809 54.2582427776991 30.6267169010939 23.609258916135 11.3777744316869 52.8641715604466 40.9904002904816 7.21938523485614 22.5531466593042 35.9969272130383 20.0956123126316 12.4252100247653 22.6324762871115 46.9391213148851 49.5800706006292 39.2867523826764 12.0063774306357 8.35207824384961 43.0808989695809 4.5157667541843 7.61203890371734 14.4934676840884 22.8209628715612 31.3341461811856 57.565189542778 30.3875369366956 61.4482860073039 10.3849997958481 45.4709744280436 40.2106437784323 40.9196554063863 7.74986853886552 2.43556900118156 51.7901240760614 5.92725558535314 18.4498661111423 47.3731028241299 52.9621041919038 52.324571430079 77.138948165921 16.3846956963925 65.5936522826374 1.42663956996798 39.2503750433176 11.0745869480877 16.731202627407 67.4491963067446 84.4666222071169 127.776857575117 73.0995529212756 36.6452974277202 1.31751068957005 124.918700266646 14.4749942669588 52.6964415746468 39.1419907908053 85.260716322785 28.2168023286105 61.0829556695976 113.764017214996 76.8124683940463 0.930815743648238 34.0798892877862 84.9048869577259 108.457078293184 38.3412633594642 41.6048751982512 10.6106103488072 70.8585699469893 20.7165146510876 3.96790275827991 7.84282557292299 16.0299996899348 10.3666382813172 20.2193247217486 50.7379835342371 148.536096504893 50.0920004975055 1.88985909732907 98.5387293098658 1.22309284523683 2.30574206774362 100.55820213782 88.6210952439801 50.4275888564344 13.9139837597245 12.8978871155016 4.58038894871611 22.7301963343238 78.6588877405445 32.0260081664723 7.43976143140207 50.4388182106834 28.4558824846279 85.116358668083 28.0994388407428 65.55014895555 23.9849531884857 58.5580137765719 66.2986972960912 2.35209994968522 51.1469411959584 51.2536928842879 19.9859764101812 90.792586544839 15.9475093225349 131.885817646088 50.0650357289994 87.8439233466803 3.25921252007495 15.156630949204 85.7263741767621 4.12255851416143 7.07520396204074 54.8828515427823 24.646570828366 16.9824549187111 97.8492946510715 63.3770426173286 34.8359951656299 62.7423656212962 66.0875904488702 64.730431160056 17.9158909924337 93.1422729678896 28.9657807592143 44.4459010026402 47.549414615464 22.1987284374921 22.266129720446 77.8002185460074 27.5553757961556 24.4163138825725 56.4399366865193 56.8494307926625 1.10536656091847 6.3481274935641 43.9001462123759 93.3650788079546 19.2695746998472 36.0407087951027 77.7551152505757 43.843677759965 111.804585399863 5.32110618593202 31.4947716977553 26.3266260699412 16.8061348431293 8.70172019167393 88.3407459342006 137.791292600569 37.3120739510371 21.3476255400639 18.7390509629391 87.543561082701 154.040438914331 1.04518463317206 86.556470174813 43.2814721866431 16.6875875259438 31.293068622951 21.4002551492952 80.6218356376985 35.8132190513245 40.6324276232149 8.14668587121061 78.9998674261966 4.46005811023551 83.7242957202363 19.7114358194663 20.8501008692926 18.0531142147878 9.01505314357542 6.60222592925412 93.0812378091341 30.7491644331126 66.294431337073 3.18786130782146 62.2005890337469 60.6216586741652 97.9082916738145 19.710464647881 29.2345544919766 3.00153913105366 76.4894605321943 24.4037771187798 3.52382529526373 35.2816778847775 7.78920501873083 16.560677743778 7.97582928808435 37.697575688137 56.2321758979588 6.37632266212811 41.0233445879054 0.900170722190497 50.8267528361771 34.1682673556657 9.06106513298531 9.50158433717452 68.888961733488 23.2276917717963 10.5634840139869 40.1762025496826 31.5519959695948 5.24488221025644 127.605199903596 23.9566478911903 13.2496848841146 17.4475488144833 27.2611649769098 139.724904338455 42.1125253180834 75.7265371605367 154.101733358406 23.7597296216296 86.761003855533 2.38414995398448 9.20390622414066 79.1177203226388 30.8865094447864 37.0586571039094 33.8166635862335 69.5751089307702 1.36435801112615 7.5547158490143 60.4355083315582 31.0115250325499 44.894029764552 77.1033735557836 64.1693332441822 35.4429124628997 58.0444449528452 44.5441213206197 64.0901166133598 13.8570220742134 9.39464869345033 6.05991954524133 25.6686593045115 11.2284064656947 81.1522908253663 75.1414513568406 10.9003992438384 32.5990543632929 51.3905861761815 4.81335483471646 2.03766984938814 16.0463014691937 4.36264371873448 24.0276472586302 32.4740615745754 25.8970102418003 101.947665708423 21.8524424456468 38.8128676817416 139.041269903726 32.7596052341617 30.2969972463199 84.1012492424854 3.74995409071838 25.9598709305004 33.9685414528681 0.962247276448662 47.891989218622 28.5712208006189 63.420182713967 122.153861173846 43.7772723419755 39.6319831930013 38.1392063237105 39.2862470455306 8.92331973506409 22.5883481121781 79.1121450597743 83.025796196036 5.42673532968849 143.139862168924 62.8580680072049 96.7540180558753 137.505558256706 25.1429651952148 5.45545948835599 20.4478574849785 8.04225583793012 82.8800638228072 113.351781475283 2.10859535883194 12.7422246385368 14.6233391431897 38.2172036515122 12.070012722484 31.2347273878915 51.3279187881374 3.34848647006007 0.373405667475607 11.0787442123987 19.6062308386511 15.4985061723531 51.9417104866538 69.8537035799092 5.53559617768766 4.34320555889089 90.9391775895298 1.84968709002023 106.640621067908 16.0022524032866 46.8476305951656 40.1522165885536 70.0707087766491 79.6796466927001 52.0158622124064 26.3256485192201 64.9505229416529 39.1873934689956 3.34403333378782 20.6150032011799 36.9087994405675 3.4143906401467 25.4530000692971 75.6816451964515 68.7694957823729 1.43161873916006 22.1000076320488 37.7257566203299 32.6638691160222 9.59146393172942 31.0149043793253 61.4777981119892 54.4290208264577 2.77121440054437 78.0471622628602 14.421006295855 8.81123775473949 30.8937689640633 36.1543494444139 38.5386900764866 34.5295888441958 35.7281016707109 53.3096899848405 11.0388540195492 6.48673143198735 78.0941249643364 37.3309125562479 104.208458865419 76.1699151898741 38.6887004695795 53.4541472616935 48.2906620600954 21.8047330638033 15.471223466441 18.1178904794325 105.363195108038 41.4633878598838 87.3472815574927 73.3569799678935 31.543279987376 69.5172974385151 1.165927556244 63.7374764255167 70.0972719772407 1.98740132532627 48.0407768371338 33.7310065643552 22.4554509645786 131.064497876891 22.7544182637295 170.989272329412 52.300796286727 54.0819296874751 28.9041219548112 71.7621982822304 99.6840972077327 9.063727423804 5.82913215340909 95.8780585639992 140.831053742634 60.368449833285 22.0868817131783 53.6849464547516 79.9653002651468 44.4132796481217 107.563587174713 162.130499431331 58.7790319305368 6.19435878354568 32.6438662331969 83.0089277111568 9.86734586085046 41.8361815616045 148.371669743914 115.750128196424 48.6005469704223 6.32143526002853 67.4610900417617 54.7591383265771 20.8479216456746 72.0737731863987 57.806385617257 37.0926241648901 33.1601883448487 31.9541506198031 28.0361439360164 42.6756752035403 2.66558360279757 28.1453180194158 4.36297318329177 53.0655036197102 97.2973660820736 16.9849925945009 19.9393743327159 57.5903888192661 22.9527149738089 6.64196951095141 30.7440689295785 32.6493285088516 71.2266539764739 30.0699001771393 75.6681629264831 35.4253320398527 104.649689031344 41.3622598310292 31.3973886237469 24.7092884189761 46.8638185571526 3.91737409072058 114.291159219454 12.1804142109509 0.847056467377861 32.3420854342819 80.2616718417808 74.4467977038369 13.1487518474918 118.613792347285 2.21387711040929 18.3613529947655 41.8532748121995 10.0748191610053 7.1558666565148 6.33556748325258 45.6810993059299 9.81325459400478 29.6270928983565 3.41234797612015 82.4549259064685 88.5223269056498 51.390909437125 22.8788092589005 19.1364228242972 29.3279181374639 15.5064854170838 35.4405711890839 94.8496865903568 24.9398598584436 36.2744172421569 40.8549324777309 17.9680053117312 35.2954245364389 87.1907817578829 34.3732750544991 79.1874617345809 47.6988372455252 9.51832851676377 56.7669705796726 42.7468579050119 4.78973747381423 10.4829544516558 64.6619611633928 7.17348485398387 26.0206670763369 110.95019659798 49.0567480698881 8.32633044761025 77.6484737510318 66.6498489595017 1.63831068501132 46.7280256555262 11.6017516970113 15.3742292636734 95.9512542575132 41.7221916853923 47.9019911370715 28.2324063145507 20.2741980321473 43.2269460599509 62.8149265851201 7.43843454326413 16.1481213895799 39.247650076526 24.5505987673092 73.2427359834636 0.24355707032326 58.6301294393998 96.8134090483249 84.0420100477458 42.7862425657424 35.3064458064367 30.5521861727545 15.0206445306493 60.1940069634728 86.6049496926655 15.603334712795 41.6826467232539 54.3673710207125 33.3526086835217 30.0469451870441 141.634301083028 18.0814998215092 32.8546643847802 41.3564230555847 6.13158338597108 23.0403168959779 52.0934460129713 21.4644946315429 5.43970189608112 38.9951318833439 35.0495105564502 46.7409969891194 18.0367930187804 43.3203782228635 73.612161189984 1.86304437189492 69.0937342530028 33.4502761357702 41.9720470976288 110.345244139745 75.1814934769087 27.535693025187 22.9362257886849 39.5498874789123 40.5424188750166 7.9802368397979 86.5529293029801 1.73498981461397 73.9387445970009 45.6612011036828 23.3129666197995 57.8322543075912 26.9283183198209 83.6255333455826 113.350325260716 16.5402390826347 49.5696910319459 35.707602758628 5.22325549146381 54.2337936419254 116.248664516782 77.0089025789677 143.303559856047 46.6387826107918 49.4451500403048 19.9304212114422 28.0991679263806 5.79710924308739 48.1484552020146 40.728246957953 52.6161615521944 2.42668955803554 137.103654011933 59.9662325932136 55.7471940951642 39.9576064825531 33.261583743576 41.0910616278944 16.7191005928699 99.4481363901011 40.2079890771443 33.4895749482438 24.9971264534128 63.5815991437579 20.7860982782862 102.365502985888 16.9549478576228 33.2758930161414 13.8589302214759 31.1191881710264 43.1353730076359 26.5975369196243 98.403331807071 12.8893036654872 22.9105153596792 34.437346942081 32.5162791508774 23.6387297868632 20.3766005898678 23.2707875334208 28.7777514106141 4.11258737318096 19.0550858017936 42.9026852829155 37.5792179058148 39.9461307486886 43.3580462037991 62.66929613589 47.0228671747191 74.0282888755418 28.323824591346 11.6689543311799 46.7800638175128 26.5288875231179 22.7775419409496 8.15895155342908 54.7542619244463 82.109529287427 28.3345774342433 10.0762981634704 12.5190394432648 7.748682346126 39.3503117530415 9.96038674838716 35.6609695493682 129.342533051641 34.8530997630863 21.4057452700486 22.7133843319155 26.2691759153854 14.4814037114427 54.3733311880638 51.4287617108134 73.4331588791617 16.8743824550186 87.5331605424784 55.5653030830272 31.9972557233215 32.9180119925972 118.011510216826 56.8659500850468 23.3124702527686 5.83061815314174 32.0731488947626 1.34260254875675 72.3970021418895 5.57211509255454 101.25660383642 34.7161617653043 22.9369881058989 29.1533082288995 3.98560467708434 105.704364602239 13.2031540795588 19.8644464610086 9.42862953370908 12.2024603567315 25.1540638923753 29.8613519587247 8.27368318280208 27.2585111854923 98.0186700662315 5.63150088508789 77.3015345789015 9.76303530208874 19.2421249132629 26.6131846205629 0.945888923684149 4.09131435022724 116.557222036449 36.2892777496081 101.800794199973 123.408559865286 5.41339489992454 43.8943506221742 38.0917104013589 6.76730588298016 2.14324323869171 46.8390005461277 77.3967359371002 65.610833002799 32.3558237689701 5.68118672780949 54.9923011697567 15.3894230386751 17.3161168618551 75.5732369058658 61.7619367410127 0.179178518068166 28.8627601809824 1.45925135557645 51.3090568244187 17.6579171525561 6.07984270850677 16.4492770621783 37.4825850562376 36.5549695624516 16.9249037046943 27.0040391080098 29.5392432407652 4.19879459178792 25.636334069602 9.12468430414873 32.6560472932971 99.6196471862942 14.078275719528 14.6833335162063 11.8569285075785 12.9742580272605 46.1185345985949 2.47580741152847 70.2651832617874 6.10348770004492 103.262618075509 45.1119011701449 71.3397094959499 17.1087336608111 16.9533504527123 27.7425706142518 11.3824668715973 39.1267245904887 42.4324009421253 76.9036628200352 12.6393836880747 52.3903997010254 1.72061984480745 30.9365388548849 101.688861764672 20.5671898652239 69.7834265854138 16.2521713980167 51.9670665617218 25.2831699134953 30.9142424731064 36.2963256636392 60.476272707356 26.4703719171786 11.0392615155133 38.996933460516 47.4152111621568 105.396552593323 54.7985928457005 34.2246186082619 0.442346778248665 65.8629654709868 1.6429339854521 19.0793572112694 29.7902562426233 39.3968434895538 14.0544660061813 4.98374335525192 49.8950453858126 27.0653162795036 69.5022924895166 66.3862602426776 6.49545074193323 2.13890779882405 54.5446047174379 3.88799173565553 49.1478208355792 14.0633513374866 7.98001084187394 37.9895560858221 76.3744111824121 80.2450106384651 45.3845207089937 27.6013720089908 77.4034763378149 67.8295333284687 65.5109444501733 20.0730145839796 76.9874855276555 63.851691877736 119.871793000217 9.43570987302913 34.82054953867 3.8344183951371 30.8632178543148 11.9829140546974 103.495313277871 21.9835127116418 10.4390994619331 0.0434582846010398 103.193899385123 25.1149033527987 73.07946810684 15.4891320410686 11.9355214286272 151.730142199329 14.7627142252037 27.1603466911883 3.36154839951426 39.2612702651284 71.2141933194708 71.4030943841472 64.0841982829717 20.1354706129889 107.496699092528 169.83582712604 15.7764535812011 112.747226810538 11.924587717819 9.34518379075285 45.0014509228606 159.299408907592 27.4884687514856 39.4891598086079 63.7455268977339 40.1188003419912 46.7881691834882 101.672815671799 19.0536448517779 146.180926451215 42.4780662938474 10.8263270659082 188.226340484801 8.9835842497113 40.6694565670858 21.2785054342318 118.767369682875 57.3904504804622 28.3991529733164 3.71550536783921 169.931276640995 37.8132624352711 99.820542304087 57.9285814801366 2.85834208975459 136.721832059511 35.9870482993235 30.5677340608171 38.9745528529389 31.1109948146487 27.9325877920346 80.6645738884814 26.9709247753516 77.3786250599546 30.9944057906489 27.5532234222997 102.135268485464 94.3431005148028 26.2626592737886 90.8249582392429 56.3976356157662 20.5547836836653 104.202159010338 69.5777436250031 102.298517219241 139.601913621795 78.3540829451756 33.3195646987321 18.6660106964812 31.3474928492959 43.0750972131092 17.2353133523483 50.9087663435961 19.5924525091766 57.2257048585444 7.15682721838846 71.9171025271328 36.2495768722346 4.64003226769677 29.6324872141581 29.1733300943276 5.84388917623554 6.71123627749601 34.0236828321157 9.51106740368134 15.6911525363349 40.5581013531926 56.3065050960687 1.85543914351188 52.9429370815016 8.05833276508022 27.9966270028072 0.968569485651685 69.7379476815639 3.02032755366485 33.1464013541195 12.4597434021345 28.8447981320417 0.352320481568339 12.6112398096198 11.0022047033265 44.6312423791855 40.1364982953531 76.5873689578571 68.0619008379586 13.5671818178028 48.8255794977233 66.4941919691977 13.3036236858755 38.4651936741323 3.26159129532271 37.7411144270273 140.916874909385 26.9873695450558 8.1721403581674 2.69439773210869 39.0765242400943 37.612674551969 112.090388016127 53.4850505015231 8.57614560080549 107.122381859819 3.84903613357588 67.3416685692729 108.551470290451 13.8440617048961 178.834919907999 62.8499766224633 66.6506609080575 100.350507696365 65.3754763804804 147.750512022031 34.1152793663656 0.387050119499301 72.3018650859152 44.9665381746005 30.3046895408762 37.0827437330421 6.31018358815398 47.3840869854718 88.3099858618948 16.2338524151375 125.461768006613 156.070380653536 27.3382089239805 131.249580256868 147.825764998982 95.0437272435398 115.787529486366 78.158569938181 32.7347434631319 25.5490274534232 3.93722791915171 32.4596242943542 72.9272895174159 1.7373126644374 43.7016466052849 43.4577719985843 68.8802908757433 44.9109753662656 98.5169991223809 10.4566078854175 17.832280565988 10.7016000096745 16.0253118547464 12.1816112881906 58.5006267682962 4.94809660417748 58.9532738381754 41.9859331192966 57.972888733055 20.2472101655588 97.1414055247386 22.4003723133532 36.9289560862856 17.8574463954425 28.9910343643591 88.1836714048936 81.6752963410134 1.89835676500437 2.97797965278162 126.410880835394 10.1931469704332 7.57457470787058 16.5891043315735 39.1509405242229 10.5087941417685 86.2347376389753 40.0723142944242 136.570237346135 6.65763892962728 17.024244551913 17.3779704503956 51.1803392059444 42.1079066976359 2.50364303429948 80.899370994403 105.074918864867 18.1292285686563 50.5016947457301 7.68219317691188 0.820527000812269 5.11120261504121 120.074916462457 71.5468893705007 151.412996846379 29.7587936651328 65.5776348928611 100.799545873221 26.9293505876175 122.668700995745 72.0317862952882 28.7562687967172 0.120506126232272 0.652665185645718 44.597043670949 127.875275327077 53.0019167846521 17.4745654452834 36.1284284230466 44.9526288386665 43.6464111975786 48.6385095427358 19.6641782576387 40.8436205090855 58.1135200266253 28.2924913883182 17.407549157862 26.2738621238826 61.0095591779117 15.627994994465 16.9544355429869 84.4806065050547 37.8538609650082 30.9280628326516 54.7293286605805 10.2741730596708 3.24762251434943 23.3522336847924 82.3926346661924 80.2055415110193 131.987950959684 36.9864979576686 25.1890250117383 104.925005744257 66.9869704690472 12.2179942122233 80.7046530687565 39.5337646533941 47.6654728963079 22.0267549095429 29.4343690861006 67.2914728724967 46.8289938165473 63.3582104085173 45.5305150573999 8.47217064001863 11.6071500278631 63.8412508026418 27.8762728699489 52.2817040018563 91.3927013467835 11.1659459861054 166.301575086695 86.6211228205883 56.3205301564498 13.8946254191175 89.090529839805 82.6942342381927 24.5251779968146 85.592073661249 148.58725198499 37.4403886625893 8.95796207746934 126.301354300135 53.6221638662742 52.5908724912813 104.692785689378 28.4919578244749 68.562788540162 25.0124855688614 31.4942636857016 7.59606922754239 136.769510735756 101.286446396326 14.1595082965533 134.739540426889 12.3861467867351 40.9755160814741 24.1348426026727 81.1469036239943 64.5820613830898 8.18454175228393 86.6183481683322 13.0043295173833 67.2786588629996 18.1144386503369 58.2626460438603 107.670867820801 20.7999746969008 5.44510455639562 40.3883572275914 41.6509857420325 52.4469860736063 82.3879320162566 11.130762801016 39.7540158787773 2.36729263043496 99.3716215043871 134.280296894163 67.7175031140263 10.7678144225983 3.19935835886699 41.4169974578565 39.5479663361002 1.75882026421418 55.8314379506899 36.4472476500576 6.88760456570843 26.3460497510362 22.9313251076078 128.99758263727 13.1443547957675 24.1718288935362 88.3179444304097 13.3962802892293 31.5617558066833 25.4479867171897 116.704212218111 148.535490762662 11.9066592037964 30.9938321497228 14.7483526822816 43.1518330845012 6.38880628304914 126.885524498548 112.361647786703 150.439581899801 1.76385439971205 71.2639080327872 136.929705665315 28.3361716702731 8.28607167616969 11.1905772880723 59.4238069062643 91.4730399248237 6.2678152657212 35.1721666901243 89.374871689706 41.4023370030066 96.6901227015788 0.484408456351284 14.6085725262584 100.010280535365 28.6243294561321 23.9381387924931 68.1433190100183 22.8250739460685 18.7519133061311 47.4226336554893 33.3055715780359 40.674029613317 35.5988196220898 46.4238138793698 22.5444963132458 77.4272981813083 103.429277725724 9.99863320761948 40.8886228162286 95.3788791423297 15.7886981296864 36.2874858599932 73.3345701326141 22.2089810336669 35.275447703392 22.1911982582384 13.6127604682199 73.4195957123523 63.0856552991195 92.7285348127391 43.8961197640135 110.708203817977 135.511653662246 101.288042305768 40.9093819924149 15.9602177159872 63.7578806279097 7.16820043611677 23.8726057998172 95.5616905033081 67.3670455115416 8.34421561358689 21.550194048247 117.161936081108 9.77956832366342 118.257540948068 21.0262453116486 134.549850589396 51.6117824395078 55.1951411065636 140.582261561485 55.6075140111037 110.333040610511 42.3411479502168 19.8830233035721 24.132662179491 116.467787929828 48.348621757512 71.3527890810973 66.1757967585982 31.7086097451852 76.630713950716 2.09054623499847 6.11562440450854 50.9261861809507 104.491316881715 27.8934826930079 4.01093553413177 82.8041816571349 140.993578309716 100.992803349312 6.82864612993395 10.1986830269882 34.226720838424 135.23952784264 13.0866052337028 65.1180740857065 89.6439129510168 7.3563615473707 80.4310364339443 72.6942138469137 7.59231556250633 121.288365980613 35.3158080442131 14.3302796724814 127.807444702492 92.0441504898016 31.3711079237888 8.1716841043393 1.57373902657501 16.1124818962955 46.6694022893709 107.469946151546 42.4633523545044 22.142309491637 47.1634881508292 62.8544257511376 23.0240287423359 35.3430828014405 29.969224688083 5.42405007885445 48.2733167903888 52.1269025091708 85.9054535953054 14.3378160646521 44.1499952775993 136.486375619015 20.4728549968771 54.212292529047 151.102669564566 30.2919781298566 154.530113905779 32.7330453799866 70.4304674003126 51.1234974159701 124.120265646556 115.600437423874 30.4778884431354 34.9693327603046 43.1854606523024 34.0361667119959 60.9935097341038 2.81134312712711 1.20351995200657 0.530572941639288 102.292470897062 42.2044407167355 68.9405921531755 61.8585743678329 79.7676608834781 27.4925691640943 86.6750341992701 2.73041187608416 0.517009886960494 27.3392215993036 14.8352746262514 31.5928674324553 26.225643141114 23.4106619327598 109.877527727031 122.024329560023 48.333354327062 74.6096218803967 74.3940632185489 39.3647834915747 20.8591729131841 33.692528804939 0.510230014654232 6.65691465832929 154.582462300646 1.19958722750464 40.2001180859519 82.0492876212911 44.3084741681874 38.0254351333816 44.1981877755892 9.39721889483731 93.1078573782399 44.0541604625573 57.8224889900131 20.5635567006986 57.9942701104083 5.06991342594033 31.4578333046696 123.434777823945 60.8939986593978 77.6302367663796 19.0463661830453 1.47180094795206 12.4746753384194 3.53050071696644 0.298265840992508 55.9030992178193 34.9718811552925 14.6513139702286 84.5241808907769 107.752051991426 3.97145952903154 55.2448275647195 97.2191270019329 23.8724294250617 61.0194256863293 30.8110783283559 25.3888962038941 10.4078213391441 63.7789944150015 68.4937693489986 20.2739705493322 8.17009304302514 55.9030199957739 44.5593350420187 31.0751101378208 39.0378557065808 133.163391787777 20.7018325464204 22.7470952251574 82.0786771250494 23.4835475654346 69.9832309999494 69.5544425802226 69.237489483828 68.464501038673 56.1441243300427 4.57328394159463 33.0063749243474 35.1760176965624 88.6321488656547 15.1420616747048 28.3979977692056 19.8466877534123 14.5544459075655 23.6866599783101 21.3365665119511 15.3953665109188 95.5663553163534 13.5055422988439 72.6346246061327 62.8397094909073 58.7505703437262 20.4245644249151 0.229278017953037 9.09424085980297 9.72489284671506 26.4978703926362 12.3338010385941 54.2784294293567 23.6305697803402 106.298017954687 10.7314457109017 25.1872122203585 31.5008489251925 20.5979340511874 21.3838252355144 71.6195907332818 1.66270232994405 73.2375891871918 1.31330114584506 73.9882191467069 118.182811410037 25.6068469337761 31.906295093086 0.764364458140354 43.9507533107431 59.3471215763076 39.8787218200054 38.7854598692385 42.5379074932867 2.91772438310961 25.649323799617 58.9427532625682 9.96499904358389 39.1190629916626 3.02984176494453 18.1688491114179 85.8077042278215 54.8668120482352 8.58773444391446 68.7960270458941 90.3730632451881 36.4476427912943 31.2499497091887 48.2641379550951 56.3354714145379 15.5895173349981 3.30948906728092 31.8246615304045 88.4652246846329 11.8775083899807 26.1182667154043 41.0944258096421 14.8823753690821 57.420338821159 26.4598596960338 19.857353717535 7.07051403515376 2.66820780561102 4.63366388325664 1.36487508233279 19.8649726200844 55.4344123639172 25.9330847502646 11.3815477789963 93.6032397579 3.56059235318278 40.9756508569751 25.6889314702674 67.1026407064573 103.876425070196 19.554724931915 35.8542713350269
