Instancenumber:
37
Instancename:
A-n45-k6
Customers:
44
Depot:
0
Dimension:
1980
Vehicles:
44
Capacity:
100
Demands:
0 19 2 12 20 6 17 8 14 2 8 5 7 22 14 17 23 15 21 2 24 10 20 6 21 10 6 13 21 24 11 16 8 11 11 22 17 22 17 8 23 5 3 18 12
Uncertainty:budgeted
Gamma:
13
Mean Vector:
20.8806130178211 31.1448230047949 66.6033032213869 66.9103878332804 78.8923316932641 30.2324329156619 28.6006992921502 82.0731381147328 18.6815416922694 69.656299069072 60.4069532421558 49.7393204617835 43.8292140016223 19.6977156035922 35.6931365951495 67.446274915669 56.2227711874824 50.0099990001999 65 54.2033209314706 88.090862182181 45.6070170039655 9.05538513813742 41.7252920900501 36.4005494464026 24.3310501211929 43.081318457076 25 30.1496268633627 69.8569967862919 40.3608721412211 34.828149534536 93.3488082409197 54.1202365109392 25.298221281347 66.7083203206317 47.8016736108685 21.0237960416286 67.3572564761956 65.7875368135941 86.4522989862039 59.2114853723498 42.0475920832573 28.6530975637888 20.8806130178211 50.2195181179589 79.6492310069595 86.1452262171271 86.278618440492 12.0830459735946 40.7185461430047 94.339811320566 38.0131556174964 83.1865373723417 51 70.2139587261678 54.0832691319598 14.142135623731 56.5154846037792 85.842879728024 55.9016994374947 48.7544869729956 54.230987451825 64.6374504447692 98.0815986819138 64.2806347199528 29.4278779391243 25.0798724079689 56.4358042380899 24.0831891575846 34.2344855372474 37.6961536499415 29.4108823397055 58.5491246732178 34.4818792991333 46.9574275274956 105.118980208143 42.2965719651132 14.560219778561 87.5556965593901 33.2415402771893 34.2052627529741 88.2326470191165 56.0357029044876 99.1261822123701 79.0063288604147 42.190046219458 9.4339811320566 31.1448230047949 50.2195181179589 73.0068489937759 56.4003546088143 92.9623579735368 60.9590026165127 46.1735855224608 88.102213366067 28.1602556806574 74.6860093993514 89.8943824718764 22.0907220343745 59.1354377678901 41.7851648315524 21.2602916254693 60.1414998150196 80.6039701255465 75.690157880665 94.8946784598589 67.0820393249937 97.4987179402888 41.8807831827438 26.8328157299975 72.8354309385206 8.06225774829855 53.2353266168247 73.0616178304313 43.4165866921848 58.1807528311554 99.8498873309329 51.1566222497147 50.0099990001999 99.2975326984513 84.5990543682375 47.4341649025257 44.7213595499958 78.873316146844 20.0997512422418 43.0464865000618 95.2575456328789 91.3016976841066 47.2016948848238 67.7200118133481 59.0338885725818 66.6033032213869 79.6492310069595 73.0068489937759 36.6742416417845 26 79.7119815335185 39.1152144312159 15.6204993518133 50.4479930225178 4 71.1969100453102 69.3541635375988 26.2488094968134 85.6037382361308 53.160135440008 30.0166620396073 46.5725240887801 49.3659801887899 76.6876782801514 17.0293863659264 24.738633753706 32.5576411921994 59.4138031100518 81.3941029804985 69.2603782836912 57.5847201955519 66.1211010192662 42.4381903478459 54.817880294663 80.5232885567896 106.962610289764 32.7566787083184 27.0185121722126 75.1065909225016 90.4433524367601 60.8769250208977 79.227520471109 81.4002456998749 66.4906008395172 74.2159012611179 19.8494332412792 40.024992192379 48.0416485978573 80.7774721070176 66.9103878332804 86.1452262171271 56.4003546088143 36.6742416417845 62.6498204307083 91.1975876873944 50.4479930225178 45.3982378512647 48.3735464897913 35.1140997321589 97.5294827218929 42.7200187265877 48.0208288141719 86.1220064791805 35.8468966578698 7.07106781186548 75.8023746329889 75.8023746329889 103.353761421634 45.9673797382448 57.8705451849211 22.0227155455452 57.8705451849211 97.6729235765982 49.5782210249622 71.1969100453102 86.9770084562581 51.7880295048962 71.5681493403316 107.912001186152 103.247275993122 46.8187996428785 54.0092584655631 98.2344135219425 91.98369420718 26.0192236625154 98.7623410010111 72.4499827467198 32.0624390837628 101.71037311897 46.0108682813094 9.21954445729289 71.1125867902441 91.0494371207203 78.8923316932641 86.278618440492 92.9623579735368 26 62.6498204307083 82.6196102629394 50.5371150739731 23.3238075793812 66.7308024828115 27.7848879788996 61 93.0483745156249 35.3411940941446 95.603347221737 75.1664818918645 55.9016994374947 37 42.9534631898291 65.4904573201318 25.9615099714943 16 56.1426753904728 73.824115301167 80.1311425102625 90.6697303403953 62.2253967444162 62.6099033699941 54.1202365109392 57.3846669416143 68.1175454637056 118.004237212059 44.7772263544762 27.1661554144122 68.0073525436772 99.3579387869938 86.6833317310773 75.2396172239067 97.1699542039616 92.1791733527699 62.2896460095897 27.3130005674953 65.8027355054484 46.0434577328854 84.504437753292 30.2324329156619 12.0830459735946 60.9590026165127 79.7119815335185 91.1975876873944 82.6196102629394 42.4264068711929 93.5200513259055 44.6430285710994 83.4865258589672 40.3112887414927 79.9249648107523 53.4883164812653 25.9615099714943 64.621977685614 90.0055553840984 49.2036584005702 42.0119030752 43 63.5609943282828 95.7183368012629 69.1809222257119 37.5765884561119 13 66.6108099335236 22.1359436211787 24.6981780704569 40.1123422402632 25.5538646783613 47.0956473572665 44.2831796509691 48.0520551069359 103.768974168583 31 25.0199920063936 95.5196314900764 21.3775583264319 46.0434577328854 96.7729300992793 45.0998891351187 98.488578017961 84.8528137423857 36.7967389859482 3 28.6006992921502 40.7185461430047 46.1735855224608 39.1152144312159 50.4479930225178 50.5371150739731 42.4264068711929 54.2033209314706 18.0277563773199 42.5440947723653 50.2493781056044 54.5893762558247 15.2643375224737 46.7546789102438 34.9857113690718 48.2597140480546 35.1140997321589 31.3847096529504 55.9732078766261 25.6124969497314 59.5482997238376 29.1547594742265 23.4093998214393 47.3814309619285 46.5725240887801 21.0237960416286 37.1214223865412 3.60555127546399 21.1896201004171 60.8769250208977 68.6221538571911 6.40312423743285 65.299310869258 48.8773976393997 51.4003891035856 61.2209114600559 48.3838816136118 46.8187996428785 64.3816744112795 55.1543289325507 58.821764679411 45.6946386351835 24.2074368738204 42.9534631898291 82.0731381147328 94.339811320566 88.102213366067 15.6204993518133 45.3982378512647 23.3238075793812 93.5200513259055 54.2033209314706 66.0681466366357 13.4164078649987 80.0062497558784 82.7647267862342 40.3112887414927 100.895986045036 67.7790528113222 38.3275357934736 55 59.3043000127309 85.0940655980192 29.9666481275434 12.6491106406735 46.8187996428785 75.0066663703967 93.962758580195 83.9344982709732 71.5541752799933 77.6659513557904 57.6281181368956 68.1542368455549 88.3628881374981 122.429571591181 47.8016736108685 11.4017542509914 85.375640553966 105.603030259553 71.175838597097 90.8019823572151 97.0051545022222 77.1038261048049 82.2192191643779 5.09901951359278 51.0098029794274 59.6657355607052 94.8103369891701 18.6815416922694 38.0131556174964 28.1602556806574 50.4479930225178 48.3735464897913 66.7308024828115 44.6430285710994 18.0277563773199 66.0681466366357 53.0754180388624 64.4049687524185 39.0512483795333 31.7804971641414 38.2753184180093 20.8086520466848 48.7647413609464 52.6307894677631 48.1040538832228 69.8140387028282 40.853396431631 73.5730929076656 26.9258240356725 9.8488578017961 53.665631459995 29.1547594742265 29.0688837074973 48.7954915950234 15.2970585407784 32.649655434629 74.8131004570724 57.6888204074238 22.3606797749979 77.4661216274573 60.8111831820431 43.9658958739612 51.0783711564885 57.4282160614449 31.0644491340181 52.8393792544916 69.6347614342147 70.0927956355002 41 40.3112887414927 43.9317652729776 69.656299069072 83.1865373723417 74.6860093993514 4 35.1140997321589 27.7848879788996 83.4865258589672 42.5440947723653 13.4164078649987 53.0754180388624 75.1332150250473 69.8713102782537 30.0832179129826 88.8144132446981 54.4242592967511 28.2311884269862 50.4479930225178 53.3385414123783 80.6039701255465 21.0237960416286 24.0831891575846 33.5261092284804 62.2414652783817 85.3287759199674 70.5761999543756 61.3514466007119 70.1141925718324 45.7930125674212 58.6941223633168 84.4037913840368 109.98636279103 36.2353418639869 24.6981780704569 79.1012010022604 93.7443331620637 60.0166643524946 83.2165848854662 83.868945385047 65.7647321898295 78.1024967590665 17.0293863659264 39.319206502675 52.0384473250308 84.504437753292 60.4069532421558 51 89.8943824718764 71.1969100453102 97.5294827218929 61 40.3112887414927 50.2493781056044 80.0062497558784 64.4049687524185 75.1332150250473 103.40696301507 49.6588360717405 65.0307619515564 84.3860177991591 93.5200513259055 25.0199920063936 22.1359436211787 5.8309518948453 54.817880294663 76.791926658992 78.2368199762746 63.0634601017102 29.732137494637 92.9623579735368 36.6742416417845 17.464249196573 50.9313263129874 31.9061122670876 10.6301458127346 84.5931439302264 51.6139516022558 87.3670418407308 10.295630140987 65.1229606206597 111.39569111954 21.0237960416286 80.7774721070176 114.629839047257 5.3851648071345 85 94.578010129205 26.6270539113887 43.2897216438267 49.7393204617835 70.2139587261678 22.0907220343745 69.3541635375988 42.7200187265877 93.0483745156249 79.9249648107523 54.5893762558247 82.7647267862342 39.0512483795333 69.8713102782537 103.40696301507 63.6003144646314 63.3245607959503 19.6977156035922 48.3011387029333 89.4706655837543 85.9592926913664 108.853112036358 68.7313611097583 93.9042065085478 37.0135110466435 42.8018691180654 90.8019823572151 14.3178210632764 67.8969807870718 87.783825389419 53 71.7007670809734 113.850779531806 73.0273921210391 56.0802995712398 93.1450481775601 99.7647232241938 69.1230786351418 24.1660919471891 95.6713123146118 42.190046219458 21.3775583264319 108.600184161906 84.8999411071645 34 78.5493475466219 78.390050389064 43.8292140016223 54.0832691319598 59.1354377678901 26.2488094968134 48.0208288141719 35.3411940941446 53.4883164812653 15.2643375224737 40.3112887414927 31.7804971641414 30.0832179129826 49.6588360717405 63.6003144646314 61.5223536610881 44.1474801092882 43.8634243989226 28.2842712474619 27.7848879788996 55.4616984954482 10.6301458127346 44.5533388198909 30.6104557300279 38.4837628097877 55.4436651025164 58.1377674149945 31.3847096529504 41.194659848092 18.8679622641132 28.6356421265527 59.9416382825828 83.6301381082203 9.48683298050514 51.0392006206994 51.4198405287298 65.8559033041078 64.8151216923952 54.0370243444252 61.8465843842649 69.065186599328 53.7121960079831 45.1774279923061 46.0108682813094 23.7697286480094 54.6260011349907 19.6977156035922 14.142135623731 41.7851648315524 85.6037382361308 86.1220064791805 95.603347221737 25.9615099714943 46.7546789102438 100.895986045036 38.2753184180093 88.8144132446981 65.0307619515564 63.3245607959503 61.5223536610881 53.0094331227943 86.9770084562581 68.0073525436772 61.0327780786685 68.3593446428504 72.1248916810278 106.075444849409 65.1459898996093 28.4604989415154 38.8973006775534 49.0407993409569 34.928498393146 48.0416485978573 43.2781700167648 40.853396431631 72.691127381545 22.4722050542442 53.1507290636732 112.044633963434 56.4358042380899 6 83.2946576918352 47.2969343615419 23.0217288664427 83.0240928887513 70.1141925718324 105.422957651548 78.0896920214186 53.851648071345 23.0867927612304 35.6931365951495 56.5154846037792 21.2602916254693 53.160135440008 35.8468966578698 75.1664818918645 64.621977685614 34.9857113690718 67.7790528113222 20.8086520466848 54.4242592967511 84.3860177991591 19.6977156035922 44.1474801092882 53.0094331227943 39.0512483795333 69.778220097678 66.3701740241805 89.9388681271896 50.0399840127872 77.884529914483 21.0237960416286 27.2029410174709 74.3034319530397 16.1554944214035 49.8196748283246 69.3541635375988 33.6005952328229 53.0377224247045 94.9210198006743 68.0073525436772 36.4005494464026 78.7908624143688 81.3941029804985 59.0084739677277 31.04834939252 78.2368199762746 36.7695526217005 32.2024843762092 89.4986033410578 70.6823881882892 26.8328157299975 59.0762219509677 63.5688603012513 67.446274915669 85.842879728024 60.1414998150196 30.0166620396073 7.07106781186548 55.9016994374947 90.0055553840984 48.2597140480546 38.3275357934736 48.7647413609464 28.2311884269862 93.5200513259055 48.3011387029333 43.8634243989226 86.9770084562581 39.0512483795333 71.0211236182588 71.5541752799933 99.3176721434811 40.6078810084939 50.8035431835222 21.8403296678416 58.5234995535981 95.6347217280419 53.8144961882948 69.2603782836912 83.9344982709732 50.0399840127872 69.0507060065283 103.754517973918 105.118980208143 43.9317652729776 47.0425339453563 94.8683298050514 92.7200086281273 33 96.1041102138717 74.9466476902069 39.0128184062623 97.4935895328508 39 14.3178210632764 67.4166151627327 90.0888450364417 56.2227711874824 55.9016994374947 80.6039701255465 46.5725240887801 75.8023746329889 37 49.2036584005702 35.1140997321589 55 52.6307894677631 50.4479930225178 25.0199920063936 89.4706655837543 28.2842712474619 68.0073525436772 69.778220097678 71.0211236182588 7.21110255092798 30.2654919008431 30.8706980808663 52.3927475897189 58.7962583843564 55.145262715849 44.2040722106007 81.6088230524127 33.2415402771893 26.4007575648882 37.3630833845388 27.2029410174709 33.9558536926993 90.0777441991084 33.6154726279432 62.6498204307083 31.04834939252 70.2637886823647 92.9569792968769 38.4707681233427 77.1038261048049 97.0051545022222 27.6586333718787 60.00833275471 74.2765104188397 14.3178210632764 51.6139516022558 50.0099990001999 48.7544869729956 75.690157880665 49.3659801887899 75.8023746329889 42.9534631898291 42.0119030752 31.3847096529504 59.3043000127309 48.1040538832228 53.3385414123783 22.1359436211787 85.9592926913664 27.7848879788996 61.0327780786685 66.3701740241805 71.5541752799933 7.21110255092798 27.8567765543682 32.7566787083184 57.8705451849211 57.3846669416143 49.6487663492256 37.4432904536981 77.2528316633119 26.4764045897475 19.723082923316 33.1058907144937 20.3960780543711 32.2024843762092 83.0060238777885 31.1448230047949 67.6830850360709 26.0768096208106 63.1585306985525 91.2195154558497 32.310988842807 71 94.9210198006743 25.9422435421457 64.3816744112795 73.4098086089318 8.06225774829855 44.407206622349 65 54.230987451825 94.8946784598589 76.6876782801514 103.353761421634 65.4904573201318 43 55.9732078766261 85.0940655980192 69.8140387028282 80.6039701255465 5.8309518948453 108.853112036358 55.4616984954482 68.3593446428504 89.9388681271896 99.3176721434811 30.2654919008431 27.8567765543682 60.4400529450463 81.3941029804985 84.0535543567314 68.0955211449329 31.4006369362152 98.1835016690686 41.6773319683494 21.9317121994613 56.5685424949238 37.2021504754766 5 87.1435597161374 57.4282160614449 92.1357693840997 12 68.0073525436772 117.1537451386 22.3606797749979 85.0705589496155 120.341181646185 3.60555127546399 90.0499861188218 100.404183179786 32.4499614791759 46 54.2033209314706 64.6374504447692 67.0820393249937 17.0293863659264 45.9673797382448 25.9615099714943 63.5609943282828 25.6124969497314 29.9666481275434 40.853396431631 21.0237960416286 54.817880294663 68.7313611097583 10.6301458127346 72.1248916810278 50.0399840127872 40.6078810084939 30.8706980808663 32.7566787083184 60.4400529450463 33.9705755029261 32.8937684067971 48.3735464897913 64.5368112010502 65.1229606206597 41.5932686861708 49.0917508345343 29.2061637330205 38.2753184180093 64.5135644651572 94.175368329516 19.4164878389476 40.4969134626332 58.2151183113115 76.4852927038918 66.2419806467168 62.2012861603359 71.5541752799933 71.1125867902441 58.1893461039046 34.928498393146 46.0434577328854 31.0161248385416 64.8459713474939 88.090862182181 98.0815986819138 97.4987179402888 24.738633753706 57.8705451849211 16 95.7183368012629 59.5482997238376 12.6491106406735 73.5730929076656 24.0831891575846 76.791926658992 93.9042065085478 44.5533388198909 106.075444849409 77.884529914483 50.8035431835222 52.3927475897189 57.8705451849211 81.3941029804985 33.9705755029261 57.2712842531054 81.8413098624405 94.4298681562142 93.962758580195 74.4043009509531 77.2528316633119 63.1268564083465 70.178344238091 84.0951841665146 128.144449743249 53.2634959423431 11.4017542509914 83.4326075344646 110.34491379307 83.4865258589672 90.1387818865997 104.623133197205 89.3588272080604 78.2304288624318 14.2126704035519 63.0713881248859 59.9332962550868 97.3498844375277 45.6070170039655 64.2806347199528 41.8807831827438 32.5576411921994 22.0227155455452 56.1426753904728 69.1809222257119 29.1547594742265 46.8187996428785 26.9258240356725 33.5261092284804 78.2368199762746 37.0135110466435 30.6104557300279 65.1459898996093 21.0237960416286 21.8403296678416 58.7962583843564 57.3846669416143 84.0535543567314 32.8937684067971 57.2712842531054 36.6878726556883 75.9275970909129 37.1618083521241 49.4772675074119 66.2117814289874 30.0832179129826 50.3289181286465 88.8144132446981 83.6480723029527 26.6270539113887 57.7754273026172 77.8267306264371 70.8801805866774 34.2052627529741 77.4919350642375 54.2033209314706 38.5875627631495 82.8009661779378 49.6588360717405 16.5529453572468 51.6139516022558 69.0289794216893 9.05538513813742 29.4278779391243 26.8328157299975 59.4138031100518 57.8705451849211 73.824115301167 37.5765884561119 23.4093998214393 75.0066663703967 9.8488578017961 62.2414652783817 63.0634601017102 42.8018691180654 38.4837628097877 28.4604989415154 27.2029410174709 58.5234995535981 55.145262715849 49.6487663492256 68.0955211449329 48.3735464897913 81.8413098624405 36.6878726556883 48.0104155366312 30.4795013082563 26.4196896272458 46.3249392876019 19.9248588451713 31.3847096529504 73.0616178304313 48.0104155366312 29.0688837074973 86.3712915267567 58.0086200490927 34.2052627529741 58.2408791142441 53.0377224247045 23.4093998214393 59.2368128784795 68.425141578224 79.1959594928933 50.1597448159378 41.5932686861708 36.4005494464026 41.7252920900501 25.0798724079689 72.8354309385206 81.3941029804985 97.6729235765982 80.1311425102625 13 47.3814309619285 93.962758580195 53.665631459995 85.3287759199674 29.732137494637 90.8019823572151 55.4436651025164 38.8973006775534 74.3034319530397 95.6347217280419 44.2040722106007 37.4432904536981 31.4006369362152 64.5368112010502 94.4298681562142 75.9275970909129 48.0104155366312 77.987178433381 26.4764045897475 17.8044938147649 45.8911756223351 27.0185121722126 35.0570962859162 56 52.0384473250308 103.464969917359 19.6468827043885 37.4833296279826 104.694794521982 9.05538513813742 58.8302643203309 106.470653233649 33.9558536926993 99.040395798886 92.1791733527699 34.5398320783411 15.8113883008419 36.4005494464026 56.4358042380899 8.06225774829855 69.2603782836912 49.5782210249622 90.6697303403953 66.6108099335236 46.5725240887801 83.9344982709732 29.1547594742265 70.5761999543756 92.9623579735368 14.3178210632764 58.1377674149945 49.0407993409569 16.1554944214035 53.8144961882948 81.6088230524127 77.2528316633119 98.1835016690686 65.1229606206597 93.962758580195 37.1618083521241 30.4795013082563 77.987178433381 56.6127194188726 76.6093989011792 44.2718872423573 61.057350089895 103.174609279609 59.2114853723498 49.4974746830583 94.9368210969801 88.4081444212014 54.817880294663 36.6742416417845 83.4505841801003 28.0178514522438 35.0142828000232 98.2700361249552 86.8158971617526 40.3608721412211 69.462219947249 64.8999229583518 24.3310501211929 24.0831891575846 53.2353266168247 57.5847201955519 71.1969100453102 62.2253967444162 22.1359436211787 21.0237960416286 71.5541752799933 29.0688837074973 61.3514466007119 36.6742416417845 67.8969807870718 31.3847096529504 34.928498393146 49.8196748283246 69.2603782836912 33.2415402771893 26.4764045897475 41.6773319683494 41.5932686861708 74.4043009509531 49.4772675074119 26.4196896272458 26.4764045897475 56.6127194188726 20 19.4164878389476 6.08276253029822 46.6476151587624 57.2450871254468 26.1725046566048 81.9878039710785 31.8904374382039 37.7359245282264 79.2590688817374 28.6530975637888 45.2769256906871 81.5414005275848 42.0475920832573 76.4852927038918 65.8027355054484 18.9736659610103 23.259406699226 43.081318457076 34.2344855372474 73.0616178304313 66.1211010192662 86.9770084562581 62.6099033699941 24.6981780704569 37.1214223865412 77.6659513557904 48.7954915950234 70.1141925718324 17.464249196573 87.783825389419 41.194659848092 48.0416485978573 69.3541635375988 83.9344982709732 26.4007575648882 19.723082923316 21.9317121994613 49.0917508345343 77.2528316633119 66.2117814289874 46.3249392876019 17.8044938147649 76.6093989011792 20 36.8917334913934 16.4012194668567 26.8328157299975 68.4470598345904 40.1621712560464 86.6833317310773 12.0415945787923 48.6621002423858 97.9081201943945 13.1529464379659 63.3245607959503 100.603180864225 22.8035085019828 82.7647267862342 82.7647267862342 18.1107702762748 27.5136329843952 25 37.6961536499415 43.4165866921848 42.4381903478459 51.7880295048962 54.1202365109392 40.1123422402632 3.60555127546399 57.6281181368956 15.2970585407784 45.7930125674212 50.9313263129874 53 18.8679622641132 43.2781700167648 33.6005952328229 50.0399840127872 37.3630833845388 33.1058907144937 56.5685424949238 29.2061637330205 63.1268564083465 30.0832179129826 19.9248588451713 45.8911756223351 44.2718872423573 19.4164878389476 36.8917334913934 20.591260281974 61.5223536610881 65.0691939399898 9.89949493661167 68.7677249878168 48.8262224629348 48.0104155366312 61.0327780786685 47.5394572960189 43.3243580448689 63.8905313798532 55.9732078766261 62.2012861603359 46.4865571966778 25.5538646783613 40.4474968323134 30.1496268633627 29.4108823397055 58.1807528311554 54.817880294663 71.5681493403316 57.3846669416143 25.5538646783613 21.1896201004171 68.1542368455549 32.649655434629 58.6941223633168 31.9061122670876 71.7007670809734 28.6356421265527 40.853396431631 53.0377224247045 69.0507060065283 27.2029410174709 20.3960780543711 37.2021504754766 38.2753184180093 70.178344238091 50.3289181286465 31.3847096529504 27.0185121722126 61.057350089895 6.08276253029822 16.4012194668567 20.591260281974 42.2018956920184 63.0713881248859 25.1793566240283 78.2623792124926 28.4253408071038 43.4165866921848 81.5414005275848 27.2029410174709 51.1566222497147 84.2021377400835 37.2155881318568 73.1641988953614 66.8505796534331 13 27.2029410174709 69.8569967862919 58.5491246732178 99.8498873309329 80.5232885567896 107.912001186152 68.1175454637056 47.0956473572665 60.8769250208977 88.3628881374981 74.8131004570724 84.4037913840368 10.6301458127346 113.850779531806 59.9416382825828 72.691127381545 94.9210198006743 103.754517973918 33.9558536926993 32.2024843762092 5 64.5135644651572 84.0951841665146 88.8144132446981 73.0616178304313 35.0570962859162 103.174609279609 46.6476151587624 26.8328157299975 61.5223536610881 42.2018956920184 91.0219753685889 62.2012861603359 95.005263012109 16.2788205960997 72.1110255092798 122.024587686253 26.0192236625154 89.8109124772708 125.2557383915 6.32455532033676 93.2630687893123 105.118980208143 37.2021504754766 50.0899191454728 40.3608721412211 34.4818792991333 51.1566222497147 106.962610289764 103.247275993122 118.004237212059 44.2831796509691 68.6221538571911 122.429571591181 57.6888204074238 109.98636279103 84.5931439302264 73.0273921210391 83.6301381082203 22.4722050542442 68.0073525436772 105.118980208143 90.0777441991084 83.0060238777885 87.1435597161374 94.175368329516 128.144449743249 83.6480723029527 48.0104155366312 56 59.2114853723498 57.2450871254468 68.4470598345904 65.0691939399898 63.0713881248859 91.0219753685889 74.9666592559653 133.689939786059 75.1664818918645 19.9248588451713 95.7548954362125 65.00769185258 31.5753068076939 94.1912947145329 89.3588272080604 126.81088281374 94.578010129205 76.0591874792257 41.3037528561268 34.828149534536 46.9574275274956 50.0099990001999 32.7566787083184 46.8187996428785 44.7772263544762 48.0520551069359 6.40312423743285 47.8016736108685 22.3606797749979 36.2353418639869 51.6139516022558 56.0802995712398 9.48683298050514 53.1507290636732 36.4005494464026 43.9317652729776 33.6154726279432 31.1448230047949 57.4282160614449 19.4164878389476 53.2634959423431 26.6270539113887 29.0688837074973 52.0384473250308 49.4974746830583 26.1725046566048 40.1621712560464 9.89949493661167 25.1793566240283 62.2012861603359 74.9666592559653 58.8982172905089 51.478150704935 57.8013840664737 60.1082357085949 52.1727898429823 52.3927475897189 63.7808748764079 56.2227711874824 52.4309069156733 43.0464865000618 25 48.7647413609464 93.3488082409197 105.118980208143 99.2975326984513 27.0185121722126 54.0092584655631 27.1661554144122 103.768974168583 65.299310869258 11.4017542509914 77.4661216274573 24.6981780704569 87.3670418407308 93.1450481775601 51.0392006206994 112.044633963434 78.7908624143688 47.0425339453563 62.6498204307083 67.6830850360709 92.1357693840997 40.4969134626332 11.4017542509914 57.7754273026172 86.3712915267567 103.464969917359 94.9368210969801 81.9878039710785 86.6833317310773 68.7677249878168 78.2623792124926 95.005263012109 133.689939786059 58.8982172905089 93.5574689696125 116.661904664719 80.0249960949702 99.724620831568 108.406641862941 86.0523096726636 89.0505474435727 8.24621125123532 60.5309838016862 68.9492567037528 105.190303735658 54.1202365109392 42.2965719651132 84.5990543682375 75.1065909225016 98.2344135219425 68.0073525436772 31 48.8773976393997 85.375640553966 60.8111831820431 79.1012010022604 10.295630140987 99.7647232241938 51.4198405287298 56.4358042380899 81.3941029804985 94.8683298050514 31.04834939252 26.0768096208106 12 58.2151183113115 83.4326075344646 77.8267306264371 58.0086200490927 19.6468827043885 88.4081444212014 31.8904374382039 12.0415945787923 48.8262224629348 28.4253408071038 16.2788205960997 75.1664818918645 51.478150704935 93.5574689696125 56.0089278597618 109.859000541603 10.770329614269 73.7360156233031 112.614386292338 14.3178210632764 90.448880590088 94.3663075467086 27.6586333718787 34 25.298221281347 14.560219778561 47.4341649025257 90.4433524367601 91.98369420718 99.3579387869938 25.0199920063936 51.4003891035856 105.603030259553 43.9658958739612 93.7443331620637 65.1229606206597 69.1230786351418 65.8559033041078 6 59.0084739677277 92.7200086281273 70.2637886823647 63.1585306985525 68.0073525436772 76.4852927038918 110.34491379307 70.8801805866774 34.2052627529741 37.4833296279826 54.817880294663 37.7359245282264 48.6621002423858 48.0104155366312 43.4165866921848 72.1110255092798 19.9248588451713 57.8013840664737 116.661904664719 56.0089278597618 89.2748564826626 46.2709412050371 28.1780056072107 88.9550448260243 70.0285656000464 110.208892563168 84.0119039184329 56.3560112144215 22.0227155455452 66.7083203206317 87.5556965593901 44.7213595499958 60.8769250208977 26.0192236625154 86.6833317310773 95.5196314900764 61.2209114600559 71.175838597097 51.0783711564885 60.0166643524946 111.39569111954 24.1660919471891 64.8151216923952 83.2946576918352 31.04834939252 33 92.9569792968769 91.2195154558497 117.1537451386 66.2419806467168 83.4865258589672 34.2052627529741 58.2408791142441 104.694794521982 36.6742416417845 79.2590688817374 97.9081201943945 61.0327780786685 81.5414005275848 122.024587686253 95.7548954362125 60.1082357085949 80.0249960949702 109.859000541603 89.2748564826626 107.912001186152 64.2806347199528 6.08276253029822 116.180893437777 72 20.8806130178211 84.9588135510378 94.5568612000208 47.8016736108685 33.2415402771893 78.873316146844 79.227520471109 98.7623410010111 75.2396172239067 21.3775583264319 48.3838816136118 90.8019823572151 57.4282160614449 83.2165848854662 21.0237960416286 95.6713123146118 54.0370243444252 47.2969343615419 78.2368199762746 96.1041102138717 38.4707681233427 32.310988842807 22.3606797749979 62.2012861603359 90.1387818865997 77.4919350642375 53.0377224247045 9.05538513813742 83.4505841801003 28.6530975637888 13.1529464379659 47.5394572960189 27.2029410174709 26.0192236625154 65.00769185258 52.1727898429823 99.724620831568 10.770329614269 46.2709412050371 107.912001186152 66.1891229734916 110.136279218067 25 95.9009906101079 93.9840411984928 31.2569992161756 24.3310501211929 21.0237960416286 34.2052627529741 20.0997512422418 81.4002456998749 72.4499827467198 97.1699542039616 46.0434577328854 46.8187996428785 97.0051545022222 31.0644491340181 83.868945385047 80.7774721070176 42.190046219458 61.8465843842649 23.0217288664427 36.7695526217005 74.9466476902069 77.1038261048049 71 85.0705589496155 71.5541752799933 104.623133197205 54.2033209314706 23.4093998214393 58.8302643203309 28.0178514522438 45.2769256906871 63.3245607959503 43.3243580448689 51.1566222497147 89.8109124772708 31.5753068076939 52.3927475897189 108.406641862941 73.7360156233031 28.1780056072107 64.2806347199528 66.1891229734916 63 86.1278120005379 100.895986045036 63.5609943282828 63.0079360080935 43.6004587131833 67.3572564761956 88.2326470191165 43.0464865000618 66.4906008395172 32.0624390837628 92.1791733527699 96.7729300992793 64.3816744112795 77.1038261048049 52.8393792544916 65.7647321898295 114.629839047257 21.3775583264319 69.065186599328 83.0240928887513 32.2024843762092 39.0128184062623 97.0051545022222 94.9210198006743 120.341181646185 71.1125867902441 89.3588272080604 38.5875627631495 59.2368128784795 106.470653233649 35.0142828000232 81.5414005275848 100.603180864225 63.8905313798532 84.2021377400835 125.2557383915 94.1912947145329 63.7808748764079 86.0523096726636 112.614386292338 88.9550448260243 6.08276253029822 110.136279218067 63 119.519872824564 78.0064099930256 26.4764045897475 88.3911760301898 95.6347217280419 65.7875368135941 56.0357029044876 95.2575456328789 74.2159012611179 101.71037311897 62.2896460095897 45.0998891351187 55.1543289325507 82.2192191643779 69.6347614342147 78.1024967590665 5.3851648071345 108.600184161906 53.7121960079831 70.1141925718324 89.4986033410578 97.4935895328508 27.6586333718787 25.9422435421457 3.60555127546399 58.1893461039046 78.2304288624318 82.8009661779378 68.425141578224 33.9558536926993 98.2700361249552 42.0475920832573 22.8035085019828 55.9732078766261 37.2155881318568 6.32455532033676 89.3588272080604 56.2227711874824 89.0505474435727 14.3178210632764 70.0285656000464 116.180893437777 25 86.1278120005379 119.519872824564 87.1435597161374 99.0454441153151 31.2409987036266 48.0936586256442 86.4522989862039 99.1261822123701 91.3016976841066 19.8494332412792 46.0108682813094 27.3130005674953 98.488578017961 58.821764679411 5.09901951359278 70.0927956355002 17.0293863659264 85 84.8999411071645 45.1774279923061 105.422957651548 70.6823881882892 39 60.00833275471 64.3816744112795 90.0499861188218 34.928498393146 14.2126704035519 49.6588360717405 79.1959594928933 99.040395798886 86.8158971617526 76.4852927038918 82.7647267862342 62.2012861603359 73.1641988953614 93.2630687893123 126.81088281374 52.4309069156733 8.24621125123532 90.448880590088 110.208892563168 72 95.9009906101079 100.895986045036 78.0064099930256 87.1435597161374 52.3450093132096 64.7610994347687 99.7446740432791 59.2114853723498 79.0063288604147 47.2016948848238 40.024992192379 9.21954445729289 65.8027355054484 84.8528137423857 45.6946386351835 51.0098029794274 41 39.319206502675 94.578010129205 34 46.0108682813094 78.0896920214186 26.8328157299975 14.3178210632764 74.2765104188397 73.4098086089318 100.404183179786 46.0434577328854 63.0713881248859 16.5529453572468 50.1597448159378 92.1791733527699 40.3608721412211 65.8027355054484 82.7647267862342 46.4865571966778 66.8505796534331 105.118980208143 94.578010129205 43.0464865000618 60.5309838016862 94.3663075467086 84.0119039184329 20.8806130178211 93.9840411984928 63.5609943282828 26.4764045897475 99.0454441153151 52.3450093132096 67.955868032128 84.4807670419723 42.0475920832573 42.190046219458 67.7200118133481 48.0416485978573 71.1125867902441 46.0434577328854 36.7967389859482 24.2074368738204 59.6657355607052 40.3112887414927 52.0384473250308 26.6270539113887 78.5493475466219 23.7697286480094 53.851648071345 59.0762219509677 67.4166151627327 14.3178210632764 8.06225774829855 32.4499614791759 31.0161248385416 59.9332962550868 51.6139516022558 41.5932686861708 34.5398320783411 69.462219947249 18.9736659610103 18.1107702762748 25.5538646783613 13 37.2021504754766 76.0591874792257 25 68.9492567037528 27.6586333718787 56.3560112144215 84.9588135510378 31.2569992161756 63.0079360080935 88.3911760301898 31.2409987036266 64.7610994347687 67.955868032128 38.8973006775534 28.6530975637888 9.4339811320566 59.0338885725818 80.7774721070176 91.0494371207203 84.504437753292 3 42.9534631898291 94.8103369891701 43.9317652729776 84.504437753292 43.2897216438267 78.390050389064 54.6260011349907 23.0867927612304 63.5688603012513 90.0888450364417 51.6139516022558 44.407206622349 46 64.8459713474939 97.3498844375277 69.0289794216893 36.4005494464026 15.8113883008419 64.8999229583518 23.259406699226 27.5136329843952 40.4474968323134 27.2029410174709 50.0899191454728 41.3037528561268 48.7647413609464 105.190303735658 34 22.0227155455452 94.5568612000208 24.3310501211929 43.6004587131833 95.6347217280419 48.0936586256442 99.7446740432791 84.4807670419723 38.8973006775534
Deviation Vector:
1.71845741320426 49.366261321245 3.64079167843314 47.3479020980358 20.571198426759 3.90572124107678 40.025878631569 133.367744736426 4.69277012650786 10.552450347282 68.1143756814971 59.3112691398532 45.4178107696789 12.5837726968431 10.2733587755522 81.6809709094143 41.4322207942173 19.0203730882253 80.8663171875668 62.0244793336431 79.9268705555361 17.3529854769589 0.314736565501592 11.3030602482433 19.1768585505932 23.7119576838876 23.2426905536696 7.39331163943924 11.7472936254019 53.8581348744201 49.1393643157974 16.4365293936239 68.1153638091679 68.8498107182766 29.840868029687 66.0703737259861 66.987050660928 20.0291667541191 66.6215615798359 1.72404769063036 95.4591963728711 29.0327984690045 51.2412386085329 14.7300701859842 23.5777207299848 75.6543518139851 7.86852873603597 20.653487994559 22.4720322583538 16.2261647726423 56.3562980776826 110.168327796451 3.68844427063847 118.025207958218 73.3723860779811 43.8036488799848 41.4824973882915 4.97571313147234 51.9711885473287 99.2897190394941 62.7671552758633 24.9011827164533 0.12101674826837 14.6180112199727 15.3561236090886 75.9665574348334 35.8016818148411 39.0723958235819 28.6772950114167 13.951940428774 54.2316955766555 60.7783955394982 31.4592491037512 68.87881383604 17.2430405575655 26.8816713780617 111.064005885929 25.329331386802 11.826115820774 115.312085689936 10.4841174238079 19.4942743098465 75.743353573118 23.1104002331415 35.9210000531864 52.9957916250207 43.7207994065979 10.65462658261 31.8491668356998 16.5487750766448 48.1616943804831 29.2764386702971 78.1139670232735 40.349912942038 34.4102377559729 87.8238112541176 6.12115641489783 25.0557743920178 83.4591005779499 16.0270117976249 54.0973523808022 37.029678920063 15.1264140490607 21.5369871655079 35.1654273943929 91.702228811625 88.306544364921 100.142036662618 17.9449014114612 4.87700144831475 31.7565792417514 36.3772727051768 5.53369140179927 22.1247434649507 66.6225159151116 45.5329913930663 63.2065069145918 32.132117980531 28.2276622919148 24.1373885681239 64.6757598314109 102.489754659524 47.5164052669948 66.7067481225282 19.485622433962 2.42452456594892 37.1104899181851 44.23934302819 41.6432617471993 7.74909785780767 80.581869753324 80.930171744429 69.9575727852329 21.9089594153268 7.49561736689988 54.5212495990994 38.6520070599224 82.3619513083017 52.9275707943646 0.692343483285877 57.9997515214016 3.64108810375121 38.7145648921825 14.5448358921109 34.8026321254115 124.607797746261 66.9001557762719 23.5904195200549 7.03681284322164 9.07880631638143 97.2830800705678 13.6648335293732 34.5199065147953 20.9655013094934 39.6699600496826 1.30951195456553 52.954744041024 88.0926406331574 31.7716380043771 51.8034911705581 3.70657933131503 3.55012536627259 103.245206830115 36.6212512907936 8.6231267846437 80.2075169672078 88.4778922998709 10.9229213967409 37.6183783981448 57.3906571996539 14.8772087366816 120.564360175408 32.0630838134705 30.7198433993198 9.98695326137329 106.209767908747 39.932517108754 126.31869818836 26.7568438760457 27.4286505470308 1.49785980696908 10.635974966764 78.2108479209725 64.4333994904401 36.7917523006873 20.7759574451217 139.992015051791 65.1544678366078 23.7758943478416 24.9359975096793 40.1301025433137 3.97911989082541 25.2900123909156 34.746767757074 5.61883665266039 30.0069131760464 88.3279343169801 22.7413981875785 48.1606439873814 36.6049825592428 5.51958800946513 75.1812645880469 32.4366755000084 5.19434608810474 14.1084728872787 62.6769153302273 146.109768161438 37.1712872101353 22.7279249465852 25.8560436148331 141.82404200734 11.5713678709797 37.5132171285396 106.198604641497 7.62031708932187 115.99143335575 19.8373073422033 0.430617824923793 73.9012112552922 84.3354726914873 26.5275270220152 45.9308298030186 138.420278248319 17.4168962568325 62.0697451400363 127.511624394887 66.8438117641775 20.7744568213676 63.3706366013396 14.6853012467026 77.1935798394228 98.7221717657159 55.9980521188545 1.15267335458726 87.2891055235108 8.68074167537256 21.9362599103451 40.8090303087552 62.1651908423944 26.3168513673033 19.4125284926092 48.5476113248969 107.66590428758 127.658224622563 63.8489462596527 4.33938734919736 69.320415809405 61.4446783146463 6.68208051100167 35.4244170363871 51.3614745913176 20.2703553039999 28.5897453566323 20.259272672041 111.536642313348 36.1294794180817 16.1697858125229 79.5721041666474 120.523895908441 72.5398109945224 36.8024037600462 62.2901114750911 27.5886753775369 110.327655348838 28.9830989866308 1.62056759233679 89.0531773889617 123.676933323498 98.8759289285091 64.7530836434232 39.8336968057946 62.7642989447825 0.987614984599632 64.3643273597996 25.7146776306037 58.0507020530835 44.9671607299409 3.08258594016986 15.2059318889408 86.1474607683968 31.4305650024967 28.1713754398177 60.6226185468475 4.12145986654036 92.6989271427221 62.6818434336906 18.0984278451017 15.3837552879311 6.56831599696556 3.60354153476749 17.8216292405201 58.0040150258084 28.3497203734644 62.2022551845567 49.8308725979788 21.2265339055544 150.971772933989 29.7538634257686 9.1808958254741 87.1838732016177 2.50557841631422 60.1250036524714 153.275209566352 6.28370014892623 44.3632651116956 50.523194394318 31.8528586940388 3.87339594635252 20.4254276643895 44.8290593674651 28.7163369150841 52.9206733213629 7.32307137484788 20.4879513364907 60.1515678121483 60.361689290259 23.6426963656531 11.6180056907983 33.6990552834364 76.9747429462621 6.65331142734775 65.0924690708413 43.0240873969015 74.5749259683338 38.1560960104252 22.8698415955513 20.1883053612928 23.4397813389107 3.70093831817379 21.2135980062444 4.71831955026709 8.49815377265192 18.9599747711642 3.34437160371759 11.8300298728363 3.0919302464644 15.9875067270405 72.0982611510849 35.8436526732855 9.40398312792889 43.0278086248387 55.9281995580347 61.4364835903379 49.2272974589402 74.9785132115211 46.1958160978779 18.7584589759493 68.1031392512858 74.1022028836515 43.9582238391828 24.6551954252519 2.97678535775151 59.7383238047854 58.6711384475965 142.24858106054 2.93904540639274 61.3151582253639 8.13810090124086 103.182805754201 76.5761081216626 71.1249105042004 17.506794664433 127.378987884285 122.793477419783 59.0139113507274 28.700073699572 48.4516263350521 22.6939815351372 80.7829176449523 73.3701030732115 36.9662478518426 15.0242816331861 9.5512095230581 0.15562409664442 97.9181746591574 63.7445914151557 83.0966387330714 114.25934963557 22.2770234735447 35.9280971360927 63.5522550638339 115.342552524296 84.8130749813556 1.62517534165184 3.43073348643354 58.13996578713 23.4598605589323 1.79051379633104 93.5177148414687 128.577830041035 110.868591146437 39.4735543317507 5.11945658131666 71.6014574013549 20.1312645096982 79.7940300249034 1.15427314401301 39.9992431290467 40.3740307037562 77.2140406838904 32.0756245738091 16.1351447376065 18.1066909556467 25.5664474809908 16.1945264326458 4.49561261626087 30.2850499417025 48.2336112836522 1.75363853680107 28.9767026588412 4.83255900304309 48.1628216067703 22.949242553367 44.4956667206855 71.3258585234876 30.1063949954155 118.156766794939 33.4905109352596 7.50575133963795 54.1776377042837 27.4910419074589 16.6756834616948 72.6878125694602 4.90419719966132 11.459888320091 15.0147752435522 67.0468013215565 9.23009761878414 97.0607519637834 58.9621023085723 13.9373676344978 14.7964257415695 69.5678307906779 22.4469343311605 4.30675769615433 101.423458743393 56.5855447237674 22.6211375343313 42.9434860318919 37.8900246972009 91.1658022240964 107.937422481082 16.7136462645543 0.473965422225528 20.9342194970361 34.6044236229557 71.4167733843388 24.4972897898111 11.5770346040645 85.8506733775533 119.112448115274 12.5412415367825 16.9921348616801 128.660684906422 27.2169175419494 25.8550642791906 1.16020282449779 1.91790373846247 107.091714658518 26.8251550848102 24.2168571931912 0.646193802682967 97.4466916996046 50.3945180085859 52.3581345603323 1.27514988436377 29.5007469752037 70.9407702946096 33.603524404356 125.428223643369 86.3712244326819 9.23887501176484 28.5816895754625 79.8191084405972 35.0097561163622 7.62633024904303 52.2742179299661 103.065600101993 46.2246895927077 116.45643691565 20.7769656727028 26.0247573059114 2.30097668061888 13.3988133865727 29.2481376283208 27.7595464512511 96.5817043532744 36.1098586915585 56.5926542832804 47.3763306528711 6.31999822542723 79.6860808260703 63.6798146785727 6.18658789724419 41.3276997964863 159.019458587701 5.80223613735445 63.1326337483811 123.255744731287 64.4691116135448 20.7795007263718 13.71460732071 5.50634278537428 19.8116790901909 0.176085199051575 103.099696696064 30.8051936429939 18.7450330464077 85.5563335254907 43.6921840035858 8.64812109223462 26.1813970068543 7.23941359789888 5.73397327755451 56.8982310602546 36.7017695142946 94.6806823332494 1.24222657735795 79.3370423858779 4.19160641652464 18.8650068488076 111.072671141096 186.094707539312 0.360304016592619 125.043735244967 51.7487127278644 42.7286732887751 68.7416855912462 75.5025769353971 101.036588230839 14.3801878555077 50.0831295367622 18.4635372317056 148.439189288506 86.6022915531714 23.7186326848376 106.496261449649 61.3895084822817 74.4098306181571 60.0507370855159 72.3159440704231 98.7955218840063 21.564572396297 65.8796094513744 42.3381120642375 12.1237097528589 48.8393061362225 107.009113505979 24.5743402496658 1.50242831962162 68.2495653855956 105.240651644924 20.2688300543531 108.067628174986 107.61590211847 66.8008643551328 36.7430075675112 137.108546656561 89.238947756079 22.6603267165551 94.7209513916476 24.6027514895502 77.8467680046186 35.0195073291554 20.6222042993417 24.6138632160731 5.49966888508281 163.148702608325 44.9191272573667 44.9554487438686 35.8706834859384 3.11796929446188 55.0503201811085 83.9069256230921 83.0090040516469 2.70047514081746 3.17581599352394 7.98838349938756 1.78932358565379 5.00410740186161 10.7480935658377 0.0525454593650107 44.7290125216467 2.77683700016406 101.33403325239 66.8389047722792 58.111855801587 21.0280480009667 18.7907652150797 25.33868314687 48.9986090895643 0.583882943166296 51.6180231054963 11.7338166903502 57.8812960654912 76.1862231271965 56.2036164890169 4.23576432894769 51.4958568787043 28.2229758930017 41.727335233208 4.81811954172947 128.421586633383 10.3108121877566 0.279397969743386 67.511894329425 78.3510694277511 4.64130192715721 83.1624516490782 75.649972084154 27.5872803891056 9.62909295699675 55.3351632716072 11.9598526936372 5.59040936622244 65.10271490513 26.5200579886282 21.9415551488947 1.87375142928926 32.9026731617273 72.0940930134608 88.7495453395799 11.4045622543457 17.2682374348925 132.338919048304 12.1327530205631 10.4011476274994 42.4015590207064 28.6194726689539 84.1116700056126 27.644007675153 24.5958080056644 98.4442252225903 26.2890410037062 93.6277066947089 104.799404943082 12.4474240397279 60.7831336763116 43.3918779276657 1.16651550595803 25.9853221021897 10.3991876977166 10.0532736469698 5.55548211301578 22.7824382865854 32.3077110377044 29.6668324517968 14.7583429225232 41.4126563501718 77.034828841691 3.97217916556571 100.513693595868 31.5453358047015 25.3542256379709 130.851073999734 24.6980856992297 149.521752281738 5.21849259212476 54.0820391126527 5.63102893892823 51.1839366820751 86.229658507704 11.1976277920198 66.7269467785304 11.8352587627778 20.2939514186537 69.9137259656859 15.6563273085069 81.5393029006678 20.3961690335562 25.9873637487786 8.99066950655599 25.1718133775156 30.3186168798577 12.4523937175876 8.17041437491076 78.9337858150305 103.209983258864 43.7905600136124 75.1009122545959 100.760723940488 24.1547093052653 29.4117340367719 24.8424166689226 10.0793151495125 51.3597364947604 47.6180526618762 13.9728704191226 58.2216096438225 6.12479933802726 44.8684499921722 32.9568185328502 125.300770016988 96.5701081290348 31.5255323709333 9.13167437106264 113.947048720775 59.4248209931072 23.8819342694796 92.4617497152314 68.5600651460247 32.7122536785925 67.3262439940489 39.5101710498922 18.8529674888875 117.99614443828 49.9629293858548 42.3455620001605 9.21557855895515 73.6588065296309 115.675831217449 46.8434544411347 32.2037747960969 36.0887823586672 36.8414406960274 136.924530215912 6.98560311175836 16.0205782290371 22.0596105805439 48.5159308101728 30.5222484260232 65.3564802095791 51.7855771091265 15.9878534261084 24.0549645119555 23.0561337503638 40.2538965870178 29.0329735746773 56.2611357155814 99.0037113114233 112.194423797857 19.4701839955786 70.584347930658 88.1908319327872 106.235969183637 57.1875637814808 28.1412665639944 20.4001672713769 100.705583221916 9.07971927408577 147.297369720551 55.8343362374005 48.6020281732048 72.7853390809036 57.9168214953517 13.2359890162752 39.3941764244024 0.299740171363883 72.5093451816877 46.8436703103411 100.407788802415 4.33574749189055 9.47560235432007 5.20814839901744 23.9528206846832 21.01557551825 65.8035736792392 61.8219277872504 45.5079167432107 15.4009894219895 87.478234836743 17.3218673566924 68.3228976065727 26.0688416136808 103.862398739275 2.80454358261707 1.4825902253189 13.4064953987128 31.6429594775329 66.740329541139 39.1212621434944 22.5571920837232 20.7085673348149 10.9322378114397 33.182111130184 4.20167052622349 34.093836443261 7.29561094905773 10.4294079773143 30.8135582405197 65.9590349961527 42.2715558210287 70.9484921982214 109.487039769247 57.792169247081 115.390078550817 14.5481712150207 29.6588759401663 62.6992959162705 78.1425313977437 0.880841816227901 20.4509168575943 1.90657794790508 51.9801095689558 58.2681111658688 74.0756046971188 110.298575890699 35.1707383417656 12.9595342914097 13.5799131754052 19.4266984207653 48.9648715671552 50.2976424122852 12.8683010105532 115.767198123397 15.934777623617 42.3436696631535 64.6270574518548 56.4105184390448 5.83787795419463 7.35527331919366 7.0373196933151 31.5219444382474 73.0956522887728 69.1439018461159 15.7481935548148 88.3766671044706 40.8434072750915 29.4447243514223 18.6217375125166 19.750290164609 50.0564256245615 79.5794205129161 31.3460677523481 67.2933914795463 2.66497606480647 55.6209081685964 75.0716114270876 29.7586621833919 84.4281184373271 119.189433394185 32.3910710112489 37.3850052796983 42.013362454284 1.64122587952282 13.3710025720043 74.4781602968494 48.6644332525193 120.97517912501 23.60701455261 8.32795122327292 100.781641065399 22.4747839765329 34.9986308434867 100.948220961636 20.1751975869286 84.3006750446884 4.10475855999611 22.3446513924618 50.6045712266547 86.5737219483528 105.553251428876 83.477060261631 18.1236865550412 15.4250508111198 12.5958514072329 57.0589450330991 120.564952938933 70.2323529950613 50.9327154634625 97.9051904679647 27.5363741701907 27.2888955057646 89.2562866477558 45.8708660082981 7.23917774788352 22.0122345182352 43.2140876871847 66.2313081069936 18.329203902851 72.1096911157878 93.6552615433286 32.1985575255195 134.665961582438 171.449664390475 3.60530235491473 22.1190326552007 84.7625671747984 2.51635334777749 20.7415855342894 7.06224070310828 86.8724805058168 108.975786175189 16.532081760215 14.5474782031318 14.3280680877781 74.951102693476 26.0605767275757 10.7860014550586 23.8679422695176 21.3008282521885 74.3932865770956 85.5662721370777 6.70866391318954 94.3823785957798 42.6144886416381 18.3786382814376 48.1951438406312 52.5449073816508 70.8014514575761 49.6745579294589 34.1461630412211 16.6651165885223 82.3424901534927 64.7790919282621 5.94200696174743 31.8843529440537 36.2258741559069 37.7805458082059 46.9033349508222 6.11280477821772 21.6953036683603 18.0082113197593 3.67210787482667 35.3221821747652 50.4204168887123 38.2522243333328 1.04975099106777 10.8307321646808 56.7292790221577 20.91884160903 53.6627792589786 21.8868905729857 14.1037999547373 14.9960162899063 38.0470826281433 104.236434405146 15.407752289923 18.6783431208303 16.7497219950042 16.071924812749 9.45014269531061 5.80070435656927 37.7001338553545 34.549663241041 111.602140594265 61.5332886971175 20.3936682832697 113.215420784396 1.2465389423497 60.1903420592725 59.320069459052 65.5887368054301 0.252492929695879 40.6049388869172 91.3583855014288 62.547805088386 17.3681614449426 151.26663482673 68.1960913894552 89.5232782476183 36.7661175154381 31.9800355874984 20.0273511512978 102.504456193799 33.3392277133202 7.13822255045391 20.2468784096558 137.793389559198 79.2140467351625 116.236759949671 148.215422833377 98.9668161785715 9.52623029772016 4.30262953136171 57.7590437624698 94.3995603458781 93.2620841431232 62.6416274370998 65.3118132884651 40.7924756060547 30.3414283301061 11.4939927440039 27.0067886344547 64.6863530526648 2.64920780140278 21.0628187660296 1.96405592590764 9.21276174578758 33.9071521436052 36.6250302798691 43.8840234364159 66.1757951193602 30.3836108795574 0.99229235117381 11.1345653427513 25.5238700198142 56.4417498347622 14.2117149373879 3.84814686769183 59.446160110536 7.23091363770118 55.1426125669971 54.4990934086264 14.3683370689273 4.82047655312147 19.6748100931822 14.7198534098855 93.5392272098871 3.67686338813118 68.2777888844866 36.2607043404907 75.8430029293154 2.64573484431727 73.3813223844984 20.5269676533628 6.49103941277077 115.659190623566 22.4282316854895 7.33311186001312 10.5230249861851 99.4811616660321 2.26649450408019 35.892803723942 33.8095112182066 17.5702296631284 81.5432166827927 5.79120884336503 36.3449733597492 5.02753810807184 10.9237901206772 9.46672291420194 19.2948612217249 0.19825224096484 18.6766865144167 20.2811684742352 4.64992631780465 22.5043588045411 40.5417489162231 70.6757685434792 47.9291409375429 16.8997089996016 5.86283636019093 33.4760138566611 11.9428299662438 51.2824953878789 24.0098855569795 13.0444872170687 38.8500292180311 24.694573870301 29.3996459565305 76.1682884785424 50.6121111172751 34.5060166187449 54.9202882006981 39.9012713291096 50.7185186708435 24.3784494468007 40.642634618403 19.281098902194 37.5173676643084 62.3992367045063 12.5527345089953 47.3179741610211 38.0610868125151 21.6530245666555 61.3508437590995 27.0476341177105 103.581525389111 43.6881974335089 71.6668446943112 60.9917874576122 10.2040307212248 40.5083960814943 109.95383514663 59.5930390627582 25.3213468840525 9.85853623637255 145.663799342561 62.9503024237846 61.1062431437852 67.9576852553589 52.7490330202077 44.151390970958 17.7965831575826 37.2860760263479 3.89243151305623 31.3241030869745 121.940499907265 39.685894864936 90.1037262185463 16.2303045478686 1.99764387337808 60.2949519023397 42.0504163505106 36.0133451475651 15.8131030167238 72.8726427498778 49.6001856752121 1.5356447283262 11.6485038495486 127.008847482194 7.60029217530337 64.4597533663313 47.031404273637 13.0102372105702 57.423173801259 68.0726173483968 24.686653603182 8.81708983712658 9.01015857964223 37.2108333719465 11.8695669022356 55.3456837830461 1.57711327346432 29.1219658608993 23.9919387239733 4.29044534396137 54.8012930510115 9.90811443840229 64.840759421415 16.9122484148136 13.6428168952184 59.9361388264303 73.3549271530198 14.2631335181148 23.2405559481916 12.3902689678093 50.7459784644536 89.4702391323028 14.9774586980867 90.9227541376241 18.5082172879355 32.5917075083059 34.0797317792354 53.2032294732741 111.271380041683 45.0150772103792 3.16955618089672 55.8004554459474 93.2242604824783 14.8214854632139 113.941570987779 125.568002292266 60.2193665627434 45.1824359467655 9.61044978255988 40.8700875508264 46.3630314393606 75.4781518148732 14.9510779423366 24.8827266344452 65.9887338509014 73.0170578799614 0.51322699358257 19.7347977781775 20.3141624061714 26.0834441019343 69.1512797803302 64.6194293008276 30.1981433662009 25.2549477855602 27.1744634588488 6.85768410504872 39.5231543646418 29.9542788787262 79.8255773339975 14.7606737716621 7.23744669502001 61.1585249034145 70.0325847337983 5.16209787072718 40.4304509967032 24.3806913997913 65.5348629241584 74.3467551462247 9.43209858754773 1.7022205024475 22.0176975413422 85.7542689733739 16.6499765686392 19.490520186322 3.07126745827675 7.28392392381161 28.7678789478683 13.7669143594169 79.986539605042 28.1953114353579 36.9421300892767 25.403569870514 8.48872536979097 32.4559469860081 124.08713190674 28.4255695333184 72.8708621196548 35.5092534149436 28.3238766622665 11.678188984261 43.5098072446377 2.52175576008461 7.54995354356068 26.1012896546996 19.9135466699997 0.252208851255519 24.1977097420067 6.61572354268067 77.9187414227945 57.1088587196027 17.0131021192655 3.64140422172318 92.9436458516387 44.290327578295 58.2418062241423 108.448549007457 103.348139645814 2.33679147799656 9.13875235630385 12.7322416226495 47.7487421522272 111.423120849165 59.6603473334848 58.781782305618 9.48630517990094 61.0175641018275 6.37178152955973 54.8044201612749 21.9138019908931 4.96522078716032 24.7289918714982 28.9050575294904 22.4253355445151 5.59480417163389 54.2318820388978 47.7454795880922 6.16414748877889 29.6263541674261 66.9890881856854 33.5646276824858 0.982861679665653 75.1936522994537 0.979193122227305 29.4575835467352 8.93311606068135 47.7378795484133 43.7639394964431 67.4181486393527 70.1675102376224 79.630004868472 21.7735582031592 2.5281964424095 74.1861535541982 22.0869299305317 15.7414111522054 9.86967687422775 32.541915042655 12.4970146925915 2.29313082761128 10.8785585513365 42.4030471558757 15.4784888139207 34.544984784385 62.5697540038124 25.6691644838998 33.5571093876276 47.9449301959099 26.8496819348452 45.865085721697 28.0361582481238 23.1659592933019 37.3088628763016 31.7475061875386 76.7291106601429 29.6465229112296 2.70032721953482 61.0117473356515 71.4628308005356 11.2847725221062 37.5820014770392 62.2112655974308 33.7004088576882 84.1414681961879 54.271837342445 37.033715016853 1.59768794719053 29.7290558230638 48.9165325876601 21.0055245570684 35.7746240881219 89.1994908588778 84.6438821351566 0.307769410820042 54.530821334214 26.1629260914369 18.7145839316987 100.99437564724 32.3633905673814 35.4745592387815 27.2776896121195 116.478217883694 4.90125185980131 9.80062487779456 81.6756574169139 97.9369391400819 18.9199928999977 3.80147672496111 25.267808493778 20.3924381242018 29.5753407272984 65.1744594954499 6.74963292773199 32.4031398411223 60.1773820273208 7.20603604554682 2.76087385774019 21.0021930825199 30.4574156123111 86.894516323513 2.27420791603723 24.3971540470274 36.512793949975 0.350255311420019 25.7699991937833 16.5513074324279 52.7886070698897 100.977863536717 17.2659061956633 29.0307023303553 11.8514796665655 17.1454274081805 10.7437267095397 24.3411301351335 91.264997472227 30.8092556963084 11.3079100512232 67.7626545065461 33.7139936636104 38.6011564373568 70.6614671041198 80.9730666521634 36.5280958270783 116.121706662358 5.20152209917708 167.798499878664 55.9919178947776 47.8054281889318 82.3398956508 3.05753387568928 13.8887175395628 30.8428071361912 1.70602161111055 4.33484621231361 81.2228771697209 58.3723930330606 49.362690205723 13.0202303110353 23.7431687562205 53.1584002479164 20.6126756155045 25.0647734114745 35.1165028534377 105.870964850888 47.0149337536827 72.6351435901858 23.9574108778148 64.6317982675586 169.91701032403 8.85394951877042 8.04430848074556 116.094879209155 7.94778121071912 53.8899567976817 71.0924881479579 4.45038126978343 21.3046282717221 64.9976407979929 26.8020226964588 66.1344926772599 1.44779484708809 122.482373093468 73.6601617504182 15.7090083186679 86.0174610318303 194.670464545679 58.3799288205463 33.3016042802072 28.3485097269453 90.7077634480162 120.624197206623 24.793695976382 1.57570533093644 68.12917093108 57.6583772576557 64.6634444873398 123.103606102643 45.7166942038398 6.27360467833809 98.6034347567705 39.6435003628713 7.75749384168904 28.3804348798538 26.1058224869837 49.032330463671 75.1946900731193 36.3078660284843 103.918127379522 85.437838251948 180.874668103761 60.7435921831332 22.9776129291143 87.4143722525539 93.1129206167283 47.6140843510191 50.867594875342 124.749586715398 113.316622435004 79.7127115054746 7.97271580840213 21.0379816243682 22.9459203962478 56.7305600690729 26.6312034762014 42.8112574273976 10.3880438350982 58.7270644451591 52.533139271255 4.52905642566306 65.0339842961173 14.438252386555 55.5504771582145 77.370482315648 63.0905907697488 3.44122817731652 31.3074338488174 23.815792557515 41.2255827582632 3.50835518183753 5.21994566940551 38.1895471528165 17.7173121888675 70.3512611933334 42.0146523934519 20.8853935064472 62.5722402437878 24.3326319150313 12.7770496922055 18.8627741324954 13.2100682153413 14.9315724010054 60.8958766688305 27.5056726335397 10.2948435520877 77.810806225885 2.74598486342376 23.8430154478068 62.436419589941 59.7676575591953 70.413308364689 52.3363259291298 8.39495985296336 43.5066136189771 20.0887806764902 62.6685074723235 128.207715269466 146.386836929573 31.0844754732694 18.5206794677053 80.8491392821879 13.057307726843 140.137647298229 51.135369998023 1.99663225392297 100.862836688495 37.086078072971 120.351551873413 15.5806449670533 18.5482471146656 24.7460780716991 118.319555007306 44.9924336367121 75.1717812073302 16.3963045141168 104.224967555721 43.9414746701289 3.30375397637057 88.2738461032539 56.6108179059967 148.008753327221 95.4609611744645 130.058053829438 137.881554219859 26.8100887390601 59.7545311339082 118.700411074679 18.3081943192949 31.2014572027214 146.179108663893 95.9458176390116 32.0385016024352 41.5605469670341 59.2505201228234 101.838451820368 52.706290050893 1.83261781526275 64.0825800963118 23.6539571708071 40.9727259053324 76.9636203498955 23.8519833207526 22.4065853909871 56.4922106205353 13.5022249373521 34.4870287213902 7.9677933188549 59.7529317804395 68.0329236411366 9.6421431669696 19.9015769719326 6.18809152016459 116.134084325884 10.8784102218808 31.9048606810753 126.481883345216 92.5038269943232 5.84930189589101 1.68309272117931 18.0579372156081 7.24780028715825 74.0022158359765 21.7011029985917 31.3973646368768 28.164356026303 129.278070778449 36.1357813113414 0.354262912903145 43.680686503471 41.9610916088094 6.81969307705191 51.8915964547194 21.299745312122 63.9733465345097 80.7937759990619 60.5555841082764 12.8263207839633 5.39718283949774 16.5962829231246 5.17466295671098 20.9619564642118 37.6492375541751 26.6201822249171 47.4583692371644 15.4453135519698 22.2448832184253 62.7759324228696 143.407484021198 8.26313286698362 137.906485862254 36.6314720772173 11.0167941199128 68.4942174311121 5.12559541007185 70.8319361423992 29.6819547187991 109.136220970679 17.2781861863389 2.91121910871823 49.988307548626 10.4035528518645 63.5278522881491 97.1058183309953 35.769609427558 121.452543761133 149.369908387538 76.350617878162 39.4204920515702 53.4834545948231 67.1273082366071 57.1277656258414 1.57027222718694 77.9458888413531 36.9037462924416 102.981992401633 12.1084248568545 43.433759796751 131.266872127231 31.7550683839734 75.1036979622547 41.034063881001 11.4038329293961 93.9006441605583 107.52342387178 57.4505790327902 15.5285369804916 20.5620537450044 10.4345941763581 29.8320178985456 74.4278735425708 59.0746035771225 34.0548455072141 3.32658845220549 106.802186687103 103.674297289665 5.47472990358198 68.2871062809131 27.3884618039932 74.5343616710389 84.6527385733226 3.24817446134049 73.2042467425426 65.9857945803482 4.08550369996543 11.6515703084859 55.2122521450883 67.4376425812882 129.397368930348 6.14724492073367 109.0546118475 10.9260895803686 57.0540057704533 8.85878472923814 50.427953785311 70.4373792339503 59.3228614600739 95.2026566917435 102.21687762128 131.751643386091 36.455455635807 28.6881949643588 61.9646825132875 103.280774077626 54.0226074950007 41.0137908892874 25.6574361035053 4.22479857230644 155.62211644539 67.3453364460275 6.47510832727356 40.190943785119 101.153366325559 68.8120890090042 42.0592262865083 94.7542631760681 13.1727906813507 22.9988202832079 23.6471771365204 27.1660531422625 15.7571874003218 147.148753714506 91.3224362514306 108.621899335337 1.65699767413244 128.092376276092 30.6737885633977 32.3850966921203 99.5481535424213 18.7264970540261 5.31231410114145 0.864834576789738 15.0293277750291 56.7526789720533 87.1540295606176 98.9772531271285 68.5496984149678 12.3699672191499 28.8293205865486 28.8137319502781 8.87877358003078 31.1653099055553 40.2241736899455 3.08216877924384 30.4726594180911 58.3075528701483 131.617042672348 6.83937487231527 62.4868624486397 0.836411155183467 18.4964699827896 5.48262974863829 0.0487718441502206 23.33316208474 127.355132961265 2.52450954136507 38.4962076199782 6.23082713355618 26.1836136286666 24.687197486377 39.985964623472 65.4637738760379 121.948286622983 53.5650504607731 8.87824901416757 57.7705940313204 25.2949024721664 124.302216764202 27.0790519883905 48.9293785009869 53.2722488163769 23.2581828249741 6.94794223660042 53.4883466990107 87.0292684545184 46.6976792573656 17.4331300838466 58.8309534708632 135.249861386229 84.3068356377647 19.4283606006769 92.4919174968848 44.9731845004507 37.665390316427 11.9773150077451 57.7898450295392 46.6883737977381 13.0208299471362 0.123545108936817 2.71367546559673 148.865569181681 36.5095989211775 26.9203322218801 64.400763085659 2.12812951942626 72.134801124709 137.581453909479 85.4007816538461 63.6087842778562 19.2990126038708 16.560146288448 15.8806512156146 116.164090233093 24.4837650079893 63.1297094292105 26.2574873146203 113.056722254124 111.712606677164 0.952237211049312 68.8442325359273 57.2469468689543 55.5533720956909 96.1416496924311 22.7078974066385 3.47208945246628 85.3367862587449 24.7886070596197 37.5665416409075 113.771154655325 73.439048819053 122.112968976552 65.4026052368537 113.38072604035 13.2642539162351 17.488381449389 138.515912623952 52.1272026485481 21.7139014357256 52.4198677680108 55.1469460171095 48.2131266028775 112.839342805647 103.508216121091 16.7621351623385 126.466487307439 47.5257965216766 96.2277158412065 6.50727744020899 173.618951668164 69.0824737266102 40.1970693592916 80.6172806480483 8.33822834682565 103.862744036459 44.8866338655929 24.0258177107237 32.3071212332314 118.036303049396 98.568464835124 12.5140255598521 24.0729772111765 32.3144666628639 57.5116764429545 2.38007340328897 73.8304690186067 104.498734943161 7.16186684959781 100.199806349908 86.1684438205572 15.7501338220689 14.2705870973875 53.6706581262658 31.129988280654 32.6448184858518 2.93244048305369 56.3743120902765 4.22773717626842 22.2505869085653 28.2084262689881 0.139137803018639 134.165226692477 31.4757166113195 23.6601806509762 3.01448760126379 11.0628246120395 9.5306150243904 37.446628187828 49.1279351378479 99.710349296629 1.73023468461547 69.8075819898782 174.988574320885 20.9338403731268 35.5914324965712 183.477505188826 23.6386560576357 12.3671426181061 38.6982567099387 57.4194839036137 8.88555719158918 145.0549576496 123.564070573241 12.9673244343793 44.2853675481497 26.9136772453555 144.443055309609 17.9383157196325 5.30003225022592 7.6383754067222 12.2136952175135 88.6991532945299 125.163411045412 66.22046230371 47.9401846141021 108.009902266068 5.33145826968666 20.1218959766445 20.6546413322926 90.9966414872516 50.8217836192165 6.27717323268822 18.9205795054994 105.714826396161 126.674051120417 68.9536176279694 95.1191740107907 128.308091979866 57.1700958210889 62.627266575125 104.253107752674 129.587312238345 36.3332171994898 6.96684116337121 4.41689215010999 3.20990574523215 14.6799162527343 145.331242477909 33.7079532653445 96.9861158124995 141.556454172995 55.0302583876277 42.773632424163 146.854660141275 52.7420331737804 88.1098198695087 64.8580662472229 41.1234368202339 13.373347489007 4.50960426354485 34.9263451858081 58.4535427713824 26.0248208605991 32.4975127411196 38.8366298920449 15.4030621139861 53.9536926919815 27.8369472265707 6.77743473294316 23.6032739760307 20.9182003269374 89.4756771219249 20.2016995210029 52.9750704031343 19.4827141003917 20.4366284082706 9.21574989739333 31.4514258648895 19.6441385530384 35.9546748892043 16.0551572348461 17.4772487291594 14.6796844031964 60.4645193618352 6.00523967714896 114.110576549987 16.9324155960362 86.6313542586982 57.3390171390563 18.2767443896207 31.3151236488123 95.7916020470249 95.1362207687292 10.1555377915382 18.373851048814 44.9199529625667 37.1331448492035 12.3373192478012 61.5223411179132 26.7156098138342 69.4590009857905 62.3486706430619 15.0406395273093 59.8965456207084 7.32538893912313 15.363058959738 96.950472136558 30.4681159527142 65.6552100722926 5.63578148537259 1.59496944727602 35.7890478527757 22.7697723772676 19.8548533488021 52.8400365980795 6.87186804967326 12.4369362380095 38.1980000283085 8.83329133061939 31.3983465571878 71.9851995520918 6.57895592823203 53.2991344704489 87.8773356599463 10.2788496142049 1.8524517585992 12.6981191085343 14.1462520463677 9.23809584636613 25.3832232287181 2.37620797425531 87.8413984066014 0.143516203450378 17.2760999796401 80.5855504661563 6.38474102819241 59.3027568011663 83.7128884134502 29.9940735461901 37.3358614943947 78.7424436864489 38.1346108041225 13.0608771929688 14.920342914875 77.716990408114 100.132670932374 39.6210431777074 104.17263013038 2.3712035999369 30.9246213898158 12.3528436121558 24.5464571343636 74.2058809642784 2.03744316641846 15.4824052598222 77.5619803503949 3.44800843980952 44.1435212721141 79.4313858421128 20.5253913452227 45.6572872590123 44.9304488021709 2.93923704066893 100.59545554544 88.5850143030558 36.1767349953467 19.5682564223934 38.8199702184134 7.31691294391786 15.719818004388 47.5123821435655 40.0783047931331 77.7264669903793 0.171419168727722 69.6611827811199 130.633112071112 42.2878928417091 5.22663894854458 80.2103100097231 9.92261967898892 41.7381028153966 93.5848859003767 46.4852946819072 20.8536445859178 86.646116752604 45.2788850206866
