Instancenumber:
40
Instancename:
A-n45-k6
Customers:
44
Depot:
0
Dimension:
1980
Vehicles:
44
Capacity:
100
Demands:
0 19 2 12 20 6 17 8 14 2 8 5 7 22 14 17 23 15 21 2 24 10 20 6 21 10 6 13 21 24 11 16 8 11 11 22 17 22 17 8 23 5 3 18 12
Uncertainty:budgeted
Gamma:
44
Mean Vector:
20.8806130178211 31.1448230047949 66.6033032213869 66.9103878332804 78.8923316932641 30.2324329156619 28.6006992921502 82.0731381147328 18.6815416922694 69.656299069072 60.4069532421558 49.7393204617835 43.8292140016223 19.6977156035922 35.6931365951495 67.446274915669 56.2227711874824 50.0099990001999 65 54.2033209314706 88.090862182181 45.6070170039655 9.05538513813742 41.7252920900501 36.4005494464026 24.3310501211929 43.081318457076 25 30.1496268633627 69.8569967862919 40.3608721412211 34.828149534536 93.3488082409197 54.1202365109392 25.298221281347 66.7083203206317 47.8016736108685 21.0237960416286 67.3572564761956 65.7875368135941 86.4522989862039 59.2114853723498 42.0475920832573 28.6530975637888 20.8806130178211 50.2195181179589 79.6492310069595 86.1452262171271 86.278618440492 12.0830459735946 40.7185461430047 94.339811320566 38.0131556174964 83.1865373723417 51 70.2139587261678 54.0832691319598 14.142135623731 56.5154846037792 85.842879728024 55.9016994374947 48.7544869729956 54.230987451825 64.6374504447692 98.0815986819138 64.2806347199528 29.4278779391243 25.0798724079689 56.4358042380899 24.0831891575846 34.2344855372474 37.6961536499415 29.4108823397055 58.5491246732178 34.4818792991333 46.9574275274956 105.118980208143 42.2965719651132 14.560219778561 87.5556965593901 33.2415402771893 34.2052627529741 88.2326470191165 56.0357029044876 99.1261822123701 79.0063288604147 42.190046219458 9.4339811320566 31.1448230047949 50.2195181179589 73.0068489937759 56.4003546088143 92.9623579735368 60.9590026165127 46.1735855224608 88.102213366067 28.1602556806574 74.6860093993514 89.8943824718764 22.0907220343745 59.1354377678901 41.7851648315524 21.2602916254693 60.1414998150196 80.6039701255465 75.690157880665 94.8946784598589 67.0820393249937 97.4987179402888 41.8807831827438 26.8328157299975 72.8354309385206 8.06225774829855 53.2353266168247 73.0616178304313 43.4165866921848 58.1807528311554 99.8498873309329 51.1566222497147 50.0099990001999 99.2975326984513 84.5990543682375 47.4341649025257 44.7213595499958 78.873316146844 20.0997512422418 43.0464865000618 95.2575456328789 91.3016976841066 47.2016948848238 67.7200118133481 59.0338885725818 66.6033032213869 79.6492310069595 73.0068489937759 36.6742416417845 26 79.7119815335185 39.1152144312159 15.6204993518133 50.4479930225178 4 71.1969100453102 69.3541635375988 26.2488094968134 85.6037382361308 53.160135440008 30.0166620396073 46.5725240887801 49.3659801887899 76.6876782801514 17.0293863659264 24.738633753706 32.5576411921994 59.4138031100518 81.3941029804985 69.2603782836912 57.5847201955519 66.1211010192662 42.4381903478459 54.817880294663 80.5232885567896 106.962610289764 32.7566787083184 27.0185121722126 75.1065909225016 90.4433524367601 60.8769250208977 79.227520471109 81.4002456998749 66.4906008395172 74.2159012611179 19.8494332412792 40.024992192379 48.0416485978573 80.7774721070176 66.9103878332804 86.1452262171271 56.4003546088143 36.6742416417845 62.6498204307083 91.1975876873944 50.4479930225178 45.3982378512647 48.3735464897913 35.1140997321589 97.5294827218929 42.7200187265877 48.0208288141719 86.1220064791805 35.8468966578698 7.07106781186548 75.8023746329889 75.8023746329889 103.353761421634 45.9673797382448 57.8705451849211 22.0227155455452 57.8705451849211 97.6729235765982 49.5782210249622 71.1969100453102 86.9770084562581 51.7880295048962 71.5681493403316 107.912001186152 103.247275993122 46.8187996428785 54.0092584655631 98.2344135219425 91.98369420718 26.0192236625154 98.7623410010111 72.4499827467198 32.0624390837628 101.71037311897 46.0108682813094 9.21954445729289 71.1125867902441 91.0494371207203 78.8923316932641 86.278618440492 92.9623579735368 26 62.6498204307083 82.6196102629394 50.5371150739731 23.3238075793812 66.7308024828115 27.7848879788996 61 93.0483745156249 35.3411940941446 95.603347221737 75.1664818918645 55.9016994374947 37 42.9534631898291 65.4904573201318 25.9615099714943 16 56.1426753904728 73.824115301167 80.1311425102625 90.6697303403953 62.2253967444162 62.6099033699941 54.1202365109392 57.3846669416143 68.1175454637056 118.004237212059 44.7772263544762 27.1661554144122 68.0073525436772 99.3579387869938 86.6833317310773 75.2396172239067 97.1699542039616 92.1791733527699 62.2896460095897 27.3130005674953 65.8027355054484 46.0434577328854 84.504437753292 30.2324329156619 12.0830459735946 60.9590026165127 79.7119815335185 91.1975876873944 82.6196102629394 42.4264068711929 93.5200513259055 44.6430285710994 83.4865258589672 40.3112887414927 79.9249648107523 53.4883164812653 25.9615099714943 64.621977685614 90.0055553840984 49.2036584005702 42.0119030752 43 63.5609943282828 95.7183368012629 69.1809222257119 37.5765884561119 13 66.6108099335236 22.1359436211787 24.6981780704569 40.1123422402632 25.5538646783613 47.0956473572665 44.2831796509691 48.0520551069359 103.768974168583 31 25.0199920063936 95.5196314900764 21.3775583264319 46.0434577328854 96.7729300992793 45.0998891351187 98.488578017961 84.8528137423857 36.7967389859482 3 28.6006992921502 40.7185461430047 46.1735855224608 39.1152144312159 50.4479930225178 50.5371150739731 42.4264068711929 54.2033209314706 18.0277563773199 42.5440947723653 50.2493781056044 54.5893762558247 15.2643375224737 46.7546789102438 34.9857113690718 48.2597140480546 35.1140997321589 31.3847096529504 55.9732078766261 25.6124969497314 59.5482997238376 29.1547594742265 23.4093998214393 47.3814309619285 46.5725240887801 21.0237960416286 37.1214223865412 3.60555127546399 21.1896201004171 60.8769250208977 68.6221538571911 6.40312423743285 65.299310869258 48.8773976393997 51.4003891035856 61.2209114600559 48.3838816136118 46.8187996428785 64.3816744112795 55.1543289325507 58.821764679411 45.6946386351835 24.2074368738204 42.9534631898291 82.0731381147328 94.339811320566 88.102213366067 15.6204993518133 45.3982378512647 23.3238075793812 93.5200513259055 54.2033209314706 66.0681466366357 13.4164078649987 80.0062497558784 82.7647267862342 40.3112887414927 100.895986045036 67.7790528113222 38.3275357934736 55 59.3043000127309 85.0940655980192 29.9666481275434 12.6491106406735 46.8187996428785 75.0066663703967 93.962758580195 83.9344982709732 71.5541752799933 77.6659513557904 57.6281181368956 68.1542368455549 88.3628881374981 122.429571591181 47.8016736108685 11.4017542509914 85.375640553966 105.603030259553 71.175838597097 90.8019823572151 97.0051545022222 77.1038261048049 82.2192191643779 5.09901951359278 51.0098029794274 59.6657355607052 94.8103369891701 18.6815416922694 38.0131556174964 28.1602556806574 50.4479930225178 48.3735464897913 66.7308024828115 44.6430285710994 18.0277563773199 66.0681466366357 53.0754180388624 64.4049687524185 39.0512483795333 31.7804971641414 38.2753184180093 20.8086520466848 48.7647413609464 52.6307894677631 48.1040538832228 69.8140387028282 40.853396431631 73.5730929076656 26.9258240356725 9.8488578017961 53.665631459995 29.1547594742265 29.0688837074973 48.7954915950234 15.2970585407784 32.649655434629 74.8131004570724 57.6888204074238 22.3606797749979 77.4661216274573 60.8111831820431 43.9658958739612 51.0783711564885 57.4282160614449 31.0644491340181 52.8393792544916 69.6347614342147 70.0927956355002 41 40.3112887414927 43.9317652729776 69.656299069072 83.1865373723417 74.6860093993514 4 35.1140997321589 27.7848879788996 83.4865258589672 42.5440947723653 13.4164078649987 53.0754180388624 75.1332150250473 69.8713102782537 30.0832179129826 88.8144132446981 54.4242592967511 28.2311884269862 50.4479930225178 53.3385414123783 80.6039701255465 21.0237960416286 24.0831891575846 33.5261092284804 62.2414652783817 85.3287759199674 70.5761999543756 61.3514466007119 70.1141925718324 45.7930125674212 58.6941223633168 84.4037913840368 109.98636279103 36.2353418639869 24.6981780704569 79.1012010022604 93.7443331620637 60.0166643524946 83.2165848854662 83.868945385047 65.7647321898295 78.1024967590665 17.0293863659264 39.319206502675 52.0384473250308 84.504437753292 60.4069532421558 51 89.8943824718764 71.1969100453102 97.5294827218929 61 40.3112887414927 50.2493781056044 80.0062497558784 64.4049687524185 75.1332150250473 103.40696301507 49.6588360717405 65.0307619515564 84.3860177991591 93.5200513259055 25.0199920063936 22.1359436211787 5.8309518948453 54.817880294663 76.791926658992 78.2368199762746 63.0634601017102 29.732137494637 92.9623579735368 36.6742416417845 17.464249196573 50.9313263129874 31.9061122670876 10.6301458127346 84.5931439302264 51.6139516022558 87.3670418407308 10.295630140987 65.1229606206597 111.39569111954 21.0237960416286 80.7774721070176 114.629839047257 5.3851648071345 85 94.578010129205 26.6270539113887 43.2897216438267 49.7393204617835 70.2139587261678 22.0907220343745 69.3541635375988 42.7200187265877 93.0483745156249 79.9249648107523 54.5893762558247 82.7647267862342 39.0512483795333 69.8713102782537 103.40696301507 63.6003144646314 63.3245607959503 19.6977156035922 48.3011387029333 89.4706655837543 85.9592926913664 108.853112036358 68.7313611097583 93.9042065085478 37.0135110466435 42.8018691180654 90.8019823572151 14.3178210632764 67.8969807870718 87.783825389419 53 71.7007670809734 113.850779531806 73.0273921210391 56.0802995712398 93.1450481775601 99.7647232241938 69.1230786351418 24.1660919471891 95.6713123146118 42.190046219458 21.3775583264319 108.600184161906 84.8999411071645 34 78.5493475466219 78.390050389064 43.8292140016223 54.0832691319598 59.1354377678901 26.2488094968134 48.0208288141719 35.3411940941446 53.4883164812653 15.2643375224737 40.3112887414927 31.7804971641414 30.0832179129826 49.6588360717405 63.6003144646314 61.5223536610881 44.1474801092882 43.8634243989226 28.2842712474619 27.7848879788996 55.4616984954482 10.6301458127346 44.5533388198909 30.6104557300279 38.4837628097877 55.4436651025164 58.1377674149945 31.3847096529504 41.194659848092 18.8679622641132 28.6356421265527 59.9416382825828 83.6301381082203 9.48683298050514 51.0392006206994 51.4198405287298 65.8559033041078 64.8151216923952 54.0370243444252 61.8465843842649 69.065186599328 53.7121960079831 45.1774279923061 46.0108682813094 23.7697286480094 54.6260011349907 19.6977156035922 14.142135623731 41.7851648315524 85.6037382361308 86.1220064791805 95.603347221737 25.9615099714943 46.7546789102438 100.895986045036 38.2753184180093 88.8144132446981 65.0307619515564 63.3245607959503 61.5223536610881 53.0094331227943 86.9770084562581 68.0073525436772 61.0327780786685 68.3593446428504 72.1248916810278 106.075444849409 65.1459898996093 28.4604989415154 38.8973006775534 49.0407993409569 34.928498393146 48.0416485978573 43.2781700167648 40.853396431631 72.691127381545 22.4722050542442 53.1507290636732 112.044633963434 56.4358042380899 6 83.2946576918352 47.2969343615419 23.0217288664427 83.0240928887513 70.1141925718324 105.422957651548 78.0896920214186 53.851648071345 23.0867927612304 35.6931365951495 56.5154846037792 21.2602916254693 53.160135440008 35.8468966578698 75.1664818918645 64.621977685614 34.9857113690718 67.7790528113222 20.8086520466848 54.4242592967511 84.3860177991591 19.6977156035922 44.1474801092882 53.0094331227943 39.0512483795333 69.778220097678 66.3701740241805 89.9388681271896 50.0399840127872 77.884529914483 21.0237960416286 27.2029410174709 74.3034319530397 16.1554944214035 49.8196748283246 69.3541635375988 33.6005952328229 53.0377224247045 94.9210198006743 68.0073525436772 36.4005494464026 78.7908624143688 81.3941029804985 59.0084739677277 31.04834939252 78.2368199762746 36.7695526217005 32.2024843762092 89.4986033410578 70.6823881882892 26.8328157299975 59.0762219509677 63.5688603012513 67.446274915669 85.842879728024 60.1414998150196 30.0166620396073 7.07106781186548 55.9016994374947 90.0055553840984 48.2597140480546 38.3275357934736 48.7647413609464 28.2311884269862 93.5200513259055 48.3011387029333 43.8634243989226 86.9770084562581 39.0512483795333 71.0211236182588 71.5541752799933 99.3176721434811 40.6078810084939 50.8035431835222 21.8403296678416 58.5234995535981 95.6347217280419 53.8144961882948 69.2603782836912 83.9344982709732 50.0399840127872 69.0507060065283 103.754517973918 105.118980208143 43.9317652729776 47.0425339453563 94.8683298050514 92.7200086281273 33 96.1041102138717 74.9466476902069 39.0128184062623 97.4935895328508 39 14.3178210632764 67.4166151627327 90.0888450364417 56.2227711874824 55.9016994374947 80.6039701255465 46.5725240887801 75.8023746329889 37 49.2036584005702 35.1140997321589 55 52.6307894677631 50.4479930225178 25.0199920063936 89.4706655837543 28.2842712474619 68.0073525436772 69.778220097678 71.0211236182588 7.21110255092798 30.2654919008431 30.8706980808663 52.3927475897189 58.7962583843564 55.145262715849 44.2040722106007 81.6088230524127 33.2415402771893 26.4007575648882 37.3630833845388 27.2029410174709 33.9558536926993 90.0777441991084 33.6154726279432 62.6498204307083 31.04834939252 70.2637886823647 92.9569792968769 38.4707681233427 77.1038261048049 97.0051545022222 27.6586333718787 60.00833275471 74.2765104188397 14.3178210632764 51.6139516022558 50.0099990001999 48.7544869729956 75.690157880665 49.3659801887899 75.8023746329889 42.9534631898291 42.0119030752 31.3847096529504 59.3043000127309 48.1040538832228 53.3385414123783 22.1359436211787 85.9592926913664 27.7848879788996 61.0327780786685 66.3701740241805 71.5541752799933 7.21110255092798 27.8567765543682 32.7566787083184 57.8705451849211 57.3846669416143 49.6487663492256 37.4432904536981 77.2528316633119 26.4764045897475 19.723082923316 33.1058907144937 20.3960780543711 32.2024843762092 83.0060238777885 31.1448230047949 67.6830850360709 26.0768096208106 63.1585306985525 91.2195154558497 32.310988842807 71 94.9210198006743 25.9422435421457 64.3816744112795 73.4098086089318 8.06225774829855 44.407206622349 65 54.230987451825 94.8946784598589 76.6876782801514 103.353761421634 65.4904573201318 43 55.9732078766261 85.0940655980192 69.8140387028282 80.6039701255465 5.8309518948453 108.853112036358 55.4616984954482 68.3593446428504 89.9388681271896 99.3176721434811 30.2654919008431 27.8567765543682 60.4400529450463 81.3941029804985 84.0535543567314 68.0955211449329 31.4006369362152 98.1835016690686 41.6773319683494 21.9317121994613 56.5685424949238 37.2021504754766 5 87.1435597161374 57.4282160614449 92.1357693840997 12 68.0073525436772 117.1537451386 22.3606797749979 85.0705589496155 120.341181646185 3.60555127546399 90.0499861188218 100.404183179786 32.4499614791759 46 54.2033209314706 64.6374504447692 67.0820393249937 17.0293863659264 45.9673797382448 25.9615099714943 63.5609943282828 25.6124969497314 29.9666481275434 40.853396431631 21.0237960416286 54.817880294663 68.7313611097583 10.6301458127346 72.1248916810278 50.0399840127872 40.6078810084939 30.8706980808663 32.7566787083184 60.4400529450463 33.9705755029261 32.8937684067971 48.3735464897913 64.5368112010502 65.1229606206597 41.5932686861708 49.0917508345343 29.2061637330205 38.2753184180093 64.5135644651572 94.175368329516 19.4164878389476 40.4969134626332 58.2151183113115 76.4852927038918 66.2419806467168 62.2012861603359 71.5541752799933 71.1125867902441 58.1893461039046 34.928498393146 46.0434577328854 31.0161248385416 64.8459713474939 88.090862182181 98.0815986819138 97.4987179402888 24.738633753706 57.8705451849211 16 95.7183368012629 59.5482997238376 12.6491106406735 73.5730929076656 24.0831891575846 76.791926658992 93.9042065085478 44.5533388198909 106.075444849409 77.884529914483 50.8035431835222 52.3927475897189 57.8705451849211 81.3941029804985 33.9705755029261 57.2712842531054 81.8413098624405 94.4298681562142 93.962758580195 74.4043009509531 77.2528316633119 63.1268564083465 70.178344238091 84.0951841665146 128.144449743249 53.2634959423431 11.4017542509914 83.4326075344646 110.34491379307 83.4865258589672 90.1387818865997 104.623133197205 89.3588272080604 78.2304288624318 14.2126704035519 63.0713881248859 59.9332962550868 97.3498844375277 45.6070170039655 64.2806347199528 41.8807831827438 32.5576411921994 22.0227155455452 56.1426753904728 69.1809222257119 29.1547594742265 46.8187996428785 26.9258240356725 33.5261092284804 78.2368199762746 37.0135110466435 30.6104557300279 65.1459898996093 21.0237960416286 21.8403296678416 58.7962583843564 57.3846669416143 84.0535543567314 32.8937684067971 57.2712842531054 36.6878726556883 75.9275970909129 37.1618083521241 49.4772675074119 66.2117814289874 30.0832179129826 50.3289181286465 88.8144132446981 83.6480723029527 26.6270539113887 57.7754273026172 77.8267306264371 70.8801805866774 34.2052627529741 77.4919350642375 54.2033209314706 38.5875627631495 82.8009661779378 49.6588360717405 16.5529453572468 51.6139516022558 69.0289794216893 9.05538513813742 29.4278779391243 26.8328157299975 59.4138031100518 57.8705451849211 73.824115301167 37.5765884561119 23.4093998214393 75.0066663703967 9.8488578017961 62.2414652783817 63.0634601017102 42.8018691180654 38.4837628097877 28.4604989415154 27.2029410174709 58.5234995535981 55.145262715849 49.6487663492256 68.0955211449329 48.3735464897913 81.8413098624405 36.6878726556883 48.0104155366312 30.4795013082563 26.4196896272458 46.3249392876019 19.9248588451713 31.3847096529504 73.0616178304313 48.0104155366312 29.0688837074973 86.3712915267567 58.0086200490927 34.2052627529741 58.2408791142441 53.0377224247045 23.4093998214393 59.2368128784795 68.425141578224 79.1959594928933 50.1597448159378 41.5932686861708 36.4005494464026 41.7252920900501 25.0798724079689 72.8354309385206 81.3941029804985 97.6729235765982 80.1311425102625 13 47.3814309619285 93.962758580195 53.665631459995 85.3287759199674 29.732137494637 90.8019823572151 55.4436651025164 38.8973006775534 74.3034319530397 95.6347217280419 44.2040722106007 37.4432904536981 31.4006369362152 64.5368112010502 94.4298681562142 75.9275970909129 48.0104155366312 77.987178433381 26.4764045897475 17.8044938147649 45.8911756223351 27.0185121722126 35.0570962859162 56 52.0384473250308 103.464969917359 19.6468827043885 37.4833296279826 104.694794521982 9.05538513813742 58.8302643203309 106.470653233649 33.9558536926993 99.040395798886 92.1791733527699 34.5398320783411 15.8113883008419 36.4005494464026 56.4358042380899 8.06225774829855 69.2603782836912 49.5782210249622 90.6697303403953 66.6108099335236 46.5725240887801 83.9344982709732 29.1547594742265 70.5761999543756 92.9623579735368 14.3178210632764 58.1377674149945 49.0407993409569 16.1554944214035 53.8144961882948 81.6088230524127 77.2528316633119 98.1835016690686 65.1229606206597 93.962758580195 37.1618083521241 30.4795013082563 77.987178433381 56.6127194188726 76.6093989011792 44.2718872423573 61.057350089895 103.174609279609 59.2114853723498 49.4974746830583 94.9368210969801 88.4081444212014 54.817880294663 36.6742416417845 83.4505841801003 28.0178514522438 35.0142828000232 98.2700361249552 86.8158971617526 40.3608721412211 69.462219947249 64.8999229583518 24.3310501211929 24.0831891575846 53.2353266168247 57.5847201955519 71.1969100453102 62.2253967444162 22.1359436211787 21.0237960416286 71.5541752799933 29.0688837074973 61.3514466007119 36.6742416417845 67.8969807870718 31.3847096529504 34.928498393146 49.8196748283246 69.2603782836912 33.2415402771893 26.4764045897475 41.6773319683494 41.5932686861708 74.4043009509531 49.4772675074119 26.4196896272458 26.4764045897475 56.6127194188726 20 19.4164878389476 6.08276253029822 46.6476151587624 57.2450871254468 26.1725046566048 81.9878039710785 31.8904374382039 37.7359245282264 79.2590688817374 28.6530975637888 45.2769256906871 81.5414005275848 42.0475920832573 76.4852927038918 65.8027355054484 18.9736659610103 23.259406699226 43.081318457076 34.2344855372474 73.0616178304313 66.1211010192662 86.9770084562581 62.6099033699941 24.6981780704569 37.1214223865412 77.6659513557904 48.7954915950234 70.1141925718324 17.464249196573 87.783825389419 41.194659848092 48.0416485978573 69.3541635375988 83.9344982709732 26.4007575648882 19.723082923316 21.9317121994613 49.0917508345343 77.2528316633119 66.2117814289874 46.3249392876019 17.8044938147649 76.6093989011792 20 36.8917334913934 16.4012194668567 26.8328157299975 68.4470598345904 40.1621712560464 86.6833317310773 12.0415945787923 48.6621002423858 97.9081201943945 13.1529464379659 63.3245607959503 100.603180864225 22.8035085019828 82.7647267862342 82.7647267862342 18.1107702762748 27.5136329843952 25 37.6961536499415 43.4165866921848 42.4381903478459 51.7880295048962 54.1202365109392 40.1123422402632 3.60555127546399 57.6281181368956 15.2970585407784 45.7930125674212 50.9313263129874 53 18.8679622641132 43.2781700167648 33.6005952328229 50.0399840127872 37.3630833845388 33.1058907144937 56.5685424949238 29.2061637330205 63.1268564083465 30.0832179129826 19.9248588451713 45.8911756223351 44.2718872423573 19.4164878389476 36.8917334913934 20.591260281974 61.5223536610881 65.0691939399898 9.89949493661167 68.7677249878168 48.8262224629348 48.0104155366312 61.0327780786685 47.5394572960189 43.3243580448689 63.8905313798532 55.9732078766261 62.2012861603359 46.4865571966778 25.5538646783613 40.4474968323134 30.1496268633627 29.4108823397055 58.1807528311554 54.817880294663 71.5681493403316 57.3846669416143 25.5538646783613 21.1896201004171 68.1542368455549 32.649655434629 58.6941223633168 31.9061122670876 71.7007670809734 28.6356421265527 40.853396431631 53.0377224247045 69.0507060065283 27.2029410174709 20.3960780543711 37.2021504754766 38.2753184180093 70.178344238091 50.3289181286465 31.3847096529504 27.0185121722126 61.057350089895 6.08276253029822 16.4012194668567 20.591260281974 42.2018956920184 63.0713881248859 25.1793566240283 78.2623792124926 28.4253408071038 43.4165866921848 81.5414005275848 27.2029410174709 51.1566222497147 84.2021377400835 37.2155881318568 73.1641988953614 66.8505796534331 13 27.2029410174709 69.8569967862919 58.5491246732178 99.8498873309329 80.5232885567896 107.912001186152 68.1175454637056 47.0956473572665 60.8769250208977 88.3628881374981 74.8131004570724 84.4037913840368 10.6301458127346 113.850779531806 59.9416382825828 72.691127381545 94.9210198006743 103.754517973918 33.9558536926993 32.2024843762092 5 64.5135644651572 84.0951841665146 88.8144132446981 73.0616178304313 35.0570962859162 103.174609279609 46.6476151587624 26.8328157299975 61.5223536610881 42.2018956920184 91.0219753685889 62.2012861603359 95.005263012109 16.2788205960997 72.1110255092798 122.024587686253 26.0192236625154 89.8109124772708 125.2557383915 6.32455532033676 93.2630687893123 105.118980208143 37.2021504754766 50.0899191454728 40.3608721412211 34.4818792991333 51.1566222497147 106.962610289764 103.247275993122 118.004237212059 44.2831796509691 68.6221538571911 122.429571591181 57.6888204074238 109.98636279103 84.5931439302264 73.0273921210391 83.6301381082203 22.4722050542442 68.0073525436772 105.118980208143 90.0777441991084 83.0060238777885 87.1435597161374 94.175368329516 128.144449743249 83.6480723029527 48.0104155366312 56 59.2114853723498 57.2450871254468 68.4470598345904 65.0691939399898 63.0713881248859 91.0219753685889 74.9666592559653 133.689939786059 75.1664818918645 19.9248588451713 95.7548954362125 65.00769185258 31.5753068076939 94.1912947145329 89.3588272080604 126.81088281374 94.578010129205 76.0591874792257 41.3037528561268 34.828149534536 46.9574275274956 50.0099990001999 32.7566787083184 46.8187996428785 44.7772263544762 48.0520551069359 6.40312423743285 47.8016736108685 22.3606797749979 36.2353418639869 51.6139516022558 56.0802995712398 9.48683298050514 53.1507290636732 36.4005494464026 43.9317652729776 33.6154726279432 31.1448230047949 57.4282160614449 19.4164878389476 53.2634959423431 26.6270539113887 29.0688837074973 52.0384473250308 49.4974746830583 26.1725046566048 40.1621712560464 9.89949493661167 25.1793566240283 62.2012861603359 74.9666592559653 58.8982172905089 51.478150704935 57.8013840664737 60.1082357085949 52.1727898429823 52.3927475897189 63.7808748764079 56.2227711874824 52.4309069156733 43.0464865000618 25 48.7647413609464 93.3488082409197 105.118980208143 99.2975326984513 27.0185121722126 54.0092584655631 27.1661554144122 103.768974168583 65.299310869258 11.4017542509914 77.4661216274573 24.6981780704569 87.3670418407308 93.1450481775601 51.0392006206994 112.044633963434 78.7908624143688 47.0425339453563 62.6498204307083 67.6830850360709 92.1357693840997 40.4969134626332 11.4017542509914 57.7754273026172 86.3712915267567 103.464969917359 94.9368210969801 81.9878039710785 86.6833317310773 68.7677249878168 78.2623792124926 95.005263012109 133.689939786059 58.8982172905089 93.5574689696125 116.661904664719 80.0249960949702 99.724620831568 108.406641862941 86.0523096726636 89.0505474435727 8.24621125123532 60.5309838016862 68.9492567037528 105.190303735658 54.1202365109392 42.2965719651132 84.5990543682375 75.1065909225016 98.2344135219425 68.0073525436772 31 48.8773976393997 85.375640553966 60.8111831820431 79.1012010022604 10.295630140987 99.7647232241938 51.4198405287298 56.4358042380899 81.3941029804985 94.8683298050514 31.04834939252 26.0768096208106 12 58.2151183113115 83.4326075344646 77.8267306264371 58.0086200490927 19.6468827043885 88.4081444212014 31.8904374382039 12.0415945787923 48.8262224629348 28.4253408071038 16.2788205960997 75.1664818918645 51.478150704935 93.5574689696125 56.0089278597618 109.859000541603 10.770329614269 73.7360156233031 112.614386292338 14.3178210632764 90.448880590088 94.3663075467086 27.6586333718787 34 25.298221281347 14.560219778561 47.4341649025257 90.4433524367601 91.98369420718 99.3579387869938 25.0199920063936 51.4003891035856 105.603030259553 43.9658958739612 93.7443331620637 65.1229606206597 69.1230786351418 65.8559033041078 6 59.0084739677277 92.7200086281273 70.2637886823647 63.1585306985525 68.0073525436772 76.4852927038918 110.34491379307 70.8801805866774 34.2052627529741 37.4833296279826 54.817880294663 37.7359245282264 48.6621002423858 48.0104155366312 43.4165866921848 72.1110255092798 19.9248588451713 57.8013840664737 116.661904664719 56.0089278597618 89.2748564826626 46.2709412050371 28.1780056072107 88.9550448260243 70.0285656000464 110.208892563168 84.0119039184329 56.3560112144215 22.0227155455452 66.7083203206317 87.5556965593901 44.7213595499958 60.8769250208977 26.0192236625154 86.6833317310773 95.5196314900764 61.2209114600559 71.175838597097 51.0783711564885 60.0166643524946 111.39569111954 24.1660919471891 64.8151216923952 83.2946576918352 31.04834939252 33 92.9569792968769 91.2195154558497 117.1537451386 66.2419806467168 83.4865258589672 34.2052627529741 58.2408791142441 104.694794521982 36.6742416417845 79.2590688817374 97.9081201943945 61.0327780786685 81.5414005275848 122.024587686253 95.7548954362125 60.1082357085949 80.0249960949702 109.859000541603 89.2748564826626 107.912001186152 64.2806347199528 6.08276253029822 116.180893437777 72 20.8806130178211 84.9588135510378 94.5568612000208 47.8016736108685 33.2415402771893 78.873316146844 79.227520471109 98.7623410010111 75.2396172239067 21.3775583264319 48.3838816136118 90.8019823572151 57.4282160614449 83.2165848854662 21.0237960416286 95.6713123146118 54.0370243444252 47.2969343615419 78.2368199762746 96.1041102138717 38.4707681233427 32.310988842807 22.3606797749979 62.2012861603359 90.1387818865997 77.4919350642375 53.0377224247045 9.05538513813742 83.4505841801003 28.6530975637888 13.1529464379659 47.5394572960189 27.2029410174709 26.0192236625154 65.00769185258 52.1727898429823 99.724620831568 10.770329614269 46.2709412050371 107.912001186152 66.1891229734916 110.136279218067 25 95.9009906101079 93.9840411984928 31.2569992161756 24.3310501211929 21.0237960416286 34.2052627529741 20.0997512422418 81.4002456998749 72.4499827467198 97.1699542039616 46.0434577328854 46.8187996428785 97.0051545022222 31.0644491340181 83.868945385047 80.7774721070176 42.190046219458 61.8465843842649 23.0217288664427 36.7695526217005 74.9466476902069 77.1038261048049 71 85.0705589496155 71.5541752799933 104.623133197205 54.2033209314706 23.4093998214393 58.8302643203309 28.0178514522438 45.2769256906871 63.3245607959503 43.3243580448689 51.1566222497147 89.8109124772708 31.5753068076939 52.3927475897189 108.406641862941 73.7360156233031 28.1780056072107 64.2806347199528 66.1891229734916 63 86.1278120005379 100.895986045036 63.5609943282828 63.0079360080935 43.6004587131833 67.3572564761956 88.2326470191165 43.0464865000618 66.4906008395172 32.0624390837628 92.1791733527699 96.7729300992793 64.3816744112795 77.1038261048049 52.8393792544916 65.7647321898295 114.629839047257 21.3775583264319 69.065186599328 83.0240928887513 32.2024843762092 39.0128184062623 97.0051545022222 94.9210198006743 120.341181646185 71.1125867902441 89.3588272080604 38.5875627631495 59.2368128784795 106.470653233649 35.0142828000232 81.5414005275848 100.603180864225 63.8905313798532 84.2021377400835 125.2557383915 94.1912947145329 63.7808748764079 86.0523096726636 112.614386292338 88.9550448260243 6.08276253029822 110.136279218067 63 119.519872824564 78.0064099930256 26.4764045897475 88.3911760301898 95.6347217280419 65.7875368135941 56.0357029044876 95.2575456328789 74.2159012611179 101.71037311897 62.2896460095897 45.0998891351187 55.1543289325507 82.2192191643779 69.6347614342147 78.1024967590665 5.3851648071345 108.600184161906 53.7121960079831 70.1141925718324 89.4986033410578 97.4935895328508 27.6586333718787 25.9422435421457 3.60555127546399 58.1893461039046 78.2304288624318 82.8009661779378 68.425141578224 33.9558536926993 98.2700361249552 42.0475920832573 22.8035085019828 55.9732078766261 37.2155881318568 6.32455532033676 89.3588272080604 56.2227711874824 89.0505474435727 14.3178210632764 70.0285656000464 116.180893437777 25 86.1278120005379 119.519872824564 87.1435597161374 99.0454441153151 31.2409987036266 48.0936586256442 86.4522989862039 99.1261822123701 91.3016976841066 19.8494332412792 46.0108682813094 27.3130005674953 98.488578017961 58.821764679411 5.09901951359278 70.0927956355002 17.0293863659264 85 84.8999411071645 45.1774279923061 105.422957651548 70.6823881882892 39 60.00833275471 64.3816744112795 90.0499861188218 34.928498393146 14.2126704035519 49.6588360717405 79.1959594928933 99.040395798886 86.8158971617526 76.4852927038918 82.7647267862342 62.2012861603359 73.1641988953614 93.2630687893123 126.81088281374 52.4309069156733 8.24621125123532 90.448880590088 110.208892563168 72 95.9009906101079 100.895986045036 78.0064099930256 87.1435597161374 52.3450093132096 64.7610994347687 99.7446740432791 59.2114853723498 79.0063288604147 47.2016948848238 40.024992192379 9.21954445729289 65.8027355054484 84.8528137423857 45.6946386351835 51.0098029794274 41 39.319206502675 94.578010129205 34 46.0108682813094 78.0896920214186 26.8328157299975 14.3178210632764 74.2765104188397 73.4098086089318 100.404183179786 46.0434577328854 63.0713881248859 16.5529453572468 50.1597448159378 92.1791733527699 40.3608721412211 65.8027355054484 82.7647267862342 46.4865571966778 66.8505796534331 105.118980208143 94.578010129205 43.0464865000618 60.5309838016862 94.3663075467086 84.0119039184329 20.8806130178211 93.9840411984928 63.5609943282828 26.4764045897475 99.0454441153151 52.3450093132096 67.955868032128 84.4807670419723 42.0475920832573 42.190046219458 67.7200118133481 48.0416485978573 71.1125867902441 46.0434577328854 36.7967389859482 24.2074368738204 59.6657355607052 40.3112887414927 52.0384473250308 26.6270539113887 78.5493475466219 23.7697286480094 53.851648071345 59.0762219509677 67.4166151627327 14.3178210632764 8.06225774829855 32.4499614791759 31.0161248385416 59.9332962550868 51.6139516022558 41.5932686861708 34.5398320783411 69.462219947249 18.9736659610103 18.1107702762748 25.5538646783613 13 37.2021504754766 76.0591874792257 25 68.9492567037528 27.6586333718787 56.3560112144215 84.9588135510378 31.2569992161756 63.0079360080935 88.3911760301898 31.2409987036266 64.7610994347687 67.955868032128 38.8973006775534 28.6530975637888 9.4339811320566 59.0338885725818 80.7774721070176 91.0494371207203 84.504437753292 3 42.9534631898291 94.8103369891701 43.9317652729776 84.504437753292 43.2897216438267 78.390050389064 54.6260011349907 23.0867927612304 63.5688603012513 90.0888450364417 51.6139516022558 44.407206622349 46 64.8459713474939 97.3498844375277 69.0289794216893 36.4005494464026 15.8113883008419 64.8999229583518 23.259406699226 27.5136329843952 40.4474968323134 27.2029410174709 50.0899191454728 41.3037528561268 48.7647413609464 105.190303735658 34 22.0227155455452 94.5568612000208 24.3310501211929 43.6004587131833 95.6347217280419 48.0936586256442 99.7446740432791 84.4807670419723 38.8973006775534
Deviation Vector:
0.0542392755219134 36.5945783688594 15.4611124648339 59.1687327269441 124.070221004033 38.1015640461783 6.7126255519082 132.792607292149 12.4658446438836 105.7384890311 59.5301261704145 13.8544385856006 21.4679397430978 25.608277631569 30.3351496945887 2.57181858186833 64.4889529831502 38.7717818196811 2.74830230319439 51.4495369650893 34.4267090523026 58.6525908094119 10.744438494434 51.7011843646641 2.45757173870771 12.5904670361234 25.4742166512979 25.8518089804987 21.9047671157447 112.954340720553 23.0779090829132 25.3943480797948 108.804774432936 43.5086912712344 40.8169347767658 74.1715849522239 20.9308522069274 4.66280178346288 74.3295670268968 72.7050944382575 9.80754003964635 27.3942800533367 58.1808723260727 17.2850797008894 2.84747218412331 30.4949395564809 51.0858066432238 110.558326633927 119.281347469277 8.26077230885427 24.6853902381356 13.8657730959589 13.052345793601 13.8441975928942 70.689157940528 28.8494130121959 36.9869280925763 4.96419694645526 81.6621036918323 121.074841183417 19.096737112993 19.0334845111609 27.8319427320039 97.4205960651906 117.140913027686 32.1593751727344 29.2135980898017 0.146566999686195 40.7513541650837 11.3163357449557 38.0343073847015 31.496186894929 27.4267278765552 50.8405074839526 49.6118834387104 50.1930718166735 155.110639156859 19.1950522180013 10.5700645150668 107.845850488661 37.8118165736787 45.5682306483125 121.647838437117 82.9805161039314 148.55277047981 89.9434267837898 11.1965553378769 5.24685845100712 46.3888098485565 4.21789588655006 24.8401490784405 11.5464013861215 44.0998268706459 52.025775070174 3.95068350367157 3.73193025388392 38.1219921416693 80.532431961431 4.33318856685011 9.92954493092021 91.5514321731556 48.43724142065 27.319841435282 51.3822762973723 32.33757267728 83.0663877773972 28.1758176089122 16.7985075673763 151.247175357086 42.8386696501981 39.7704545164837 77.3814383717811 5.87517319869082 65.7205330707292 66.9916581990847 26.0934940535355 43.4386918613852 118.052902021457 59.1968457974855 30.4923721297562 125.739768869033 126.679712412433 38.6326441985721 5.11304135171746 57.1454861748741 18.089961044265 6.7449616616533 43.0495959158542 32.133050641277 9.67131037074715 61.0440267737292 16.1613133159339 90.8529248442889 44.6106972111035 82.3604672738826 5.0953575754275 0.811118166745946 113.592480577586 15.2296245348136 24.7189767852746 41.4461849153494 0.980658771248259 72.5168662350212 107.518938601091 38.8401872937389 26.4613063951299 27.9061713437093 18.0089130330101 69.4590876849388 2.75307297459911 92.7682707633999 19.2664535105669 38.4235881132648 12.9511511250381 74.0115479487551 53.0167261221546 89.8861636163858 80.7560264349363 72.9505366005799 0.992997410392496 88.1076635100946 30.4667127079131 31.785222608867 44.0585330491579 25.3554825576459 107.048052000201 134.214319359368 59.0290282314137 96.9723143836396 20.1032059508995 61.5550101673813 31.1105351877901 9.76854285662147 12.7265073103535 16.4846355820233 27.9069826753394 41.9580274925461 74.780743952193 53.3233572765665 18.0492299420389 57.8788022592136 48.2241394795259 81.9030813765447 38.6194708152035 44.8219070471251 43.6421118240836 146.4932305048 25.5480210450834 48.9287353527554 84.3118645648464 22.2764306863268 7.0699404692603 102.889646675587 69.6316526321208 74.2616826843565 30.7725679117952 41.5238952762637 12.68803137994 0.737465341731283 30.7823785770348 40.8078938763071 66.8192586053215 63.8713368802804 68.1133405672311 89.9237679575206 116.272973747812 3.54834748606698 12.042254691533 17.2403805888098 96.251170837806 68.9288887518227 32.3433998819745 148.992726117165 54.0860440800639 14.9858043015214 82.2665903055149 16.7042262676644 3.16312679142445 100.045866264695 125.826324407243 104.301258234321 34.6799336202926 70.2285123683416 27.3797162746521 82.7320589846071 121.778865418038 4.85985150599288 9.60317124019141 28.2777577679614 3.02597909577232 44.3403093705677 116.018287699353 37.0171029849406 139.699213506152 70.3368553369646 37.8763483198158 33.7577502346638 41.6698020516497 61.2180255895065 31.973759686351 5.17728953506784 3.24374404791138 62.6246607753429 16.4936788352706 72.9262285521113 81.8693223310026 63.5281043152343 63.1775721505983 1.8611864404302 54.1660932080797 108.913934046348 60.650952064541 32.5216490314355 3.54126298369549 77.6208914782221 77.2643444501569 114.818833422758 85.2558358011169 120.116177372261 20.1479180307917 26.9387096377431 26.559139666323 72.3027433123366 34.4246971740538 7.21072688921883 10.6296639164579 66.1358964379364 91.7390269621071 20.3814497453108 32.4976901260622 32.0794074116645 51.1617635375938 20.1392701775276 133.946978397544 30.3504048891522 100.339730665076 69.2009679814935 3.6663029274604 51.4671628698949 119.364655434001 46.074617753044 3.90941984025357 45.337090166005 32.2380847363448 13.8912977286644 14.4747377740067 52.5523417283202 0.582704897525708 72.3805755844134 23.8020431437798 9.09581498828551 17.9129565026069 37.7912084305582 14.7055417519785 37.8152301661728 4.37505869489519 123.68905492057 9.68811253417084 31.0730684447141 135.203490850597 15.0895821545415 17.1144857356644 32.5325537414667 52.1796156439747 34.4485085274279 92.4110776159964 28.9243470953689 0.0515537561729551 35.1873175324337 64.4367613104561 62.0285177215781 21.1361584193981 2.482099521402 38.9834214477687 44.444021775594 10.5332215313589 17.6782379283251 34.8755004975066 12.0172105421824 24.0676735025664 4.10107886476944 28.4002045365198 31.0482571646242 5.84952513571828 32.293687421787 3.61084013596965 11.8807384747162 12.4297117909674 25.4611077463359 42.3964776596033 6.42366821834237 53.7036098482186 9.2932894905544 12.8367013478549 24.6510290958314 1.98058728263361 1.55339015891902 88.2789759569437 38.874495677677 8.34714298041895 91.8283462965142 13.8582935649603 11.1855251661973 89.1051623300052 51.0408219991074 59.2337975408252 1.50986368878907 22.5680680261311 26.9741976498917 11.999557870685 20.57791959863 31.2377225621662 71.4063715900327 10.4883028948956 74.7507639489634 2.55186542810302 10.2702945156998 24.73985660914 60.6631986925563 35.4379910984624 58.7051285536887 12.384292499759 12.8716767440755 90.0561880959541 61.823419280424 83.2339588695392 0.750255677368805 61.5907898777826 35.6798583817531 34.2523727647789 109.279366241042 12.8451237107247 10.8921686577607 70.3140647226635 19.334552188949 27.2181635099672 95.7406917825369 20.1226711736476 54.2768540862381 92.1608876563262 37.0640507052856 136.866697901444 85.7172102772899 67.5848490112286 0.384766634198546 132.211851329121 166.559836100929 18.5037954740703 89.2544318846384 58.1590013668702 70.4551942810122 20.1573124991177 7.76384939463139 54.8178783104351 79.5501841246587 135.571274807537 5.10485018748086 51.1023491456328 39.7210126435579 46.5120942581078 14.2971623664821 71.2956789581618 60.2961419624389 20.8519666234711 62.3614415667645 85.3664764077051 93.1507541887865 17.8936623740436 8.36706737331278 19.8585038453696 8.97058633408346 39.3581623141442 23.2314211659728 54.4169279539744 41.5125958506775 19.4114868297416 77.5076337521279 14.6879577051638 7.24012070008394 22.0076987363602 33.383439519339 0.655436023696731 31.9734757465421 15.9290269686587 35.8232502258478 27.0953021409142 48.7406088839091 30.6443690052291 6.20975285926328 38.2549294809135 29.2853891306675 19.1910808965236 4.08538301713306 12.1268187048644 80.9698673898438 70.6816978920316 26.1046613214809 55.4467777684401 59.3883812685307 27.927722516895 17.05520426281 23.1256654414642 107.757696987753 2.74500642115395 49.4838924630547 11.4218344014154 96.9613759876946 35.5823409411727 12.8338388567705 14.3398515248947 93.6500255763599 33.2080731642382 8.80615393002508 24.4561296409494 82.5391715171855 39.2393176043302 32.1623813916917 39.2107920792596 91.4081414388308 15.0887003055609 32.8544739041612 5.82643217821804 68.0557285262564 122.476379134267 39.8165518596839 61.3174805089129 57.7766054545091 42.8894621372056 42.5803087463083 56.6294269427036 172.931650881234 35.1594851121319 23.4368995963746 109.852973185335 2.83250330728052 43.9212839830082 14.4380890490206 99.9396352005423 103.131065908518 88.2619140290688 24.8934798141503 46.7225966565226 83.540067693748 10.8314689416229 88.4147325502819 76.2753493301027 136.469046233023 33.8072391630504 58.9448738696649 62.5737307342858 48.0727302423816 17.1974592282588 95.9744384278838 42.4819486827956 11.3633998329663 14.2086521496176 1.6242147733762 63.423147480048 90.6305161839023 70.9039731943326 0.497102363312974 22.5776542592403 0.595528309680254 53.1075916811898 60.0799896600465 10.3544442682915 4.68391749633171 28.420174682833 123.078829215779 0.590801234296829 8.02667942566274 59.0504937932 38.4276846627763 4.66252589839459 108.921316057163 53.7665023843495 26.8970821024362 12.1421414146269 98.7619789232099 101.619948469436 12.1686214456925 87.4608609626262 143.801449300458 0.818779122532672 9.85994696154321 132.951020426527 7.70716464717355 6.43747786807489 37.5363871312806 95.7330711735419 20.0335349704636 53.7169114278942 32.3414766860822 93.8865337777174 9.35005285398915 84.0365498620635 94.4639544406835 7.46888190679431 60.7152900113585 86.7557316830064 13.1886637025238 84.1308032213364 7.32838171479625 68.1899412548175 12.6004286651249 2.86132431819472 90.0352359069916 30.8394937024724 113.87162129957 26.5507752868889 58.2507407153617 14.9907443487223 2.48728126941251 67.1554707769469 27.8394257441008 15.3550876700492 55.0993126196637 69.0601534522823 32.0170693658529 85.4172620541025 32.012748124554 134.213581533372 46.40294919302 26.6006751698113 69.6451926655813 33.2581792611001 21.6731812306725 26.3868929634021 83.1639849423793 8.71902323359492 84.9862003374908 93.0427826967926 69.4696104641916 78.6364688869697 57.4998676731792 2.61161120151381 71.420216262389 6.11835008856667 29.3217903374482 16.3872767529258 35.8951433672588 8.98702080665713 37.2628454297791 52.8453529742415 80.8908895202003 95.7161739018466 59.7706910442658 18.1585547530742 15.1613387554704 4.61136594866288 17.2351681166495 9.35156607825766 67.3320213962543 30.0615212665117 13.6278512010212 33.9806056935483 8.37276550362842 42.9326559931577 35.2567829103261 21.1994548808835 46.5154514375372 18.6693689156739 57.2150640960167 15.0181443795799 7.09967172664968 1.54981705158622 3.7011202708459 0.0021082027232578 10.9837160456305 37.3795093945123 74.1482960252188 58.7456572511415 40.0802843516368 31.5594075455567 12.6344255724828 29.0988577626096 12.1212154494333 3.66388074339548 39.5568394308911 98.5637806853824 36.6054857267037 120.214505655481 10.5084791299437 14.4922801772682 61.8645128456286 29.046794724333 81.9623409616097 49.2391679064118 31.693535463561 9.37367130045305 13.485100825254 43.3613435968437 31.5432480063537 57.2813782150075 31.1201688681203 43.485790253424 102.75264407001 33.3185319821923 17.1604286109242 45.5852209820788 54.7214374904025 1.75372931707207 30.7132184120823 16.3013432293409 30.0730488767797 85.109554911416 20.4352519386073 71.8322867914877 160.214165722966 12.9623466215609 5.25919668085784 19.0420219608574 70.3358819293806 29.4978395524227 44.7146709117461 33.2284266586403 43.629256893379 114.122164589876 66.2960110110314 21.109253024985 57.6010921913596 83.9524302421953 30.0382672548377 23.9891369333684 28.5938391259498 18.173711509281 68.1235354609949 4.89783161191526 51.0527793504593 0.640815948247983 71.4009872936027 20.4815753576898 1.59560899025286 14.3431414819648 32.8328364011474 31.9097871509058 104.369362846099 101.462342705694 48.7705154023972 65.016849866276 10.2863228574662 29.8284719431029 41.5636003918836 120.310955341245 17.3470332131306 21.9275011481804 32.3715735071968 49.9843824456754 14.5968281765153 6.78665217682189 52.7466199318901 9.56084446043107 122.675362900078 45.7546670566624 42.1272335313615 22.6123443151214 62.8958964871964 5.21237891885097 27.9610877547149 139.36189018578 12.1965053182483 14.8620868313349 10.2501791832894 16.1184211678932 59.2696810056624 68.0635262660818 64.3925631829934 22.4570552073586 4.91632504594341 90.1664953396279 37.9018216814879 39.9274237788778 53.8654203138964 15.734826389422 23.1547570646065 79.7544826997609 36.844373274298 56.449641002361 62.1072125240274 40.5360334174982 96.4778588158176 106.591853352192 129.180315747629 52.3463125819899 21.6147845731707 8.47952588170407 22.8836710742211 117.570940126928 28.5221585648804 87.220048890357 97.3782731145494 35.1562165617508 12.9013123121162 138.37506953347 100.506458979587 46.8139976160336 23.5314691787294 37.990943775569 17.3770654769192 39.4511775124625 37.1981928667912 45.6065165241406 15.4681704205384 16.1949768519942 36.3163267368013 17.4201064909177 68.6921025703173 6.09430741240017 49.3224636227261 5.96127876562726 89.1213268352527 28.3795162979892 121.003712182978 28.8600608754281 13.3875283647943 13.8847347067292 64.2538855378547 34.8995183841383 81.9675303032802 1.79933034743258 26.488842796955 32.770635514879 52.6702126784076 33.6959024747029 61.5006613874595 0.751783115553552 46.8663267642259 42.1744900168285 26.4433149461321 6.44264899069137 51.5779359564812 39.4200725837001 58.6029366848454 44.2710768670555 27.9290428669612 0.857029426128233 25.0845723934851 15.2958155766621 8.15974782294285 5.81716016954614 34.9022409079055 37.1417373199553 54.9752216537533 48.9938915854196 13.4613394946481 81.3056657540344 89.485072181962 41.9903227399339 5.47582413839379 68.4030649929327 22.766466995654 19.9907453326892 22.664327682518 35.9911298077809 65.8665459973939 65.1208754960533 63.8608628299299 34.0352181375478 44.4891319456678 42.2808051746276 53.4895182611558 17.6989101071367 32.675593663938 35.8612398620676 6.30802879314119 1.22669989576196 1.0154603794661 66.0722468748071 35.3915332104725 0.773200128641105 32.5523484412157 34.450596243794 75.4330042734717 18.6286393266015 78.384081062577 1.01260278899649 106.541182900886 23.1643090590903 30.4762450167974 48.6780541721065 3.45678588644827 48.5916293597955 19.2027484824827 19.3932208759438 42.0180946997241 28.7250256697924 19.9251261473643 133.478929632326 8.6458745957891 97.5854470398157 112.396407645425 30.3403146883038 7.47001372307847 12.506570139103 9.37828642493298 8.41121016257766 13.943563907893 63.985581259113 112.442797484464 54.381386182086 133.026087286868 47.6205782537526 5.78326828629672 53.9709098857649 89.4989715604961 6.06830549866845 79.9003943527475 4.69125080743785 104.697630447474 50.4774979152586 44.3359348498596 101.748537914339 78.7318359564648 26.6310089523447 3.55566519689754 85.4340573308222 28.9048492846 37.2457210019372 85.1507139574029 19.5533417019518 18.7742807817357 33.6844009368705 3.6383141045221 17.3803038026115 36.4054745128859 6.6456305567146 43.2802143904171 68.5176956656317 81.323796552219 0.662767824553591 18.7621452200812 63.6614529376344 17.4942874166187 34.9111438129997 181.429793309265 0.749189776032878 44.7818287591965 87.6080805890318 32.850093319628 67.1197290816808 8.47420450777753 2.23366436848665 64.6729013067945 16.1620527529505 42.0357951493797 28.3428978224659 46.7972023873477 32.5174282350377 45.9942068501657 14.7223731017147 5.59131920447568 5.46628624201006 80.3187532794454 4.59057294920182 29.3519805300292 26.0622855092697 5.46684779651152 27.8952157708476 2.86900031784308 61.4842772109668 32.5725275312616 11.9558740574992 75.4955271525872 7.41321738560544 50.3952698023611 59.9758643423515 15.8397432297186 37.1253457437295 26.3399000333284 86.1247465056833 103.962691854309 16.3974255659661 55.4622826532781 25.7117356386298 12.7908803481116 43.5652291134941 95.3791599936903 64.6484685155035 21.3988190738565 83.9030009521911 44.1447550902494 26.1004975137775 47.8148761602069 52.2726394780491 87.9773447056831 31.6046729616781 129.374351131038 28.037200308984 70.9402048275051 22.6323051525836 50.1820684463142 33.248362293888 1.91814587948454 33.7406517374156 16.2130632896194 71.0702140233586 25.7500040469672 44.3691871661551 60.4940551431312 74.9549022085312 35.7914901530028 2.50823519493203 10.4485136475843 36.4405965338918 16.6300023906645 19.9179774297866 90.4652218966659 37.4500437916743 117.573042680457 104.633892795725 16.3885512216179 56.1063829768316 24.3384965500619 10.7145368911336 8.78390605743715 71.6671297026324 5.12666197575851 116.42860024805 94.0703221004935 4.10214707557227 106.693152757399 144.043006545725 54.2835398017141 104.460857125125 2.97093893716066 80.774833897917 38.0242066574996 47.0443507163535 29.6541445379558 77.4411200042177 60.544333598382 44.1064188748506 27.5858417209216 91.2983739242399 12.1812314648891 3.37624735606648 16.2752600744217 34.5041371179812 17.1786245883646 125.092469144314 39.2859228403017 22.1784129064026 56.1126753290334 29.6057796401528 18.6067990818641 54.6737161414967 64.6942288339462 109.402829209396 22.993384198493 20.247938463052 49.5550523180701 19.4623779900379 3.86402721586985 16.4191722781768 105.384334495535 9.41643782247666 81.1574875215444 53.263924467803 66.6058800790831 16.9456275145677 10.2904314676016 47.9064591768607 25.8555793514779 48.938133493814 47.6879261676108 29.3162232814005 59.6765820087837 79.7385266723274 9.73126836379137 7.1603664837669 48.2881531110482 86.7940422222938 10.4780832798879 5.01909324357379 27.8850464952018 22.7383715695965 63.6830631941896 39.8832596644724 2.17760626612732 4.05249178283699 67.0403118278424 13.8738041873873 26.7290984835416 62.9228178241966 4.88705925602314 15.1903688848634 37.3055328864275 2.73049273116653 58.1982923964186 26.5083496629666 36.5802830501619 79.8456758936136 53.0296532863302 90.1531131736123 35.8414034430998 4.095273267104 0.489835768333467 23.7012611713799 48.5630884760155 4.22473684209742 41.7316058292563 26.1219026327289 70.546027113031 25.0121656022137 45.6116623572607 51.1786145465198 42.5224978004324 0.127118817386504 75.4464689274078 30.4581511394725 10.3840064681566 47.2100361963774 85.8035575048083 30.3335285794245 2.55282163852245 43.5937408478095 41.7027605437087 34.4135638815452 94.5394479841939 29.9170163791339 22.1242308754534 32.7273845193772 20.0214500755578 62.6745748876713 141.882147903764 47.7996434568793 120.14857347263 45.3728406751666 14.6603555419912 46.0201731282011 4.34644827699505 110.796348471914 113.572670873798 69.8924597307681 27.1550993196757 2.80438958173962 54.0202076024466 32.2991425104784 6.94681308422578 30.4004403409611 1.31064061393621 7.06361631030649 23.5581354923096 50.4912782304173 23.5473790902782 48.5376908687178 37.604332620321 12.7307901411587 116.951173685987 6.74177706175709 22.9472774336276 142.056079606437 6.80575766346336 30.9426890914861 112.143416722242 21.5690092863456 140.306494040653 76.9696802938103 18.4758940073522 24.9521637101408 1.4083371719119 36.4946199400022 11.6330434854848 84.9310461937507 29.8184895575235 49.12382463595 87.6310022676208 66.9940262588947 74.1840200524419 41.0224923944366 31.430948913911 83.7254451874279 0.68014502984138 8.26479661578108 18.3673444550597 14.8474000356391 82.1581270260354 85.3659181893043 89.8970341445175 101.196888478614 90.4678577748624 14.0499644102078 28.2877480309803 15.6789565971409 52.6797495910764 10.6510773820753 88.0714882419551 20.6221154256114 62.4702211356099 6.00344643864593 24.7251713028671 52.5579066770421 66.9156924649712 20.6989786062648 36.2752822690179 47.9071135039125 64.7508398365415 9.83324257365721 39.1610374552791 3.28271530832289 11.4317229401282 63.1154473248635 64.880713451215 11.6288428950639 1.9365401644286 31.5146617450109 58.4636820322022 92.4973388327195 51.8503857702826 39.5467000655582 22.3712146469158 10.3249341630779 56.1747851109434 4.22916487678039 61.6899173618374 53.5648911358501 22.6522656729463 16.595876400453 10.4792285261326 67.5936937461244 40.6541685684487 23.8539081545654 20.9759719344401 53.8396234227083 39.5852753705955 108.183356359945 48.0801520015954 2.6762055451609 4.72898232006116 26.259654463405 2.69401844216833 6.0247217786446 2.44088937476599 49.8543640093719 28.0197590319135 12.5855998428019 61.5706777915688 50.631881494692 17.3890210772109 117.24326263639 17.1023518234145 66.6221255281467 28.0504389117456 58.1073621929296 123.670927898697 88.8020637973595 23.0749380008023 7.5408320318673 10.8548692782099 51.905486712705 3.99114824551217 55.4715152381451 52.8318532829755 53.022992354277 12.4580788154004 57.8777292456181 52.3877345963456 72.0307015749833 2.39065557846174 14.8994076014218 27.5357671097702 6.95355650646699 55.8929297456843 49.5852268502713 103.872436157221 0.700968300200057 23.5854107666286 7.94300063795704 79.2455398641677 2.34001412288575 14.2398391728868 27.089152869169 26.7374879057481 42.8298216383371 6.80722001783994 55.0537416003966 4.62909971789707 41.7657342902653 13.0162847072056 21.4547732072436 125.374165964735 2.94769659530676 66.8199583234132 41.8483276598292 14.3586975401349 15.9076967751158 36.2398018817812 3.18912451673605 8.36244054002961 32.6359368115351 17.983813035588 11.4103356445513 14.0779832849044 19.9816347623605 49.046521701063 7.39762877300704 28.8263558051812 37.8384146945687 21.5196708490614 1.96325766687776 42.0365414071673 11.4965052640741 51.7128411518376 30.804606417006 69.4627282709367 27.7290106016242 20.3747716061532 53.5210006316503 70.0462719553694 24.6952073856005 16.5766699308963 69.0027221818467 26.4533353435241 15.6246996345223 0.628324254428284 7.39353555137744 22.8869237788812 16.8725215572143 9.92033555118566 22.1261998185378 15.9671473365758 92.5242818485875 66.0111405476282 13.2509942471753 28.0323759865224 25.282360809909 72.633417673065 58.851499523249 57.8535023875265 18.3265218892178 96.3961327551035 17.9146142128043 73.0589815740307 47.0303695464206 23.6343418272432 34.7374964876118 25.7775479550982 41.0478748049198 48.0190442275225 34.4501730585805 30.7940634325421 76.0954576306954 5.67064439536228 28.309778297934 107.245583615189 7.92719493277739 4.73933647570286 14.2284621906621 44.7346164518744 16.9428397922592 42.7207326236844 74.217822804525 32.4011646045103 11.801688637999 22.6712047909569 32.621666264989 36.4243863178182 70.0428713962467 10.8101868017577 17.0184717710469 38.3953846546441 5.93571551474397 5.24523030048694 15.8975175900296 22.8339303031139 6.78809972997252 12.7260706615858 8.49942738912039 121.816788906495 29.1960916329597 41.9405584295284 29.3914612509203 19.7718696850627 60.7695955535138 5.90457120035182 25.0853370662165 104.676623507569 10.085755237249 14.5600314132117 11.6501965824917 51.8715972824787 31.5793511373851 20.09623304113 97.5762708524822 105.020363732163 89.4255119874448 21.7726590610338 18.1717484575993 60.4875527164451 50.655801531445 70.9627724566257 5.0946787224152 88.1561870506343 4.59862220376117 105.297155175301 24.3834550771239 24.6486024654685 0.814353091970769 19.1423448463744 0.838693908086673 67.8100541057651 131.225490937025 46.9106279713553 11.0747098430474 39.3343078746984 61.7304907670781 38.5139025154332 24.8571067215079 46.0913783791561 13.4747189278331 123.301955596527 92.7869494967434 81.5769184904746 25.3282799693084 77.6745482679309 25.0778811148324 32.3255027011367 138.260255824685 63.1307408001811 1.90090903962068 55.0449674637563 141.360654848363 29.0112476744262 68.3489602171599 57.3724332955102 20.7593804408893 82.9456940593571 3.49846987627773 64.6348686069606 69.5632708308121 8.87639468346266 3.48409154219799 64.1032055180499 42.0339954541948 22.2560174581921 1.62874925144129 96.9032724308196 85.970735906921 21.250247176568 30.588318132526 141.624624427364 60.7049598747502 26.1597411875028 50.507581294205 56.8325445029953 178.416403065755 65.672562110797 10.5382898694152 73.1035614821713 76.3307257003819 29.7708906417573 18.4319022780319 65.5599979305498 81.985699848263 0.679629440007453 60.17451282185 36.8421588805859 0.190008303983361 16.6450492409086 86.3325398706461 38.4862378718354 32.7068794843729 89.7050894396803 99.6903526947556 17.5157489352915 109.211484615434 86.3174669464592 60.5128536769554 19.3771895961522 21.3257305777737 14.4280406262241 9.08340861536392 52.8147767736024 27.0301241634087 41.175323658677 0.673594631507611 17.6684146166642 0.349941730173547 11.765538822214 2.51330559569195 73.1719000681926 8.01407871448152 16.9009374540027 24.9695880461999 22.7698263161467 10.9400864347136 46.3637720464367 45.5910529611913 6.36813767238639 37.1617537471343 1.84079747453893 26.7434220061063 5.57790494579269 50.5618653572453 10.7117387144328 9.85230743174449 5.44355603654103 38.8806235502414 5.22718833216479 82.9317131108057 21.9072827811429 19.1776588147857 79.9709540176145 90.1635116735866 50.930953678306 32.1739542321497 102.382149437876 75.6655495184389 33.0179244334234 13.0675944326468 34.8627774724233 15.027643151862 107.194997250745 9.05566298369412 98.7150038393706 1.08835054769048 22.229926480802 23.2661524787173 86.5599928706549 48.2934447950645 17.7198697919416 69.9746232444787 0.820636491888718 3.05591946626532 27.799286032349 22.5849023519996 31.4051094215325 66.840949409653 16.9495343798377 22.8250663436141 22.2160334316718 67.4667735311741 29.8408593839403 0.974142108478167 35.0077224547448 7.49007783669581 72.3768160772197 55.5189596081204 117.450507121997 115.225664389925 61.0910723244598 93.9697813985527 1.0537847058954 54.8596952422528 75.7930893844927 94.0463401703792 52.5715727885498 5.76962249697811 23.4670649987835 139.280040913696 69.8459290223914 14.5248977718029 4.63222784769007 51.1423175461481 13.6579104368318 90.4838272413354 69.6741741811744 20.2337269806267 6.95234040541512 1.60372808244339 82.7826500348665 27.911306080377 23.361803463713 77.2054024349502 42.3338461999189 82.6748773132334 3.15982578842847 12.3072273277115 31.723937014301 75.7148381913535 50.6968069886821 98.1902562902573 99.3118836478982 28.2354043861166 42.1585375154142 8.48810626900038 16.7823068321593 36.79314498704 60.6612625041035 30.3732885629578 1.95367220329431 140.666924467884 21.8994195375291 7.96165470155679 39.5325162706301 25.1505834403483 24.7661279431387 35.3814530480656 70.1735687807909 150.024175638634 27.5597835493264 63.6667511360803 4.17481065899026 91.8505293384262 59.9962816161425 12.6494421353265 88.5363944045132 54.0440762228579 12.5159009687013 44.0926665345668 10.5959717562717 19.6682745224201 41.5928104348743 132.56116925034 58.3064570769295 86.1645905949946 13.6778872319519 47.3993358690584 138.150553729561 58.303977574991 135.531681259766 91.6700514447903 89.2296604734196 33.3310617548431 2.65487685320373 27.9813912345116 128.965700013811 23.7143816773563 59.6785342615156 76.6947368501776 24.0707213573666 158.561354872419 5.73617280869305 24.023446999587 39.5929913664887 33.640983744452 59.8419029263072 19.8927104403163 56.9591509198763 17.8865488658417 5.71769888066662 31.9840628887036 7.88711767454632 111.54553970521 80.9088300656726 68.7711216897095 9.11593094563188 10.2822376154217 5.88381846164077 105.408281751053 7.12782918599153 127.017798170395 72.5030446652246 29.8530353183294 26.1281737223802 8.98779060054534 9.09648863041789 9.51188663360918 11.4525509762622 99.5388409467476 122.64621880586 46.2136914550158 68.2519237415629 69.7177573533969 87.456261746079 43.3169841759332 8.51270232822917 91.8210745672216 66.4399496281823 47.7725325693166 6.6755936166295 81.5176756593607 138.429097067476 39.6849843842859 13.6947256200663 111.518196619587 37.9361338160131 23.514747400129 7.78093535296584 43.1001828056886 22.4004057023368 13.6088176348295 64.7419556598068 127.949955360939 182.372128985553 139.079333568397 2.73177962002098 5.73062031498027 176.73009009908 43.3523136485026 131.643432292962 81.4013506814417 7.54550093382034 64.188654339715 72.353886685253 22.3699594015227 79.9756233493728 128.330039938159 41.1879515650287 3.74465307557197 100.127884016065 84.2927873862527 97.7341870328395 87.3283569661879 29.9857868668399 57.8829671522271 79.0056324482534 50.8471355853893 133.15297264185 19.8550256818615 41.5476120344654 13.852627521121 51.2416436360706 116.967804493932 19.1391127242628 36.609158949652 42.687787671617 5.46936546088308 63.6456095376894 117.496578097107 56.5847989254239 32.7130952310203 8.54380292350828 28.7345012675988 33.5034400374356 4.2362311556714 67.2995320538858 13.1737949630006 1.37647716085173 42.3169622674895 31.1434064324701 131.873805164622 0.953612897267674 73.409669803303 92.4486307479336 98.7023243167372 127.372567064763 2.51113441901357 71.9520626273685 106.223713681885 32.6589581484322 28.8213199830471 29.1512963217132 17.1679670929011 21.1700911096591 129.079263263416 105.307490346588 72.6889231480279 9.39228573934013 39.8144467672801 41.2486835432898 29.0200926533601 123.051145731149 110.562287648374 53.9407916154658 62.472235306359 1.48388516785967 39.2636341778858 111.999858858107 9.04876374885572 6.56307216493339 39.5558578820265 103.01924927042 18.9345242784741 23.044499203087 15.6865467190858 2.69733559739291 44.3144025658165 34.8877476629616 50.4141964793682 47.0300916533261 9.67108196607479 31.8224545132808 26.7055992184713 36.2012191851401 152.590875521306 59.3696416372445 14.5999511322185 34.0232722180757 66.794897431841 86.2172208294317 82.21022713053 31.9836658609333 76.8684654917575 43.909943913876 69.5652204215402 39.9520102702574 67.1760407550476 44.6392181599854 30.6644586245069 28.1735688670697 104.110652618915 89.6274024328518 44.5586631490509 101.038108869274 71.4024412450038 89.5845680184616 155.468522912989 27.932225182744 34.9741658667258 43.6743292638944 24.6607730236434 27.131154353866 85.4005539783925 152.972650437208 166.841091506764 47.0483975422366 70.6289857497184 10.7345939114602 70.5449477508375 18.4411419235161 0.713228320097086 42.3253503034319 49.3157199681484 78.5684233343193 102.386534594062 57.5388036107192 18.5109784158856 22.3849779449298 128.766169503897 74.0676334713767 109.385919454276 6.0794971842119 174.441784574502 18.612244687272 81.6958801993612 102.097728315758 0.828303069718801 36.5456852119502 94.5929211417846 35.3725202569928 52.6454330122948 12.24671921302 91.5171259655894 19.6833719948944 7.08837123233225 44.7920927919327 47.1640166660603 74.3421537426164 88.531069848203 32.7780238675522 5.80196764665457 140.282419231029 50.4220751096467 109.910920554487 80.1121873568872 51.5118098903001 11.0807054615191 28.3197871347161 3.17046192399909 15.7488897374381 9.62329714767981 39.9646092505964 86.9076074154865 2.73476184943278 76.4630489791022 13.7621966225656 31.6826570184632 45.3033577432246 27.5676132022836 4.75693386532137 120.371156649155 3.03079592289302 78.4269578174626 13.656745616718 17.327213707683 115.541726784292 8.01645304767944 94.9609733026624 32.5509121342591 138.734401030221 150.770773145297 42.1674012616332 60.4733737347347 72.1563839380225 127.971779757059 48.0415911152053 27.0547598424605 3.0034481575208 44.1878641249785 60.6671360110161 19.7597573775867 0.58383392895536 77.0067609028356 27.3498443090103 16.5782299093603 21.2577361591852 13.8691554940973 167.033654327552 74.906475197259 40.8621524554792 42.6182844181666 50.2479540202699 99.2039643159976 55.5680165972479 1.53429633417621 66.99399397836 75.9537253428035 42.4497867687017 71.6490055524581 94.1845929356855 32.6330155523603 44.8590059944445 69.8577562749496 2.36416156651412 197.296060075862 32.4789069467318 4.54806972979072 116.903604412252 75.4642191296091 39.0975495260632 27.0554380727326 102.980898240094 51.2908351461392 120.324220560185 52.363672233582 55.2126435265227 0.478652062043921 77.4101097322884 64.0447104797301 50.2490501788019 29.1682718110376 14.0213939462453 14.3900395773937 17.3150889507099 67.8746240259226 16.6617009183777 63.6789590936455 32.1674678241576 71.4298594828587 25.5713309144255 19.4705618328028 89.7668014725428 39.5324906528488 19.729685648206 87.2662813715635 102.977255623202 37.2596424274681 4.60769952913599 67.4176017432174 17.4771713947053 32.2574489960766 124.536632744253 18.1685642757621 85.5840337242599 91.4915132457047 67.4291906277923 35.218777993206 116.707261263157 107.016287839183 57.572777719326 33.1984820038774 22.0740999081714 103.49796224167 16.0183300915877 41.1630902186671 69.3446769384489 28.9592589167317 36.1297296652631 14.8010446488775 15.13231652322 94.3546499767573 29.6827628429133 57.8937369607377 65.2699445023023 21.9823184535331 65.4770237388815 34.0835527974069 30.4921498493003 24.7115416910464 10.9075706922923 10.4064962601993 1.95524790249436 40.8416184226361 55.6369989894389 31.8083721935675 54.5481905463437 31.456326008228 16.0903902562065 7.11350207082764 0.303447217403552 51.1452571368351 32.420624790965 16.2753233733007 60.9935133104343 7.73951649974544 24.5072840425121 44.8985682066467 24.2834898766534 19.4566935473819 23.7429480212713 19.5329014144685 21.013555487322 0.663257589014715 31.2099612018125 105.400556934144 12.8968951638242 30.5902902742754 54.5920161225449 40.4763351829271 98.5210213404164 72.9564563571815 48.5205853211452 103.695596009107 49.8031735529757 24.7023845745003 37.6227946479253 1.12702223819459 68.9242479165826 125.343661681288 56.1130992346041 101.842633633639 4.50449063362953 1.51324849042128 140.009483442449 46.4304545919271 18.701350238798 24.2389335920841 6.02858144493778 82.0022818288346 0.182249679280459 63.9527072823324 124.083303652804 29.5614768752648 45.0625934311565 45.9722415830737 30.8060439637378 144.17973457355 106.456557356804 40.6825373285676 18.1776240600974 96.0184051570551 7.36558714118114 29.6160702283218 58.8244298198129 28.550753490268 4.26443494360773 47.1292100515618 57.0065039933332 131.769008264243 36.2579194346346 3.50068125327105 78.6242143427698 22.9091599883779 8.46667281204082 65.2122278783292 17.8952500077892 41.4432969306979 104.909242153737 17.4647560114435
