Instancenumber:
22
Instancename:
A-n34-k5
Customers:
33
Depot:
0
Dimension:
1122
Vehicles:
33
Capacity:
100
Demands:
0 23 3 24 15 15 24 7 25 13 5 7 5 14 13 5 24 15 9 16 13 16 13 24 20 23 20 3 15 12 19 4 15 1
Uncertainty:budgeted
Gamma:
33
Mean Vector:
52.3450093132096 38.4707681233427 76.1577310586391 33.9411254969543 31.6227766016838 40.2492235949962 36.7151195013716 48.7031826475437 57.2712842531054 31.6227766016838 62.0322496770833 68.0294054067798 36.0555127546399 31.6227766016838 42.0475920832573 47.2016948848238 69.4262198308391 27.7848879788996 69.656299069072 12.1655250605964 42.190046219458 54.9181208709839 60.2992537267253 44.2718872423573 65.299310869258 17.0880074906351 52.0384473250308 66.0302960768767 38.8329756778952 42.3792402008342 69.656299069072 74.7261667690776 36.7151195013716 52.3450093132096 75.3923072998831 104.019228991567 81.706792863262 35.3836120259083 20 23.3238075793812 11.6619037896906 88.8369292580512 39.446165846632 17.0880074906351 97.6524449258696 40 22.3606797749979 18.4390889145858 86.1626369141521 40 68.4105255059483 38.0525951808809 64.1248781675256 60 91.2359578236563 8 22.3606797749979 45.1220566907139 62.0322496770833 4 50 14.142135623731 23.3238075793812 48.6621002423858 73.348483283569 84.8528137423857 38.4707681233427 75.3923072998831 37.9473319220206 58.309518948453 68.1175454637056 56.3205113613149 52.4976189936268 66.4830805543786 18.9736659610103 36.8781778291715 76.9415362466854 29.732137494637 38.2099463490856 53.665631459995 58.2408791142441 10.770329614269 71.0211236182588 10.770329614269 72.691127381545 32.5576411921994 23.4093998214393 16.9705627484771 82.8733974204026 76.8374908491942 62.0966987850401 51.4198405287298 76.9675256195754 59.464274989274 61.7413961617325 75.2861208988748 65.1459898996093 53.7401153701776 21.2602916254693 76.1577310586391 104.019228991567 37.9473319220206 94.1912947145329 104.307238483242 84.0238061504 80.9197132965756 93.2308961664533 18.9736659610103 65.1152823843988 100.239712689133 8.24621125123532 64.0312423743285 84.8528137423857 85.6037382361308 32.0624390837628 85.4400374531753 48.7031826475437 87.9317917479224 70.3420215802759 44.0454310910905 24 110.435501538228 110.634533487515 74.7261667690776 89.2860571421989 106.526991884686 69.8569967862919 92.0217365626187 109.343495462693 75.7099729229908 50.0399840127872 52.0384473250308 33.9411254969543 81.706792863262 58.309518948453 94.1912947145329 50.3587132480567 73.2393336944022 70 80.6225774829855 76 65.299310869258 94.0212741883453 86.0929730001235 69.656299069072 63.8122245341753 74.8865809073962 62.1288982680363 103.324730824716 49.0306026885251 103.479466562212 28.6356421265527 71.6937933157397 70.2566722810012 89.196412483911 66.7532770731145 99.1564420499243 19.6977156035922 80.3243425120928 99.6393496566492 69.7710541700496 64.7765389628066 103.479466562212 105.603030259553 42.7551166528639 31.6227766016838 35.3836120259083 68.1175454637056 104.307238483242 50.3587132480567 37.3630833845388 36.4965751817893 39.446165846632 86.0232526704263 44.7213595499958 51.2249938994628 96.5194280961092 48.3735464897913 28.2842712474619 37.9473319220206 77.7946013551069 69.0796641566822 58 68.0294054067798 42.9418211071678 63.9061812346818 85.0411665018772 41.6173040933696 16.4924225024706 69.8569967862919 32.0624390837628 32.8024389337135 72.9931503635786 28.6356421265527 14.560219778561 74.2159012611179 90.1997782702374 68.264192663504 40.2492235949962 20 56.3205113613149 84.0238061504 73.2393336944022 37.3630833845388 4 10.1980390271856 68.9637585982667 19.6977156035922 22.3606797749979 77.6659513557904 20 10 2 67.0522184569608 32.2490309931942 50.3587132480567 31.6227766016838 50.5964425626941 40 71.6937933157397 26.8328157299975 32.5576411921994 32.5576411921994 54.0370243444252 22.6274169979695 36.0555127546399 10.1980390271856 32.2490309931942 36.8781778291715 56.3205113613149 68 36.7151195013716 23.3238075793812 52.4976189936268 80.9197132965756 70 36.4965751817893 4 14.142135623731 65.5133574166368 16.1245154965971 26.3058928759318 74.4043009509531 16.9705627484771 8.24621125123532 6 63.2455532033676 34.4093010681705 46.3896540189728 34.0587727318528 46.8187996428785 36.8781778291715 68.0294054067798 30.4630924234556 33.5261092284804 33.5261092284804 50.9901951359278 25.6124969497314 36.4965751817893 11.6619037896906 32.9848450049413 37.9473319220206 55.3172667437573 64 48.7031826475437 11.6619037896906 66.4830805543786 93.2308961664533 80.6225774829855 39.446165846632 10.1980390271856 14.142135623731 78.7146746166177 29.732137494637 13.4164078649987 87.1320836431679 29.5296461204668 17.0880074906351 8.24621125123532 77.2010362624751 30.5941170815567 60.5309838016862 29.1204395571221 59.6657355607052 49.3963561409139 81.706792863262 17.2046505340853 30.2654919008431 34.2344855372474 61.057350089895 15.2315462117278 38.8329756778952 11.3137084989848 30.5941170815567 38.0525951808809 61.7413961617325 78.0256368125246 57.2712842531054 88.8369292580512 18.9736659610103 18.9736659610103 76 86.0232526704263 68.9637585982667 65.5133574166368 78.7146746166177 49.3963561409139 87.3155198117723 10.770329614269 49.1934955049954 68.4105255059483 70.7106781186548 14.560219778561 76.2364742101837 29.732137494637 78.4091831356506 51.4198405287298 29.732137494637 8.48528137423857 95.770559150503 93.3380951166243 66.0302960768767 70.3420215802759 90.9725233243533 62.0322496770833 76.0263112349928 91.9347594764896 68.0294054067798 48.3321838943783 34.928498393146 31.6227766016838 39.446165846632 36.8781778291715 65.1152823843988 65.299310869258 44.7213595499958 19.6977156035922 16.1245154965971 29.732137494637 49.3963561409139 40.1995024844836 58.4123274660409 4.47213595499958 20 21.540659228538 47.5394572960189 39.446165846632 32.0624390837628 40.2492235949962 38.4187454245971 21.2602916254693 52 46.518813398452 46.6476151587624 33.9411254969543 48.3735464897913 41.6173040933696 34.4093010681705 26.9072480941474 45.6508488420533 38.2099463490856 46.0434577328854 50.6359556046887 62.0322496770833 17.0880074906351 76.9415362466854 100.239712689133 94.0212741883453 51.2249938994628 22.3606797749979 26.3058928759318 13.4164078649987 87.3155198117723 40.1995024844836 94.847245611035 38.8329756778952 30.4630924234556 20.3960780543711 87.4757109145162 24.738633753706 72.0277724214764 22.3606797749979 72.8010988928052 57.5847201955519 91.214034007931 16.1245154965971 39.3954312071844 32.2490309931942 74.4311762637136 20.8806130178211 37.7359245282264 24.4131112314674 40.2492235949962 34.928498393146 62.8012738724303 90.0888450364417 68.0294054067798 97.6524449258696 29.732137494637 8.24621125123532 86.0929730001235 96.5194280961092 77.6659513557904 74.4043009509531 87.1320836431679 10.770329614269 58.4123274660409 94.847245611035 57.6888204074238 77.8973683766018 79.3221280602078 24 81.5843122174846 40.4969134626332 83.9523674472614 62.0966987850401 37.7359245282264 16.1245154965971 104.307238483242 103.324730824716 71.0211236182588 81.0431983574192 100 66.4830805543786 85.2760224213114 101.980390271856 72.4430811050993 49.0306026885251 44.181444068749 36.0555127546399 40 38.2099463490856 64.0312423743285 69.656299069072 48.3735464897913 20 16.9705627484771 29.5296461204668 49.1934955049954 4.47213595499958 38.8329756778952 57.6888204074238 22.3606797749979 21.6333076527839 48.6621002423858 35.7770876399966 34.5253530032641 36.7695526217005 42.5205832509386 20 52.4976189936268 46.6476151587624 49.1934955049954 29.732137494637 52.8393792544916 42.5205832509386 30 28.4253408071038 48.3321838943783 33.9411254969543 42 53.3666562565053 31.6227766016838 22.3606797749979 53.665631459995 84.8528137423857 63.8122245341753 28.2842712474619 10 8.24621125123532 17.0880074906351 68.4105255059483 20 30.4630924234556 77.8973683766018 22.3606797749979 11.3137084989848 64.4049687524185 42.190046219458 46.1735855224608 41.6173040933696 42.7551166528639 41.2310562561766 69.9714227381436 30.2654919008431 26.8328157299975 41.7612260356422 44.407206622349 23.4093998214393 44.7213595499958 8.24621125123532 26 46.1735855224608 62.8012738724303 62.5139984323511 42.0475920832573 18.4390889145858 58.2408791142441 85.6037382361308 74.8865809073962 37.9473319220206 2 6 8.24621125123532 70.7106781186548 21.540659228538 20.3960780543711 79.3221280602078 21.6333076527839 11.3137084989848 68.9637585982667 31.3049516849971 52.3450093132096 30.5286750449475 52.4976189936268 41.6173040933696 73.5391052434009 25.0599281722833 32.2490309931942 32.2490309931942 55.6057550978314 21.2602916254693 36 10 32.0624390837628 36.4965751817893 56.9209978830308 70 47.2016948848238 86.1626369141521 10.770329614269 32.0624390837628 62.1288982680363 77.7946013551069 67.0522184569608 63.2455532033676 77.2010362624751 14.560219778561 47.5394572960189 87.4757109145162 24 48.6621002423858 64.4049687524185 68.9637585982667 80.3990049689671 19.7989898732233 82.2192191643779 39.3954312071844 32.2490309931942 8.24621125123532 93.637599285757 87.2009174263666 71.0211236182588 58.309518948453 87.7268487978452 67.9117073853986 72.4982758415674 85.6037382361308 73.7563556583431 58.821764679411 20.3960780543711 69.4262198308391 40 71.0211236182588 85.4400374531753 103.324730824716 69.0796641566822 32.2490309931942 34.4093010681705 30.5941170815567 76.2364742101837 39.446165846632 24.738633753706 81.5843122174846 35.7770876399966 42.190046219458 31.3049516849971 80.3990049689671 69.5701085237043 2.82842712474619 77.6659513557904 48.1663783151692 82 40.7921561087423 60.8276253029822 10.770329614269 84.8999411071645 44 16.1245154965971 40.4969134626332 61.1882341631134 11.3137084989848 41.2310562561766 88.5437744847146 27.7848879788996 68.4105255059483 10.770329614269 48.7031826475437 49.0306026885251 58 50.3587132480567 46.3896540189728 60.5309838016862 29.732137494637 32.0624390837628 72.0277724214764 40.4969134626332 34.5253530032641 46.1735855224608 52.3450093132096 19.7989898732233 69.5701085237043 70.8801805866774 22.0907220343745 25.4558441227157 27.2029410174709 76.1577310586391 67.6756972627545 61.7413961617325 40.7921561087423 69.5701085237043 60.0333240792145 54.4058820349418 66.0302960768767 65.299310869258 58.821764679411 18.9736659610103 69.656299069072 38.0525951808809 72.691127381545 87.9317917479224 103.479466562212 68.0294054067798 31.6227766016838 34.0587727318528 29.1204395571221 78.4091831356506 40.2492235949962 22.3606797749979 83.9523674472614 36.7695526217005 41.6173040933696 30.5286750449475 82.2192191643779 2.82842712474619 70.8801805866774 78.2304288624318 50.0399840127872 84.0238061504 38.4707681233427 59.2283715798434 13.4164078649987 84.8528137423857 42.0475920832573 18.8679622641132 39.3954312071844 59.6657355607052 14.142135623731 44.0454310910905 89.8443097808648 12.1655250605964 64.1248781675256 32.5576411921994 70.3420215802759 28.6356421265527 42.9418211071678 50.5964425626941 46.8187996428785 59.6657355607052 51.4198405287298 38.4187454245971 72.8010988928052 62.0966987850401 42.5205832509386 42.7551166528639 52.4976189936268 39.3954312071844 77.6659513557904 22.0907220343745 78.2304288624318 43.081318457076 47.5394572960189 72.1110255092798 56.3205113613149 72.2495674727538 18.9736659610103 64 72.1387551874857 50.3587132480567 54.4058820349418 76.4198926981712 76.9675256195754 25.6124969497314 42.190046219458 60 23.4093998214393 44.0454310910905 71.6937933157397 63.9061812346818 40 36.8781778291715 49.3963561409139 29.732137494637 21.2602916254693 57.5847201955519 37.7359245282264 20 41.2310562561766 41.6173040933696 32.2490309931942 48.1663783151692 25.4558441227157 50.0399840127872 43.081318457076 34.2344855372474 66.573267908373 67.6756972627545 38.8329756778952 58.8557558782486 62.4819974072532 36.0555127546399 48.0832611206852 66.573267908373 41.7612260356422 34 43.2666153055679 54.9181208709839 91.2359578236563 16.9705627484771 24 70.2566722810012 85.0411665018772 71.6937933157397 68.0294054067798 81.706792863262 8.48528137423857 52 91.214034007931 16.1245154965971 52.4976189936268 69.9714227381436 73.5391052434009 8.24621125123532 82 27.2029410174709 84.0238061504 47.5394572960189 34.2344855372474 98.488578017961 93.7229961108798 72.1110255092798 66.4830805543786 93.0591209930547 68.4689710744948 77.8973683766018 92.1954445729289 74.4311762637136 56.3560112144215 28.0713376952364 60.2992537267253 8 82.8733974204026 110.435501538228 89.196412483911 41.6173040933696 26.8328157299975 30.4630924234556 17.2046505340853 95.770559150503 46.518813398452 16.1245154965971 104.307238483242 46.6476151587624 30.2654919008431 25.0599281722833 93.637599285757 40.7921561087423 76.1577310586391 38.4707681233427 72.1110255092798 66.573267908373 98.488578017961 26.9072480941474 47.5394572960189 69.5701085237043 8.94427190999916 52.8015151297763 22.0907220343745 28.2842712474619 50.5964425626941 77.175125526299 92.7793080379456 44.2718872423573 22.3606797749979 76.8374908491942 110.634533487515 66.7532770731145 16.4924225024706 32.5576411921994 33.5261092284804 30.2654919008431 93.3380951166243 46.6476151587624 39.3954312071844 103.324730824716 49.1934955049954 26.8328157299975 32.2490309931942 87.2009174263666 60.8276253029822 67.6756972627545 59.2283715798434 56.3205113613149 67.6756972627545 93.7229961108798 26.9072480941474 64 48.0416485978573 18.8679622641132 68.1175454637056 22.3606797749979 2 68.0294054067798 88.7693640846886 80.6225774829855 65.299310869258 45.1220566907139 62.0966987850401 74.7261667690776 99.1564420499243 69.8569967862919 32.5576411921994 33.5261092284804 34.2344855372474 66.0302960768767 33.9411254969543 32.2490309931942 71.0211236182588 29.732137494637 41.7612260356422 32.2490309931942 71.0211236182588 10.770329614269 61.7413961617325 13.4164078649987 72.2495674727538 38.8329756778952 72.1110255092798 47.5394572960189 64 81.6088230524127 49.0306026885251 5.65685424949238 42.190046219458 64.0312423743285 4.47213595499958 31.1126983722081 80.6225774829855 17.0880074906351 62.0322496770833 51.4198405287298 89.2860571421989 19.6977156035922 32.0624390837628 54.0370243444252 50.9901951359278 61.057350089895 70.3420215802759 48.3735464897913 74.4311762637136 81.0431983574192 52.8393792544916 44.407206622349 55.6057550978314 58.309518948453 84.8999411071645 40.7921561087423 84.8528137423857 18.9736659610103 58.8557558782486 66.4830805543786 69.5701085237043 48.0416485978573 81.6088230524127 60.7289058027559 82.6801064343775 50.1198563445667 46.0434577328854 86.0232526704263 91.7605579756357 42.8018691180654 52.0384473250308 4 76.9675256195754 106.526991884686 80.3243425120928 32.8024389337135 22.6274169979695 25.6124969497314 15.2315462117278 90.9725233243533 41.6173040933696 20.8806130178211 100 42.5205832509386 23.4093998214393 21.2602916254693 87.7268487978452 44 69.5701085237043 42.0475920832573 64 62.4819974072532 93.0591209930547 8.94427190999916 18.8679622641132 49.0306026885251 60.7289058027559 53.851648071345 15.2315462117278 20 52.6117857518636 76.9675256195754 85.5102333057278 66.0302960768767 50 59.464274989274 69.8569967862919 99.6393496566492 72.9931503635786 36.0555127546399 36.4965751817893 38.8329756778952 62.0322496770833 34.4093010681705 37.7359245282264 66.4830805543786 30 44.7213595499958 36 67.9117073853986 16.1245154965971 60.0333240792145 18.8679622641132 72.1387551874857 36.0555127546399 68.4689710744948 52.8015151297763 68.1175454637056 5.65685424949238 82.6801064343775 53.851648071345 46 68.0294054067798 6 25.4558441227157 78.7146746166177 38.8329756778952 14.142135623731 61.7413961617325 92.0217365626187 69.7710541700496 28.6356421265527 10.1980390271856 11.6619037896906 11.3137084989848 76.0263112349928 26.9072480941474 24.4131112314674 85.2760224213114 28.4253408071038 8.24621125123532 10 72.4982758415674 40.4969134626332 54.4058820349418 39.3954312071844 50.3587132480567 48.0832611206852 77.8973683766018 22.0907220343745 22.3606797749979 42.190046219458 50.1198563445667 15.2315462117278 46 22.0907220343745 46.3896540189728 66.4830805543786 70.7106781186548 42.3792402008342 23.3238075793812 75.2861208988748 109.343495462693 64.7765389628066 14.560219778561 32.2490309931942 32.9848450049413 30.5941170815567 91.9347594764896 45.6508488420533 40.2492235949962 101.980390271856 48.3321838943783 26 32.0624390837628 85.6037382361308 61.1882341631134 66.0302960768767 59.6657355607052 54.4058820349418 66.573267908373 92.1954445729289 28.2842712474619 2 64.0312423743285 46.0434577328854 20 68.0294054067798 22.0907220343745 68.1175454637056 88.2949602185765 78.7908624143688 69.656299069072 48.6621002423858 65.1459898996093 75.7099729229908 103.479466562212 74.2159012611179 36.8781778291715 37.9473319220206 38.0525951808809 68.0294054067798 38.2099463490856 34.928498393146 72.4430811050993 33.9411254969543 46.1735855224608 36.4965751817893 73.7563556583431 11.3137084989848 65.299310869258 14.142135623731 76.4198926981712 41.7612260356422 74.4311762637136 50.5964425626941 68.0294054067798 4.47213595499958 86.0232526704263 52.6117857518636 6 46.3896540189728 68.1175454637056 30 84.0951841665146 74.7261667690776 73.348483283569 53.7401153701776 50.0399840127872 105.603030259553 90.1997782702374 56.3205113613149 55.3172667437573 61.7413961617325 48.3321838943783 46.0434577328854 62.8012738724303 49.0306026885251 42 62.8012738724303 56.9209978830308 58.821764679411 41.2310562561766 58.821764679411 44.0454310910905 76.9675256195754 34 56.3560112144215 77.175125526299 88.7693640846886 31.1126983722081 91.7605579756357 76.9675256195754 25.4558441227157 66.4830805543786 88.2949602185765 30 74.9666592559653 36.7151195013716 84.8528137423857 21.2602916254693 52.0384473250308 42.7551166528639 68.264192663504 68 64 78.0256368125246 34.928498393146 50.6359556046887 90.0888450364417 44.181444068749 53.3666562565053 62.5139984323511 70 20.3960780543711 88.5437744847146 18.9736659610103 89.8443097808648 25.6124969497314 43.2666153055679 28.0713376952364 92.7793080379456 80.6225774829855 80.6225774829855 42.8018691180654 85.5102333057278 78.7146746166177 70.7106781186548 78.7908624143688 84.0951841665146 74.9666592559653
Deviation Vector:
0 0 0 0 0 0 0 0 0 0 0 0 0 0 0 0 0 0 0 0 0 0 0 0 0 0 0 0 0 0 0 0 0 0 0 0 0 0 0 0 0 0 0 0 0 0 0 0 0 0 0 0 0 0 0 0 0 0 0 0 0 0 0 0 0 0 0 0 0 0 0 0 0 0 0 0 0 0 0 0 0 0 0 0 0 0 0 0 0 0 0 0 0 0 0 0 0 0 0 0 0 0 0 0 0 0 0 0 0 0 0 0 0 0 0 0 0 0 0 0 0 0 0 0 0 0 0 0 0 0 0 0 0 0 0 0 0 0 0 0 0 0 0 0 0 0 0 0 0 0 0 0 0 0 0 0 0 0 0 0 0 0 0 0 0 0 0 0 0 0 0 0 0 0 0 0 0 0 0 0 0 0 0 0 0 0 0 0 0 0 0 0 0 0 0 0 0 0 0 0 0 0 0 0 0 0 0 0 0 0 0 0 0 0 0 0 0 0 0 0 0 0 0 0 0 0 0 0 0 0 0 0 0 0 0 0 0 0 0 0 0 0 0 0 0 0 0 0 0 0 0 0 0 0 0 0 0 0 0 0 0 0 0 0 0 0 0 0 0 0 0 0 0 0 0 0 0 0 0 0 0 0 0 0 0 0 0 0 0 0 0 0 0 0 0 0 0 0 0 0 0 0 0 0 0 0 0 0 0 0 0 0 0 0 0 0 0 0 0 0 0 0 0 0 0 0 0 0 0 0 0 0 0 0 0 0 0 0 0 0 0 0 0 0 0 0 0 0 0 0 0 0 0 0 0 0 0 0 0 0 0 0 0 0 0 0 0 0 0 0 0 0 0 0 0 0 0 0 0 0 0 0 0 0 0 0 0 0 0 0 0 0 0 0 0 0 0 0 0 0 0 0 0 0 0 0 0 0 0 0 0 0 0 0 0 0 0 0 0 0 0 0 0 0 0 0 0 0 0 0 0 0 0 0 0 0 0 0 0 0 0 0 0 0 0 0 0 0 0 0 0 0 0 0 0 0 0 0 0 0 0 0 0 0 0 0 0 0 0 0 0 0 0 0 0 0 0 0 0 0 0 0 0 0 0 0 0 0 0 0 0 0 0 0 0 0 0 0 0 0 0 0 0 0 0 0 0 0 0 0 0 0 0 0 0 0 0 0 0 0 0 0 0 0 0 0 0 0 0 0 0 0 0 0 0 0 0 0 0 0 0 0 0 0 0 0 0 0 0 0 0 0 0 0 0 0 0 0 0 0 0 0 0 0 0 0 0 0 0 0 0 0 0 0 0 0 0 0 0 0 0 0 0 0 0 0 0 0 0 0 0 0 0 0 0 0 0 0 0 0 0 0 0 0 0 0 0 0 0 0 0 0 0 0 0 0 0 0 0 0 0 0 0 0 0 0 0 0 0 0 0 0 0 0 0 0 0 0 0 0 0 0 0 0 0 0 0 0 0 0 0 0 0 0 0 0 0 0 0 0 0 0 0 0 0 0 0 0 0 0 0 0 0 0 0 0 0 0 0 0 0 0 0 0 0 0 0 0 0 0 0 0 0 0 0 0 0 0 0 0 0 0 0 0 0 0 0 0 0 0 0 0 0 0 0 0 0 0 0 0 0 0 0 0 0 0 0 0 0 0 0 0 0 0 0 0 0 0 0 0 0 0 0 0 0 0 0 0 0 0 0 0 0 0 0 0 0 0 0 0 0 0 0 0 0 0 0 0 0 0 0 0 0 0 0 0 0 0 0 0 0 0 0 0 0 0 0 0 0 0 0 0 0 0 0 0 0 0 0 0 0 0 0 0 0 0 0 0 0 0 0 0 0 0 0 0 0 0 0 0 0 0 0 0 0 0 0 0 0 0 0 0 0 0 0 0 0 0 0 0 0 0 0 0 0 0 0 0 0 0 0 0 0 0 0 0 0 0 0 0 0 0 0 0 0 0 0 0 0 0 0 0 0 0 0 0 0 0 0 0 0 0 0 0 0 0 0 0 0 0 0 0 0 0 0 0 0 0 0 0 0 0 0 0 0 0 0 0 0 0 0 0 0 0 0 0 0 0 0 0 0 0 0 0 0 0 0 0 0 0 0 0 0 0 0 0 0 0 0 0 0 0 0 0 0 0 0 0 0 0 0 0 0 0 0 0 0 0 0 0 0 0 0 0 0 0 0 0 0 0 0 0 0 0 0 0 0 0 0 0 0 0 0 0 0 0 0 0 0 0 0 0 0 0 0 0 0 0 0 0 0 0 0 0 0 0 0 0 0 0 0 0 0 0 0 0 0 0 0 0 0 0 0 0 0 0 0 0 0 0 0 0 0 0 0 0 0 0 0 0 0 0 0 0 0 0 0 0 0 0 0 0 0 0 0 0 0 0 0 0 0 0 0 0 0 0 0 0 0 0 0 0 0 0 0 0 0 0 0 0 0 0 0 0 0 0 0 0 0 0 0 0 0 0 0 0 0 0 0 0 0 0 0 0 0 0 0 0 0 0 0 0 0 0 0 0 0 0 0 0 0 0
